225
0 0      - (2000100    16177.0086321756)(2000200    16112.2212175506)(1000000    16254.560563534)(2000002    16174.7152662114)(2000102    15901.5427995029)(2000210    2996.64610122583)(2000101    16056.8293823561)(2000001    15178.4866914133)(2000201    16178.4757219626)(2000212    -1312.0160140132)(2000202    16178.3040260104)(2000211    -1250)(2000112    522.267742468085)(2000022    -446.940990509135)(2000012    14007.355621389)(2000110    976.67370896435)
2 0      - (2000200    12905.1781612551)(1000000    16295.3504416013)(2000101    11227.8096824355)(2000100    6421.13155138328)(2000202    9093.72193143749)(2000001    -253.118662782993)(2000012    3357.18261199592)(2000102    -299.165534153881)(2000002    7831.08724316536)(2000201    10568.5957660783)
1 0      - (2000022    -418.335562651277)(1000000    16211.3719312601)(2000200    10559.0067212225)(2000002    11740.9548151748)(2000201    11930.3596565069)(2000202    3577.34199215262)(2000100    10879.8530174602)(2000001    8199.82254753222)(2000101    13618.3606056977)(2000012    6280.86766660041)(2000102    2202.61430910622)
2 1      - (2000100    11670.1199075023)(2000200    11838.6796888451)(2000202    2864.54650070169)(2000111    -515.527646753288)(2000001    9345.26477408789)(2000002    13146.7660660475)(1000000    16303.7219570374)(2000201    13959.5673388966)(2000012    8143.49756757325)(2000101    12386.8258227161)(2000102    6863.39526952183)
1 1      - (2000102    4606.04943071884)(2000100    7274.48981911269)(2000201    12861.4924867793)(1000000    16363.3210012495)(2000002    15408.1461837093)(2000001    1966.98364486981)(2000112    -500.25)(2000012    2340.10791609993)(2000022    -0.75)(2000101    13258.5129176982)(2000200    13556.8087453318)(2000202    8269.99875125166)
2 5      - (2000201    3630.03514012739)(2000101    3468.123091354)(2000002    4253.36275153427)(1000000    4173.93358596208)(2000100    4237.76257020821)(2000001    3185.79045009062)(2000202    1915.30940545816)(2000110    478.643571028301)(2000210    1535.90290376036)(2000200    9007.54959652612)(2000012    3550.05560882866)(2000102    1299.20493117229)
0 1      - (2000101    14596.3127379018)(2000001    9784.07171118989)(2000100    13079.0455104624)(2000102    12322.8304010371)(2000202    11323.4857681508)(1000000    16291.6948399903)(2000201    15568.5899381164)(2000002    15374.1437456412)(2000210    368.426602341049)(2000200    11671.6940113971)(2000012    9380.37544556527)
2 3      - (2000012    8220.49949875306)(2000002    15817.8395923625)(2000111    -656.685391251404)(2000200    8411.34862624035)(2000102    -1254.02052229171)(1000000    16027.1438281839)(2000201    12862.2221436025)(2000001    6636.51744341654)(2000101    13195.4627754099)(2000100    9111.43422340673)(2000202    5498.22942744875)
1 2      - (2000002    8307.40768439949)(2000101    15035.9455052406)(2000210    -504.36586868417)(2000201    11079.7998976207)(2000100    9347.12177157751)(2000200    8945.9205021173)(1000000    16408.2586986917)(2000202    236.364804008263)(2000112    -271.875114438539)(2000001    2402.29982078265)(2000102    2810.42901714063)
3 0      - (1000000    16067.6806446219)(2000100    5459.6951986497)(2000002    10730.7956579112)(2000212    -500)(2000201    10940.5028215842)(2000101    10419.136736449)(2000102    7989.00755407228)(2000001    5977.21264491739)(2000012    1965.10580655121)(2000202    5538.06207416326)(2000200    3548.39904975251)
0 2      - (2000100    10769.6689303225)(2000002    14519.2473621763)(2000200    10711.8881782046)(1000000    16359.8175592085)(2000201    14177.248867973)(2000102    8026.26635855656)(2000101    15051.6259650126)(2000012    4950.91947713825)(2000001    4342.46917786839)(2000202    3924.13519615106)
0 3      - (2000202    5884.04769683756)(2000001    7446.22813346358)(2000102    5094.56069421627)(2000100    6167.53776161021)(1000000    16476.3953902224)(2000200    9111.32055037474)(2000002    11222.5973996801)(2000201    10160.371976923)(2000012    3334.06129659897)
1 3      - (1000000    16087.4848614267)(2000002    9495.3492607972)(2000200    6074.14389628914)(2000102    3927.02329411339)(2000101    3367.57782980747)(2000001    1341.81035404068)(2000100    2252.9037370964)(2000201    8102.95081383446)
3 1      - (2000001    8816.48117401897)(2000112    -949.674905119086)(2000111    -913.194789644471)(2000211    -521.825594082555)(1000000    16007.4003842331)(2000110    73.0805815265203)(2000200    13599.3916910773)(2000002    12929.1766098734)(2000100    12055.2297775416)(2000101    11505.4188936869)(2000201    13391.80499708)(2000102    7383.65745549723)(2000012    9415.36473625465)
2 2      - (1000000    16002.4194235803)(2000212    -931.630623179528)(2000100    13351.0731175968)(2000200    14539.6455546616)(2000002    15955.6549745734)(2000101    14849.6336690792)(2000201    15659.2577638122)(2000001    12252.5272573621)(2000102    9751.17824647592)(2000012    13638.5011173381)(2000202    12214.6967485024)
4 0      - (2000202    3622.49321987393)(1000000    16023.6993626847)(2000100    3918.4077508301)(2000102    4446.09599748529)(2000101    11748.814324773)(2000200    9570.53520902255)(2000212    -965.371174838225)(2000002    13302.1679421176)(2000012    7676.89343653511)(2000210    164.369136537618)(2000001    2372.60596910079)(2000201    14324.4646249067)
0 5      - (2000201    1347.92806164603)(1000000    4614.56701969777)(2000210    -765.037716071515)(2000200    3536.91307268312)(2000100    1643.91126344467)(2000001    363.069244887944)(2000002    3623.62308505631)(2000202    354.548859915611)(2000102    1254.81334519393)(2000111    -824.032685018214)(2000101    329.842734847319)
1 6      - (2000001    14229.4952299437)(2000100    15700.4877402835)(2000012    13925.4118129761)(2000201    15976.6931202569)(2000200    15516.6926328185)(1000000    15937.8190699572)(2000110    2870.00014281125)(2000101    16095.3163140744)(2000002    15845.1564823328)(2000210    -87.5282661057917)(2000102    15230.868966224)(2000202    15876.6964606159)(2000022    530.706650379592)
8 0      - (2000202    14779.4544478468)(1000000    15250.8203096645)(2000200    15649.8039072368)(2000201    15160.287518961)(2000002    15016.1834391639)(2000012    15692.4866525863)(2000101    15020.1754582848)(2000100    14843.0927453811)(2000102    14958.9618579595)(2000001    15008.2852595048)(2000022    -783.251457574152)(2000110    15159.3354645985)(2000112    -1340.61573428233)(2000211    -515.732920913672)(2000212    -830.832962292053)(2000210    15315.2171917972)
6 5      - (2000202    2634.54740369438)(2000112    -619.479342108929)(2000102    2788.63840057961)(1000000    12058.9965171603)(2000201    3120.75097948997)(2000100    12864.3211823696)(2000002    8926.87838762023)(2000001    3056.12897371439)(2000212    1896.99292002155)(2000211    779.83635904998)(2000200    3631.21959640666)(2000101    8905.90245806273)(2000012    3270.66287097439)(2000022    4738.1326382354)(2000111    3050.46677671461)(2000110    2349.33051363039)(2000210    999.521503781383)
8 2      - (1000000    16293.1597758915)(2000200    6202.80575152648)(2000001    3959.39835868365)(2000100    5008.31155430524)(2000201    1479.32880860065)(2000202    719.004262114933)(2000101    5495.41975211306)(2000112    -1116.38304652529)(2000102    5483.24868752472)(2000002    6499.32913179959)(2000012    2550.80680140563)(2000210    161.809636326989)(2000110    793.270943674693)
6 4      - (1000000    10196.1504009329)(2000201    7891.92345645902)(2000002    9632.38464173746)(2000202    10587.8481530128)(2000102    13317.0188649381)(2000200    9661.51320801356)(2000001    5071.10945152384)(2000100    7864.46173811573)(2000012    376.836592667078)(2000022    4387.78057556829)(2000211    -463.509619251147)(2000212    -550.949726907328)(2000112    -203.272557399778)(2000101    5665.40625916899)(2000111    -65.1163779843745)(2000210    2155.86082716491)
0 10      - (1000000    13377.5556791134)(2000200    3501.44190473037)(2000102    3475.450999263)(2000202    3818.4552639984)(2000210    3358.01509173174)(2000201    5631.98492347889)(2000002    6471.37867481796)(2000212    1819.13341032736)(2000112    -520.140098168833)(2000012    5867.32035342794)(2000101    4636.17963525184)(2000100    15056.3907189359)(2000001    5330.94180995321)(2000022    147.28224067599)(2000110    12576.4813872681)
0 11      - (2000002    13567.8572493298)(1000000    13711.1288598609)(2000012    3304.03015912846)(2000210    4079.06009755917)(2000001    13058.9228467409)(2000101    12768.1713128739)(2000202    13433.2536286792)(2000111    -761.509622727319)(2000100    12489.6198171605)(2000102    12705.7517052434)(2000200    13764.4154876069)(2000201    15799.7758637722)(2000110    5095.71641905524)(2000212    1995.26513959325)(2000022    965.909965589808)
1 7      - (2000100    15916.187835607)(1000000    15909.8758694353)(2000002    15765.0497926959)(2000102    14673.9050977071)(2000001    14606.8016072036)(2000202    14428.4672655207)(2000201    15646.0514101449)(2000212    -989.296767408371)(2000022    -48.2511360671482)(2000101    15987.9469103485)(2000111    -630.182204133676)(2000200    15715.7680642996)(2000210    11673.2225258913)(2000112    745.322462800103)(2000012    15722.5069041489)(2000110    14572.5487816623)
1 11      - (2000200    12359.9278145445)(2000002    13088.4874836514)(2000102    12658.6078262621)(2000100    9530.1964182353)(2000201    15803.6432718883)(2000001    12358.0473725083)(2000101    12933.6548908641)(1000000    10991.7137131717)(2000012    2355.16606760501)(2000202    12710.0865859344)(2000022    939.682430427707)(2000112    476.807708892933)(2000210    2936.06831403204)(2000110    4450.62200894482)(2000212    1698.21961619626)
10 0      - (1000000    13742.295076233)(2000100    12129.329960571)(2000201    15794.6458565153)(2000002    14734.6988035697)(2000001    14231.7516555186)(2000101    14348.0066876371)(2000102    12830.2741308816)(2000200    13201.0084046439)(2000112    -264.739876786313)(2000012    4136.62745636537)(2000202    13738.8005952096)(2000022    167.385218957083)(2000212    888.591834948998)(2000211    -978.891738904791)(2000110    4593.74141303965)(2000210    4254.65772686291)
9 1      - (2000002    13655.3157820517)(2000102    15962.076312124)(2000100    9323.43061493272)(2000202    12600.954362678)(2000001    13953.2659868831)(1000000    15347.9683529306)(2000200    13412.2525601486)(2000012    13218.6329060649)(2000110    16005.4801786267)(2000101    13437.5120621902)(2000112    7014.45964844721)(2000212    3926.71362645986)(2000201    12590.9432408508)(2000210    12149.6128514104)(2000022    3035.09243519175)
10 2      - (2000201    3314.14870875441)(2000101    5348.66240778254)(2000100    2416.48162608154)(2000002    2199.2180996539)(2000202    2461.86900770804)(1000000    2500.60872113952)(2000001    8045.14697243933)(2000200    2958.76329841676)(2000102    3591.97215146166)(2000012    2541.21498476736)(2000210    583.033083511252)(2000110    1385.65643236423)
9 0      - (2000102    10882.0847942344)(2000001    7760.2203997359)(1000000    14339.8335742834)(2000200    3640.61661036161)(2000101    10792.8899216549)(2000002    9815.63026678934)(2000201    6706.89362297165)(2000202    10438.7542709654)(2000100    14779.562952033)(2000211    -938.004920767706)(2000012    9103.87373315525)(2000210    10287.1159829592)(2000110    15887.9079756598)
1 13      - (2000200    3854.15400378313)(2000001    4784.74882896834)(2000102    4090.9730646685)(2000012    -224.506532805913)(2000101    3781.0935584001)(2000202    3194.7390399734)(1000000    2892.88171354588)(2000002    3578.18862734946)(2000100    3672.70954864426)(2000201    3359.59389735079)
12 0      - (2000101    14900.0796971115)(1000000    13878.4906375618)(2000111    -1139.01771191655)(2000001    14641.2162461159)(2000110    3352.78837788488)(2000100    14598.4409561348)(2000002    15398.6732099583)(2000201    14847.8053957856)(2000202    14915.6806173961)(2000200    14781.1821353499)(2000102    14275.240061576)(2000210    1564.67114233127)(2000012    2301.91642715132)(2000112    1259.9301466057)(2000212    1314.76291918671)
0 9      - (2000002    10805.9669591566)(2000202    13113.6386751125)(2000201    9609.77522699511)(2000001    10113.5081718736)(2000101    15275.2228084045)(2000102    13107.547513628)(1000000    11520.466993352)(2000100    11014.5963691815)(2000200    13685.1411836959)(2000111    -747.299293041976)(2000012    11458.2004485814)(2000022    -423.352942537443)(2000110    15907.2539144826)(2000210    10456.0707558547)(2000112    1434.27663280538)(2000212    2190.97054578605)
2 13      - (2000102    4089.61296422682)(2000200    2599.99216359692)(2000101    3468.05624459222)(2000002    4162.16032071419)(2000001    4664.51557181013)(1000000    2455.76962705766)(2000201    3801.13969912982)(2000100    3793.14735530863)(2000112    539.523244193842)(2000202    3931.32279994459)(2000210    228.255940659463)(2000012    359.849171239073)
5 0      - (2000002    11019.7318220449)(2000202    7375.71268759374)(2000001    4623.61487506139)(2000101    8917.35124508642)(2000201    11590.2616724237)(2000012    1422.97591335667)(2000111    -1052.98874547463)(1000000    15788.4615261916)(2000200    10920.6795677202)(2000100    5533.04096016446)(2000102    4435.23862029342)(2000022    320.810750869013)
2 7      - (2000100    7831.94610360407)(2000001    4601.72621595928)(2000101    9089.26979714535)(2000102    6504.31909548342)(2000212    -738.130980463928)(2000201    11437.1921489665)(2000202    6327.27938860133)(2000022    253.555248974691)(1000000    15656.9868193527)(2000200    4617.47408420477)(2000002    7817.39577908578)(2000210    153.330427806417)(2000112    107.34389799235)(2000110    830.330649165189)(2000012    2032.35078430939)
7 1      - (2000201    10929.6678926157)(2000101    13066.6284189737)(2000100    14691.9946119664)(2000200    13667.0360300691)(2000110    4897.89211492189)(2000002    14534.9040575618)(1000000    15657.6944654823)(2000012    8566.77073568668)(2000210    3470.37901687327)(2000001    8749.78402011796)(2000102    7101.10927181511)(2000022    500.305738417559)(2000202    10647.1756545055)
0 7      - (2000102    11301.3782059326)(1000000    15649.1189394683)(2000100    15753.5726458957)(2000201    15749.6914673899)(2000002    15306.6588380993)(2000110    15224.9106905565)(2000111    -1254.95054921247)(2000022    -222.355083743488)(2000210    15078.4785541863)(2000101    15099.5498534731)(2000001    13953.813124595)(2000200    15028.8492249961)(2000012    12013.5799740001)(2000202    8876.40385586711)
6 0      - (2000002    13345.8658769888)(2000202    2817.2491210475)(2000001    14958.4297000766)(2000012    6564.61791776102)(2000102    397.255113269974)(2000100    15552.6905727287)(2000200    15510.7497239294)(2000210    14232.0325444067)(2000022    -943.458014632612)(2000211    -579.8374376917)(1000000    15602.575936271)(2000101    15824.694460903)(2000201    15401.8333511635)(2000110    13529.4117410088)
11 0      - (2000102    14454.6936081832)(2000012    3423.93009148014)(1000000    14110.6753828975)(2000100    13614.0093868813)(2000200    14181.99761058)(2000002    13648.70878591)(2000202    14194.0448944107)(2000201    13768.5079222737)(2000210    3243.0187036615)(2000101    15467.84867965)(2000001    14027.8368307924)(2000110    3897.22979090497)(2000212    -379.840785059208)(2000022    1995.84109093082)(2000112    2344.7015735484)
7 0      - (2000101    14545.0798361795)(2000100    10727.7337546597)(2000002    13399.2559430064)(1000000    15137.8055823106)(2000112    -931.250414781241)(2000111    -875.809841535411)(2000211    -601.28935858126)(2000012    10638.5344390189)(2000201    13584.7925802011)(2000200    14599.7916861602)(2000110    14000.6770599787)(2000001    12603.8091354506)(2000202    837.124131494669)(2000102    4551.82388244909)(2000022    0.763338417559225)(2000210    12409.2293452026)
6 3      - (2000002    3853.10823306366)(2000001    4123.06616608615)(2000101    2203.66883948923)(2000201    2897.73089161242)(2000200    1357.26011581377)(2000102    2310.83523266266)(2000202    96.2703435730708)(1000000    14139.3827733394)(2000100    -739.89687698879)(2000110    527.037512601267)
2 14      - (1000000    3111.20159195982)(2000002    4172.10962556021)(2000100    4121.76827115049)(2000201    4265.96699385949)(2000200    3499.78187428362)(2000102    3241.41381981414)(2000202    3426.55855083887)(2000001    4285.53066995112)(2000101    4044.13718089641)
5 2      - (2000201    2071.20459532863)(2000102    -128.758207823412)(2000001    -713.880222281179)(2000100    3511.56999410615)(2000101    1622.10162539617)(1000000    4483.26355394366)(2000200    3130.58969386909)(2000002    4533.55978382226)(2000202    -137.497076644883)(2000210    2969.24836190404)
0 4      - (2000102    4409.44328605905)(2000001    7086.48614932287)(2000101    12999.5128053515)(2000002    13994.3681208519)(2000100    4502.92949730766)(1000000    16066.202154834)(2000200    11901.7859041322)(2000201    8187.27124852369)(2000012    3592.58576707087)(2000202    3495.11909986927)
2 8      - (2000201    14696.4363253431)(2000101    15354.5188158483)(2000100    13735.6491909809)(2000001    12523.3810523599)(2000102    13536.73089743)(1000000    15960.4464829921)(2000002    15957.5963228746)(2000012    9504.99527844154)(2000200    15414.7590189703)(2000210    610.073523918729)(2000202    14537.2042912287)(2000110    607.766247729799)
0 6      - (1000000    15744.8592353025)(2000002    15109.3476411893)(2000001    15120.927294131)(2000201    15393.2640298591)(2000102    7045.85610520028)(2000100    15209.1923527062)(2000200    15372.9245413092)(2000202    3102.96756527869)(2000211    -1118.81206864746)(2000212    -715.670276430187)(2000110    15862.6978804561)(2000101    15562.3109149651)(2000022    413.882665323584)(2000210    15090.8995418786)(2000012    14873.2500320704)
8 1      - (2000001    14504.8249254031)(1000000    15690.6373788852)(2000101    14986.7586956709)(2000002    15399.9394324418)(2000102    12900.3895149939)(2000100    15040.2275880714)(2000201    14365.7869361748)(2000200    13352.9602785271)(2000012    13489.1305165731)(2000202    13801.4569472441)(2000212    -1161.38632258095)(2000210    14450.0720978069)(2000110    15858.429284093)
7 2      - (1000000    16295.9911745637)(2000002    7528.19316206922)(2000001    5348.87005641924)(2000100    5820.8176618411)(2000101    10295.6500830117)(2000200    7118.92735906826)(2000201    6554.34792372894)(2000110    523.40511614781)(2000012    -132.957021090252)(2000202    1206.71022433282)(2000102    5520.66681857447)
4 1      - (2000201    4040.03643010175)(2000212    -815.362194741846)(1000000    3675.63748217047)(2000100    -79.2835100965068)(2000200    2715.11531139549)(2000001    328.634756630042)(2000002    3989.59666907558)(2000202    421.612573722365)(2000101    3024.46512054081)
0 8      - (2000102    14795.112390845)(2000002    14904.2591061825)(2000201    14519.4345571303)(1000000    15341.8252301086)(2000001    14675.9823018685)(2000100    15778.7521166109)(2000112    -1001.63299129829)(2000202    13342.0652196088)(2000212    -1224.7650852335)(2000110    15877.8577708836)(2000200    14431.1948123911)(2000101    15318.6675926036)(2000022    -242.849357494246)(2000210    13506.3090376741)(2000012    13778.8301446377)
1 5      - (2000002    3032.64356052921)(2000012    2148.89040147236)(2000202    481.052441349725)(2000001    1908.92739335518)(2000101    3316.99591804814)(1000000    4214.47136259331)(2000100    2821.73791626891)(2000201    1753.57636497077)(2000200    2137.76864578598)(2000102    1767.20244578066)
6 2      - (1000000    3865.49365576787)(2000202    1098.65442107104)(2000200    3860.69516853071)(2000102    2178.10110230735)(2000101    3787.01551226766)(2000110    839.483967256494)(2000201    3182.01919087441)(2000100    3536.65009572551)(2000002    11963.484118555)(2000001    2599.54750547971)(2000022    -1.32173049351388)(2000012    1595.2004873628)
1 9      - (2000002    14707.7940524236)(2000101    14859.5124627135)(1000000    14945.4998498368)(2000001    14560.1249165127)(2000100    14820.5002778841)(2000202    14982.8450748824)(2000201    14802.2125116893)(2000012    14435.8227310891)(2000110    13524.5711521799)(2000212    8938.17448224555)(2000200    14450.1293586472)(2000102    14532.8001005402)(2000210    14648.8892355868)(2000112    10005.5964979853)(2000022    8866.76232892449)
3 6      - (2000102    2204.51345912413)(2000002    14663.5247082073)(2000110    -1130.33982434379)(2000212    -762.358821927675)(2000012    -342.023246099978)(2000202    4609.38359274485)(2000001    4602.11900101647)(2000100    3950.7917935193)(1000000    10016.0256704785)(2000200    4556.71251369134)(2000101    7031.69812819966)(2000201    1369.30246896841)
2 6      - (2000100    9854.53423971857)(1000000    7931.60359215534)(2000002    12906.1879891413)(2000200    15751.006306213)(2000101    11062.2330734588)(2000001    10453.5793680319)(2000201    11278.629539707)(2000102    11394.7353687815)(2000202    10952.197927355)(2000012    2218.51196311634)(2000210    577.125799637666)(2000110    753.95421565044)
4 8      - (2000001    4704.464147798)(2000200    5303.68278120317)(2000100    4505.93429652696)(2000102    4740.69255950049)(2000201    7432.73813338533)(1000000    12714.6490822873)(2000002    15805.2885462527)(2000202    4852.45623088788)(2000101    5489.66588962603)(2000112    2199.04524982491)(2000211    -1248.50533304301)(2000022    1095.94416797641)(2000212    2515.88908279563)(2000210    1040.76928135356)(2000110    1270.83943380488)(2000111    1294.45534061007)
3 9      - (2000002    1647.27278750296)(2000101    1357.24337569918)(2000001    454.696252486779)(2000100    1463.97652526335)(2000201    1958.53631001782)(1000000    3199.29040247261)(2000200    3589.61551868429)(2000012    2593.62467234416)(2000102    2513.89446047862)
8 5      - (1000000    13885.1121602833)(2000001    11640.9215058788)(2000102    11091.0398054434)(2000100    12748.3625869546)(2000101    13698.1056967979)(2000202    13823.3906061654)(2000201    12037.204677536)(2000110    2923.82576194252)(2000012    3882.74490782567)(2000022    4816.85654778171)(2000212    2029.43825711223)(2000210    2567.00347760754)(2000112    2242.36591860158)(2000200    12275.9206177526)(2000111    2492.01776469497)(2000002    15794.0333789703)(2000211    2976.11198854436)
1 8      - (2000101    15941.6276778472)(2000201    14762.6900179836)(2000202    14158.0173065357)(2000001    13782.5424291637)(2000100    13805.9098209286)(1000000    15806.727932577)(2000002    15054.6414378828)(2000200    14494.1408391961)(2000102    12805.2330474055)(2000112    -904.622014008385)(2000022    -265.179674280223)(2000012    13183.1409628944)(2000210    10977.5749821442)(2000110    13012.3201984134)(2000212    2999.16512879289)
3 8      - (1000000    4772.27613659898)(2000002    3871.8327536754)(2000001    150.146786895966)(2000100    3362.43603536237)(2000102    1274.52000281739)(2000201    -48.0552546557714)(2000202    -575.075838103605)(2000101    2466.90410422366)(2000200    2424.53986331443)(2000012    267.882484609214)
3 7      - (2000001    10207.1273477793)(2000102    9545.35505630961)(2000002    15769.8431237934)(2000101    12773.7398378919)(2000200    10405.2662760741)(2000201    13209.7699303054)(1000000    14521.5008494402)(2000100    9242.42549167437)(2000210    -87.5483232532484)(2000012    1007.53845680704)(2000202    14045.7066770574)
1 10      - (2000202    2930.02698750961)(1000000    2870.69167356527)(2000002    2559.91955877272)(2000201    2788.97912425683)(2000012    5371.05517875285)(2000100    3003.09480106226)(2000200    4007.353550588)(2000001    6742.30510895616)(2000210    2941.66401670142)(2000102    13118.3415168331)(2000101    3566.46647092705)(2000110    7526.16396185613)
5 3      - (2000100    3224.71525614678)(2000001    1660.38570511199)(2000202    3353.2821400734)(2000002    4617.74929582692)(1000000    3831.4837601061)(2000201    3793.3414289557)(2000110    2519.43598160958)(2000101    3669.07528758585)(2000200    3690.2091016567)(2000210    2989.33372495571)(2000012    3225.27772170644)(2000102    814.095954823092)
10 1      - (2000101    15028.1495390327)(2000002    3328.23271153109)(2000110    1970.53133639696)(1000000    2563.60533900963)(2000201    3965.26805154692)(2000102    4263.9872399592)(2000200    4901.4244309708)(2000100    8215.60869240294)(2000001    4183.66295132105)(2000012    4321.29665478173)(2000212    -1082.22596384544)(2000210    1763.25424443898)(2000202    3746.55954768666)(2000112    2145.56774394515)(2000022    1768.14773681539)
0 13      - (2000202    13005.8436817321)(2000201    15646.623376192)(2000002    12851.6050966247)(2000100    12796.9537339061)(2000200    13663.8709186704)(2000102    11790.6014913262)(2000001    12175.0777942964)(2000101    12052.5914098363)(1000000    11618.359576915)(2000112    567.252441827514)
11 1      - (2000200    14771.8753394178)(2000100    13628.5666004092)(2000002    14942.2498990555)(2000202    14257.3497965859)(2000001    14348.6615705982)(2000201    15795.5111177116)(2000102    14256.3331591866)(2000101    14867.2024778172)(1000000    14154.3037562401)(2000012    3584.13757326058)(2000110    4587.23524518414)(2000022    2004.7445949059)(2000210    3655.47117095968)(2000112    2187.5341970804)(2000212    3053.41804513538)
6 1      - (2000002    14003.8076445755)(2000001    6905.40596725303)(2000101    14956.3749905012)(2000200    11657.3798628193)(1000000    15958.1513966685)(2000202    10922.5828585782)(2000201    15199.5638719489)(2000100    13144.9738975451)(2000102    7867.29977456221)(2000012    11914.5473360349)(2000210    4580.98618060541)(2000110    2516.68258433627)
13 0      - (2000001    4178.77798583305)(2000101    3678.98534432995)(2000202    4171.30273536168)(2000100    4095.21154565757)(2000200    3833.37659123083)(2000201    4120.38907489665)(2000102    4276.39861743882)(1000000    3396.00409283486)(2000002    4176.0224215273)(2000212    -522.765874535334)(2000022    1677.13987946376)(2000012    1905.78768089697)
2 12      - (2000101    4307.65386197502)(2000200    3688.20054084262)(2000100    3714.07526892284)(2000102    4043.65889241007)(2000202    3688.45218159486)(1000000    3209.31704168964)(2000001    4238.99744093361)(2000002    4890.36551334251)(2000201    4081.67162737119)(2000012    3456.7949930824)(2000022    2552.93663862401)
9 5      - (2000001    2929.55638703504)(2000200    3226.7762665281)(2000102    5153.11869151426)(1000000    6680.66387321326)(2000202    1638.43609742141)(2000100    8389.74146747866)(2000101    3322.73859238551)(2000002    15581.4543968271)(2000201    3070.9762112806)(2000210    1804.14225247426)(2000111    1415.00019678185)(2000110    1903.13079522286)(2000022    4788.89371862853)(2000112    2445.73455736018)(2000211    2888.82482845267)(2000012    4642.17258479598)(2000212    2395.87874679392)
1 12      - (2000111    -1156.98554738094)(2000002    11676.3166387371)(2000110    -599.434984649189)(2000201    15691.4830585554)(2000202    12183.0475602406)(2000101    8967.21349336021)(2000001    13131.7507713443)(2000200    13992.0036946859)(1000000    10165.9552967134)(2000102    12195.8428007897)(2000100    11471.9397341783)(2000212    -390.427134533861)(2000012    2742.5706547315)(2000112    2467.39337207453)(2000210    1022.94139227179)(2000022    1850.52760368748)
10 5      - (2000002    15536.4488694183)(2000200    6836.40916720289)(2000202    2719.24970230473)(2000102    1518.47503113929)(2000100    5272.99032913452)(1000000    8698.90727985256)(2000211    2126.57351381893)(2000210    -1163.31459434931)(2000022    3331.02390368915)(2000012    4348.22154722676)(2000110    -846.324488112901)(2000111    2476.24981336162)(2000212    2366.68932675674)(2000101    4949.45468886661)(2000112    2722.51407198674)(2000001    3240.42606770754)(2000201    4693.43941058605)
2 9      - (1000000    15945.1341968452)(2000101    15688.4242060265)(2000102    10194.9081513892)(2000100    12512.1371088277)(2000201    13532.804127075)(2000001    11064.146779741)(2000202    8379.22228572676)(2000002    15867.1135056708)(2000012    7883.59224339294)(2000200    11016.6017299164)(2000110    2374.0142012597)(2000210    3173.48054384078)
11 2      - (2000112    -1111.51491580496)(2000101    6076.8582461498)(2000001    7042.05860605335)(2000102    4184.21982547994)(2000200    3655.01324625951)(1000000    3948.27220615518)(2000100    3790.39423586206)(2000002    2934.83407469305)(2000202    4027.57151469064)(2000201    3918.50184956537)(2000210    1995.61454536399)(2000110    3188.86595190111)(2000012    1210.67965702921)(2000022    1314.28681480133)
8 4      - (2000002    1325.42297836504)(2000202    3014.25205807575)(1000000    3096.58852051646)(2000102    539.49142246637)(2000201    14756.4250343334)(2000101    2310.49122271934)(2000001    -809.17854622422)(2000200    1413.5108687498)(2000100    1822.90733520111)(2000211    -870.59740611955)(2000022    81.0008017151606)(2000212    -656.266753501354)(2000111    -605.877260186174)(2000012    832.013204758889)(2000210    -114.322221067867)
2 11      - (2000200    2639.71476611129)(1000000    10667.2497577696)(2000202    3154.85350714115)(2000001    2057.52859936631)(2000212    -811.781273907066)(2000201    2973.62765010024)(2000100    4681.26430188346)(2000002    16000.3900129385)(2000210    1606.16124580058)(2000101    4319.72261761077)(2000102    4550.09335728413)(2000012    1254.62160260929)(2000022    1829.82018819445)(2000110    2225.54720025249)
12 2      - (2000211    -1155.31525850435)(2000112    1223.38828653867)(2000101    4246.38485363023)(2000100    3922.94859591014)(2000202    3859.03379923171)(2000102    5127.06799223901)(2000001    3567.8086236084)(2000002    3163.75233798193)(2000201    3146.33997959829)(2000200    4140.02315368637)(1000000    2403.71621545869)(2000210    2052.59770693341)(2000012    865.724969370209)
0 12      - (2000002    14275.7471961048)(1000000    13341.0465495221)(2000101    14312.3042308151)(2000201    15803.4665239086)(2000202    13963.3085483545)(2000200    14579.621803875)(2000001    14217.8324905522)(2000102    13147.8836638497)(2000100    11942.3478025006)(2000110    972.727381307232)(2000012    1345.11324680952)(2000022    -100.544481268002)(2000212    1544.46264788215)(2000112    2854.15226059867)
4 13      - (1000000    2011.097937882)(2000112    -658.152411488009)(2000211    -952.335535404783)(2000101    210.688583337371)(2000001    1286.21685790579)(2000201    148.00998932728)(2000202    2266.21423271875)(2000002    8915.72825466061)(2000100    1606.39381507588)(2000200    2369.41324672911)
13 2      - (2000102    4176.85698694852)(2000101    4476.69179983313)(2000201    4018.71415090523)(2000200    3137.52908072554)(2000001    3031.05344935468)(2000202    3835.66326317923)(2000002    3861.42810885087)(2000100    2956.50682231938)(1000000    2618.16945969602)(2000022    1699.79058359028)
9 2      - (1000000    14349.6934263091)(2000002    6488.0027113216)(2000100    4204.89396265977)(2000201    2936.41646249974)(2000101    6095.95673984756)(2000210    0.408955924404268)(2000200    2518.29287036479)(2000001    1309.00438249229)(2000012    1724.08758069797)(2000102    1253.80432092642)(2000110    3036.54573115588)(2000202    1440.3855646027)
0 14      - (2000102    4505.66206821695)(2000022    -276.822753788491)(2000112    -500)(2000002    4533.10281125427)(1000000    3439.92383886088)(2000202    4501.87537359493)(2000201    4105.23690489949)(2000101    4441.21850242881)(2000200    4746.38533010578)(2000100    4229.39462999641)(2000001    3413.48074793645)
1 4      - (2000200    12052.5311671264)(1000000    15985.0509492148)(2000202    11420.7918614564)(2000100    13231.4073650482)(2000110    -702.544796983086)(2000102    11470.9843498838)(2000012    8733.16317292692)(2000201    14056.8834458286)(2000002    15663.6978331948)(2000101    14359.3796988456)(2000001    13197.2076966872)
3 12      - (2000212    -1129.88986469665)(2000101    1742.39707876701)(2000102    2910.88577507927)(1000000    8357.50133530025)(2000100    936.482812000638)(2000200    1893.45553012008)(2000002    2443.38845841634)(2000201    669.04500922679)(2000001    1764.35637798953)(2000202    3535.25309864237)(2000012    1369.88697952695)
8 3      - (2000002    3210.3704536792)(2000012    -620.688361967359)(2000022    -70.1797845354212)(2000201    2062.33550329681)(1000000    3242.76611206765)(2000200    1716.41968224489)(2000102    538.433522147382)(2000100    2541.43947198299)(2000202    853.292981133816)(2000101    541.506477139774)
9 3      - (2000001    311.193289167193)(2000202    598.490069073157)(2000201    2274.59642975595)(2000100    377.822823843622)(1000000    3177.2302909698)(2000200    1955.63878068334)(2000101    49.0428017656282)(2000012    716.180659043958)(2000110    711.449601220651)(2000002    2145.86553801325)
11 3      - (2000002    2225.17500566016)(2000200    3228.86802933197)(2000111    -860.63236963585)(1000000    10616.5381260206)(2000201    672.318912099978)(2000012    434.675188421664)(2000101    -370.218093503372)(2000102    -453.27080917638)(2000110    932.723035467714)(2000001    1087.75114666897)(2000210    582.120241998826)(2000100    1296.57202369723)(2000202    1499.9964698038)
3 14      - (2000112    -746.829683457325)(1000000    2009.49300656218)(2000201    40.7700475456333)(2000001    1690.50746722398)(2000101    1955.24310495861)(2000002    13267.0552477852)(2000102    2608.22332085032)(2000202    1271.21522421671)(2000200    3266.38159805311)(2000100    2705.93061390116)
13 1      - (2000100    3971.17160880745)(1000000    3037.56052248223)(2000102    4218.41858453309)(2000201    4070.57267822155)(2000101    3156.2885770706)(2000001    3353.77811277294)(2000200    3805.57691948628)(2000202    4121.89479751617)(2000002    4155.21264380023)(2000012    1653.46684573591)(2000212    501.262987639175)(2000210    931.432085795334)
7 4      - (1000000    14025.6857164252)(2000201    14705.927789945)(2000102    3834.52014433402)(2000200    2735.28122813574)(2000002    3535.29085846476)(2000100    6796.32713616795)(2000001    876.507173516937)(2000202    5144.32122433393)(2000112    -1255.02635653539)(2000101    849.866398281782)(2000012    1735.30992272563)(2000022    2076.47982670804)(2000212    2668.60542228042)(2000210    -584.895031872917)(2000211    -435.104162184924)
12 1      - (2000002    3689.07338240287)(2000100    3783.81100009435)(2000101    3796.62917319021)(2000201    4947.55782501966)(2000200    3847.61224919947)(1000000    3201.95286776281)(2000202    3501.35541924735)(2000102    3762.27432425011)(2000001    3773.17938582544)(2000022    -340.895122130772)(2000012    1494.31672105263)(2000210    1231.82444720798)
1 14      - (2000102    3951.16696392538)(2000202    4445.94889798594)(2000101    3987.73900257093)(2000001    4870.17095525216)(2000201    4048.93026113252)(2000002    3634.52422453968)(2000200    4155.57566739506)(1000000    2658.4724297812)(2000100    4493.30141850288)
10 3      - (2000002    1261.85224840817)(1000000    13752.5073380536)(2000200    1315.7270381974)(2000201    3044.94737373971)(2000101    1437.3460144569)(2000102    -278.393300912365)(2000202    3080.75507662962)(2000001    3039.53727391005)(2000012    2661.69541406003)(2000100    2831.65362596643)
7 3      - (2000002    2578.96708194631)(2000100    2840.17160637425)(2000201    2581.73563108329)(2000001    -797.810629487505)(2000202    425.388407087977)(1000000    3528.82481990037)(2000200    2114.42860657427)(2000102    192.542411521528)(2000101    2725.95038516049)
3 10      - (2000200    1027.38805751637)(1000000    4283.19730556128)(2000201    1810.17762437599)(2000001    492.611308524987)(2000202    2543.55127276233)(2000101    1993.49639971615)(2000002    253.627130394915)(2000100    2727.50983211681)(2000210    1274.69427775756)(2000110    775.392282841359)
2 10      - (2000101    13191.2549308744)(2000202    7800.40239832345)(2000001    5200.97116042765)(2000002    13346.9473952387)(2000100    8275.59378016953)(1000000    15920.4580230839)(2000012    2438.11992793267)(2000200    8203.45349326046)(2000201    8862.72045947205)(2000102    6343.88723881991)(2000110    3847.70211079735)(2000210    1409.53885361479)
5 1      - (2000002    7149.5075054559)(2000012    1499.96050336858)(2000211    -661.431187932412)(1000000    16139.1958328192)(2000100    3445.80930633811)(2000102    2462.95179348547)(2000201    12100.1092386042)(2000200    2358.85460513208)(2000202    428.024244421666)(2000101    5026.84758322245)(2000210    127.311056400171)
4 9      - (2000002    15599.1988338661)(2000101    2968.53168810714)(2000001    4745.32240156384)(2000200    1566.23431122176)(2000102    5338.45941791215)(1000000    12941.6975836817)(2000100    831.851096854177)(2000201    4167.32886456591)(2000202    820.480586390193)(2000210    -627.477104337624)(2000022    4887.07598982668)(2000012    -407.2095089287)(2000112    -139.102305060065)(2000110    1637.6958704932)(2000211    1144.31215435266)
4 11      - (1000000    11852.0082438908)(2000002    13801.5307972567)(2000201    1089.45335201161)(2000101    1269.47980191293)(2000200    1011.82973342606)(2000001    1261.48627033715)(2000012    3389.84929636468)(2000102    908.123384302012)(2000111    -206.21481309874)(2000212    -178.966548490153)(2000112    -215.018391249084)(2000100    2742.39159666456)(2000202    2756.72994789925)
3 4      - (1000000    3308.10969118988)(2000002    14976.7642052794)(2000201    2959.50024592428)(2000210    -190.491860234166)(2000102    4936.19034199857)(2000101    3296.90659595953)(2000200    3383.27294061278)(2000012    2476.02290798483)(2000202    4742.48840790096)(2000100    3413.39711265932)(2000110    337.691148746231)(2000001    7526.8114299578)
4 2      - (2000202    -227.953887777513)(1000000    4333.85457841861)(2000001    1482.55342469577)(2000101    1285.52257716154)(2000200    2222.54296548011)(2000002    2840.41377872721)(2000201    3269.25582196899)(2000100    2874.72322268122)(2000210    46.5039962321177)(2000012    1875.59356506622)(2000102    1171.15260331583)
4 3      - (2000110    561.509094505)(2000101    9464.24281446552)(1000000    7854.00305299869)(2000100    6445.43714106867)(2000202    3696.68545299596)(2000201    14787.2104543246)(2000001    4434.64474341927)(2000200    5299.46758998523)(2000002    6892.67028589473)(2000012    4657.00699428697)(2000210    1270.91843113221)(2000102    7023.28485505938)
9 4      - (2000001    3594.35184748983)(2000100    4694.44511839201)(2000101    11809.8706509858)(1000000    13714.0068010462)(2000201    8387.34942590409)(2000200    8590.1973278622)(2000202    6237.33689620872)(2000002    5725.60570243224)(2000212    -1212.10490753069)(2000022    1342.70314359406)(2000102    9200.17736069946)
3 3      - (1000000    3017.50689951133)(2000101    872.644339296475)(2000001    -170.984378363748)(2000002    9860.48640284531)(2000100    2248.9916752176)(2000200    3242.12988466124)(2000012    875.436942212984)(2000201    139.361599078708)(2000110    219.23023867635)(2000102    835.218439169913)
8 6      - (1000000    14775.1815343854)(2000202    14731.7337568714)(2000002    15775.0307958071)(2000100    14791.8026908927)(2000201    14677.3268466033)(2000001    13569.0775022659)(2000101    14824.2922071605)(2000200    14779.4018492616)(2000212    3370.03170186408)(2000112    2383.49946627002)(2000211    3184.80255527169)(2000102    14554.8528898823)(2000210    2935.78659494959)(2000022    5066.50066767012)(2000110    2575.7957502409)(2000012    3054.36177837668)(2000111    2237.43813286621)
6 6      - (2000200    3054.97544172333)(2000001    3068.4463689621)(1000000    2757.39077944213)(2000201    12691.1630737453)(2000101    2962.11736988077)(2000102    2832.97801590866)(2000110    2277.39443453203)(2000100    3549.93920184163)(2000202    2539.67632011411)(2000111    3507.74554682864)(2000002    9560.60470183456)(2000012    4819.37757452865)(2000211    2071.23390636219)(2000212    2701.78851247507)(2000210    2014.13018474147)(2000112    2701.36464083558)(2000022    3734.64796779193)
8 9      - (1000000    16294.7292754841)(2000101    15758.6116167535)(2000002    15758.1340931676)(2000001    7488.42450892559)(2000100    14746.4586372563)(2000201    14635.2458416221)(2000202    12295.6306554883)(2000200    11831.2858501819)(2000102    14096.3667304927)(2000112    921.232455589139)(2000211    916.061094831854)(2000022    4363.81075177554)(2000012    1136.72590561341)(2000212    807.155093328904)(2000210    396.546894582928)(2000110    339.749191309506)(2000111    801.502746162838)
6 7      - (2000202    8362.7693852451)(2000100    7570.26009550122)(2000101    9509.52244228143)(1000000    9185.04283034343)(2000001    8265.07763702239)(2000200    4774.67193624686)(2000201    11084.1708814972)(2000002    15743.2547103148)(2000110    1873.51320667615)(2000212    3860.14820071708)(2000102    6028.99880138937)(2000012    4452.6194640008)(2000210    2377.93519058581)(2000111    2328.50448448464)(2000112    2554.94104123911)(2000022    4851.25896145868)(2000211    2762.41404104622)
6 10      - (2000101    3056.20900514059)(1000000    10608.8631846707)(2000100    2877.04760499308)(2000201    2232.00833479484)(2000200    2387.40325250328)(2000212    3088.46467562722)(2000002    3194.14432164353)(2000110    2644.16885139113)(2000112    2760.95719922263)(2000111    2958.76763430885)(2000202    2828.20277179565)(2000012    2928.84487546065)(2000001    2767.5678888119)(2000022    4948.95015332303)(2000102    1762.20409916498)(2000210    2020.8046249066)(2000211    1878.84784839565)
7 11      - (2000001    -353.836833392742)(2000100    -732.980965057493)(2000200    -554.752582006795)(2000002    2183.19756275736)(2000201    -1141.50108873102)(1000000    4963.57047322076)(2000202    1996.03540694673)(2000102    481.840916732487)(2000111    -1196.48897497538)(2000212    -936.093863022717)(2000022    2721.86019612653)(2000211    -563.944780328933)(2000012    1078.49902681195)(2000101    2568.50223514799)(2000210    1955.08288249141)(2000112    1204.94790465002)
5 9      - (2000102    3719.9068762228)(2000100    5838.03540075317)(2000201    6470.31504020785)(1000000    5765.47061392128)(2000001    6358.97206965869)(2000002    15639.6087133212)(2000202    6778.66318656957)(2000200    6327.5992470322)(2000101    5673.24387148481)(2000210    2804.66565199346)(2000212    3362.0724223323)(2000012    4380.28496985688)(2000112    2773.64213449168)(2000022    4792.86213541227)(2000110    3026.55993546086)(2000211    2730.93836102153)(2000111    2385.99836862929)
11 8      - (2000002    9634.52548368405)(1000000    7079.52215847976)(2000201    5939.67415734383)(2000001    8330.35570195578)(2000102    7037.53404791131)(2000110    8238.02557231339)(2000210    5725.88987661488)(2000112    4199.12902052881)(2000022    12068.0012113598)(2000200    4310.5788206307)(2000202    7535.31180165126)(2000101    6206.76771193166)(2000111    5238.76161023955)(2000100    6242.88320192988)(2000012    15555.5063130976)(2000211    4307.14969863877)(2000212    8304.4485298798)
10 6      - (2000200    2386.82899399807)(1000000    3712.67068787936)(2000101    3385.34802261211)(2000201    4021.25103023571)(2000100    3640.427004563)(2000022    4984.11893197016)(2000111    2401.09639607794)(2000112    2409.2763255356)(2000212    3170.83373001739)(2000002    3315.73320784687)(2000102    3997.40334377577)(2000211    2783.69859118699)(2000202    2701.59325010247)(2000001    3674.14435227305)(2000012    3466.66663360923)(2000210    1309.80496710774)(2000110    1693.12536779563)
10 8      - (2000100    16231.5186641502)(1000000    16272.2815909454)(2000002    15925.0248194706)(2000102    15132.2391646524)(2000200    15819.0830974255)(2000022    1931.92447731786)(2000111    1587.0563835147)(2000202    15446.8561632605)(2000212    2438.3829202547)(2000201    16221.9591690782)(2000001    13622.4693579943)(2000112    -565.077444098825)(2000101    16193.4453231204)(2000012    7004.72234958717)(2000110    -115.081347131885)(2000210    2110.0671243135)(2000211    1773.1427769826)
14 0      - (2000200    3514.65813061328)(2000101    4052.04294278868)(2000102    4047.67993979321)(2000202    3903.75531770579)(2000002    4053.7979369964)(2000201    3188.98631185246)(2000001    4087.1279733686)(1000000    2756.2907080573)(2000100    4085.18194936893)(2000212    36.5245719000454)(2000012    -26.813393546632)
9 11      - (1000000    9022.2384236464)(2000202    7568.00681825706)(2000002    8299.66748756517)(2000102    7654.69625347778)(2000101    8344.77345575709)(2000111    7060.46242861159)(2000112    9653.14811692254)(2000212    4745.84652467343)(2000100    9116.05258278666)(2000200    8493.23036198567)(2000001    7136.19761027349)(2000201    9932.98822395787)(2000211    3474.80392201378)(2000012    10566.0861123096)(2000210    2739.70728308941)(2000022    15802.4215929725)(2000110    4583.77358965788)
5 10      - (2000102    3098.20042453863)(2000100    3444.3840809037)(1000000    2962.3876660767)(2000202    2788.43666949955)(2000002    8530.43734857477)(2000001    4025.57529131694)(2000200    3257.53862141074)(2000101    2854.38281185073)(2000212    1781.03721170586)(2000201    3383.12391105563)(2000211    2294.6833680462)(2000210    2381.85081193204)(2000022    4832.8579177833)(2000012    3521.24471904111)(2000112    1733.68812409564)(2000110    834.62736919926)(2000111    3349.3651419915)
9 12      - (2000102    3542.76557638428)(2000200    5101.12293518665)(2000201    3646.56878462647)(2000101    4930.04138614128)(2000110    -1237.77693283472)(1000000    3517.51814192506)(2000100    3605.32646569657)(2000022    5848.12764575899)(2000111    3154.6806165766)(2000002    14552.4032743755)(2000112    4481.7199774239)(2000012    -302.420008073948)(2000202    3576.66472517387)(2000001    3886.92228000348)(2000212    3106.49434515238)(2000210    2034.56046444647)(2000211    2949.31778541676)
8 10      - (2000100    1062.19547595226)(2000202    2236.4359157457)(1000000    8129.86750291586)(2000002    3438.32833616012)(2000001    591.253992880917)(2000212    831.922563278485)(2000101    -330.408853031052)(2000102    3145.45659622781)(2000201    2152.74494034855)(2000211    -884.700904248962)(2000200    1001.85344783265)(2000210    -489.066091268768)(2000111    -95.3733593006985)(2000022    2547.40132915796)(2000112    2775.83934273264)
9 7      - (2000101    2086.86488627542)(2000002    3757.1635017151)(1000000    5045.07969813226)(2000001    3026.01944829146)(2000102    1158.87755423389)(2000201    2400.39091291975)(2000100    2028.37721854747)(2000022    3448.2897388124)(2000200    3113.07517387655)(2000202    1205.35132800806)(2000111    505.229198513883)(2000112    2369.64090950627)(2000110    -489.008520470336)(2000212    1316.1727225762)(2000210    992.505987672661)(2000012    4862.04247930461)(2000211    2820.03460771436)
7 8      - (1000000    8461.57287451438)(2000002    15779.1530727247)(2000101    6493.83730823914)(2000202    2129.51365911046)(2000201    2472.28379755747)(2000001    241.389110265468)(2000102    5538.23974792333)(2000200    5019.65834821226)(2000211    1779.17793567567)(2000210    1630.15641528376)(2000110    -467.688556995128)(2000212    3234.3489539108)(2000022    3511.43525358367)(2000012    4593.28783016849)(2000100    2991.95733587661)(2000112    1732.30682088695)(2000111    1288.22422594098)
7 9      - (2000102    1911.26725570259)(1000000    2860.8443356477)(2000001    2398.83545316528)(2000002    3384.84283828469)(2000200    1402.43589525023)(2000201    3311.46584104761)(2000212    1843.52043723562)(2000101    3091.38215766658)(2000110    1431.24741444699)(2000022    3497.64493010502)(2000012    5024.54515195945)(2000112    2562.53333094863)(2000202    3196.84326048419)(2000211    2553.70489343387)(2000111    1460.77778129474)(2000100    2804.69081847946)(2000210    1192.99848411081)
4 10      - (2000200    4599.32360694608)(1000000    14096.0946558733)(2000101    5558.64576825428)(2000001    6376.17289889635)(2000100    8691.49773798918)(2000102    7919.56004156355)(2000002    15800.3289065488)(2000212    -523.026980872058)(2000112    -1089.75016254655)(2000201    8102.77490692385)(2000210    -211.536696035016)(2000012    708.427994646667)(2000022    4073.3150489869)(2000211    1069.09161330993)(2000111    2185.51453766727)(2000202    8989.75555221973)
10 11      - (1000000    5906.97650101954)(2000102    8444.0590143454)(2000002    12492.8965512042)(2000200    5868.2662434204)(2000012    3457.75117841382)(2000112    -796.46103277163)(2000201    15878.9521398401)(2000022    -507.920972494008)(2000212    -590.439384841093)(2000202    5147.34006624283)(2000001    7202.53214898356)(2000100    7144.53187730232)(2000101    8735.38762893715)(2000111    1782.55020909312)(2000211    -268.431715128543)(2000210    1735.1889995747)(2000110    1990.74333375015)
6 13      - (2000202    3900.49452226928)(2000101    3366.8519368397)(1000000    2401.55591178103)(2000201    3071.97210839232)(2000211    1885.31037772929)(2000212    7366.85579562807)(2000110    -145.85251584685)(2000200    1174.84729164214)(2000012    1033.11056029293)(2000102    2998.95405592193)(2000002    14057.4102741081)(2000210    52.2200609550916)(2000100    1993.82332080254)(2000001    802.187182057205)(2000111    2019.2637437971)(2000112    1659.3963832917)(2000022    6510.2796784679)
10 4      - (1000000    12533.9971690695)(2000101    10552.3659595298)(2000102    6606.23141127774)(2000201    10129.7895458439)(2000202    9885.84374471177)(2000212    -799.318638341599)(2000022    -614.777565214964)(2000112    -1082.92279381117)(2000012    -718.400130627041)(2000100    7932.80835112187)(2000111    -1149.86207824923)(2000001    6711.22356368121)(2000210    -624.065684857227)(2000110    -258.253526417449)(2000200    10522.7891013625)(2000002    15770.3502951665)
11 9      - (2000100    2957.55032361468)(1000000    3061.0943977811)(2000101    3491.48501587208)(2000001    3475.6577275108)(2000210    1138.99357390454)(2000022    -205.937949366358)(2000002    3335.44283129042)(2000110    -1249.6328385033)(2000102    3365.49515265665)(2000112    -499.737639265732)(2000202    4121.80669350686)(2000201    3374.48811644399)(2000211    -559.726418521835)(2000200    3315.58118139454)(2000012    878.201631049296)(2000111    1667.63682430074)
9 13      - (2000101    3348.09385478831)(2000211    1019.20795811082)(2000210    -836.477183903594)(2000110    -1288.32934367191)(2000100    3176.46728824962)(2000202    2378.07981323247)(1000000    2987.0606083484)(2000200    2311.2705516836)(2000001    3805.05776576194)(2000201    3783.19727273851)(2000002    3908.56171635349)(2000102    2612.21261949611)(2000212    1664.35389091198)
10 9      - (2000001    13173.6255367093)(2000100    10225.0448432963)(1000000    12280.0353787443)(2000102    13203.0350585749)(2000002    14568.7617987729)(2000211    8651.12746978774)(2000111    9748.01259403277)(2000112    13372.0897906244)(2000110    13593.9578930462)(2000022    15755.9775820167)(2000201    12619.0077183295)(2000101    13287.8021677113)(2000200    13233.9907654342)(2000202    12331.2772355831)(2000212    11391.5815098432)(2000012    15472.8953018461)(2000210    13784.6568866365)
9 10      - (2000202    13319.0685935234)(1000000    13074.2118526402)(2000201    14044.308608096)(2000200    12896.785764154)(2000212    13036.8111443231)(2000012    15254.4079665478)(2000002    14556.4418771373)(2000100    13692.3934186328)(2000102    13245.2762689578)(2000110    14067.4961672707)(2000101    13875.9185214459)(2000001    13602.2955893788)(2000022    15749.543431212)(2000211    1655.14594081203)(2000210    14146.4043278356)(2000112    13676.3592288079)
12 9      - (2000101    3250.49979144302)(2000201    3349.68400133346)(1000000    3394.31122217008)(2000002    3243.22929013448)(2000001    3648.32989536894)(2000022    748.771372819866)(2000111    -750.679638850012)(2000100    3400.19779217633)(2000110    -1176.72122191072)(2000200    3135.98732051586)(2000210    -1013.82232401455)(2000012    2101.26176333934)(2000202    2506.88756338339)(2000102    3274.87750794876)(2000212    -320.521857078662)(2000112    1575.27936528143)(2000211    1540.9841863537)
11 12      - (2000102    15186.0260712943)(1000000    15727.4882658958)(2000100    14389.0207722762)(2000101    15750.4538570814)(2000201    15756.5014784718)(2000202    14841.929811658)(2000212    3537.85178624036)(2000200    15277.5427094546)(2000001    15329.1793898748)(2000002    15847.1950401386)(2000022    2331.42620549417)(2000211    1784.0918821502)(2000012    15480.1895493732)(2000110    14433.5144963735)(2000210    13058.6023051468)(2000112    4112.91146665838)
9 9      - (2000200    4635.47970763567)(2000102    6011.61801674614)(1000000    16350.2554249265)(2000111    1833.19404813781)(2000012    1545.33411258837)(2000001    3631.98337551386)(2000201    3286.22571434997)(2000002    8356.0599176212)(2000100    9796.78493051373)(2000101    3189.86934203447)(2000202    3245.29860802603)(2000112    1343.09861396221)(2000022    4332.45949838772)(2000110    1878.15828864619)(2000212    2916.49028078927)(2000210    674.471888919536)
6 8      - (2000101    13699.7866474727)(2000202    13428.6760014216)(2000201    12566.4231819467)(2000001    10395.3745293801)(2000100    11847.701628176)(2000102    10727.7788040318)(1000000    13054.8383230237)(2000002    15803.7329284552)(2000200    14071.7454084037)(2000022    4889.62800166789)(2000012    4644.36301474476)(2000112    2695.03144241775)(2000110    2933.43127538638)(2000212    3283.12650352964)(2000111    2489.57842833184)(2000210    3103.64515170165)(2000211    2936.83144024338)
9 14      - (1000000    3674.92973092522)(2000100    2941.81008494696)(2000112    -1334.69541161619)(2000210    -1046.37607992362)(2000001    2588.29752421986)(2000101    3186.80409911866)(2000102    2477.17741542518)(2000200    2710.68549996565)(2000201    3206.38040084765)(2000002    4364.33292557483)(2000202    2815.04306844753)
7 14      - (2000001    4729.11443324505)(2000101    2564.12200022244)(2000102    2477.37484917581)(2000200    4375.78824581548)(2000100    1847.0353309215)(2000202    2155.09528122888)(1000000    4140.19969652734)(2000002    7845.59172024785)(2000201    1213.4789469774)(2000110    -71.8095631089161)(2000022    15576.1611361853)(2000112    1204.94790465002)(2000111    1769.89277956619)(2000211    2133.00461522234)(2000012    1972.33498038152)(2000212    1127.72037400026)
7 10      - (2000202    4263.92059956488)(1000000    16277.7057522646)(2000101    11613.9240975815)(2000201    13860.4178495384)(2000002    14327.6753614645)(2000102    3594.74598574632)(2000001    3469.91555971762)(2000111    -286.458695897606)(2000022    4357.44902028201)(2000100    8410.89992986414)(2000210    1501.51756223661)(2000112    466.696036954471)(2000200    6143.91991355449)(2000012    1794.36920917262)(2000110    1909.79236868183)
11 11      - (2000200    15055.1657368907)(1000000    15814.1591124599)(2000201    15884.7288519472)(2000202    15686.0820089988)(2000100    15467.2718824445)(2000212    2283.695519274)(2000012    15386.4288816501)(2000002    15518.7048625606)(2000112    1200.22030604548)(2000001    13756.6012046471)(2000101    15804.3153709201)(2000102    13348.8832590433)(2000211    -55.5300096917764)(2000111    -13.686621395763)(2000110    11133.5106549879)(2000210    10339.523681178)
7 12      - (2000202    4132.21140588611)(2000100    2596.47874552154)(2000002    14401.015595451)(2000200    -3.32965961031623)(2000112    1700.60951200417)(2000012    1737.82919322061)(1000000    6921.62616083389)(2000210    -629.205302294482)(2000201    2179.00088146118)(2000001    3147.41121102121)(2000101    1278.83276530854)(2000102    1353.24436596897)(2000111    5890.9890708659)(2000212    2289.90358098973)(2000022    1085.78027873519)(2000211    5488.60417451668)(2000110    1127.72037400026)
10 10      - (2000001    6860.49801571899)(2000201    9925.20694788145)(2000101    10289.3053702237)(2000002    15924.9748364139)(2000012    14063.0006136982)(2000200    8759.6853509816)(2000100    9783.35680366049)(2000112    3337.89618906606)(1000000    8647.97776151148)(2000212    1692.89213508598)(2000102    6459.67849331166)(2000202    7426.16990000953)(2000110    -1085.4038756781)(2000111    1417.28546151373)(2000210    5340.75240938715)(2000022    2873.53715215776)(2000211    1653.60097754666)
11 7      - (2000001    1875.27709613729)(2000100    1958.3466502254)(2000101    5360.49999381799)(2000201    2383.85794099797)(1000000    6028.91357664519)(2000112    -705.732130237945)(2000110    1363.59944874156)(2000212    1846.31750691005)(2000002    3869.07555130762)(2000202    2530.71417935076)(2000102    12320.912608314)(2000111    3215.9558101777)(2000022    3473.08768010532)(2000210    1994.29741393261)(2000012    3068.23537427679)(2000200    2789.34353587052)(2000211    2113.03401129237)
7 7      - (2000102    14025.3465211886)(2000002    15782.7680722285)(1000000    14743.8523218536)(2000202    14728.4306698702)(2000101    14664.6140129408)(2000001    12358.5375798661)(2000100    14668.6159646902)(2000201    14827.602779444)(2000211    2527.06113354928)(2000212    3507.39385886546)(2000112    2784.78689105656)(2000200    14545.5436481102)(2000012    4292.22083414434)(2000110    2175.13753758285)(2000111    2229.2551514396)(2000022    4194.11963476697)(2000210    2844.72775741686)
10 12      - (2000002    15901.5761614929)(2000100    6165.07535074386)(2000112    -1462.9351703725)(1000000    3328.092672978)(2000102    4902.65443847937)(2000200    7710.66820501293)(2000202    4012.57255365264)(2000001    4707.09925128282)(2000201    9874.7817606783)(2000101    10190.9501685165)(2000012    3547.33228839689)(2000022    814.945209291464)(2000212    2288.0904425046)(2000210    2521.19547733401)(2000110    1942.92028588816)
9 6      - (2000201    14484.6140831246)(2000100    14595.2195194161)(1000000    14175.7311938306)(2000001    12942.0947961474)(2000200    14427.0894034467)(2000101    14388.3910515167)(2000102    13909.6529477085)(2000002    15792.3795664935)(2000202    13953.4132291712)(2000112    2835.31369955188)(2000211    2476.18999612161)(2000012    5128.60539247932)(2000110    1991.55209980319)(2000212    3592.42915800106)(2000111    2302.30083086582)(2000022    4311.98818949596)(2000210    3153.67933571073)
8 8      - (2000202    2046.81267556303)(2000200    7526.41282882282)(2000002    2535.4283854548)(2000201    13887.6782546873)(1000000    3082.09516786545)(2000100    7214.38417907703)(2000102    3594.45840171377)(2000101    4984.17107850472)(2000001    3997.56235614236)(2000111    2695.47913906005)(2000112    2848.88927964165)(2000211    1802.23720640032)(2000022    3766.67978696437)(2000110    684.549667584845)(2000012    2586.41354869422)(2000210    1189.93439353328)(2000212    2580.79354899148)
12 10      - (2000100    6794.08284682593)(2000022    -306.705401324492)(2000101    9150.7725298368)(1000000    8211.48027763695)(2000200    10070.1594479441)(2000202    8369.2511240114)(2000201    15894.7681717114)(2000102    9131.72557745074)(2000002    8883.6894903402)(2000001    6792.41786952377)(2000112    -128.25090857668)(2000210    1653.60097754666)(2000012    9407.74864866147)
9 8      - (1000000    13149.6423163825)(2000200    4608.80032139375)(2000002    3747.64636005305)(2000102    3218.9551816291)(2000001    1566.28088883294)(2000022    3140.35012312679)(2000111    2357.6923822675)(2000100    1319.81108737151)(2000012    1299.04119441184)(2000211    892.704563866899)(2000210    693.384338660839)(2000212    2293.11470871268)(2000202    495.562129835826)(2000112    2384.27805885412)(2000101    3731.61067837006)(2000110    1470.47334731553)(2000201    1542.56241015871)
6 14      - (2000200    594.909481671191)(1000000    2091.71510061836)(2000112    -672.458811047236)(2000202    2179.05104264646)(2000001    1432.21290627982)(2000100    2462.44931857859)(2000102    1131.75561703821)(2000002    3736.52200204474)
11 10      - (1000000    14909.7801925557)(2000101    13765.0521494262)(2000111    -1410.33240198294)(2000202    10340.3762467654)(2000022    3016.75992548952)(2000001    7953.2934685711)(2000212    -425.581228374224)(2000200    11577.0311260349)(2000211    -742.642970744726)(2000012    13094.190155681)(2000110    3433.1477187349)(2000002    15860.0680663257)(2000100    9968.23501093448)(2000201    13378.2628187261)(2000102    11668.5753529635)(2000112    -95.5089140149832)(2000210    4813.71577362568)
10 7      - (2000202    2630.08626135959)(1000000    14203.3981614042)(2000101    1528.88803182841)(2000200    6918.99326055272)(2000002    1139.57067732899)(2000102    437.906605419503)(2000001    280.795253701797)(2000012    273.002744203563)(2000100    3118.72070331363)(2000211    1792.76071256146)(2000022    4671.80184092434)(2000212    1943.93354174138)(2000201    1796.36124223239)(2000112    293.816469851684)(2000210    1138.86371142533)(2000110    -317.009700213358)(2000111    1070.10039625392)
11 6      - (2000001    3207.37726706299)(2000102    1752.07294419972)(1000000    3767.36514919293)(2000202    3184.70642068139)(2000101    2619.01677128703)(2000112    1866.43322018338)(2000201    3315.05281875164)(2000100    3208.59969433586)(2000210    325.001717704182)(2000211    717.553491623338)(2000022    3736.46024606998)(2000012    4712.1448383634)(2000200    1997.9284788215)(2000002    4484.32161076912)(2000110    1710.38352004079)(2000111    1569.61586683493)(2000212    2496.63996443149)
12 6      - (2000101    2821.72358339873)(2000100    2142.99314029054)(1000000    3142.86009513392)(2000001    4429.05810658469)(2000012    3553.11702898462)(2000002    3642.30516391283)(2000111    695.208657555038)(2000201    1633.72603550865)(2000112    1707.24794718687)(2000202    4605.78257013198)(2000022    16026.9875897092)(2000212    3737.9733947062)(2000211    1013.65042388453)(2000200    35.3257501074191)(2000110    1400.65753325576)(2000102    2412.01939202303)
6 11      - (2000102    3091.16736862843)(1000000    2691.30786352249)(2000200    1460.47968739359)(2000001    3168.14631305873)(2000100    2659.52063446875)(2000201    2376.66343790554)(2000210    1698.94415189926)(2000022    2364.37892073666)(2000112    1079.56707154554)(2000110    1394.25060617017)(2000002    2504.35236517669)(2000012    4453.40266635133)(2000101    2683.58573237131)(2000202    1291.42453963208)(2000111    1385.06765934414)(2000212    -70.3739642423422)(2000211    2054.80134488334)
8 7      - (2000201    4104.59491635999)(2000102    5323.21928877815)(1000000    10586.9785515372)(2000002    15799.2039168444)(2000100    8788.18002924793)(2000202    10264.6991923808)(2000001    4984.236175762)(2000200    9247.20754681215)(2000012    2307.21383576565)(2000111    2568.61675879834)(2000101    8274.1513117337)(2000110    2933.10059187389)(2000022    4759.52864946118)(2000112    2706.04696838187)(2000211    1661.942240502)(2000212    3357.73418261197)(2000210    1187.31866043732)
13 10      - (1000000    3131.44566542019)(2000212    -1368.18353050986)(2000002    4000.16446189959)(2000110    -1134.93599368886)(2000001    2664.51903404736)(2000100    3038.17852257467)(2000102    3478.15011987368)(2000101    2321.04516079563)(2000202    3437.19124905189)(2000200    1386.55858681656)(2000201    3348.65207626429)(2000211    -90.4788401206321)(2000012    760.004547286298)
6 12      - (2000102    1162.56864087857)(2000100    1946.79025918739)(1000000    2846.67267598933)(2000200    46.2252701907636)(2000001    735.031250142871)(2000202    2463.30652182048)(2000201    2173.22230559671)(2000002    2448.4445518086)(2000012    3510.00235242106)(2000101    1130.64247077383)(2000022    9658.53641963867)(2000211    -46.2157564216326)(2000111    854.241471764115)(2000212    1691.45624563712)(2000112    1295.06457994027)
8 11      - (1000000    4004.5644445418)(2000102    3338.74692320659)(2000100    5862.16636215556)(2000202    5504.58163313533)(2000112    3700.93710223414)(2000022    3443.1721001231)(2000201    3374.54252556078)(2000200    4114.43545011654)(2000111    -474.57234112539)(2000110    -882.552730157119)(2000210    4386.98003764967)(2000101    3203.32021541927)(2000012    5173.45930944122)(2000002    14509.0641635574)(2000211    5522.25392282702)(2000001    6881.62045816216)(2000212    996.499928692301)
8 12      - (2000001    7298.42226245933)(1000000    5260.57640078328)(2000002    3623.33013880702)(2000202    4852.906191975)(2000100    3639.7258648687)(2000102    5803.90967373043)(2000101    6724.7514973571)(2000212    5980.85082402816)(2000200    5733.68701818573)(2000111    2851.36300016775)(2000201    6090.4099278162)(2000022    15761.6793484567)(2000012    4250.75150567594)(2000112    5359.19292466487)(2000211    5600.28834809676)(2000110    2324.14955204662)
3 2      - (2000100    -872.240986058934)(1000000    4299.38110883489)(2000102    -1383.28789497509)(2000201    1145.20879262634)(2000002    522.083615592342)(2000200    265.267010938203)(2000001    1896.05610218924)
13 12      - (2000100    6435.04525401671)(2000002    15878.7652390978)(2000212    1410.20736407689)(2000200    7068.93012812974)(2000210    43.2550405190165)(1000000    6274.83151668023)(2000001    5310.74718726716)(2000101    5508.31268634564)(2000202    5452.83008746048)(2000201    6151.15880359833)(2000102    3855.67249034987)(2000110    3228.50944730778)
6 9      - (1000000    3826.2177440608)(2000100    6577.2789065098)(2000002    3613.92236597688)(2000202    2889.90826232478)(2000200    3023.82973556222)(2000001    3507.68683907402)(2000201    2468.46731623328)(2000212    3095.5614112778)(2000111    2004.19001194131)(2000101    3674.61023803977)(2000022    4106.52978901901)(2000102    1785.24626725961)(2000112    2740.21299720971)(2000012    5054.18768777551)(2000110    3009.57712720026)(2000211    1509.04634946493)(2000210    3306.51164549733)
5 11      - (2000101    2946.62008506464)(1000000    2616.9335135473)(2000111    184.24256113336)(2000012    1796.67825936873)(2000112    2091.90557352247)(2000202    3025.30012356917)(2000210    1345.44056776871)(2000201    3183.25758558751)(2000002    4592.8028364663)(2000200    2816.94260366071)(2000022    4874.29251164389)(2000001    1534.32909130374)(2000110    -2.27467017863592)(2000212    2204.33151146814)(2000100    3009.81426531312)(2000102    2887.34986770801)(2000211    672.529939388746)
5 5      - (2000001    3986.7594265292)(2000002    15690.4733211113)(2000201    6160.90830367557)(1000000    10835.2166026179)(2000200    3758.21675768924)(2000102    6090.06985846975)(2000212    1930.44343188529)(2000022    3528.88751339348)(2000111    -601.434576500986)(2000101    6637.86958838627)(2000100    3812.90630980247)(2000110    2864.53954413989)(2000202    2959.77801935151)(2000210    2988.72214224255)(2000012    4750.39829285841)(2000211    1392.5957708715)
11 5      - (2000100    2497.81171149344)(2000200    3252.74976959083)(2000001    3883.32298265361)(2000202    2933.71034192205)(1000000    2610.88891081796)(2000112    1770.27448485648)(2000201    3436.40484517028)(2000210    -1059.75614266607)(2000101    1216.38628877291)(2000022    4582.32309028001)(2000002    4013.42131261221)(2000211    2532.13595248871)(2000111    2966.65027750726)(2000110    2919.91659095808)(2000212    438.95487917774)(2000102    3148.68092809034)(2000012    3055.55124622355)
8 13      - (1000000    13536.9198313835)(2000202    2662.85982902993)(2000012    -257.083997154618)(2000022    -209.011242763215)(2000112    -382.47145904521)(2000001    2835.91314366411)(2000002    3214.69096165304)(2000100    3174.77658421158)(2000101    3228.98038293863)(2000102    2983.72246774882)(2000201    4842.33985340868)(2000200    2931.84606629913)(2000210    -163.844369465257)(2000111    1816.79914953056)
12 8      - (1000000    3587.46848376625)(2000001    2977.15177278402)(2000211    8.05337317257749)(2000101    3580.72445716059)(2000212    -1502.04678567081)(2000012    -167.261356986074)(2000002    6331.85232644123)(2000022    3556.15966101944)(2000100    13359.450180594)(2000202    3085.20082588055)(2000200    2969.62761684781)(2000102    3581.64129014748)(2000201    4578.74549716965)(2000210    -90.9662358160067)(2000112    2527.61668465276)
5 6      - (2000100    8388.13254825978)(2000200    10138.9132161958)(2000101    8797.27517450919)(2000202    10421.0659117393)(2000001    6325.0799630053)(2000102    6065.34865510602)(2000201    10909.7714697784)(2000002    15775.6735293861)(1000000    11799.4797093309)(2000110    1344.16904553497)(2000012    2208.42488151076)(2000022    2348.92680779612)(2000212    2574.20783726351)(2000112    1094.0595327989)(2000210    1182.22200486824)(2000111    1318.82600582128)(2000211    1340.83634751329)
4 5      - (2000100    2998.71278213572)(1000000    3169.85200927667)(2000001    3544.14057897845)(2000202    2668.92965804165)(2000022    417.617296688185)(2000201    3446.84852351845)(2000102    2937.57204827866)(2000112    -1051.28214475995)(2000101    3674.91201746625)(2000111    -605.877260186174)(2000200    2894.57333145431)(2000002    3709.27116537852)(2000210    -1130.31473942754)(2000110    1547.69613568072)(2000012    3626.95055840354)(2000212    479.95701121054)
10 13      - (1000000    3268.17442393849)(2000201    3529.98438646254)(2000102    3465.05896153696)(2000100    4683.16021460538)(2000101    2431.8195577131)(2000200    2237.81334509577)(2000202    1459.52141047547)(2000001    3234.71314191282)(2000002    10653.3287306645)
12 11      - (2000100    14721.5036106195)(2000102    12641.1842852678)(2000212    -1395.47427722689)(2000110    11421.3403714273)(1000000    14903.4431523087)(2000200    14712.7538348479)(2000201    15532.7204413685)(2000202    14124.4031394203)(2000101    15429.918947501)(2000001    10440.623215816)(2000002    15825.449102929)(2000211    1788.5375625046)(2000012    14908.3190671332)(2000210    8742.65254801944)
12 12      - (2000200    15861.7647045463)(2000022    4335.2545353401)(2000001    15749.2322597036)(2000201    15877.4611830658)(2000102    15561.7997886899)(2000101    15682.5119669869)(1000000    15741.2151585146)(2000002    15638.6197117008)(2000100    15858.9080944406)(2000202    15517.7110235917)(2000211    -71.5367874409149)(2000111    -177.771148223324)(2000110    14375.546562107)(2000210    14113.2682126285)(2000012    15732.6378921075)(2000212    5237.80400007479)
5 12      - (2000202    3895.81356816419)(1000000    6557.0362244221)(2000001    2998.48298651801)(2000002    2708.8410217651)(2000200    3175.58019780581)(2000111    1447.10061128395)(2000100    3183.14206150263)(2000102    2678.23951530762)(2000212    -510.422661007312)(2000201    3046.36370412532)(2000012    712.825263781851)(2000022    2340.22671167966)(2000101    2306.01008488112)(2000112    1346.77561663439)(2000211    1717.35870320375)(2000210    -3.31402727381442)
7 6      - (2000100    14551.8200026956)(1000000    14832.0921772276)(2000201    14676.6287373546)(2000202    14535.3159877017)(2000002    15796.6218480888)(2000101    14614.680209733)(2000200    14488.9952705484)(2000102    12759.0726161163)(2000001    13482.0915980976)(2000022    4978.03168661619)(2000211    1539.1211063031)(2000012    3802.1667605504)(2000110    2942.17268470296)(2000112    3208.0195760132)(2000212    1530.57717174411)(2000111    1851.12587242598)(2000210    2325.22834889319)
5 7      - (2000001    3422.14112625759)(2000110    3988.32790253504)(2000100    4853.35511894517)(2000202    3110.78661634064)(2000201    3500.2403741036)(2000101    3202.57369954594)(2000200    3514.56381604813)(2000212    2638.93249785384)(2000022    5004.29467284193)(2000210    2838.65569722953)(2000112    3384.85206876476)(2000111    3052.43697668547)(2000012    3663.4121325671)(1000000    2831.89308748436)(2000102    2413.70243802391)(2000002    14906.9474062007)(2000211    2719.62639634655)
5 4      - (1000000    3064.19974930167)(2000102    3573.33094098599)(2000101    10736.0644262154)(2000100    2928.51493812012)(2000111    -1214.25974892381)(2000002    3798.06518349316)(2000202    2438.4426293773)(2000022    -530.474902812195)(2000200    3559.5916326749)(2000201    3111.78400140477)(2000012    2217.5445208736)(2000110    1783.02011819787)(2000001    3485.74790852272)(2000212    -418.927245603072)(2000210    2237.59526944091)(2000211    1411.22826011806)
13 7      - (2000202    425.613687435721)(2000001    2274.66848498542)(2000210    -1194.61711225155)(2000201    1419.5683639361)(2000012    -238.085032565478)(1000000    3376.25090437206)(2000200    6443.25120615015)(2000002    15219.1072653175)(2000100    2025.79521215781)(2000101    6906.38221451501)(2000102    309.63646999177)(2000022    126.581014963164)(2000212    3497.19221754214)(2000211    1167.57248453105)
12 5      - (2000201    2245.06128993699)(1000000    2728.87944229543)(2000100    1365.21260949444)(2000212    1502.95748303246)(2000210    -379.375903780466)(2000200    2393.14674485093)(2000002    2728.13135768288)(2000101    2129.65982232388)(2000001    2078.48246273465)(2000012    1682.32074176999)(2000112    2400.27988991133)(2000111    1427.52201296689)(2000110    1197.9258988849)(2000102    2616.43369010502)(2000202    1326.79872367523)
13 3      - (2000002    12242.1269356056)(1000000    5411.88075240244)(2000101    2807.85978368672)(2000200    3065.88891631428)(2000201    3257.54760706533)(2000001    1318.69141313407)(2000202    3132.30880555253)(2000102    2857.5202665149)(2000100    3090.61393599457)
14 1      - (2000102    4252.88066062575)(1000000    2566.42375619756)(2000201    3794.99305103192)(2000002    4277.68835840531)(2000101    3828.40277029827)(2000202    4289.53048844204)(2000200    4133.42780711676)(2000001    4402.99683688911)(2000100    4420.44229985074)
12 7      - (1000000    4596.32968598164)(2000002    4210.31539783505)(2000201    3018.33310955688)(2000112    -715.511570808644)(2000001    2147.31276489932)(2000101    2390.25451014596)(2000202    4461.03978732112)(2000200    2125.81146736808)(2000110    -500.253185275518)(2000100    1271.78162338568)(2000022    1111.52219937132)(2000102    11251.9592457718)
13 8      - (2000201    3359.40776711513)(2000212    166.390899894248)(2000002    2338.69490572844)(2000022    -374.174977130347)(2000100    5046.53838217236)(2000112    -1106.44683830375)(2000001    3396.27200961513)(2000200    3118.9906266241)(1000000    3331.7777180504)(2000202    10172.1205326778)(2000101    3786.00474766535)(2000102    2160.31209351295)(2000111    -38.8041538359481)
12 3      - (2000201    -303.973336219191)(1000000    2832.20890289441)(2000200    1585.67226929981)(2000202    2672.98870845657)(2000002    4382.03058823046)(2000110    189.602836454894)(2000102    1657.73520823862)(2000001    3007.62086164688)(2000100    1086.02565191045)(2000101    2532.89301602883)(2000012    1106.36194557677)
14 9      - (2000001    4070.61028588553)(2000202    3119.93696631215)(2000022    -388.135024885947)(2000101    2307.44986742862)(2000002    6072.15282479694)(2000200    3059.74134812029)(1000000    3845.64224847832)(2000100    1449.10150269892)(2000102    3065.59045013459)(2000201    1744.60462595282)
2 4      - (2000102    -1670.27317606237)(2000100    613.862952188111)(2000002    2611.27689913034)(2000101    3781.12801026641)(2000201    1556.57172395746)(2000001    2548.31738692736)(2000202    -8.82996896263614)(1000000    3748.61032690212)(2000200    2768.9104348122)(2000110    -511.479711496127)(2000210    537.063368514362)(2000012    706.289014982034)
5 8      - (2000001    5297.86685087327)(2000202    6913.51741163913)(2000100    8951.72334548613)(2000201    8532.80852859676)(2000101    2905.31981754473)(1000000    6886.87799309887)(2000102    7289.03738735703)(2000200    7600.50418507425)(2000112    3095.6743583178)(2000022    5049.34590150929)(2000111    3251.36187957577)(2000012    4014.75604959281)(2000002    15707.1399470585)(2000212    3691.71185809293)(2000210    3282.3545415168)(2000110    3220.43891372183)(2000211    2894.66022162371)
11 13      - (2000201    8888.69285145743)(1000000    4320.23145231322)(2000100    4189.875701806)(2000002    15878.8037433042)(2000001    2160.50343006359)(2000102    8744.50430202618)(2000202    6653.75553424353)(2000101    10463.5370919155)(2000200    3344.47299281305)(2000211    1653.60097754666)
7 5      - (2000100    2979.08914300764)(1000000    4371.159989383)(2000200    5484.13688720958)(2000001    2136.59710192458)(2000002    15864.8466715954)(2000102    913.914284520274)(2000201    1927.74141407925)(2000022    4473.8082428253)(2000212    2949.67485032378)(2000111    2723.39893183638)(2000012    2322.03136937068)(2000202    2530.18912564708)(2000110    1684.97523496649)(2000210    1018.48596441479)(2000101    6717.89762593771)(2000112    1083.46627946206)(2000211    1188.18706894252)
4 12      - (1000000    12932.0712768643)(2000001    1870.61569775561)(2000202    2063.03771896228)(2000201    1248.79988239982)(2000102    -1165.55512167153)(2000100    1464.87120317988)(2000200    1368.75364159475)(2000002    1990.75952650626)(2000101    2530.46617233318)(2000212    1200.36014334718)(2000012    351.98275568449)(2000022    2120.91947750504)(2000112    1611.92335681099)(2000111    1752.08213427388)
4 6      - (2000200    8405.39586251633)(1000000    12911.8362975385)(2000002    15688.2382366818)(2000101    7880.4376282178)(2000100    7951.26102960248)(2000102    8082.6392491242)(2000112    -858.907950808627)(2000201    8047.80975120146)(2000210    1775.33134250661)(2000111    1187.79696195023)(2000202    10090.5858708353)(2000022    944.762130501009)(2000212    145.591893087264)(2000001    9176.73291857245)
13 9      - (2000001    4425.49927777334)(2000012    2466.29672370131)(2000212    -1374.40178417494)(2000002    4229.34431290229)(2000112    -783.379840735994)(2000101    3130.49331307774)(1000000    4008.55298134924)(2000100    2550.81519642232)(2000200    3609.15297014734)(2000202    3750.69488639317)(2000102    2425.9949586705)(2000201    2660.48399143122)
4 7      - (2000201    10242.2746314059)(2000001    10490.7388909223)(2000100    10264.9683732901)(2000101    12550.085264077)(2000102    9627.09424533751)(2000202    9590.7013925256)(2000002    15776.4703796767)(1000000    13592.8320252387)(2000200    11390.6908444563)(2000012    4282.9219021138)(2000022    2385.18870571958)(2000112    1531.83376883466)(2000212    1070.95401253183)(2000111    1458.73743136137)(2000110    -655.978676263215)(2000210    1317.07047627373)(2000211    1254.87745483859)
4 4      - (2000001    5133.55633023055)(2000002    11858.6293186338)(1000000    4517.38872794182)(2000202    4290.95927658513)(2000201    3797.8976098768)(2000100    3235.81947327876)(2000102    4445.15164860861)(2000200    2735.87863487889)(2000110    3394.18900145169)(2000212    -950.589658065481)(2000012    4782.86563603985)(2000101    4143.65424978377)(2000210    2933.10059040112)
13 5      - (2000101    2770.16929578236)(2000211    -1526.15076743838)(2000002    -165.70904663696)(2000001    1768.54110899514)(2000100    267.256691203686)(2000112    877.809231182139)(1000000    3412.42826245786)(2000202    2698.93408947197)(2000201    1664.87454358292)(2000200    2428.33617768662)(2000022    4644.88657478219)(2000102    2642.00295873986)(2000212    1152.75383174441)
14 5      - (2000100    108.739725586556)(2000200    -1257.72021660161)(2000201    4288.04952445351)(2000002    221.734800293557)(2000202    -581.634394326778)(2000001    2182.51173717524)(2000102    2235.00924479671)(2000022    445.600925221657)(1000000    -371.187066564829)(2000212    41.1731282848414)(2000112    1584.64389197364)(2000101    3831.35327295797)
13 11      - (2000101    2559.23518440665)(2000001    4960.26507065195)(1000000    2892.76728408894)(2000100    5842.08694722693)(2000202    1742.33503951456)(2000102    2013.32736020986)(2000002    15894.3861720612)(2000200    3240.4242274245)(2000201    6783.94993200528)(2000111    -249.594657962592)(2000211    -1.37514521964164)(2000012    4111.51697972982)
14 10      - (2000100    2249.44502279925)(2000101    1294.71860698687)(2000001    2543.50569070675)(2000200    287.691915094518)(2000102    1335.1389373628)(1000000    2550.27055714532)(2000002    2417.65180859916)(2000201    2519.9302306947)(2000202    3317.53694402308)
8 14      - (2000202    1053.88686799726)(2000212    646.362634779767)(2000002    5659.25537072919)(2000210    -629.199494453511)(2000100    4395.96362779173)(1000000    13813.0954666311)(2000001    5467.77526512544)(2000102    3718.50591707747)(2000101    4664.72129424555)(2000201    3019.65358299756)(2000200    5599.60404302938)(2000012    2807.11275608722)(2000111    2170.73500584277)(2000112    2120.36521952781)(2000211    3698.53628526268)(2000022    4642.18472701981)
11 4      - (2000202    1913.52191226599)(2000001    978.06479926709)(2000200    2067.707817466)(1000000    13441.7496491944)(2000201    3705.39007187497)(2000211    -481.033527851151)(2000100    3642.42901864609)(2000102    -101.644376570523)(2000002    2574.07442124487)(2000101    1361.46011761491)(2000112    1597.5779939968)
14 7      - (2000001    152.607103821978)(2000101    694.329453783018)(2000201    3180.50822832455)(2000202    1885.36091901347)(1000000    1831.16741766845)(2000100    848.068732756053)(2000200    3288.76838755019)(2000102    2590.81092651236)(2000002    8306.69199707744)(2000022    1841.66665279365)(2000012    1908.80535959466)(2000212    2133.34553879599)(2000111    2262.06586673855)
14 11      - (1000000    2593.76280060069)(2000002    4473.94670275939)(2000101    1604.15277110031)(2000201    1570.31336265389)(2000001    1752.23868388869)(2000100    2482.94465061696)(2000202    906.174973762589)(2000102    1683.28215900306)(2000200    1432.79561426185)
12 4      - (2000002    2551.39857887349)(2000202    1885.01392923391)(2000200    419.84012220579)(2000112    -1182.8741057841)(2000102    -793.430547904499)(2000022    118.458026166027)(2000101    1735.34952142715)(2000211    -528.721444776385)(1000000    2835.67873821561)(2000100    -102.175696273529)(2000001    1346.30986161635)(2000201    121.02006775428)
11 14      - (1000000    1771.94915070171)(2000200    725.605316398104)(2000102    708.287935013947)(2000202    5409.16528763447)(2000100    3055.83390459888)(2000001    1847.7923964276)(2000101    9533.40107465944)(2000002    4525.49133604668)(2000201    2679.33414777917)
13 13      - (2000101    2581.88837076344)(2000100    2829.0510289848)(2000002    3926.59990799968)(2000001    2865.17047234741)(1000000    3492.68994425046)(2000102    398.022537626783)(2000200    3305.77069107418)(2000202    2008.56032578371)(2000201    2904.32003303688)
14 8      - (2000002    3985.49190153216)(2000102    2577.23452472122)(2000101    1322.1653531872)(2000001    3133.84970129424)(2000202    1978.20091807185)(1000000    3470.52516651538)(2000100    3510.66149030409)(2000201    2876.79575896891)(2000200    8041.56052845465)(2000012    2130.1018484869)
13 6      - (2000202    2597.22556637644)(2000001    2561.29148752996)(2000100    -329.330440089155)(2000200    2408.82082582311)(2000112    16.8594139431738)(2000012    2371.43504126137)(1000000    1491.63246941216)(2000101    2773.95235985405)(2000002    9450.83208828883)(2000201    1536.65871637984)(2000102    2741.88145807162)
12 13      - (2000112    -701.367320149566)(2000201    2228.80315175776)(2000001    4094.84911771381)(2000100    1589.00535836971)(2000110    1575.15897089225)(2000101    3171.81557858518)(1000000    3104.84248970327)(2000202    2731.16179807835)(2000102    2862.31087825251)(2000002    14800.988400538)(2000200    3549.5749168572)(2000212    1784.0918821502)
10 14      - (2000202    2088.93792699904)(2000101    863.583124160344)(1000000    2487.68442067699)(2000201    3175.56988142425)(2000200    1960.03447654676)(2000002    4333.18477087908)(2000102    3153.18793246668)(2000100    2290.95523911255)(2000001    2632.95938895836)
7 13      - (2000211    -1321.23921500592)(2000101    1445.44337650677)(2000102    1062.57742463809)(1000000    5922.10343280044)(2000012    1380.18929802241)(2000001    2703.73544069484)(2000202    -47.4366097184401)(2000100    2175.81453318416)(2000201    2737.88291359455)(2000002    15854.1051965281)(2000200    813.139125384821)(2000212    1363.82472194465)
14 6      - (2000102    2108.69079420334)(2000001    -1115.00586785716)(2000022    248.148003245392)(2000201    656.434839285837)(1000000    2143.69036645392)(2000200    911.971643652236)(2000101    1215.69004808185)(2000202    600.230412586227)(2000002    3812.17457633098)(2000100    1910.22468008173)
14 2      - (1000000    2268.69050114797)(2000201    3334.13250863162)(2000001    3726.90274218773)(2000101    3114.54452674932)(2000002    3620.7866872673)(2000202    3446.8429173793)(2000200    4092.72001015474)(2000102    3370.13888153386)(2000100    3747.99233485971)(2000012    -98.1927115591548)
3 5      - (1000000    3103.03442537156)(2000100    3232.53421302133)(2000202    3856.34921918731)(2000101    3546.08572910064)(2000201    3892.94485131706)(2000012    4844.72256085552)(2000200    3678.3582200014)(2000002    10592.7570285591)(2000102    2731.32027562095)(2000001    3726.20940640107)(2000110    1377.0246621453)
5 14      - (2000210    -1087.49318780747)(2000100    -651.044130275116)(2000200    292.790947192067)(2000202    2979.74644208789)(2000102    101.867851038687)(1000000    2217.76911231772)(2000201    644.842731361239)(2000002    1298.31576117774)(2000101    1152.75383174441)(2000112    1152.75383174441)(2000211    1291.30157444591)(2000001    1826.57416367523)
14 13      - (2000200    129.877925885053)(1000000    3449.2998094063)(2000202    -1091.84431554104)(2000001    64.6474916449402)(2000201    501.9465629723)(2000101    1493.72122199182)
14 12      - (2000202    -220.78535081222)(1000000    3112.31829899609)(2000200    1541.64005498933)(2000102    179.32084686347)(2000001    1656.50978592692)(2000002    4408.48258184272)(2000101    1637.85396651127)(2000201    692.832931486414)
4 14      - (1000000    3166.32365533231)(2000202    3317.33174005041)(2000102    472.038139519836)(2000101    1782.77855487127)(2000100    189.806479162801)(2000001    8734.05983357069)(2000201    1644.37418530205)(2000200    1714.52087294369)
12 14      - (2000201    1104.57190800261)(1000000    3686.04554470841)(2000101    2583.5494720103)(2000001    745.777115763785)(2000200    2060.10024788341)(2000002    4168.90490024794)(2000102    3250.61119346954)(2000100    628.761537198822)
13 14      - (1000000    3037.57224391551)(2000001    1842.89373061332)(2000002    4469.84973153079)(2000102    -344.482621011154)(2000100    2444.75484823123)(2000101    2046.07484732885)(2000200    726.809731549837)(2000202    1359.63904332232)(2000201    2545.08080637727)
3 11      - (2000100    2177.46603656705)(2000201    -33.3320303053919)(2000200    1200.88901063803)(2000101    1996.08226279885)(2000102    3581.10122544988)(2000202    268.894851917581)(1000000    3898.87678734804)(2000002    2812.56517496219)(2000110    928.202711199447)(2000001    4554.08962677447)(2000012    1475.48520999276)
14 14      - (1000000    2100.52094024713)(2000002    3525.30177843915)(2000101    -500.778999039526)(2000201    -500.778999039526)(2000100    629.936357505073)
5 13      - (2000112    775.269451834351)(2000001    2178.06868973845)(2000012    2097.94642952618)(1000000    3029.80169076532)(2000100    1830.8493960357)(2000202    373.666491734675)(2000102    1333.54837622562)(2000002    1856.16076057945)(2000201    2526.98539294984)(2000200    195.708616786355)(2000110    303.541713272786)
14 4      - (2000002    1289.14536480988)(2000101    -870.792470724211)(1000000    11161.0811409853)(2000102    59.2645790491974)(2000100    1999.7936617611)
3 13      - (2000002    709.435094835709)(2000201    2813.87221521475)(2000200    -191.869167885635)(2000100    341.094543736312)(2000001    7752.10422396601)(2000101    382.541650044439)(2000102    2618.65093212752)(1000000    2953.29235761919)(2000202    2329.64226501846)(2000110    913.433227761991)
13 4      - (2000100    -143.747351690284)(1000000    1898.85815797504)(2000201    2824.81358177108)(2000110    11.6220769210419)(2000200    1910.20703335301)(2000001    3912.592543716)(2000002    2744.08454794052)(2000112    1231.42475357774)(2000022    1897.22383038335)(2000202    1931.0212396523)
14 3      - (2000200    3543.91523168328)(2000002    13163.7380768468)(2000101    1531.45768873167)(1000000    3767.49870589536)(2000202    3884.65604912119)(2000100    6045.08497917623)(2000102    1608.56634554011)(2000001    3040.45870637888)

