184
0 0      - (1000000    22461.7897531915)(2000201    21678.7288488118)(2000101    21635.5069144818)(2000002    21539.283105275)(2000022    57.50225)(2000012    20707.3735319904)(2000211    19929.0344893367)(2000111    22607.0002682987)(2000221    -500)
1 1      - (2000201    20050.5859972687)(2000121    -500)(2000111    22574.2033030226)(2000221    -500)(2000002    18331.5577829691)(1000000    22487.5694612676)(2000101    20151.3670522197)(2000211    12820.2400011911)(2000012    19629.844403597)
2 1      - (2000002    9230.65860741622)(2000012    2628.38282750535)(2000201    12197.4587379756)(1000000    21732.5186160763)(2000101    10006.6356183495)(2000111    12784.9144054457)(2000211    7359.05646141785)
2 0      - (2000002    11571.5218752612)(2000201    7725.51697346125)(2000101    5746.97270401355)(1000000    19811.5823803596)(2000111    8432.2950166095)(2000211    3158.08238020905)(2000012    4231.22691060245)
3 1      - (2000111    16392.1035536282)(1000000    21541.4811364065)(2000101    16148.381256492)(2000201    6066.67216298719)(2000002    16534.7840180666)(2000211    12378.2201324301)(2000012    13944.1557505244)
3 0      - (2000211    14029.4578366428)(2000101    16791.0548492368)(2000221    -1187.5)(2000111    14056.6825115935)(1000000    22253.2603764252)(2000002    19629.7765688652)(2000201    18592.1549869108)(2000012    7740.35776863174)
0 1      - (2000101    20655.5113367997)(2000201    20727.1243373209)(2000221    -1141.237)(2000002    20660.1949629328)(1000000    22189.5533862714)(2000121    -813.058)(2000211    16197.9753838074)(2000012    18578.2211184484)(2000111    22587.8686443802)
3 2      - (2000121    -500)(2000101    15745.8100440916)(2000002    12853.8946711068)(2000201    16025.3543533007)(1000000    21795.6112085447)(2000012    17017.9018943924)(2000111    18220.5236101937)(2000211    17340.1541130374)
1 0      - (2000101    13480.6023965045)(2000002    16284.6711144684)(2000201    18160.8954751174)(1000000    22277.6789866229)(2000211    13455.0776310555)(2000012    13851.2039567282)(2000111    22543.7991225972)
4 2      - (2000121    -1125.132)(2000002    4622.67364391681)(1000000    6512.93619144227)(2000201    3065.03591149938)(2000101    3035.12744084969)(2000211    -459.9652151368)(2000111    2722.05407661973)
3 3      - (2000012    268.558446717109)(2000211    337.486320802815)(1000000    22570.2695794591)(2000201    14503.6012238514)(2000101    17027.1804799276)(2000002    13680.6443870291)
2 3      - (2000221    -750)(1000000    4801.3235336105)(2000201    4999.03408750398)(2000101    5470.51019587744)(2000002    5771.2810499064)(2000111    4718.21876665965)(2000012    3686.94977691359)(2000211    2922.17411652542)
0 2      - (2000101    20938.3694489021)(2000002    20958.4204776771)(1000000    22176.2177731109)(2000201    20756.9202104957)(2000211    18754.000819966)(2000111    22578.3012822087)(2000012    16643.115314524)
0 3      - (2000002    5284.68813031598)(2000121    -500)(1000000    6231.14452870106)(2000101    5642.29362292058)(2000201    5687.15926786133)(2000012    2813.01309575228)(2000111    1412.52227581801)(2000211    3132.11840226359)
0 6      - (2000121    21220.7463265423)(2000002    20791.7771916042)(2000022    21798.1368084869)(2000211    21466.696547264)(2000201    21448.1766919295)(1000000    21597.5262818994)(2000111    20980.7839411949)(2000012    22615.597344143)(2000101    21515.0732892751)(2000221    21066.1077229177)
8 1      - (2000121    5836.04477650183)(2000111    7061.07966684091)(1000000    20078.8701659288)(2000221    7175.7208763647)(2000101    8521.70801707724)(2000022    7835.89413462722)(2000002    9544.83469954319)(2000201    3304.97205256486)(2000211    5577.75012754764)(2000012    9568.20545105543)
8 0      - (2000201    9942.95489267298)(1000000    9518.83599279494)(2000022    11305.5286740144)(2000101    13614.9179758055)(2000002    6460.47036105759)(2000121    15965.0330352008)(2000211    12271.2897936546)(2000221    12126.6681205215)(2000111    13665.7898076543)(2000012    22564.7166035323)
1 8      - (2000012    7618.37835304671)(2000111    10651.6262968673)(2000201    9338.22811735629)(1000000    22248.5993060003)(2000022    6821.07688177651)(2000101    6428.79678399601)(2000121    8255.33244327745)(2000002    8745.14826941347)(2000221    5767.95820205186)(2000211    4473.95943757251)
0 10      - (2000201    8542.65162608532)(1000000    22124.3982362971)(2000101    14698.3717461044)(2000121    3059.4152136773)(2000211    3065.92585915768)(2000012    6103.77535317124)(2000111    8403.47210233165)(2000002    12199.9678644)(2000022    9626.87851329234)(2000221    5725.26125149126)
1 9      - (2000111    1305.21205242253)(2000121    2854.04947030982)(2000101    19960.9040642181)(2000221    1396.77908561588)(1000000    23563.223923734)(2000002    23561.1042319336)(2000201    20542.8524586415)(2000211    2426.22199952468)(2000012    1348.50161923731)(2000022    6326.16007435512)
2 11      - (2000121    -968.75)(2000211    4531.99324507583)(1000000    4006.73825344988)(2000111    1904.73699262707)(2000012    6893.83540845874)(2000022    5981.82610571414)(2000101    2748.609400993)(2000201    4106.16343559275)(2000002    4259.73608425589)(2000221    1815.30058557716)
10 0      - (2000012    7177.94498242928)(2000101    21004.4640242466)(2000211    753.258424240857)(2000002    22546.9146085148)(1000000    21033.8281740073)(2000201    20371.1835810046)(2000121    1657.04674468187)(2000022    6437.34014675655)(2000221    2095.97728850384)(2000111    1867.84568398286)
0 11      - (2000022    6168.43464682632)(2000002    22550.2947426809)(2000111    3619.76538456151)(1000000    19825.0182041471)(2000101    20045.4234929983)(2000201    20501.4105190829)(2000012    6890.78013096601)(2000211    4560.54103703358)(2000121    3267.88529371529)(2000221    2388.87848521867)
7 0      - (2000111    5821.80728073451)(1000000    10065.4316343166)(2000101    6465.16279226496)(2000022    21772.8011498162)(2000211    4586.29671004849)(2000002    2514.05644655763)(2000201    6830.97614230408)(2000121    5527.16377570635)(2000221    5156.98502646823)(2000012    6679.99762379167)
7 1      - (2000201    514.219583081161)(2000012    9131.18706588122)(2000111    2580.34627231231)(2000221    3163.76108621984)(2000121    2345.00404905202)(2000002    5035.31107807169)(2000022    19099.5454665044)(1000000    3693.77663679797)(2000101    6299.34043193496)(2000211    8257.6257731908)
9 1      - (2000012    3446.18146463223)(2000201    16439.5263812869)(2000211    1536.54947298395)(1000000    22948.791094196)(2000002    11099.9650833796)(2000022    -11.7629428224737)(2000121    1625.26158832822)(2000101    13680.6473218559)(2000111    2575.74598587956)
1 12      - (2000201    18182.5544050967)(2000111    2419.86916155787)(1000000    16505.9763192298)(2000002    22512.2523027557)(2000211    2370.84351882839)(2000101    14872.5581386207)(2000012    6798.88956429661)(2000121    76.4632351175665)(2000022    5168.23229729004)(2000221    2764.63425328474)
2 2      - (2000211    18802.4030989003)(2000002    19526.8159095396)(2000101    19546.657453423)(2000201    20184.152881231)(1000000    22389.5724521422)(2000012    19466.5970688903)(2000111    22590.1061604804)
1 2      - (2000012    18237.8508171443)(1000000    22484.69154875)(2000002    20339.7038729952)(2000201    21679.612323393)(2000101    21109.742408167)(2000111    22589.8104109864)(2000211    19370.7140880521)
0 12      - (1000000    17356.9475088511)(2000012    6847.57994291172)(2000101    19909.851640442)(2000201    19925.7409879935)(2000002    22524.0278903879)(2000211    3563.93968263182)(2000111    4054.64325294935)(2000221    1324.18243000638)(2000121    3360.06800850088)(2000022    6162.12471700952)
6 1      - (2000221    5717.20468549728)(2000201    1902.44204867336)(1000000    4644.35186374409)(2000101    1995.19892856808)(2000002    3397.04648133268)(2000111    2767.31403070243)(2000211    7350.60240293743)(2000012    10666.5561743835)(2000022    22324.3453492647)(2000121    7672.14600797059)
2 7      - (2000002    19547.2154618952)(2000101    3658.30069798508)(2000121    1605.79607738298)(2000012    5726.30043112058)(2000111    828.016289173259)(2000211    3356.94148835209)(2000022    5859.25431418253)(1000000    4907.68222780375)(2000221    1669.40399414422)(2000201    2215.03525957919)
13 0      - (1000000    5796.58541826991)(2000101    5927.79971421258)(2000201    5295.42281321851)(2000211    1255.36793286208)(2000111    1691.83242518359)(2000221    3042.42124883748)(2000012    6763.67721730584)(2000121    1230.16852286107)(2000002    7003.29894524121)(2000022    5652.25161263423)
0 8      - (1000000    20073.7387061464)(2000201    10136.9598734008)(2000002    13133.4939513594)(2000121    12465.0554512462)(2000012    22591.825926603)(2000221    11371.2316819675)(2000211    10095.8852004034)(2000101    10482.4953598817)(2000111    12574.226777512)(2000022    13298.5014268674)
1 6      - (2000101    18801.9934485711)(1000000    20004.354485326)(2000002    20705.8764796718)(2000201    20369.5264431893)(2000121    18489.3082464465)(2000111    20469.0397756163)(2000221    20726.3573024265)(2000211    17317.6335580057)(2000022    20607.6542922225)(2000012    22593.1625955219)
0 7      - (2000121    19890.3700275192)(2000022    22588.8276458997)(2000101    19071.4150022624)(2000211    18142.6678841666)(1000000    18367.9934275791)(2000012    21226.6148463179)(2000221    19607.2217252123)(2000201    19404.8982874631)(2000002    19195.9753899385)(2000111    20037.4069726544)
11 1      - (2000012    6790.91864846535)(2000101    20614.7385442962)(1000000    20362.5574011519)(2000111    2462.04482293585)(2000002    22502.4366640803)(2000211    1279.55103282811)(2000201    19057.4788617492)(2000022    5939.73378462929)(2000121    1606.24567517763)(2000221    3324.96907395172)
12 0      - (2000201    21286.0558148251)(2000012    5992.49428090361)(1000000    21190.91777128)(2000002    22456.7049703248)(2000121    2137.24938017031)(2000221    4120.34393446022)(2000101    21235.5632062685)(2000022    6994.88358913438)(2000211    3020.92703568716)(2000111    3723.28659796297)
11 0      - (2000211    3243.0319444888)(2000002    22584.4290210627)(1000000    19154.8197078066)(2000201    18092.5270906805)(2000012    7112.26449880627)(2000111    2915.30752271846)(2000022    6449.64502927087)(2000221    4094.3514649924)(2000121    1340.84561827781)(2000101    19517.7094910859)
3 8      - (2000201    10796.8290432966)(1000000    22805.3785404241)(2000211    3684.9725437565)(2000012    5106.95807389848)(2000101    13643.7926572627)(2000002    12292.7607079571)(2000121    3674.13145675543)(2000111    4397.18210754796)(2000022    4435.43850636377)(2000221    3625.56910044614)
6 0      - (2000002    12402.2562019612)(2000221    13847.4377115859)(2000022    22448.981481078)(1000000    7438.25457454908)(2000111    6758.34775776862)(2000101    8319.45194860014)(2000201    9993.00222396023)(2000012    11014.9787114974)(2000121    12090.3931296922)(2000211    8864.23960771218)
2 8      - (2000111    4562.71334733272)(2000201    3442.00868522348)(2000221    2615.72074784076)(2000022    6614.4292073535)(2000211    1265.92922304988)(1000000    21069.1730063998)(2000101    4828.87489326724)(2000012    5353.51246423419)(2000002    6305.50720237671)(2000121    4623.00965359888)
1 3      - (2000002    5548.70913670115)(2000101    5550.21808119269)(1000000    6436.03843485168)(2000201    2649.37307922977)(2000012    3997.32795718651)(2000111    1451.05660762816)(2000211    2407.93098396995)
2 12      - (2000111    3411.23157642633)(1000000    7840.80443397249)(2000101    10426.5512208924)(2000012    2317.72460514854)(2000221    2459.27017944039)(2000201    4268.29965061112)(2000002    21887.6078230297)(2000121    989.519177228072)(2000022    6381.74702509031)(2000211    4519.08343665317)
9 0      - (1000000    22955.8776564774)(2000201    9101.40596367029)(2000101    9797.54678223472)(2000002    4619.36128933398)(2000012    2200.10308552868)(2000211    3113.58984777566)(2000111    1546.21190595235)(2000121    2448.01687321217)(2000221    2309.44314602481)(2000022    12075.0214296316)
12 1      - (1000000    21368.138490602)(2000211    4967.66803441653)(2000022    4510.77142154062)(2000201    21280.4116301908)(2000002    22550.2841741511)(2000101    21538.3991994128)(2000012    6825.60412172162)(2000121    959.63732108334)(2000221    2534.54827515396)(2000111    2199.92539667119)
5 0      - (1000000    15041.677359359)(2000211    13472.2875750585)(2000101    12748.3170911981)(2000022    22567.5653580561)(2000111    13545.6240578898)(2000221    11882.954825649)(2000002    9375.41677592044)(2000201    15511.1444558209)(2000012    18481.244281127)(2000121    12855.0095506332)
1 13      - (2000111    2817.38716152402)(1000000    16666.3875471645)(2000002    22522.2934587128)(2000101    18747.2776444446)(2000201    19179.1956164203)(2000121    2953.80129359834)(2000022    2623.75103757806)(2000211    2303.65183297506)(2000221    3598.37455292476)(2000012    1336.17272734427)
3 13      - (2000012    1616.57992042857)(1000000    3824.65787155927)(2000002    4608.8339830587)(2000121    187.483422651579)(2000101    18783.6531207316)(2000211    276.536893924804)(2000221    164.946357468854)(2000022    6025.04846124614)(2000201    2797.36546329779)
7 2      - (2000002    6741.43773182084)(2000022    5769.83977937959)(2000201    5182.94660536501)(2000101    1822.12088144018)(1000000    5974.79585003426)(2000111    3268.62499253172)(2000121    4382.06987840456)(2000012    5757.7323002721)(2000221    4018.46212708631)(2000211    2134.45372397787)
0 9      - (1000000    23147.5098428856)(2000111    9055.22723622999)(2000012    7859.72591847065)(2000121    13840.3176038592)(2000211    7850.73097133672)(2000022    7661.42369144034)(2000221    7823.56098255898)(2000201    14386.5913357689)(2000002    17018.1377481734)(2000101    12027.2400691369)
0 14      - (2000211    4049.50457318203)(1000000    6203.16323041997)(2000201    6109.96685210998)(2000002    7243.13299352)(2000012    4232.46074312399)(2000121    3087.8352840128)(2000101    6070.43382894876)(2000111    3171.99886601429)(2000022    6366.30004763778)(2000221    166.922284667211)
6 3      - (2000002    6110.94382346438)(1000000    927.473391311231)(2000101    939.369593620785)(2000211    -228.7839838216)(2000221    -523.008968390918)(2000201    3338.50071584737)(2000012    3648.80827983859)(2000111    3609.53793481671)(2000022    6136.12089112322)(2000121    2450.56331140861)
1 11      - (2000002    22528.3904221705)(2000211    4066.17638871605)(2000012    6735.38681650342)(1000000    19106.1223240409)(2000111    2890.36509998943)(2000201    16813.6689526603)(2000101    19288.2492839741)(2000121    1716.80854419644)(2000221    3948.06041400266)(2000022    5502.25753839997)
2 13      - (2000111    3779.0140474887)(2000201    19373.0403816488)(2000012    6558.5740631395)(2000002    22566.4751103645)(1000000    18058.538425623)(2000101    18890.7921128234)(2000022    5634.72266185582)(2000221    3495.94172073681)(2000211    1067.51181807032)(2000121    3773.20898825684)
1 14      - (1000000    5770.86568824117)(2000002    16352.1254550724)(2000022    6500.57194387182)(2000201    5964.66369096075)(2000101    5744.20359487841)(2000111    3629.14918648132)(2000121    3780.05611187561)(2000221    2969.59614503228)(2000012    4878.54272792897)(2000211    4151.16378913174)
12 2      - (2000012    7130.49426126691)(2000211    3304.48633210788)(1000000    20911.5269751967)(2000201    20983.9927729173)(2000111    2461.73415810646)(2000121    558.083481238883)(2000002    22530.1023586222)(2000101    20482.001299335)(2000022    5851.86981159567)(2000221    2453.64937906442)
0 5      - (1000000    1595.34400344723)(2000101    1401.96682976554)(2000211    1152.13803367531)(2000111    1838.51662125363)(2000022    6925.47240866793)(2000002    3558.81504775376)(2000201    1465.53581560265)(2000121    1248.11337434868)(2000012    4276.08817844804)(2000221    1433.50501855515)
8 2      - (1000000    7346.84084202328)(2000002    4523.08987849128)(2000211    3209.98264018446)(2000101    4909.79034175697)(2000022    2226.79827575833)(2000111    244.271099289542)(2000012    6260.84246779396)(2000201    4067.6941859386)(2000121    995.81733241038)(2000221    1588.62059242273)
3 11      - (2000211    -405.319219211833)(1000000    4148.30370250098)(2000201    3784.6209471432)(2000101    2275.76174355231)(2000002    3076.192240186)(2000121    709.293258625329)(2000221    915.268282215699)(2000012    6571.3305984159)(2000022    4950.6922044988)(2000111    3403.68859795717)
10 3      - (2000101    3917.65430994519)(1000000    7508.06798939273)(2000201    3740.40669492706)(2000111    2153.76724134882)(2000002    3686.5927201032)(2000121    1815.30058557716)(2000211    1815.30058557716)(2000012    3268.48929726595)
1 5      - (1000000    2157.11340250584)(2000101    2109.45081071255)(2000201    2217.99162585306)(2000002    4007.52341357405)(2000012    7126.08048883627)(2000121    1422.40845990981)(2000022    2702.67037803213)(2000221    -199.371035202647)(2000211    1107.79912950625)(2000111    723.965528304214)
9 2      - (2000002    13090.417679019)(1000000    22994.5543972677)(2000201    8215.16267729824)(2000012    799.355558327987)(2000111    244.271099289542)(2000221    2695.7607940753)(2000121    1717.16399058637)(2000211    1717.16399058637)(2000101    7783.90218804353)
0 4      - (2000012    849.764955819243)(1000000    5105.52878855193)(2000201    4530.27011338298)(2000101    4447.82462368347)(2000002    4602.78272254072)(2000111    4482.74407035967)
3 12      - (1000000    4418.9249893642)(2000111    3131.3507061096)(2000002    5037.59865587994)(2000121    2258.07647504152)(2000201    2226.01144635199)(2000211    2322.56828280983)(2000022    1511.96722565363)(2000221    3290.75199677637)(2000101    5589.59668268558)(2000012    6865.26390517165)
11 2      - (2000101    5015.48000222517)(2000111    487.47537953376)(1000000    3325.27860819584)(2000211    149.000961299811)(2000201    3974.56494577251)(2000012    6859.14964873853)(2000002    5222.66262945232)(2000221    902.846072128209)(2000121    1788.37404516508)(2000022    3074.70949193252)
1 10      - (1000000    17244.9255068323)(2000002    3641.889310689)(2000101    3426.19600652649)(2000201    1636.79573395662)(2000111    2725.05499917044)(2000012    -30.7553875106663)(2000121    5906.28139627403)(2000221    3080.33404628095)(2000022    1802.8302396209)(2000211    2852.56112801424)
3 14      - (2000201    2572.64434395588)(1000000    2854.83530559894)(2000002    3482.92760657988)(2000101    -46.8677117555405)(2000022    6664.6314120056)(2000121    736.064811068313)(2000211    2737.06010751883)
14 2      - (2000211    -291.736135873889)(1000000    3478.34639477005)(2000012    6015.34437248311)(2000201    2627.89062922878)(2000002    2799.14840608814)(2000221    3616.97180253557)(2000121    3651.32383228689)(2000101    2489.69472205777)(2000111    3210.52616527364)(2000022    3370.25848139106)
14 1      - (1000000    -354.587720707862)(2000111    2472.46541202114)(2000012    3151.44004438862)(2000002    3243.13574788724)(2000101    4039.86446576705)(2000201    3738.41663732245)(2000022    6606.13015218452)(2000221    -504.585667449494)(2000121    2753.62540406336)(2000211    2905.112867999)
4 10      - (2000201    3272.40676591609)(2000012    18.1687257033933)(2000101    2764.06542968336)(1000000    23476.6149641112)(2000022    1434.11539268837)(2000002    3885.51181404378)(2000211    445.624391944624)(2000121    1815.30058557716)(2000221    2722.95087836574)
14 0      - (1000000    4716.50227740431)(2000211    353.187265085325)(2000012    3280.2495685872)(2000201    3779.45033100592)(2000101    4901.22430445474)(2000002    6642.50232495694)(2000121    1563.00775185241)(2000111    2152.06128333853)
5 2      - (1000000    11188.082911781)(2000101    5261.50760779404)(2000201    14030.5496593563)(2000002    7908.04250033113)(2000211    10092.311884639)(2000121    8083.87353025585)(2000012    10443.7996455772)(2000022    22557.9764342023)(2000221    12705.5925402553)(2000111    7848.14536610776)
1 4      - (1000000    5520.02632758735)(2000002    5173.51727975026)(2000201    4370.1106356789)(2000221    -547.033576949912)(2000101    3907.00948220351)
2 6      - (1000000    21227.3537551269)(2000201    21311.9753397303)(2000002    20630.3981006299)(2000101    20982.9881782729)(2000221    21037.0953831656)(2000012    22618.687480782)(2000121    20922.7638631658)(2000211    20868.3579213638)(2000111    20838.5302672632)(2000022    21920.580234571)
4 12      - (2000111    -471.248875)(1000000    936.309459704512)(2000012    2414.81237018021)(2000101    2526.28450843546)(2000201    2542.12391304981)(2000002    3270.11304917885)(2000121    1581.17168831133)
4 11      - (2000002    4667.27961450054)(2000211    744.661190466315)(1000000    20828.6297171167)(2000201    7834.26246093803)(2000111    775.155378266098)(2000101    4118.7709280499)(2000121    2421.63981921372)(2000012    6868.01618712064)(2000221    689.15374198377)(2000022    4818.72606758046)
2 4      - (2000101    17.6970998869027)(2000002    1849.64868383063)(2000201    1873.9513619816)(1000000    6041.64435671186)(2000111    2458.31433204781)
0 13      - (2000012    5822.96824102265)(1000000    18846.1218710638)(2000101    17490.6962510444)(2000002    22555.4216304248)(2000201    19108.7120828038)(2000022    6744.80831858997)(2000121    2993.39426100035)(2000111    2393.30865765632)(2000221    3364.88097910823)(2000211    1449.73064057869)
1 7      - (1000000    15478.3328232041)(2000002    13666.4917684193)(2000101    15135.1099764909)(2000221    13445.6025521989)(2000211    14643.6399209855)(2000201    16310.5635527939)(2000111    13347.7601833191)(2000121    11093.17986022)(2000012    12498.9118163261)(2000022    22577.5720329235)
4 0      - (1000000    3292.45599829455)(2000101    2930.83866058509)(2000201    2973.40195559817)(2000002    6674.88062704434)
4 8      - (2000002    10220.1179054979)(1000000    23470.8823568361)(2000201    4428.2133158281)(2000101    5031.45181298211)(2000221    2569.40065056675)(2000121    2995.98974400295)(2000022    2342.08277721328)(2000012    3351.65583020898)(2000211    2340.4835137228)(2000111    2583.38818774214)
5 1      - (1000000    16828.2505185538)(2000201    12207.1666046537)(2000111    15261.0837871549)(2000121    17606.9770110799)(2000012    22567.3486934318)(2000221    11943.3233779757)(2000002    16833.5746882447)(2000211    14486.6987884256)(2000022    15521.1514512171)(2000101    11497.9633895217)
2 5      - (1000000    3441.20600010601)(2000101    2896.28482300092)(2000022    6739.34104698876)(2000002    1958.68543876695)(2000201    2947.21092251261)(2000121    336.343640085805)(2000221    201.240987750662)(2000211    1523.15017977143)(2000012    1198.2496057527)(2000111    668.298520706675)
13 2      - (1000000    3437.9313765809)(2000002    7130.53872505882)(2000211    2565.51357984926)(2000012    4857.9399087876)(2000022    6805.75464296889)(2000201    5701.54664219902)(2000101    3740.90048767115)(2000121    1557.08627576829)(2000221    2475.24226910093)(2000111    -504.585667449494)
4 13      - (2000111    2478.85094136184)(2000012    3281.33844777433)(2000101    3206.21980946432)(2000211    1815.30058557716)(1000000    1815.30058557716)
13 1      - (2000211    2307.20156782134)(1000000    5626.68252909235)(2000201    5958.07360965898)(2000121    4483.65576213951)(2000221    4628.87693435295)(2000101    5942.94217940298)(2000002    7156.31844006938)(2000022    6805.96717436118)(2000012    4390.31118184898)(2000111    2717.55081575109)
11 4      - (2000002    1363.56077476985)(2000101    2022.12394532014)(1000000    1750.11426319075)(2000121    3022.16857651531)(2000221    1883.7262043878)(2000022    6597.86586349639)(2000201    2688.12374357912)(2000111    1011.98805129441)(2000211    2393.15912738311)
13 5      - (2000101    -471.248875)(2000211    52.970859375)
5 10      - (1000000    18140.0315336611)(2000111    755.556059455894)(2000002    1929.59800833634)
5 12      - (2000012    6432.71499578185)(1000000    681.568143613145)(2000121    1815.30058557716)(2000201    673.52139552275)
12 4      - (1000000    266.208851484672)(2000111    3346.20361854964)(2000101    1656.40666958568)(2000121    1101.06479381211)(2000012    2055.13524739761)(2000201    2564.45405344902)(2000002    3653.15986104763)(2000221    747.915086493383)(2000022    6725.08555967206)(2000211    1010.28209328413)
14 4      - (1000000    298.368935589959)(2000111    -471.248875)(2000002    1073.50420318595)(2000201    350.059270930742)(2000101    640.414981987556)(2000121    662.783961696265)
4 14      - (2000111    714.66969483552)(1000000    28.251125)(2000201    1327.06111982367)
13 6      - (2000101    28.251125)(1000000    16.0934961807907)
6 2      - (1000000    4943.05364686215)(2000002    2625.13684328813)(2000201    3877.98607704008)(2000221    2967.63351985294)(2000121    2779.73843985187)(2000101    7202.88801518255)(2000012    5061.77215673175)(2000111    57.5879882031251)(2000211    2044.08027615424)(2000022    13740.5029203788)
10 1      - (1000000    5978.86606062675)(2000221    2050.78621879727)(2000101    4922.87706277723)(2000121    2376.86292654364)(2000022    6606.84034010246)(2000211    2872.84192926849)(2000201    4264.48347333747)(2000002    4256.68498210458)(2000111    2560.6765793822)
12 3      - (2000002    4670.46171833103)(1000000    5625.08909817568)(2000101    1628.00834156455)(2000121    2886.58281904752)(2000201    1563.36168981519)(2000111    640.675121444204)(2000012    7006.32742546223)(2000211    276.918208476712)(2000022    4751.62896661107)(2000221    3676.63959005453)
4 4      - (2000211    -735.6244375)(1000000    2828.99651888716)(2000002    1420.53167149311)(2000101    605.055430678786)(2000201    907.583146018179)(2000012    3271.98634840219)
14 3      - (1000000    3942.19163908809)(2000101    1979.16043464465)(2000201    3400.67284652758)(2000022    1233.76630771773)(2000111    676.933311543315)(2000002    2007.98929501187)(2000121    3306.86226504383)(2000012    4939.73193620362)(2000211    1815.30058557716)
2 14      - (1000000    17330.585841462)(2000002    3605.3647971965)(2000101    4362.65253693535)(2000201    6935.36904133215)(2000211    1217.90421897615)(2000121    1364.36675054208)(2000012    5836.90217062164)(2000022    7167.2483474171)(2000111    3630.7624053956)(2000221    2721.37004165109)
10 2      - (1000000    6847.34162282035)(2000201    4310.93598075754)(2000022    6429.06132608347)(2000111    584.863052352963)(2000101    4189.74004676384)(2000002    4092.80289963682)(2000121    2153.76724134882)(2000012    3105.53018297174)
11 3      - (1000000    3265.39806439971)(2000211    1868.32488380041)(2000101    3726.13870226973)(2000002    3776.83886048007)(2000201    1609.40734033896)(2000221    1815.30058557716)(2000111    2596.71356128621)(2000012    5756.36918535371)
3 6      - (2000002    9633.00498796348)(2000201    3078.68430521663)(2000221    -596.950104561575)(2000101    4304.97416364164)(1000000    5112.44163819718)(2000211    8370.194384504)(2000012    7936.42309895012)(2000022    22211.0644167757)(2000111    11973.1302184962)(2000121    3344.79177366321)
3 9      - (2000002    16174.2786234297)(1000000    23167.1193244304)(2000201    15803.0644999569)(2000101    18530.4927099169)(2000221    3126.16150410778)(2000022    3980.2363469889)(2000111    3494.85738834202)(2000012    4531.10177842154)(2000121    1951.53260461265)(2000211    2707.83216707914)
2 10      - (2000022    6280.91700249786)(1000000    6430.20998006945)(2000201    3813.26117830085)(2000121    -192.671136110544)(2000211    828.598805938793)(2000002    2640.83970188179)(2000101    148.215303593591)(2000111    1815.30058557716)(2000012    5209.15772280329)
3 10      - (2000002    801.44529277932)(1000000    22429.3102506969)(2000201    13555.172927508)(2000022    6498.20486635936)(2000101    5795.53689713171)(2000221    1018.05977252738)(2000121    1526.33832838917)(2000012    3131.49879502933)
9 8      - (2000201    6325.51867887196)(1000000    6292.28899001929)(2000101    6155.66502260877)(2000211    4913.27476152242)(2000012    4153.78989903801)(2000002    6610.18002349801)(2000111    5057.78331235692)
11 8      - (2000211    -256.586150364408)(2000012    -103.331446298113)(2000111    -161.81825207538)(1000000    2053.66968459335)(2000201    1627.18330202151)(2000002    2336.59704141335)(2000101    1174.95880059247)
10 8      - (2000111    1976.75229892877)(2000201    1961.45993195578)(1000000    2230.17221829534)(2000211    2331.33199454422)(2000012    2128.21240920719)(2000101    2347.0427910455)(2000002    2026.98970635185)
10 10      - (2000111    21787.4651375993)(1000000    22597.9644696593)(2000201    22036.8554620816)(2000211    21822.8407982999)(2000012    22503.5629093498)(2000002    22602.162255854)(2000101    22455.3880965381)
9 9      - (2000002    -200.062627587314)(2000101    1138.69238270228)(1000000    2907.50318394118)(2000111    838.822888623865)(2000012    1647.3369208124)(2000211    18.6567946322625)(2000201    1356.91784712403)
10 11      - (2000211    2206.70993699542)(2000101    1346.35932080919)(1000000    2873.21469393881)(2000012    3104.89296390345)(2000002    2682.49786109799)(2000201    1775.56497294424)(2000111    1820.2393390682)
8 11      - (1000000    2405.09919851022)(2000201    2233.00745703381)(2000002    2097.70980456962)(2000101    1896.62249388783)(2000111    2205.72112212683)(2000211    2230.56919846921)(2000012    2138.87081800061)
11 10      - (1000000    3.44878774307415)(2000002    -30.7120029473637)(2000201    203.473504528925)(2000012    71.985228776076)(2000101    -253.974091614485)(2000111    -474.403609993859)
10 9      - (2000002    -116.964702025976)(1000000    -373.365061822624)(2000101    -64.2794050160651)(2000201    51.175839114798)(2000012    84.21628180327)(2000211    114.577944519808)(2000111    138.682855332911)
8 9      - (1000000    2667.09328047684)(2000201    2480.62378081845)(2000111    2077.87720445162)(2000211    2630.44671688525)(2000002    2914.28475550708)(2000101    3009.21700462761)(2000012    2674.07509890223)
8 10      - (2000211    909.960702664055)(1000000    3702.61515956199)(2000101    2715.83931002455)(2000111    1226.38769153031)(2000201    2709.45054611413)(2000012    1665.0937824183)(2000002    3044.27955917024)
11 11      - (2000211    -471.248875)(1000000    262.927288107014)(2000111    -302.744296670426)(2000002    -81.6296266037812)(2000101    -421.125751736722)(2000012    -430.391452481258)(2000201    -146.617041908229)
9 10      - (1000000    3413.57251028039)(2000201    2473.68248147074)(2000101    2158.03792590582)(2000211    2514.72085239578)(2000002    2530.34195503306)(2000111    1905.00295267137)(2000012    3156.97035663468)
7 8      - (1000000    -9.17133489898723)(2000211    -303.649320332897)(2000101    -312.268465301186)
12 9      - (1000000    354.004585617952)
7 9      - (1000000    1243.26569680043)(2000101    2529.21575100168)(2000211    929.510901627535)(2000111    1502.9159107195)(2000012    1491.99005802818)(2000201    1256.27112576186)
7 11      - (2000201    149.902278206037)(1000000    2767.63415384206)(2000111    2272.42461134461)(2000211    2103.99304750089)(2000101    2280.70192365665)(2000002    2843.38218783085)
9 11      - (1000000    2346.2227288191)(2000201    2329.88964961296)(2000012    3069.31624651842)(2000111    1539.0004851773)(2000101    1293.04586142254)(2000002    3272.50510597832)(2000211    1865.83973102783)
11 7      - (2000111    -356.189247510626)(2000201    1333.41277020136)(1000000    1179.96478623417)(2000211    2385.143136407)(2000012    2349.91393228373)(2000101    1357.46292596507)(2000002    1044.40093486478)
11 9      - (2000201    -594.433640862314)(2000012    -355.894543962408)(1000000    -397.981111736003)(2000101    -383.950468490693)(2000111    -578.214597343546)(2000211    -370.630717027715)(2000002    -395.213391832655)
9 12      - (2000101    1853.2053915389)(1000000    1773.4553756077)(2000201    1202.59796584145)(2000002    1079.29194713062)
12 8      - (1000000    1361.87356924702)
4 1      - (2000201    4616.38261863683)(2000012    -767.32118620186)(2000101    4829.85706056162)(1000000    6083.37072580571)(2000002    6192.03372456406)
8 8      - (1000000    4338.1467927864)(2000002    4272.58495814826)(2000201    4375.09411394771)(2000101    4510.04461145076)(2000111    3892.83718403387)(2000012    4630.60117115432)(2000211    4484.37125573595)
7 12      - (1000000    3070.642028568)(2000211    2805.68733095059)(2000101    2823.32149793493)(2000201    2640.23283781006)(2000002    2581.10817510164)(2000012    2301.41025098269)(2000111    2468.88780882932)
7 3      - (1000000    5565.28744257941)(2000201    2627.38870799397)(2000211    2673.61614360298)(2000101    4062.08934473653)(2000121    2158.5150024298)(2000002    6487.8634891472)
12 7      - (1000000    669.314998606081)(2000012    2010.75683138379)(2000101    775.36722661223)(2000211    2656.12611645884)(2000111    134.455374568129)
6 9      - (1000000    153.215669739582)
7 10      - (2000201    2718.6513516373)(1000000    2406.37709532518)(2000101    2205.41126478711)(2000211    2264.39430698193)(2000111    2443.56335211501)(2000012    2939.41992071736)(2000002    2356.83018146736)
10 12      - (1000000    1149.20455373883)(2000111    -327.750409124044)(2000211    67.4268179948255)
8 3      - (1000000    6975.08803881107)(2000111    4225.78499706361)(2000221    2453.34650242118)(2000002    3606.91859449144)(2000211    2521.71074807843)(2000101    3743.36639712106)(2000022    2257.01288393014)(2000201    3583.94034576865)(2000012    5611.32000309897)
12 10      - (1000000    148.448413144176)(2000111    287.102044201838)
10 7      - (1000000    1823.38179399304)(2000002    1686.06926629961)(2000101    1890.58507316504)(2000201    2731.36947131473)(2000012    2179.36061134351)(2000211    2331.00880015103)(2000111    2550.68688818563)
8 4      - (1000000    6605.27922063054)(2000101    3229.90978886687)(2000221    3858.17903131065)(2000012    3574.28555012403)(2000211    3059.38288877945)(2000002    4490.95672070992)(2000201    2797.68955042455)
7 4      - (1000000    3597.85701277208)(2000002    6247.82907136633)(2000101    3040.01110787255)(2000201    3789.7028900253)(2000111    3267.9456418029)(2000211    3237.7725036447)(2000121    2867.63154637998)(2000022    6455.01675395918)(2000221    1705.97049882819)
6 12      - (1000000    12.3773255638313)
9 7      - (2000201    1549.10093465476)(2000111    1318.28611364301)(2000101    906.792700109321)(1000000    3653.26569881601)(2000012    3187.35664382611)(2000002    2105.33064576636)(2000211    1744.64389740593)
11 12      - (2000111    -125.269262641187)(2000201    82.9426099951716)(1000000    -98.3051900082958)(2000002    68.3544347018427)
8 7      - (2000201    693.459178069932)(1000000    915.603373803663)(2000002    444.482919904146)(2000012    901.736781957277)(2000101    -203.54043176579)(2000111    910.552639760992)(2000211    528.684217137016)
7 7      - (2000012    63.6676157214447)(1000000    55.2523736808219)(2000002    -26.9369906026971)(2000101    70.2344968728791)(2000111    100.786478171825)(2000211    -319.536009776628)
9 3      - (1000000    21292.7251832694)(2000211    -221.351951641216)(2000221    582.030241441636)(2000012    597.757361143356)(2000111    1763.39430764613)(2000022    315.695195483705)(2000002    11009.6728422609)(2000101    11675.3767995806)(2000201    7011.06323144083)
9 4      - (1000000    17337.7354229572)(2000101    5083.08114198214)(2000002    3712.8189289087)(2000221    2663.7681532435)(2000201    3139.75285650912)(2000022    3156.5406015177)(2000121    1815.30058557716)(2000111    2865.29834141995)
5 3      - (1000000    17513.586994156)(2000121    -811.482616539586)(2000101    604.822967339384)(2000201    2767.70328777429)(2000002    6376.3018067644)(2000022    1201.62220722565)(2000012    911.17648880838)(2000111    1714.4109272052)
3 5      - (1000000    8417.84897049677)(2000201    8153.41361434383)(2000221    -283.714024536621)(2000111    1379.10775361808)(2000211    -176.717295923445)(2000002    17020.5081644168)(2000101    5253.00020159081)(2000022    2298.87546840073)(2000012    2397.21028384088)
2 9      - (1000000    23156.5964934038)(2000101    14706.8079487204)(2000121    126.284978763973)(2000002    19753.212419029)(2000022    314.69521151846)(2000201    17232.502256548)(2000012    1201.70822129866)(2000211    1915.59530883062)(2000221    1915.59530883062)
4 9      - (1000000    23577.928196603)(2000201    2167.40184928321)(2000121    2706.6601073935)(2000211    2731.77857417008)(2000022    2366.00369250534)(2000101    3145.87697920773)(2000002    3686.52503885864)
3 7      - (1000000    3694.34434791797)(2000201    1427.40126791525)(2000012    4118.70119404063)(2000101    3742.55529593311)(2000002    3786.61811894555)(2000111    3390.293828859)(2000221    3654.64005673261)(2000211    3687.10492943444)(2000022    5811.36433474239)(2000121    885.954072508854)
5 8      - (1000000    23464.2628712634)(2000002    1622.05735196784)(2000211    2158.5150024298)(2000101    11375.0940805819)
8 12      - (1000000    3134.45849586056)
4 7      - (1000000    22206.5557310681)(2000221    1560.67570671717)(2000022    5727.88090317414)(2000211    -187.198867822364)(2000012    2540.28526745342)(2000201    11091.4643960555)(2000101    11535.4879885674)(2000002    9470.96418645)(2000111    1977.54943442972)
7 5      - (1000000    3630.90605350496)(2000201    333.534121269021)(2000211    3022.71954064124)(2000022    2555.01494779514)(2000221    3198.93497544127)(2000012    2281.87965695195)(2000121    1782.37965695195)(2000111    1799.62766497709)
12 11      - (1000000    -169.542796019352)
8 5      - (2000101    -275.207963229369)(1000000    11415.2726003967)(2000002    3237.7725036447)(2000201    3403.12952449085)(2000111    2676.36490900275)(2000221    1784.2432726685)(2000211    1784.2432726685)
10 4      - (2000201    512.466528878445)(2000002    3793.75498041757)(2000022    578.481897678423)(1000000    19095.2584425856)(2000101    2298.36415485172)(2000211    673.52139552275)
10 5      - (1000000    5076.11118206525)(2000101    4504.73996758767)(2000201    4794.650096115)(2000002    6168.08813349678)
5 9      - (1000000    21763.5485968125)(2000002    5846.72888772539)
3 4      - (2000101    4949.73061558372)(2000201    3987.05252641558)(2000002    1879.34235111162)(1000000    4945.52399964963)
4 6      - (1000000    2014.03134370095)(2000002    6012.3734386108)(2000012    572.663408810425)(2000201    2534.89287896624)(2000101    1149.47769643717)(2000121    1708.35098582275)(2000022    1569.13254441188)(2000111    1866.50369250534)
13 3      - (2000101    4224.96729040888)(2000211    3271.50904302619)(2000002    2028.32719724273)(2000201    4588.28052696248)(1000000    4694.23789607043)(2000022    6853.02387627145)(2000111    2621.11961930387)(2000221    3430.63719929679)(2000121    421.228561798003)(2000012    6236.55625555415)
6 4      - (2000012    1641.44758476055)(2000201    4604.24738176091)(1000000    5042.74595699246)(2000101    4904.80924813311)(2000022    2395.50919076178)(2000221    1896.00919076178)(2000121    1896.00919076178)(2000002    4731.64167208916)
11 5      - (1000000    2230.78780274975)(2000201    2663.68668936202)(2000002    4375.82458334315)
9 5      - (1000000    10508.2803001038)
13 4      - (1000000    2010.63031878382)(2000022    6873.34225493374)(2000211    793.191419742494)(2000221    755.994574257177)(2000121    543.727137732499)(2000002    1815.30058557716)(2000012    3444.62717922905)
12 5      - (2000111    344.128187978753)
6 5      - (2000111    341.388518250864)(1000000    191.788205945085)(2000002    6130.20578332826)(2000201    -500)(2000101    -500)
9 6      - (1000000    1452.68271619693)
6 8      - (1000000    1538.71112397633)
5 11      - (1000000    1639.34450373278)(2000201    668.298520706675)(2000022    4740.09298525569)
4 5      - (2000101    633.248061780136)(2000002    6553.87237991237)(2000201    3117.5569055541)
5 5      - (1000000    3599.63158461809)(2000101    672.940581603527)(2000002    1052.72976618614)(2000201    1169.58369599686)
4 3      - (2000002    3764.73397489889)(2000201    2712.57474721574)(2000101    352.39120797247)(1000000    4052.30302299647)
5 7      - (1000000    3477.93478396666)(2000101    1866.52008923814)
6 7      - (1000000    2571.84775879892)
5 4      - (2000101    598.756419833685)(2000201    2982.25809525917)(2000002    5746.09865968017)
5 6      - (2000101    3066.9840882936)(1000000    806.186865422238)(2000002    1198.93577157869)(2000201    2049.45964837942)
6 6      - (2000101    2024.65448636797)
5 13      - (2000012    5587.13652937994)

