225
0 0      - (2000002    7857.45673352806)(2000201    7664.19061660978)(1000000    7735.74286807919)(2000101    7812.2252861186)(2000221    -730.382037791971)(2000012    8107.46555477821)(2000211    7267.80920512335)(2000111    7677.25050616052)(2000121    -400.888208317775)(2000022    -43.4391230755972)
2 0      - (2000201    7566.83830634635)(2000002    7581.51764955688)(1000000    7597.75342109665)(2000111    2059.45571760271)(2000101    7547.58906277632)(2000211    2671.38893060952)(2000012    1603.03828609477)
1 1      - (2000101    7699.50353696913)(2000201    7817.171280988)(1000000    7835.54582380375)(2000002    7746.78810681935)(2000221    -500.2125)(2000111    2149.42803258971)(2000012    3740.31259483986)(2000211    1167.23402685071)
2 1      - (1000000    8259.43797106619)(2000002    8034.71156232053)(2000201    8032.24167513549)(2000101    7793.50150463313)(2000111    3470.2164863203)(2000012    1528.26637741909)(2000211    2573.8480931404)
1 3      - (2000002    7785.27498359128)(2000201    7782.14537008443)(2000101    7537.40428253469)(2000022    -0.5)(1000000    7782.62896311021)(2000211    4657.85594004694)(2000012    5928.24857427866)(2000111    5165.84914922394)
3 1      - (2000211    4324.27943756064)(2000101    8087.10721587342)(2000201    7867.29502249359)(1000000    8091.20743032468)(2000012    6306.61983882689)(2000002    7825.97464400995)(2000111    6160.4281538532)
3 2      - (2000211    5419.90485684187)(2000002    7869.54790408398)(2000012    5847.04673876141)(1000000    7890.15243801451)(2000201    7887.01857461032)(2000101    7727.42937083803)(2000111    6171.18416722333)
0 2      - (2000022    -5.77741550969219)(2000211    3517.39596356426)(2000201    7616.90302275906)(2000111    2351.66527661003)(2000012    5114.04830247532)(1000000    7693.7815760676)(2000101    7152.53219672064)(2000002    7669.50306130633)
4 4      - (2000012    1096.13322151732)(2000002    1038.34224656027)(1000000    1661.32390909158)(2000201    1070.4753422238)(2000211    1696.53127772681)(2000121    2584.07685133866)(2000022    2727.23953730799)(2000101    2285.82953846865)(2000111    3617.11417246847)(2000221    2287.83733823386)
1 2      - (2000201    7679.2968361367)(2000002    7560.54924761967)(2000121    -58.8053893444483)(1000000    8135.05119090644)(2000211    5660.81160848983)(2000101    7723.99121412215)(2000111    1394.21337900249)(2000012    6655.61427001629)
0 1      - (2000002    7741.38401848299)(1000000    8232.11704215493)(2000121    -500.375)(2000201    7547.7163551437)(2000012    6675.36900638862)(2000101    8085.70687132011)(2000111    6146.98953033912)(2000211    5192.20933104238)
1 0      - (2000002    6814.90579228665)(2000101    7703.12807122552)(2000201    7740.09991441464)(2000211    2482.85533938277)(2000012    4044.88026878699)(1000000    7760.33123026879)(2000111    2221.85782533499)
2 4      - (2000101    1440.86322163753)(2000002    -514.683964298053)(2000201    787.297195052689)(1000000    -292.181252102581)
3 0      - (2000002    8073.25112971546)(2000111    4054.14111438836)(2000121    -31.2143669847931)(2000022    -31.2143669847931)(2000211    3962.95903941592)(1000000    8450.32687817865)(2000101    8313.45866085408)(2000201    8140.98123790337)
2 2      - (2000201    7178.68708743319)(2000211    5545.25986970432)(2000101    7559.40112597728)(2000111    4888.61124689109)(2000002    7593.26864113347)(1000000    8116.56732200028)(2000012    6661.97237323688)
4 1      - (2000211    469.309087457998)(2000101    2322.65242477605)(1000000    414.883795598358)(2000201    577.379808568018)(2000002    1700.73094439581)(2000111    1330.48548785148)(2000221    945.927337430155)(2000012    1547.87324852779)(2000022    727.789744388659)
1 5      - (1000000    3446.89103883581)(2000211    1597.78272377216)(2000012    3103.80548301952)(2000101    3334.72222222005)(2000022    2128.29372447425)(2000002    3287.36622249605)(2000111    2333.53913358016)(2000201    2671.3400398689)(2000121    2731.00242464848)(2000221    3002.68560200392)
2 7      - (2000201    7124.51626178326)(1000000    7036.40548159561)(2000101    8046.53066766171)(2000002    7118.67848391387)(2000211    4405.11430567117)(2000121    4798.74809411066)(2000012    4712.38069624286)(2000111    6954.77450313274)(2000221    5472.10743907298)(2000022    5131.01320524351)
6 0      - (2000012    7231.0533249154)(2000201    4484.01660972537)(2000221    7238.96911589656)(2000121    8102.63888148612)(1000000    6197.40703783239)(2000101    7550.00368704942)(2000002    6797.45046342393)(2000211    5937.70041299312)(2000111    8045.85767059218)(2000022    6656.86320356759)
8 0      - (2000002    7690.4096708274)(2000201    7982.47117799629)(1000000    7801.17780550965)(2000101    7993.66565611768)(2000211    7881.91806174938)(2000012    7958.07824825432)(2000111    7987.95651376288)(2000022    4601.32020559414)(2000221    5676.53272248026)(2000121    7293.11129310563)
7 2      - (2000002    7959.70183847504)(2000201    8028.25969115109)(2000012    7383.95579421206)(1000000    7467.46644620186)(2000221    1469.39631369461)(2000111    7478.98525015414)(2000211    7231.37691634389)(2000022    784.539495427937)(2000121    353.734178095082)(2000101    8037.42334032609)
6 1      - (2000111    8079.58549725955)(2000022    5615.59566447858)(2000101    7991.83783449674)(2000201    5578.25784799121)(1000000    6182.97984435631)(2000002    5573.56875650519)(2000211    6229.9496476368)(2000012    6517.44481717913)(2000121    7387.99942087447)(2000221    6110.46554089499)
0 11      - (2000201    7261.54863547726)(2000101    7226.86436599447)(2000002    8079.44810231156)(2000211    2577.02636482224)(2000121    3594.9305712804)(2000012    3585.1190422239)(2000111    3587.27600266674)(2000221    3526.58718209024)(1000000    7296.50174038587)(2000022    3567.27405935321)
8 1      - (2000012    4489.27689675327)(2000221    2821.60315632975)(1000000    8158.37124101837)(2000201    8147.28932930408)(2000101    8147.85790793808)(2000211    5245.36002047507)(2000111    4614.45567111675)(2000002    8151.86277073504)(2000121    2647.76021016745)(2000022    3680.89926482193)
1 7      - (2000101    8076.60949847835)(2000002    7643.25399677745)(2000201    7232.11206106855)(1000000    7094.63205119191)(2000121    8105.10638037134)(2000022    6885.05203444004)(2000111    8105.00057300777)(2000221    7669.73680297169)(2000012    7313.03221089865)(2000211    7169.03836236905)
0 9      - (2000201    4800.90339927029)(1000000    8247.05898063837)(2000002    3871.14732094497)(2000101    3040.72405603068)(2000111    8276.80095161636)(2000012    3495.04461819744)(2000221    4694.49598005811)(2000211    3049.48392821606)(2000121    2880.40113523199)(2000022    1303.11303301083)
1 9      - (1000000    8307.09972725034)(2000002    3154.97115206556)(2000101    6360.17824672838)(2000211    3023.39673387879)(2000012    2353.22478225631)(2000111    5246.68511095227)(2000201    4299.84197633337)(2000022    3733.44683580449)(2000121    4970.12820895181)(2000221    2841.22883456515)
3 7      - (2000002    3598.97794587905)(2000121    1130.46025404461)(2000201    4554.16174384735)(1000000    2643.52033302011)(2000211    3654.2161062527)(2000101    7959.34478360826)(2000022    4189.4604266662)(2000012    3806.35396377523)(2000111    3414.63250639301)(2000221    887.54801359837)
10 0      - (2000101    5980.94349813888)(2000201    7300.86048341282)(2000002    8177.46268879507)(1000000    8812.02046033453)(2000111    3452.88476340638)(2000211    2998.66244189429)(2000012    3875.59575035802)(2000121    3614.91383077158)(2000022    3579.8203440248)(2000221    3565.23060815979)
0 10      - (1000000    7234.61092030323)(2000101    7244.66905068421)(2000002    8062.67658507503)(2000201    7266.34064341662)(2000012    4384.17591064282)(2000211    2659.77607484122)(2000221    3644.72663849308)(2000111    3498.74694493437)(2000022    4073.78528371793)(2000121    3987.12531035343)
1 12      - (2000101    7213.6595784974)(2000201    7027.45702519581)(2000012    3420.26465268024)(2000002    8121.35022376313)(2000211    2209.71820015954)(2000121    3303.05605489109)(2000022    3190.88726815399)(1000000    7121.87750623688)(2000111    3785.75284902837)(2000221    3254.88450424379)
6 3      - (2000012    4869.31838965424)(2000201    7157.93508496824)(1000000    7047.13844041761)(2000022    2880.11659439374)(2000221    17.15598848452)(2000002    6919.66465046548)(2000121    4371.94621863155)(2000101    8080.76149624964)(2000111    5078.02139036647)(2000211    5135.35564465844)
6 2      - (2000022    3763.10508589135)(2000201    7178.83824854835)(1000000    6851.7491528742)(2000111    8077.40690082268)(2000121    4314.60755487547)(2000002    6598.91637117956)(2000101    8075.32489047788)(2000012    7231.73991267654)(2000211    6798.56137424876)(2000221    1796.9961861997)
9 0      - (1000000    8387.25551135216)(2000012    3685.72518677069)(2000211    3885.01669336203)(2000221    2122.93676239123)(2000201    7244.32542164641)(2000002    7506.09932066809)(2000111    4383.06997422008)(2000101    8262.17916005243)(2000022    3160.89726995288)(2000121    3795.38395618156)
7 0      - (2000002    7509.38669843835)(1000000    7761.66949394608)(2000101    7968.44967804303)(2000201    7734.87070156498)(2000111    7972.37388594526)(2000012    7554.19017402494)(2000211    7956.15856498611)(2000022    6805.62096456071)(2000121    6042.6989643695)(2000221    6351.3576911369)
0 6      - (1000000    7140.32347530255)(2000201    7187.01541203194)(2000002    7201.26130563809)(2000101    7963.56785025606)(2000012    7931.50694243777)(2000211    7174.81660922056)(2000121    8068.63443698222)(2000111    8011.54242695567)(2000022    7879.67347294223)(2000221    8054.25238713933)
2 8      - (2000012    1996.61552067032)(2000101    6699.80976611834)(1000000    7856.32042009561)(2000002    7002.70788044579)(2000201    5185.33817922866)(2000121    -190.293053346347)(2000022    3349.98162165303)(2000111    1765.46412032145)(2000211    2832.42970617818)(2000221    1883.32982115406)
8 2      - (2000111    2452.85192892668)(1000000    8121.52598604959)(2000002    7038.39483696207)(2000101    7070.07450553203)(2000201    7374.46467696868)(2000221    1193.49371468191)(2000012    3720.55844041041)(2000121    2801.64684894954)(2000211    4067.02138958308)(2000022    1938.20576213178)
7 1      - (2000211    8087.7934105133)(2000101    7962.22537351869)(1000000    7335.04755124419)(2000002    7986.86260604654)(2000201    7949.64607929995)(2000022    99.6355307124894)(2000111    7998.02000182469)(2000012    7985.64299138552)(2000221    3394.9606646884)(2000121    4036.91174185885)
9 1      - (1000000    8765.15905528502)(2000211    2970.64484885091)(2000221    923.058680538932)(2000002    8388.12792020792)(2000101    8032.16138681917)(2000121    -108.736864130793)(2000201    7552.58553566802)(2000012    2316.30563527995)(2000111    2969.17780236209)(2000022    2424.06263595988)
5 0      - (2000111    6116.84833249453)(2000101    3825.1258167595)(1000000    4708.59293802068)(2000211    2467.49561483151)(2000201    2977.12376940277)(2000002    3086.13860449535)(2000022    3686.79496590954)(2000221    3739.12973605269)(2000012    3658.55394694615)(2000121    3679.3733405256)
3 8      - (2000101    3758.88304168311)(1000000    7054.78215834981)(2000012    2545.00021043747)(2000022    2515.89446011942)(2000201    3127.02461883295)(2000002    4196.14093215487)(2000211    924.831867730791)
5 7      - (2000022    1596.78457162917)(2000111    1111.11200846684)(2000211    743.610739881524)(1000000    3326.88715659762)(2000101    1911.75175561626)(2000201    1537.65473041832)(2000221    3744.64185633895)(2000002    2119.21541627196)(2000012    610.96620378148)
5 2      - (2000221    4524.22338769697)(2000121    3065.50385347075)(2000111    7317.34000353384)(1000000    7110.74619796406)(2000002    7015.26604132209)(2000201    6555.22986278215)(2000211    4140.8238419393)(2000101    7946.00895767848)(2000022    4589.19769000239)(2000012    5345.50509326436)
0 7      - (1000000    7063.39809409103)(2000201    7231.97798001542)(2000101    8009.30469473865)(2000002    7286.27288034882)(2000211    7455.33004404902)(2000111    8084.93429615445)(2000012    7738.86081914334)(2000121    7816.33664557392)(2000221    7950.87541605759)(2000022    8073.38578201081)
2 6      - (2000121    7488.25293625662)(2000012    6864.08736321565)(2000002    5791.43375541665)(1000000    6441.76032749562)(2000101    8079.68751805952)(2000022    5319.11635878216)(2000111    6244.98855356546)(2000221    6584.15434316697)(2000201    6159.07292213793)(2000211    4539.58202700362)
4 6      - (2000012    -323.635562767009)(2000101    3488.61082450029)(1000000    7366.95093682387)(2000201    2762.69500545746)(2000111    8362.93168430919)(2000002    2457.82588643967)(2000221    3892.55306257445)(2000121    2136.30743142542)(2000211    -122.674042628564)
0 3      - (2000022    -0.75)(1000000    7786.3369739923)(2000012    5918.01423386191)(2000002    7713.73551961686)(2000101    7466.7617339365)(2000201    7569.10560108339)(2000211    3360.39087858206)(2000111    3495.6223619589)
1 6      - (2000002    7132.21538643128)(1000000    7157.30695657563)(2000101    8073.83181946089)(2000201    7178.51485020585)(2000221    8079.32954168975)(2000012    8076.4405804662)(2000022    7990.80725196776)(2000121    8079.04239277325)(2000111    8078.91064579264)(2000211    7179.47385966162)
4 8      - (2000022    1387.24634968366)(2000002    5916.48578883379)(1000000    5343.41874502128)(2000201    2801.12648273982)(2000101    2714.76345241499)(2000111    2843.18625796611)(2000012    2711.21105325036)(2000211    827.196617217594)(2000121    2503.50428009808)
3 6      - (2000022    112.09697473065)(2000211    -413.928020136107)(2000002    2506.08155300397)(1000000    7260.65771871642)(2000101    3348.27790243522)(2000201    3188.17178929308)(2000111    8165.54116320201)(2000012    4476.26730367586)(2000121    1667.32141480687)(2000221    2543.33644943981)
4 9      - (2000022    310.619192420835)(1000000    3807.89577368836)(2000002    3160.25694428866)(2000211    -244.201095450143)(2000101    2329.87044243119)(2000121    2792.50330753006)(2000201    1926.9370650249)(2000012    221.914054618287)(2000221    999.742935562036)
0 8      - (1000000    7426.34824551855)(2000002    7338.59848785414)(2000201    7077.42504026106)(2000101    8098.83366051466)(2000012    7407.86430683283)(2000211    6636.12237943017)(2000111    8100.13730042585)(2000121    6005.65864263328)(2000022    6930.05051770316)(2000221    7111.73211411699)
11 1      - (1000000    4023.5190062289)(2000101    2876.30078492405)(2000002    3648.62930056504)(2000201    2698.77799738573)(2000221    2692.44846715099)(2000012    2932.5297092665)(2000211    3037.27559480264)(2000121    2714.38069409706)(2000111    3058.18300520251)(2000022    3705.95745411546)
3 12      - (2000002    4112.54988716138)(1000000    5408.12390261431)(2000211    153.108047206421)(2000111    2417.16609004281)(2000101    2637.67911168166)(2000201    2757.70662986177)(2000012    4299.87268599349)(2000121    1016.12968581844)(2000022    1084.37734991685)
4 7      - (2000101    2004.49731278032)(2000002    3560.0424910198)(1000000    6553.88993555899)(2000211    -744.451516002575)(2000012    1003.70549384892)(2000201    2752.55226731151)(2000111    2652.46175097622)(2000221    2395.19559980277)(2000022    1773.7143890834)(2000121    3984.02469634358)
1 11      - (1000000    7363.22605949063)(2000101    7315.94591006827)(2000201    7350.85973611452)(2000002    8087.28731072611)(2000012    3589.83889067948)(2000022    3098.34628537496)(2000211    2969.84776748939)(2000111    3583.69798605477)(2000221    3152.36263475663)(2000121    3947.0884692097)
5 3      - (2000002    6977.49320174495)(2000012    6597.88798514542)(1000000    7409.34681696389)(2000201    7113.79851482155)(2000211    7032.82993280888)(2000022    1047.44397571026)(2000121    1432.02143498079)(2000221    408.881105974107)(2000101    7862.55920852087)(2000111    6372.06927709376)
11 0      - (2000101    7351.02527629065)(1000000    7319.52738490171)(2000002    8089.33929861609)(2000201    7341.71324302739)(2000012    3162.35003274324)(2000111    3693.49957969697)(2000221    3581.95394670372)(2000211    2939.41101419558)(2000022    3504.8604528164)(2000121    3830.29942341966)
1 8      - (2000201    7460.88932483864)(1000000    7372.45990552644)(2000002    7047.0651112634)(2000101    8057.36735565222)(2000111    4261.53896653615)(2000022    4027.37867710431)(2000121    5981.09149872849)(2000211    2313.39823282552)(2000012    3859.6775573452)(2000221    4769.91001729068)
5 4      - (2000221    2150.52467775186)(1000000    7607.91070129698)(2000201    5655.04304992336)(2000101    4415.60330829253)(2000012    4345.64686026141)(2000211    3237.17782506893)(2000121    1178.93311564514)(2000111    1421.3229186169)(2000022    1361.94867784348)(2000002    3782.88399885539)
7 5      - (2000101    3119.2586998406)(1000000    4411.48215576496)(2000121    903.544343957265)(2000022    3.91445049407636)(2000211    187.493680821697)(2000002    3042.30353713115)(2000111    1103.59247214008)(2000201    1641.59518290317)(2000012    262.075364877922)
5 6      - (2000201    3570.46839333556)(2000211    2332.35930124319)(1000000    2860.57515271319)(2000012    2101.05260048378)(2000101    4944.10563732031)(2000002    2388.98135386022)(2000022    1075.64042567615)(2000111    3570.79518214888)(2000221    2879.9850788667)(2000121    1058.46817971372)
4 0      - (2000211    1074.15210370835)(2000002    2611.45987498569)(1000000    1150.18321120049)(2000101    263.31253399331)(2000111    1282.32120204597)(2000221    735.182135236598)(2000012    2375.59521900425)(2000201    1294.66005804626)(2000022    763.531090325116)
12 1      - (2000101    2719.73959593327)(1000000    3823.45422830952)(2000201    2955.88579772322)(2000002    3932.52544434534)(2000121    3519.37696318576)(2000022    3152.19295987524)(2000012    2497.25402375117)(2000211    2867.75633186512)(2000111    3750.98682820582)(2000221    1427.91120706123)
0 5      - (2000002    2640.68894713603)(2000111    4160.9837410449)(2000211    3141.12370582821)(2000012    3528.41561939497)(2000101    3204.44051130399)(1000000    3319.88238761257)(2000121    3597.37916010452)(2000201    3543.95339432392)(2000221    3067.47901216321)(2000022    1798.26841070249)
2 12      - (2000002    3939.09294646153)(1000000    3160.98025090362)(2000201    2743.37656370491)(2000211    2494.46490988832)(2000101    2987.66223463624)(2000111    3737.38189299565)(2000012    2365.11500586177)(2000121    2721.06364434846)(2000022    1946.86392301772)(2000221    1477.02175963123)
8 8      - (2000221    766.464782574943)(2000111    7351.32062111192)(2000101    7340.25392304293)(2000012    8041.93617391768)(1000000    7386.59858699819)(2000022    1044.13216267364)(2000002    8051.30849723005)(2000201    7346.32083103391)(2000211    7403.23533211359)(2000121    1311.41825113476)
8 6      - (2000012    448.150864509279)(2000221    223.392138266114)(2000002    1243.03563352949)(1000000    1466.17793042453)(2000211    -98.7051798953007)(2000022    767.577992754076)(2000101    1030.14941543539)(2000111    1253.90864113441)(2000201    337.503377422889)
9 8      - (2000111    3978.89985721363)(2000211    3604.81776134124)(2000201    4464.28596575562)(1000000    4270.20655584438)(2000101    5068.61432309193)(2000002    8360.71899488477)(2000012    5180.24642389475)(2000022    569.926006889031)(2000121    25.654734659909)
10 10      - (2000111    4975.36095962934)(2000002    8157.1017340057)(2000101    5345.98082647146)(2000211    2613.39378395919)(2000201    5011.6103046375)(1000000    5339.12417427233)(2000012    4045.77624451633)(2000121    1047.20033540247)(2000022    2404.28671127138)(2000221    366.841762542541)
10 8      - (2000101    1747.59296504788)(1000000    2214.72104634187)(2000012    1781.22498898535)(2000002    5658.91681738119)(2000111    1741.12246327199)(2000211    3480.31050078464)(2000201    2698.03264280653)
9 9      - (2000111    1121.89789399903)(1000000    2231.35182581295)(2000012    5733.72847170898)(2000002    4620.3459379432)(2000101    1738.83224961723)(2000211    2176.29167402399)(2000201    2462.33327086919)(2000022    827.554008598214)(2000221    1256.19815167061)(2000121    1433.51125155866)
8 10      - (2000101    1290.07448996197)(2000201    1757.4131849947)(2000012    7308.39659096202)(1000000    1542.88730687436)(2000111    1660.54114523344)(2000002    1146.56226114321)(2000121    343.628296875563)(2000211    1036.52747376197)(2000221    372.650278870574)(2000022    297.37227262878)
9 10      - (2000002    8059.11452623862)(2000111    7246.42518292215)(2000012    8057.42171202912)(2000101    7377.97479878748)(2000201    7230.32242937637)(1000000    7101.30997496175)(2000022    981.431800577607)(2000121    204.915441498581)(2000211    6728.8003312945)(2000221    603.439261565526)
8 11      - (2000101    5791.95593346281)(2000002    8052.99736751112)(2000211    6190.20696517367)(1000000    6743.5447463868)(2000012    7530.45482780164)(2000111    6582.06411055177)(2000121    7102.631274335)(2000201    6737.93259028823)(2000221    6030.28586955533)(2000022    7859.34483479973)
6 10      - (2000022    416.248169635947)(2000201    783.125739748105)(1000000    1648.32469623789)(2000002    1599.6909470878)(2000121    1026.82836434776)(2000111    1158.47533436865)(2000101    2094.5285039513)(2000012    -38.2173188506409)
11 10      - (2000002    3656.89609501104)(2000121    430.533427169409)(2000022    2418.45230882369)(2000211    2563.13472212059)(1000000    2028.81477980489)(2000221    2418.70538632093)(2000201    2016.67981024031)(2000101    2610.80360954424)(2000111    747.278006384507)(2000012    2406.52051907438)
11 9      - (2000022    1848.42513652762)(2000101    2113.27589582711)(2000201    2180.53226296051)(2000211    1316.12243254451)(2000012    4757.32732962435)(2000111    1975.20168152303)(2000002    1237.82154009318)(1000000    1491.29716381621)(2000121    1499.21936199455)(2000221    1339.4800843333)
7 6      - (2000201    797.691549260339)(1000000    922.159524466475)(2000211    228.580056928669)(2000111    987.413365861627)(2000121    951.029025224867)(2000022    472.715571721428)(2000012    762.56945468861)(2000002    1704.50115002561)(2000101    271.726862981362)(2000221    1393.2042386842)
8 9      - (2000012    7700.39931093031)(2000101    6523.44901524178)(1000000    6836.34122860567)(2000111    6671.59466499565)(2000211    7353.14123524601)(2000221    841.129158863128)(2000002    8148.81440383083)(2000201    6383.1655252538)(2000022    366.253902703508)(2000121    607.850210545403)
10 9      - (2000022    702.321902476315)(2000221    -12.4398681519261)(1000000    7003.65194765267)(2000101    7232.88987095614)(2000201    6735.66629964133)(2000111    6015.68834159089)(2000211    6688.23874134334)(2000002    8044.12909730859)(2000121    165.400124735447)(2000012    7933.97742189837)
11 12      - (2000002    2853.03770626023)(2000201    2620.72385062634)(2000121    2264.41587395764)(1000000    907.226154562964)(2000101    2479.97215149692)(2000221    2908.05053113994)(2000111    2298.94389631907)(2000022    4480.96284174369)(2000012    6641.95135714086)(2000211    2736.7915491414)
10 11      - (2000211    2480.21711701266)(2000221    1605.20478551679)(1000000    1266.21133130091)(2000002    3823.68527294799)(2000101    2341.04632369141)(2000111    2477.23087420264)(2000201    2626.52942314803)(2000012    1928.26278149883)(2000121    1649.78442300643)(2000022    2986.19001989856)
11 8      - (2000201    3305.23265098833)(1000000    2941.97245588417)(2000111    3314.84549927814)(2000221    2860.57241262505)(2000002    3027.31001605629)(2000211    4193.73491980078)(2000101    2090.90384436614)(2000022    2890.41224210561)(2000012    8276.41664059675)(2000121    2881.28178351225)
10 12      - (2000111    5649.9854144367)(2000221    5600.58955624616)(2000211    5569.36042775862)(2000101    3828.71489172308)(2000201    5089.49499521659)(2000002    4885.74819779679)(2000121    5545.87281898301)(2000012    8086.94267031254)(1000000    4536.85334455965)(2000022    5666.61563501377)
8 12      - (1000000    4574.26461944618)(2000012    8060.30972521611)(2000111    4575.42014217751)(2000201    4117.6510193457)(2000121    5016.31720559006)(2000002    4679.88791856652)(2000101    5332.24140785679)(2000022    5797.43979804753)(2000221    3873.73416245559)(2000211    5260.35479914093)
2 13      - (2000002    3981.77337408206)(1000000    4503.2833920088)(2000211    974.766990493909)(2000012    1435.77343672828)(2000101    2823.84627517305)(2000111    3659.62889069571)(2000201    2871.99865736822)(2000022    1523.45845637229)(2000121    1912.61676035589)(2000221    2846.37998503696)
12 11      - (2000002    5633.55395895843)(2000211    1906.16015622753)(1000000    2028.02461577837)(2000012    1884.36691087691)(2000101    4071.87953602738)(2000022    7359.10920105257)(2000221    2123.92414362214)(2000111    2480.51199417236)(2000201    2542.75193055063)(2000121    3261.95371870437)
9 12      - (2000121    3588.34251816448)(2000022    3587.22247231183)(2000012    8133.66660756735)(2000002    4490.56129536165)(2000201    3867.06567482877)(1000000    4461.321928511)(2000101    2935.24560683911)(2000111    5034.54178408022)(2000211    5146.20316470701)(2000221    3918.14749084017)
0 12      - (1000000    7242.3718198085)(2000221    3313.373096364)(2000211    2184.90179014663)(2000201    7250.3471298006)(2000002    8088.14404194599)(2000022    3423.86518971918)(2000012    3190.00720558866)(2000101    7278.3541323311)(2000121    3734.22634249344)(2000111    3016.34518133239)
7 4      - (2000111    9.75536355304596)(1000000    7225.55084244892)(2000002    5792.16108772912)(2000201    3662.20586445178)(2000101    8311.68538774657)(2000121    3833.39496073222)(2000211    781.762184215621)(2000012    2427.13708313583)(2000221    1217.19728640448)(2000022    3787.04502035809)
11 11      - (2000211    2134.12990357808)(2000002    3495.3212429602)(2000012    3707.93857236545)(2000111    2511.62126966924)(2000201    1724.75447636667)(1000000    2529.65625221482)(2000221    2666.86383740935)(2000121    1888.42482161489)(2000101    2602.21823694434)(2000022    3421.82372186058)
8 13      - (2000111    5296.03953208881)(1000000    6003.93349958805)(2000002    8143.30250226075)(2000201    4740.27012433022)(2000101    4181.22904947875)(2000012    3879.87941249363)(2000211    4488.84757609724)(2000121    751.680402213973)(2000022    3089.85161112994)(2000221    3828.69029906204)
8 7      - (1000000    1544.20851908857)(2000201    896.094550661329)(2000002    1025.00565950967)(2000101    1563.04297549146)(2000012    6303.66973672196)(2000111    1028.11119555011)(2000211    1750.48581113818)(2000022    566.26585867044)(2000121    655.909761819962)(2000221    861.973114645114)
7 3      - (1000000    7386.81639213016)(2000002    7916.39364074053)(2000201    7190.96354328705)(2000101    7291.37913954287)(2000022    3633.14743769736)(2000012    4457.28990227238)(2000111    5336.3454700612)(2000211    4650.68121532768)(2000121    735.763322558421)(2000221    1310.6248422637)
13 10      - (2000121    3365.49807889991)(1000000    4002.58697510561)(2000101    2297.75302010828)(2000022    4115.95674263675)(2000002    4100.40405914969)(2000201    3068.8795396838)(2000211    1327.20447512498)(2000111    1583.06410180576)(2000012    8181.18701905932)(2000221    2939.95478176624)
2 9      - (1000000    8338.68789947747)(2000221    2660.10187534988)(2000022    145.656000058314)(2000201    4104.81868502514)(2000101    3306.58027109032)(2000002    3307.54600846923)(2000121    4050.83549842517)(2000012    2832.46421764718)(2000211    1892.0940508126)(2000111    2181.95190785026)
14 7      - (2000012    8060.61514419581)(2000022    2029.64182525922)(2000201    4824.85130499808)(2000101    3598.23463184005)(2000002    4281.51031119394)(1000000    3882.59069910992)(2000221    831.353848135915)(2000121    1579.65046188469)(2000111    2717.33025373311)(2000211    3501.81403119804)
7 8      - (1000000    7147.61292637185)(2000002    8166.97188661484)(2000111    7520.62262468882)(2000211    7244.29796659086)(2000101    7148.69763071789)(2000121    430.454259318804)(2000201    6593.21312092106)(2000221    735.443706163676)(2000022    1434.19631576745)(2000012    8165.40942655133)
7 7      - (2000201    720.538077321156)(1000000    603.353892527909)(2000211    444.327647667748)(2000002    1747.22163291641)(2000101    621.331088636444)(2000022    1220.86055926462)(2000121    1416.25506031477)(2000221    1247.51222052183)(2000111    1116.86736616772)(2000012    1070.75613634938)
10 1      - (2000211    2703.49543105526)(2000002    7677.30792163949)(2000012    2927.4217854253)(2000201    5742.52870745003)(2000111    3775.47682597281)(2000101    7316.99024557921)(1000000    8842.75669699087)(2000221    1693.75798062978)(2000022    2216.9813459476)(2000121    2938.21899974059)
9 5      - (2000002    1226.64578546278)(1000000    8412.91374669045)(2000201    1701.38221540456)(2000111    1424.42588618228)(2000022    50.8518881555)(2000121    -97.8406451506969)(2000012    513.275424422384)(2000101    409.577881797632)(2000211    -275.29118070691)(2000221    387.474494432014)
7 9      - (1000000    1741.96564122708)(2000201    1861.66984405621)(2000002    3861.89412271372)(2000211    2698.68458855138)(2000121    69.2612161073266)(2000111    1907.71368109402)(2000022    32.7785672460786)(2000012    3001.5638409869)(2000101    2001.65124883924)
7 13      - (2000221    1143.62082169194)(2000012    3335.09822496418)(2000022    2634.28996221403)(2000002    8149.60336370702)(2000201    2892.19513713903)(1000000    2860.20625487835)(2000211    2714.28553097828)(2000101    2993.05065976931)(2000111    4897.14470010232)
11 2      - (2000022    2249.92420173428)(1000000    4683.13922207794)(2000002    3025.69688294542)(2000012    3098.82651365368)(2000111    2303.77156632506)(2000101    4984.65432912854)(2000201    2675.39329801413)(2000211    2540.03216681235)(2000121    2614.42712839763)(2000221    1830.469387399)
6 12      - (2000111    2122.17688777425)(2000201    2959.34069475692)(1000000    2144.46796072227)(2000002    2456.63582523786)(2000101    3080.73476993727)(2000121    1177.51856170645)(2000211    2333.83453146056)(2000221    430.668022229496)(2000012    3788.73929721537)(2000022    1737.27493482102)
1 10      - (2000111    3678.21384850511)(2000012    2976.47643917712)(2000201    2804.19362672695)(2000121    2250.90133693975)(2000221    1895.30335031101)(2000211    1461.94581613482)(2000002    3635.61541916404)(2000022    858.429262509359)(1000000    6019.86603923077)(2000101    3065.96709299401)
5 11      - (2000121    -335.568710697568)(2000211    -550.581076325975)(2000101    655.912371234068)(2000201    198.372553128503)(1000000    2807.89687834729)(2000221    -125.211504130899)(2000002    1244.5692386596)(2000022    -195.119064043906)(2000111    357.287463204595)(2000012    997.854493266021)
9 11      - (2000201    3355.1183374691)(1000000    3356.63947731301)(2000002    4187.92569820107)(2000111    2596.12860090964)(2000211    3408.17717725771)(2000101    2522.88892960963)(2000022    2229.4572412493)(2000012    8175.40789880947)(2000121    1797.67977023842)(2000221    915.606827184648)
12 12      - (2000221    3343.70039352997)(2000002    8086.4214785658)(2000211    1333.27914733127)(2000121    3894.79542682369)(2000012    3658.13524489394)(1000000    4177.44307292456)(2000201    4477.77291545543)(2000101    3862.64389065686)(2000022    3739.05966268532)(2000111    5215.96874277825)
12 8      - (2000111    6515.22184338266)(2000002    8039.15413511858)(2000012    6458.43437261364)(1000000    5492.50146793649)(2000201    5337.89954289094)(2000101    6393.91086830707)(2000121    5721.63986884953)(2000211    6492.86815903596)(2000022    5552.85440665522)(2000221    4985.91437043513)
13 12      - (2000002    3605.88178350996)(2000221    2202.56413214478)(2000012    6608.0120579746)(1000000    181.547017753613)(2000101    2661.07147166791)(2000201    230.035445073086)(2000211    -584.567055977976)(2000022    2400.75629727729)(2000111    2554.2210479362)(2000121    597.622548918082)
2 11      - (2000012    3162.3963030103)(2000221    2072.24478442414)(2000201    2524.5919765528)(2000101    2662.08041837963)(1000000    3013.34628389086)(2000211    2735.40192888211)(2000002    3794.2024252898)(2000121    3078.01618298653)(2000111    2708.11331285005)(2000022    1736.71878802916)
7 11      - (1000000    703.513194531708)(2000201    2510.73871283502)(2000002    7552.3611388675)(2000101    1816.22817347253)(2000211    4016.82508528074)(2000012    1823.47019005041)(2000121    868.830040008718)(2000111    1429.13050472752)(2000022    1391.09087248693)
14 9      - (2000121    4557.01488494502)(2000221    3595.69336386817)(1000000    5232.01014902834)(2000012    4376.43518793521)(2000101    5519.41642762922)(2000201    2960.26065106568)(2000002    8129.09319911854)(2000022    5425.09985087742)(2000111    6167.45815594533)(2000211    5127.54097242803)
9 2      - (2000211    1064.94289523109)(2000012    1947.77940016492)(2000022    1159.666862129)(2000101    5740.42383841236)(2000002    5543.86366684298)(1000000    8548.90393720027)(2000201    5798.10802882359)(2000121    1451.98852032623)(2000221    1662.06724979681)
7 10      - (2000002    3149.51619814075)(1000000    1020.1140394995)(2000101    634.541010346525)(2000201    806.505942985914)(2000012    828.858555387976)(2000211    811.307261886981)(2000111    1578.66957486365)(2000221    443.164537423119)(2000121    1170.67665619426)(2000022    798.767432998226)
12 13      - (2000211    691.250288782905)(2000221    794.061551149819)(2000101    300.952770797783)(2000121    1875.42503042283)(2000022    2022.68097894992)(1000000    2398.53222062278)(2000201    466.995009707784)(2000002    6805.53303320324)(2000012    2546.13931679761)(2000111    3078.04690087496)
2 10      - (1000000    7293.38902651933)(2000201    2905.39461346)(2000101    2962.23272755761)(2000211    2365.59721760371)(2000002    4068.46906811451)(2000221    23.4499065957291)(2000111    4224.74409116273)(2000121    1927.47304646548)(2000012    1758.84553478238)
13 6      - (1000000    1062.36611734309)(2000221    -64.2765852596453)(2000101    1352.7414149893)(2000201    1355.45262440355)(2000002    3732.70946820551)(2000211    2606.78516910025)(2000012    2376.45883600748)(2000111    1148.56773690741)(2000121    1050.25193665465)(2000022    2105.27705748828)
10 2      - (2000111    2586.25420714809)(2000022    3292.47087883487)(1000000    8778.10519068979)(2000211    2229.94030804378)(2000002    8909.0038295469)(2000012    2236.93345430611)(2000121    2350.23627430728)(2000101    8361.28548284445)(2000221    2659.19557225418)(2000201    8227.82596221249)
12 10      - (2000002    7873.57478939377)(2000201    2968.91204331196)(1000000    2545.30653468962)(2000022    4104.03780509463)(2000101    1318.60877351352)(2000121    3578.75676462294)(2000012    3371.27372317097)(2000211    1965.4774599114)(2000111    1980.65802391879)(2000221    2245.05869116853)
13 11      - (2000201    4773.64267467089)(1000000    2183.27649229801)(2000002    4675.21107454232)(2000101    2222.8030258518)(2000121    1556.78053030056)(2000022    4451.34570165778)(2000211    3372.25875028702)(2000012    8189.95900809662)(2000111    3411.71180535542)(2000221    4380.88017550536)
12 2      - (2000201    2855.55080735639)(2000211    932.311698919134)(2000022    726.143664410734)(2000101    3344.96084692909)(1000000    3825.58960636605)(2000111    3853.59314723622)(2000002    3869.87457139475)(2000012    1877.84442130326)(2000121    1472.14505531634)(2000221    1462.89360955211)
3 11      - (2000002    3703.21620516757)(1000000    6963.77968740902)(2000101    2602.91273394967)(2000201    2629.63571134628)(2000121    1034.17697953121)(2000012    3364.33265475212)(2000221    1710.41904087266)(2000111    2750.36835779522)(2000211    2222.80033176888)(2000022    732.063808644781)
5 12      - (1000000    641.145787473404)(2000111    86.3934670076861)(2000101    747.874950231387)(2000201    1451.57522407941)(2000002    423.445558910429)(2000022    251.869593846945)(2000221    189.504873223818)(2000211    -592.201567057858)(2000012    1016.9860109598)
10 5      - (1000000    7362.47088650183)(2000121    305.770818361376)(2000221    65.909219240582)(2000201    427.247151086506)(2000101    219.570123697314)(2000111    1109.67957600047)(2000211    124.227030355913)(2000012    458.799474453519)(2000002    1329.20830020885)
14 12      - (2000201    3889.50074294272)(2000121    1495.25396761882)(2000022    3673.6894949141)(1000000    1283.60353589168)(2000012    7718.11615917839)(2000101    2603.18569465132)(2000221    265.383783772465)(2000111    2272.62965756721)(2000002    2078.77687458331)(2000211    1567.47736006208)
12 14      - (2000111    1499.38215068261)(1000000    354.603773652756)(2000101    -218.690608614748)(2000022    2484.78445272477)(2000201    2631.14968965424)(2000012    6123.61943385861)(2000221    2092.95899219864)(2000002    2741.324247483)(2000211    1489.81319492313)(2000121    2021.58726654566)
4 10      - (2000111    3434.1396169262)(1000000    5346.22718759029)(2000221    869.618219792126)(2000201    1650.75751509988)(2000121    323.788811591901)(2000002    4048.23765128917)(2000101    1056.87250581385)(2000211    524.645566856511)(2000012    499.947918494072)
5 14      - (2000002    -472.006243231109)(2000101    1632.52831391874)(1000000    1239.2354334419)(2000201    465.148920878423)(2000121    804.337115691053)(2000012    930.082314998355)(2000221    211.8143647679)(2000022    966.160467034535)(2000111    267.324588777781)(2000211    1060.57243299045)
5 9      - (1000000    1417.62835354428)(2000221    -99.5654700022711)(2000201    1349.39880047562)(2000002    2279.39414286417)(2000121    442.720350706071)(2000012    259.225316067496)(2000022    267.306010527813)(2000101    1319.77077778566)(2000111    254.853732233434)(2000211    358.311766395162)
14 5      - (2000201    -457.527780826223)(2000101    1609.37135507429)(1000000    931.041976732501)(2000121    943.528676753192)(2000211    -244.641502862582)(2000002    1326.84224168559)(2000012    332.573231768197)(2000022    1052.40292290395)(2000111    160.71616340615)(2000221    966.20221932568)
10 7      - (1000000    783.512234495934)(2000002    2630.93429834327)(2000221    -513.036915402996)(2000201    705.158175088789)(2000111    725.539303338912)(2000211    287.643762550706)(2000012    1763.69710164519)(2000121    111.516141836902)(2000101    1008.16662161646)(2000022    819.676236176452)
9 6      - (1000000    2356.31022576136)(2000201    -81.5332634120467)(2000002    623.120419012341)(2000101    1027.94797488062)(2000121    -17.5162902056076)(2000111    1045.32759291135)(2000221    145.082753748331)(2000211    1335.08653373127)(2000012    1203.93431424707)
5 10      - (1000000    4486.39527986646)(2000101    639.926463689403)(2000002    709.223223754392)(2000121    797.496855934187)(2000201    648.669020035277)(2000012    107.602095117149)(2000211    -3.29432466196232)(2000111    1743.85856982216)
14 10      - (2000221    2926.78543721425)(2000022    1293.26484584146)(2000002    8223.87514369614)(2000111    3333.16994934889)(2000211    3703.41989610045)(2000012    2382.51541929034)(2000101    3205.83579955011)(1000000    3479.55209464802)(2000201    3055.97223562647)(2000121    2297.89096399073)
14 11      - (2000111    46.7557222487091)(2000101    394.994847526317)(2000022    3285.79671033253)(2000121    2068.06824730926)(1000000    2073.5929480159)(2000201    -570.075016049363)(2000211    2210.960715796)(2000002    2121.95779263545)(2000012    6711.51555844704)
13 5      - (2000002    351.793107236958)(1000000    971.689847344551)(2000101    1262.50958014733)(2000221    -253.627898860994)(2000201    97.1090224945952)(2000012    387.498832416398)(2000211    -554.320497801697)(2000111    -52.632225614666)(2000121    239.172622166536)
14 6      - (2000012    8013.59833913141)(2000022    1395.84139300518)(2000201    2037.49740074944)(2000101    4524.27056540802)(2000002    6741.03238522362)(1000000    5254.38095468101)(2000211    5194.62371131545)(2000121    522.79239183494)(2000221    202.334798708616)(2000111    4928.97053393309)
14 13      - (2000101    7580.48205258024)(2000002    3339.01467258623)(2000111    2934.00504957815)(1000000    3128.30719992083)(2000201    -71.3684102692872)(2000211    3690.91103895561)(2000022    1706.80458861454)(2000221    2506.41358268293)(2000121    652.719291106845)(2000012    3045.71528219635)
14 14      - (1000000    2801.06989059569)(2000002    1854.66431569382)(2000022    437.609916262414)(2000012    2104.98425405319)(2000111    7609.79954186597)(2000201    -59.7585905413855)(2000101    2911.49120040625)(2000121    1214.61851299445)(2000221    2554.32205558743)(2000211    2172.49380775625)
6 9      - (1000000    2102.10978333837)(2000002    1127.80203160733)(2000101    897.350981504434)(2000221    25.4559965050356)(2000012    1127.88011507668)(2000201    493.756701347529)(2000022    985.062783627626)(2000111    924.453622273112)(2000211    1016.80941588956)
5 13      - (2000022    489.526254967174)(2000002    1302.2082874014)(2000101    -82.9866071708964)(2000201    529.313404912774)(1000000    1257.0442507363)(2000221    596.565803058878)(2000012    203.711058391393)(2000111    1598.08971982263)(2000211    242.312878618117)(2000121    1293.52032297942)
6 6      - (2000101    2189.51334299733)(1000000    1078.30186625715)(2000002    2733.29880241124)(2000201    677.845771579625)(2000111    2624.39391253613)(2000121    2376.40678073397)(2000012    3679.35006639218)(2000211    1337.72330360967)(2000221    1030.9350340747)(2000022    2373.63071539296)
6 8      - (1000000    791.622919903414)(2000201    827.800638436473)(2000111    637.849736784832)(2000002    1143.63925499975)(2000012    1608.53849739861)(2000101    783.874233755887)(2000211    573.007897902488)(2000121    543.452775956176)
10 13      - (2000211    4060.48866754027)(2000012    8120.09687962252)(2000002    3158.88247243522)(2000201    2346.96958897341)(1000000    2921.37021822858)(2000121    2959.56426749418)(2000221    1925.07674347349)(2000022    4914.7795882734)(2000101    3820.73476237908)(2000111    4470.70816719278)
13 13      - (2000121    1859.88906758334)(2000022    587.397123919578)(2000221    1212.04390724499)(1000000    2328.57247384228)(2000002    6951.35973488135)(2000201    -2.33555053756595)(2000101    2245.33284324565)(2000012    3675.2552756947)(2000211    1310.95737780971)(2000111    575.493667046107)
6 11      - (2000201    1313.36879151616)(2000002    2485.08178768492)(1000000    598.20105201298)(2000012    2099.12681546737)(2000101    1423.11947378329)(2000111    1657.73843658367)(2000022    1390.78348834522)(2000121    380.635119054657)(2000221    777.345780119242)(2000211    1431.03235502471)
12 9      - (2000002    8132.69597621349)(2000201    3959.31103859241)(2000111    5400.25539747986)(2000012    4841.8396207827)(2000121    3644.62531155816)(2000211    3943.8025385133)(2000101    4049.47053614361)(1000000    3855.40099811282)(2000022    4433.17615785289)(2000221    3323.0567829849)
13 14      - (2000121    409.502539462461)(2000221    1201.38214153774)(2000002    3138.34537013475)(1000000    1638.24597865746)(2000201    6682.47417990138)(2000101    3208.12886509831)(2000022    -214.944859041111)(2000211    114.512360644257)(2000111    576.590399902163)
12 0      - (1000000    7211.06800860939)(2000111    3451.98428877311)(2000022    2924.1272195386)(2000101    7073.17732322501)(2000002    8113.75380142444)(2000012    3470.27234187448)(2000211    2190.09225355381)(2000201    7340.42676944137)(2000221    3428.75548598187)(2000121    3420.68361540841)
11 14      - (2000221    3017.55867505424)(2000111    948.105187317691)(2000211    1780.51984649686)(2000002    8141.45969685749)(1000000    910.014788411604)(2000012    -186.799962380469)(2000201    3998.28233514693)(2000101    1203.77442254393)(2000121    2841.15571340509)(2000022    4470.03571090001)
13 1      - (2000012    357.623389417464)(2000002    3926.76764381661)(2000101    2924.88755035105)(1000000    2901.42421024526)(2000121    1699.65963251722)(2000111    3910.83164795388)(2000211    2104.18378956191)(2000201    2691.84948775495)(2000022    2989.47889220004)(2000221    3331.14826683698)
12 7      - (1000000    4453.7167019407)(2000211    5515.08319128478)(2000002    8115.56724733329)(2000201    3050.32853197551)(2000101    5459.40322909519)(2000121    2568.21611761858)(2000111    6161.36071850003)(2000221    1287.91113537148)(2000022    2435.26915530744)(2000012    6313.81885758607)
6 14      - (2000201    5723.49373477064)(2000111    4482.59046147749)(2000121    986.369237139343)(2000022    1763.44484137181)(2000002    7047.85432713432)(1000000    5161.58211557029)(2000211    5598.43600060484)(2000101    6003.82995274926)(2000012    8043.82909969068)(2000221    1122.60416426149)
7 12      - (2000101    6010.54322537676)(2000201    4013.76814663684)(2000211    6761.47681597752)(2000002    6910.37036816344)(1000000    6090.90434721567)(2000012    8073.76782458073)(2000111    5819.72418639343)(2000022    3352.11367389396)(2000221    2708.82124369305)(2000121    1103.22622641858)
12 6      - (2000201    1572.72661730992)(1000000    2112.1164859549)(2000101    1189.40981838631)(2000002    1405.72295453649)(2000111    696.37709370938)(2000221    1074.08178325738)(2000012    2728.80935123875)(2000022    903.497427996631)(2000121    621.234275205933)(2000211    1598.66041751263)
14 4      - (2000201    -682.664123932953)(2000221    393.288914125829)(2000111    369.783330613668)(2000121    134.917526713319)(2000012    175.709597092001)(2000022    436.235602554651)(1000000    2450.58711392519)(2000002    1876.88967224758)
13 9      - (2000022    3049.10772771851)(2000211    3659.14073895382)(2000221    2887.30481671864)(2000111    2634.67795731864)(2000101    3804.40542699332)(1000000    3714.43775026764)(2000201    3888.50985244482)(2000002    8257.08010710476)(2000012    4502.94580036469)(2000121    1529.20590611296)
9 14      - (2000111    5347.41716928979)(2000121    5184.5114103028)(1000000    4494.63549495745)(2000022    4053.60626124072)(2000012    8058.14783649133)(2000221    4249.9243020899)(2000211    5834.30076988293)(2000201    4255.00315142957)(2000002    5961.59017455043)(2000101    4690.74093665097)
12 5      - (2000111    347.481091508798)(2000002    669.318073682184)(2000101    4180.48535765268)(1000000    7373.44734745357)(2000211    -759.1832827863)(2000012    1976.27488572538)(2000022    333.590238130566)(2000121    421.693015367799)(2000221    846.156373737565)(2000201    -413.203153245954)
11 6      - (2000002    945.553570350562)(1000000    1071.97563660665)(2000201    952.027312038845)(2000211    11.8815957797629)(2000111    1613.08852138574)(2000101    481.703879295576)(2000012    620.14201771312)(2000121    317.33815787294)(2000022    347.037254957141)
10 6      - (1000000    1118.81185943701)(2000101    1279.92548513862)(2000111    789.798417173939)(2000211    -375.901442009102)(2000002    1256.95016837723)(2000201    618.270293449897)(2000012    922.396518292154)
10 14      - (2000002    6696.97316839445)(2000221    4430.72476765837)(2000022    5504.74006515369)(2000211    6422.86554379894)(2000121    4044.19173594091)(1000000    5329.09945854221)(2000201    5234.48495519725)(2000101    5483.9011883803)(2000111    5482.77020559108)(2000012    8100.38302168193)
0 13      - (2000101    2831.9358516106)(2000111    3778.12359688949)(1000000    2363.70592988554)(2000012    3059.84916285465)(2000201    2884.6162180707)(2000002    3616.19754736451)(2000211    2754.42877263795)(2000221    3061.99906285115)(2000121    2749.25233531711)(2000022    3570.60029675058)
8 5      - (2000101    781.518504740838)(1000000    3003.11944293429)(2000002    2969.55928935015)(2000012    1005.7229938617)(2000121    304.443057774832)(2000111    814.510925570576)(2000201    2422.35078047931)(2000221    801.421928569532)(2000211    1520.34963733749)
5 8      - (1000000    4155.35753414737)(2000111    582.319093576913)(2000012    1574.88390937284)(2000121    250.508859254864)(2000022    -31.1367626272384)(2000002    406.412974916387)(2000101    809.522099063854)(2000201    1317.21690334539)(2000211    171.313211614153)
6 13      - (2000211    4779.85090364367)(2000012    5985.06530196003)(1000000    3177.68618442402)(2000002    8114.54289294897)(2000101    3172.77117492515)(2000201    4409.63350103117)(2000111    2598.71020641113)(2000121    2159.75443036473)(2000221    713.245899765424)
9 7      - (1000000    1860.15778665553)(2000101    1642.98017433739)(2000002    6861.95661894589)(2000201    2636.74337366924)(2000211    1757.9292190843)(2000022    334.21666662251)(2000111    1362.59593424141)(2000221    373.814140110936)(2000012    1702.63886458077)(2000121    1010.79293271841)
4 14      - (1000000    735.95785079091)(2000022    300.893368175106)(2000221    306.924425745419)(2000121    332.580062068261)(2000111    685.713018811541)(2000201    1333.30176512574)(2000012    1907.73304587104)(2000101    598.506613922697)
11 7      - (2000012    289.24030178997)(1000000    1861.32173188)(2000201    362.989578108634)(2000101    1893.90210234859)(2000211    1286.45570373552)(2000002    3513.87886031124)(2000111    635.979224430961)(2000221    438.591681940675)(2000022    875.317813780962)(2000121    668.202740574545)
9 4      - (1000000    6233.16591508018)(2000002    2763.69162197858)(2000211    -820.021579574829)(2000221    3355.43532868623)(2000022    849.159350378081)(2000201    1398.58967766293)(2000101    2422.8155844154)(2000111    1205.40319223072)(2000121    2142.48778069915)
8 14      - (2000012    5498.58092763537)(2000101    4594.37961666463)(2000201    4283.63861999869)(1000000    4632.78939674467)(2000221    1342.21626580636)(2000111    4441.23835541657)(2000002    8144.33130050121)(2000211    3237.35090020499)(2000022    2904.281913911)(2000121    1116.31413747423)
6 5      - (1000000    7241.20496597802)(2000111    1730.05357296756)(2000211    961.634400732227)(2000101    2776.48211242247)(2000221    2038.41703141195)(2000201    2242.77248258174)(2000022    1079.61148235608)(2000002    2153.72803093542)(2000012    44.9939844664292)
4 12      - (1000000    7120.73122443146)(2000101    -561.767874313346)(2000002    1882.72246795313)(2000201    2728.03830825012)(2000111    2551.41316256631)(2000221    525.78005923767)(2000012    117.140948941409)(2000121    2076.65866538215)
4 11      - (2000201    2195.27319360293)(2000221    1465.34141276131)(2000101    2640.42449563647)(1000000    3512.98747078304)(2000002    4633.16469703433)(2000012    740.84799364667)(2000211    183.546502367506)(2000111    4234.22767897742)(2000121    1830.2753521222)
13 0      - (2000211    1852.37358852486)(2000111    3221.62431440927)(2000002    4053.61286048326)(2000101    2843.8309053809)(1000000    2804.12200991775)(2000121    4159.95743880708)(2000201    2636.79308255641)(2000012    3352.24470355387)(2000022    3265.91247194061)(2000221    3442.81225906018)
5 5      - (1000000    7637.46280023425)(2000201    3561.4712535047)(2000111    1030.3891755208)(2000221    3032.95324026341)(2000101    2832.38198923767)(2000002    3223.34630356131)(2000012    3712.37686800926)(2000211    2169.64723809282)(2000121    1979.13198428942)(2000022    2827.76239135006)
14 1      - (2000101    2866.98116630554)(2000012    3150.71021187497)(2000002    3925.15923044221)(2000211    1803.86737196161)(2000111    2586.72000213773)(1000000    2671.33288538693)(2000022    3664.43163827038)(2000201    2998.57283018863)(2000121    2742.92031329289)(2000221    2913.34322668109)
6 7      - (2000111    952.953503041486)(1000000    779.658957559373)(2000002    1202.57941570615)(2000211    122.64027492588)(2000201    398.401968586255)(2000022    1217.49386380454)(2000012    1562.94588947599)(2000121    1104.16714973048)(2000101    646.690590888241)(2000221    288.419901373248)
6 4      - (1000000    6404.71837898225)(2000101    3297.14913591439)(2000002    8155.60510475421)(2000022    2639.30626443229)(2000201    4257.17803037614)(2000211    2636.06455370077)(2000012    3341.73688161738)(2000111    1455.35563145482)(2000121    503.100461454217)(2000221    691.306390988031)
8 4      - (1000000    7854.34273638344)(2000022    1342.71878983034)(2000101    2016.6441131353)(2000201    4204.62828248851)(2000002    4634.80175757618)(2000211    792.093946540538)(2000012    486.525875038641)(2000111    1970.94857128014)
14 0      - (2000211    2122.32698677784)(2000002    3764.50468110527)(1000000    2376.35310083673)(2000012    2432.70805512691)(2000111    3720.60030711441)(2000101    2722.44974221969)(2000022    3163.89716220061)(2000121    3349.08842939759)(2000201    2530.88265645451)(2000221    2961.87995521468)
4 5      - (2000201    4735.34029974366)(1000000    7373.41251349558)(2000002    4496.05741450127)(2000101    5015.86826929844)(2000221    1688.75476429357)(2000022    2908.02905918588)(2000211    4022.83519055915)(2000012    4252.25819016617)(2000111    875.397652016466)(2000121    2205.81368135658)
8 3      - (1000000    8105.40470780432)(2000012    1120.36221515441)(2000211    -112.100505567986)(2000002    8026.73408006386)(2000111    4023.59650341554)(2000022    2434.74251273297)(2000101    7828.8885265952)(2000201    8166.72705275833)(2000121    795.277064924339)(2000221    2423.71726659453)
10 4      - (1000000    8289.84869953614)(2000022    2127.94578579147)(2000201    2803.86160477696)(2000002    3522.44298547991)(2000211    1305.62063250764)(2000101    2146.88544271432)(2000012    1254.60145400692)(2000111    3078.984970717)(2000221    430.668022229496)(2000121    3709.52648917301)
0 14      - (2000111    3731.22843804594)(2000101    2752.93979864251)(2000201    2549.09799425006)(2000012    3382.69280345649)(2000211    2195.1342742317)(1000000    2665.79962381599)(2000022    2854.74943263666)(2000002    3906.61108557226)(2000221    2732.69728771574)(2000121    3947.79897523919)
9 3      - (1000000    7567.99743990291)(2000101    3396.10087319662)(2000002    3272.88630876636)(2000201    3886.83552827336)(2000211    1981.49355841558)(2000111    1497.42111787209)(2000022    690.080638081587)(2000221    1922.29766047907)
9 13      - (2000012    3370.00574473197)(1000000    5575.66518668528)(2000111    3577.93373678791)(2000101    5319.95752408587)(2000022    2942.6465574124)(2000201    5502.35242216507)(2000002    8154.66601844831)(2000211    3476.93376589184)(2000121    1627.7712906819)(2000221    3133.46545816156)
11 13      - (2000201    4273.24751473194)(2000121    2603.90326790122)(2000211    4890.48545049322)(2000111    4476.8205360351)(2000101    4881.02384829296)(1000000    4479.29035617338)(2000002    8068.84635878981)(2000022    6135.26133755811)(2000221    4674.188813442)(2000012    5277.93795678388)
1 14      - (2000002    3584.98267862208)(2000111    2974.77675261947)(1000000    2741.90745098273)(2000201    2642.21582365809)(2000221    2384.40650899116)(2000211    1872.28877635933)(2000101    2791.05775805489)(2000121    3780.88862168847)(2000022    3163.59332546533)(2000012    2665.48142655636)
3 9      - (1000000    4483.97758540862)(2000101    2910.28106200706)(2000002    3187.96050048384)(2000111    2621.5914716467)(2000022    2983.74015761703)(2000012    717.070066187353)(2000201    3556.35416482784)(2000221    982.287280564997)(2000211    2026.84461518069)
1 13      - (2000002    3963.00380771028)(2000111    3738.54622283553)(2000101    2957.41094381443)(2000221    1596.38829296086)(2000012    2175.72744559298)(2000201    2870.88334820253)(2000211    1714.57000224223)(1000000    2929.46129916034)(2000022    2196.10271136234)(2000121    2447.212816583)
13 8      - (2000221    5745.6970451623)(2000111    5035.02211944913)(2000201    6350.34888018364)(2000002    6032.21355915762)(1000000    4826.56305481513)(2000211    5352.22287520115)(2000101    4382.69596387225)(2000012    8079.51664644999)(2000022    4762.76404353997)(2000121    3413.22908261018)
13 7      - (2000201    5800.65741489736)(2000002    5111.5195289275)(1000000    6095.68015480357)(2000022    1619.48594147965)(2000121    2720.699469252)(2000211    5656.49894129347)(2000101    4999.54222487844)(2000012    8053.20775605075)(2000111    6012.92581701189)(2000221    776.548102969008)
11 5      - (1000000    8552.56859524822)(2000101    1180.09002084196)(2000012    6.49923226444884)(2000201    2234.12233184539)(2000002    481.727939309406)(2000111    1325.69756498361)(2000211    -328.660688572781)(2000022    253.325640483753)(2000121    782.444672588028)
3 10      - (1000000    7556.88600686229)(2000211    317.992108109626)(2000002    2907.19578564688)(2000101    3942.78385817793)(2000012    1888.47467721349)(2000111    2408.43297323502)(2000221    460.900621351441)(2000121    759.249719229775)(2000201    1792.36321418433)(2000022    2136.88182528072)
14 2      - (1000000    2517.09226389472)(2000211    889.639138018392)(2000002    2516.75438128946)(2000221    969.20013566541)(2000201    2846.42424853853)(2000101    2683.2628808668)(2000111    3349.74732347061)(2000121    2382.5156231586)(2000022    2556.9972991926)(2000012    1802.99278501152)
13 2      - (2000101    2860.20777583429)(2000002    1932.65285884032)(2000121    2341.45968867759)(2000012    3227.44947441749)(2000111    3749.6606620032)(1000000    2682.70781169182)(2000201    2774.2815644777)(2000211    1958.56029435518)(2000221    1187.31739987573)(2000022    1832.90436155923)
13 4      - (1000000    3316.2949985873)(2000002    111.798144389161)(2000111    806.574972097461)(2000121    334.148089081719)(2000101    -201.05198943382)(2000201    -353.158173103225)(2000012    951.507015981802)(2000211    129.204446777999)
2 3      - (2000002    5655.44835259809)(1000000    8212.27200102796)(2000201    3734.09236312902)(2000012    2326.88922891077)(2000101    5832.72684638314)
12 4      - (2000012    415.6700852025)(1000000    6857.34889322655)(2000201    2163.61283422824)(2000121    2785.58415173565)(2000221    106.667735421229)(2000111    1843.84205181152)(2000101    5693.78977183875)(2000002    2477.124503261)(2000211    1236.37256441231)(2000022    2343.64185398462)
14 8      - (2000201    4709.03525703472)(1000000    3671.60347538366)(2000022    4352.50599980297)(2000111    5492.52398203249)(2000002    8073.73637079743)(2000012    5691.16556116515)(2000211    6429.61494958545)(2000121    -242.383085475689)(2000101    6232.69362809868)(2000221    5224.72967613108)
7 14      - (1000000    3467.81131928551)(2000101    4470.06360591983)(2000111    2960.58595639171)(2000201    4652.63119238294)(2000002    8099.16320980059)(2000121    1112.00180037678)(2000221    616.25740050771)(2000211    3864.95703124689)(2000012    5981.8471339051)(2000022    2263.15628980283)
4 13      - (2000101    1915.17164136679)(1000000    1314.0092544308)(2000002    2803.09089441145)(2000201    1928.39472531904)(2000012    444.515718552382)(2000111    189.992146833484)(2000121    76.0918708453804)(2000221    922.934184296245)
11 4      - (1000000    8647.92117648132)(2000002    4259.89910219082)(2000201    3942.16968914331)(2000101    1918.31867839582)(2000111    1894.16487182571)(2000211    16.7869630328055)(2000221    1405.41716039524)(2000022    880.034858275719)(2000012    1952.76415422563)
0 4      - (2000002    1019.09057503429)(2000211    -295.201923520278)(2000012    2471.426472781)(1000000    1017.81522369922)(2000111    515.49621339955)(2000101    384.192458844009)(2000201    120.663912460983)
3 3      - (1000000    3460.37904134671)(2000101    2203.76920420369)(2000002    1918.15774908932)
1 4      - (2000201    383.760223324093)(2000111    -186.45022038449)(1000000    358.527273991165)(2000002    109.215940248042)(2000101    93.8148273365548)(2000012    2591.97362655207)(2000022    475.544265430409)(2000221    811.37028659497)
12 3      - (1000000    7305.06157035861)(2000111    4041.5364381406)(2000101    2448.29727742847)(2000002    3186.13285297934)(2000201    3781.26878034769)(2000121    2131.93775429222)(2000012    1501.95502193807)(2000022    790.52533034532)(2000221    1683.44090332112)(2000211    627.189009126664)
10 3      - (1000000    8656.13720704449)(2000002    4553.6037904364)(2000101    4247.3630572706)(2000022    1535.90912677714)(2000012    729.037650227233)(2000201    4799.01330994297)(2000111    1031.48790076002)(2000221    2135.13852877075)
2 14      - (2000101    2670.16885404425)(1000000    2284.93507646471)(2000201    1722.91309774111)(2000121    2088.52438372416)(2000221    1960.60354791838)(2000022    1549.09594583945)(2000111    4259.12534718331)(2000002    3807.23551873333)(2000012    2738.91963135057)(2000211    904.18819117969)
3 5      - (1000000    2791.872717059)(2000201    2608.67510720533)(2000002    1958.35488438735)(2000221    2316.41139947974)(2000121    2980.93535704995)(2000101    3978.49177245483)(2000211    1866.73114660071)(2000012    1547.51815507692)(2000111    3781.6864877171)(2000022    1682.81101202737)
14 3      - (2000101    3001.03939230439)(2000022    643.767345002778)(2000111    2267.71112540466)(1000000    1004.98388444227)(2000201    309.855276355075)(2000012    2068.49801476134)(2000221    1725.8915650776)(2000121    1103.28420517323)(2000002    2679.31178364904)
13 3      - (2000022    2494.6271114407)(2000211    731.23175666428)(2000002    3652.32947302662)(2000101    2499.25263053621)(1000000    2163.43069441481)(2000201    1147.44253079041)(2000111    2385.62632931723)
4 3      - (2000022    1187.18971857305)(1000000    624.964867323569)(2000111    2673.16392947102)(2000201    1411.0861993043)(2000221    1043.71498255109)(2000211    167.748215568777)(2000012    660.003440068923)(2000002    96.1946954845328)(2000121    1936.32106538903)
2 5      - (2000101    2799.80133325085)(2000221    3004.01521531188)(2000201    3158.00016542993)(2000022    3039.79898998749)(1000000    3132.83248454662)(2000211    1458.88414253101)(2000111    3746.72416434044)(2000002    3970.81778703348)(2000121    2448.9427600755)(2000012    1633.53761158051)
3 13      - (2000211    1871.11323639043)(1000000    3262.8273817298)(2000022    3726.07569983557)(2000101    1987.60274835617)(2000002    2593.30563453939)(2000012    799.940582761974)(2000201    2325.89390459537)(2000111    1460.02343923243)
11 3      - (2000101    3522.70814761562)(2000121    1570.30363944334)(2000111    3848.16679333131)(2000022    745.804268415333)(2000012    2300.03156911795)(2000201    4112.41962878259)(1000000    8646.622199815)(2000221    1039.13140197376)(2000002    4944.56919373848)(2000211    1274.03229565279)
4 2      - (2000101    818.161708338404)(1000000    857.62503849049)(2000121    717.112278967049)(2000221    2562.33331894991)(2000211    795.183061965135)(2000022    1308.92120611167)(2000201    896.684002288592)(2000002    1938.90707820361)
3 4      - (2000002    1284.8085127532)(2000121    2462.61377311072)(2000101    350.62718809734)(2000111    1199.22032687477)(2000012    667.248215568777)(2000211    234.582318995717)(2000022    1091.12195072849)(1000000    209.132352473399)
5 1      - (2000211    4010.64275524702)(2000201    3767.87890234105)(2000101    7944.86571183789)(1000000    3513.58545710613)(2000002    3104.85336251658)(2000221    3662.98886199359)(2000121    3383.46797871189)(2000111    2977.61408943773)(2000012    4014.19095495164)(2000022    3454.47219559635)
3 14      - (2000002    1358.87548961733)(2000101    2811.72150407507)(2000221    1573.00721190659)(2000012    1881.25575353542)(2000111    2910.19903661694)(2000022    2246.76898690556)(2000201    2164.6132642286)(2000121    2277.85103015813)(2000211    1172.21345011959)(1000000    744.424703598921)

