223
0 0      - (2000201    -1130.03323186723)(2000001    -744.903016877343)(1000000    -523.924063267544)(2000002    -1074.06490554475)(2000100    -1117.62832225923)(2000202    -1120.43556516667)(2000101    579.325994119925)(2000200    -1048.18102126263)(2000102    -1061.56505720127)(2000012    -816.410395727749)(2000111    -115.262016238134)(2000211    -1491.38049135063)
1 1      - (2000200    -1306.96363087915)(2000002    -1207.09689135674)(2000202    -1309.75614529714)(2000101    -1153.61582204393)(1000000    -1049.88460391659)(2000100    -1352.16446028879)(2000012    -163.759684119651)(2000201    -1369.67394924984)(2000102    -1066.14672717235)(2000001    -1269.0206379662)(2000111    -242.897471969473)(2000211    -1000)
1 2      - (2000200    -1603.23367412106)(2000002    -1550.67970034736)(1000000    -1270.93916673527)(2000102    -1393.64606094811)(2000202    -1517.4238999064)(2000201    -1522.55688577683)(2000001    -1286.25296396427)(2000100    -997.495549758332)(2000012    703.533395388333)(2000101    180.826320896778)(2000211    -552.887304659962)
0 1      - (2000001    -785.541036301364)(1000000    -436.820630066581)(2000102    -1043.09583990946)(2000200    -822.495193451821)(2000101    634.971912429649)(2000012    -997.084719956493)(2000202    -1154.95639670747)(2000201    -1369.60068114586)(2000100    -943.018716619338)(2000002    -1092.45954237517)(2000211    -1945.90326262716)(2000111    -126.543467241966)
1 0      - (1000000    -866.94000153806)(2000001    -1549.69853262064)(2000101    -1292.20148310704)(2000201    -1491.77959678888)(2000200    -1472.48330257437)(2000100    -1219.57099973476)(2000202    -1348.44191365339)(2000102    -1350.26576879962)(2000002    -1318.80752822107)(2000012    -1358.50139200163)(2000111    123.754958884694)
2 3      - (1000000    -1040.5901525975)(2000101    -1036.65234394007)(2000102    -1112.47768097029)(2000002    -1007.6574435845)(2000202    -941.590706137685)(2000201    -286.535471194106)(2000211    -1258.93518205343)(2000200    -1163.68494650759)(2000100    -1213.97377152388)(2000001    -1008.78827832387)(2000012    953.571870658693)
3 4      - (1000000    -1845.41616319191)(2000101    -743.213430468774)(2000002    -2069.85608576468)(2000201    -2103.22923330409)(2000200    -1796.24509406383)(2000102    -1937.60619244091)(2000100    -2069.87321422756)(2000001    -1964.52965920695)(2000202    -1801.17732790949)
3 0      - (1000000    -401.076610586189)(2000001    -1588.31357239837)(2000200    -1530.32081296135)(2000100    -1671.31646907967)(2000101    537.998126028683)(2000202    -1511.60666915392)(2000002    -1367.4336733382)(2000102    -1501.17051182979)(2000201    -1463.81051181779)(2000012    1102.19273509774)(2000211    -1978.91251440105)
0 2      - (2000102    -1577.24355879416)(2000001    -1303.17988930872)(1000000    -1002.60506705266)(2000202    -2043.52431310446)(2000201    -1483.53923809578)(2000100    -1550.87888235317)(2000101    -1790.68330268319)(2000200    -1280.20041546589)(2000002    -1242.28881347081)(2000211    -2104.17453961491)(2000012    -2251.63565017025)(2000111    -25.4455233651896)
1 3      - (2000201    -1825.9956555173)(2000202    -1768.58427620153)(1000000    -1457.70502327974)(2000100    -1686.5355485722)(2000200    -1372.03466843652)(2000002    -1695.50918538113)(2000102    -1700.25108276366)(2000001    -795.481597986736)(2000101    -1727.95071331229)(2000012    -1567.50264773853)(2000111    -1023.60284963736)
0 4      - (1000000    -1026.41106144502)(2000100    -1710.82224066739)(2000202    -1752.45362716784)(2000002    -1754.01637912327)(2000001    -1506.40619253122)(2000101    -37.6462367964025)(2000201    -1208.71076149782)(2000102    -1974.18347477514)(2000200    -1843.1893751458)(2000211    -1521.64741576219)(2000012    186.9716625554)
1 4      - (2000100    -1989.65605439455)(1000000    -2138.72714147677)(2000201    -1926.50307950325)(2000101    -1935.90680451964)(2000202    -2282.83817464132)(2000200    -1236.43184998188)(2000001    -1834.30826102016)(2000102    -2016.08605474908)(2000002    -1948.27068728494)(2000012    -927.829952132141)
0 3      - (2000200    -1297.58842131724)(2000100    -1823.37611415524)(2000001    -1721.73021452528)(2000002    -1764.02338302792)(2000201    -1658.50253926625)(2000101    -849.531712986449)(1000000    -194.803280427387)(2000102    -1040.3023289431)(2000012    834.471580273588)(2000202    -1526.17238450169)(2000211    -2070.71312552524)
2 0      - (2000100    -1153.56509815869)(2000200    -1672.82001054549)(2000201    -1502.31471205254)(1000000    -612.293242735539)(2000001    -1189.72605468906)(2000202    -1202.74794836616)(2000101    -336.526707095054)(2000102    -1516.35318306848)(2000002    -1044.96315249132)(2000211    -2357.10603997003)(2000012    423.649675237372)
1 5      - (1000000    -1006.25164031836)(2000200    -1112.22045894117)(2000001    -1038.98619778559)(2000002    -1205.81634370776)(2000102    -1368.05158373212)(2000201    -1353.52835138707)(2000101    -122.647452830645)(2000202    -1713.43740545173)
0 5      - (2000202    -2075.43315404244)(2000201    -2066.1345763065)(1000000    -2119.19032015757)(2000101    -1945.64343750082)(2000002    -2018.21734671961)(2000102    -2072.29053051274)(2000001    -2116.06385532354)(2000200    -1476.51211255527)(2000100    -1904.78782341746)
3 1      - (2000201    -1123.89024688763)(2000102    -869.487497887163)(2000200    -1009.6565243215)(1000000    -699.403968409041)(2000100    -1195.62779445769)(2000002    -1180.63339062553)(2000101    -1122.09950427115)(2000202    -1395.52128913953)(2000001    -1236.53908782682)(2000211    -1473.74303217222)(2000012    201.740860813842)
5 0      - (1000000    -2258.32358146606)(2000201    -1852.41484355874)(2000100    -1477.00986932056)(2000200    -663.309465302461)(2000002    -1655.41432782803)(2000202    -1323.02798504526)(2000102    -1669.37438310728)(2000001    -1689.98459963861)
4 0      - (1000000    -1999.17159224551)(2000101    -2021.53782838309)(2000200    -1974.45409947318)(2000001    -1088.10389022208)(2000102    -2137.26837976914)(2000201    -1963.08763438277)(2000202    -2015.75718978703)(2000002    -2028.23811269825)(2000100    -1885.43006952153)
3 2      - (1000000    -1339.32795332058)(2000202    -1336.44301100937)(2000102    -1532.76296403773)(2000101    -1402.54826158727)(2000201    -1230.60948098164)(2000002    -1357.04793256805)(2000111    -394.228106362683)(2000001    -1221.54798415473)(2000100    -1360.62619230839)(2000012    -386.813292527266)(2000200    -805.251783057896)(2000211    -500)
2 1      - (1000000    -812.653427711495)(2000201    -918.73415594601)(2000102    -1102.79002983196)(2000101    408.724113518649)(2000001    -1284.75992242614)(2000002    -1134.30444075491)(2000200    -1372.75436302114)(2000202    -1225.09320699701)(2000211    -768.244755952696)(2000100    -1384.00716308382)(2000012    -1053.70996212642)(2000111    -282.791105008893)
2 4      - (1000000    -1682.98838586243)(2000002    -816.193932155085)(2000001    -1391.93110854712)(2000102    -1745.98298464833)(2000201    -1526.91710399449)(2000101    -1517.75979742111)(2000100    -1602.99403067605)(2000202    -1469.59863267783)(2000012    -1549.64467073455)(2000200    -1842.04192630933)(2000211    -1004.30401235352)
2 2      - (1000000    -601.394144322673)(2000102    -2096.24557855495)(2000100    -1550.62757551518)(2000201    -1583.09121818774)(2000001    -861.893063038408)(2000002    -1156.02958571121)(2000202    -1357.94399189308)(2000200    -2045.87073587306)(2000101    -1659.86304237682)(2000012    659.766117928361)(2000211    -1947.05962463141)
7 2      - (1000000    444.958575335433)(2000202    -199.197230872928)(2000201    -135.248981698474)(2000200    -409.621601042491)(2000102    -132.34172438793)(2000002    -320.882917760858)(2000100    -364.248683455406)(2000001    -666.124629676142)(2000101    -346.456411133493)
1 6      - (2000202    -1206.90632829706)(2000002    -1033.55913913033)(2000102    -964.130930116629)(2000100    -767.415023044403)(2000001    -1145.58659058261)(1000000    -1399.99182473798)(2000201    -918.447346657414)(2000101    -828.912638166104)(2000200    -886.456979891026)
4 1      - (2000001    -661.390745681943)(2000102    -1134.01774656375)(1000000    -1118.62573846911)(2000012    -1628.40742048592)(2000202    -1002.47203894661)(2000201    -1231.00448357198)(2000100    -1230.83887797061)(2000002    -1343.19454884757)(2000200    -1668.80157787112)(2000111    -273.173436769039)(2000101    -1082.68727757895)
3 6      - (2000200    -460.187678780684)(2000201    -685.789893927029)(2000100    -451.208697460189)(2000101    -382.054056262971)(2000001    -663.618015726547)(2000002    -603.088077878025)(1000000    -450.068762291964)
5 2      - (1000000    -1899.97362640338)(2000200    -1757.00892037291)(2000101    -1436.55943251137)(2000201    -1385.78507934361)(2000102    -1169.82162498106)(2000202    -1498.69727396009)(2000001    -1519.78359458853)(2000100    -1172.00336753629)(2000002    -687.950072943602)
1 8      - (2000002    401.769906713486)(1000000    -606.766990567149)(2000001    -454.13078258871)(2000102    -540.308468603373)(2000200    -781.33192972857)(2000202    -506.789924653507)(2000100    -950.221261601956)(2000201    -704.864998884488)(2000101    -610.858021673419)
3 3      - (1000000    -1468.28237671779)(2000101    -1027.36364498118)(2000001    -1794.55293489752)(2000201    -1301.64665357211)(2000002    -1944.92360531707)(2000200    -796.926945315981)(2000100    -1977.54376422701)(2000202    -1592.76651429696)(2000102    -2236.59683452103)(2000211    -1431.44352698973)(2000012    -139.041014974478)
7 1      - (2000202    -570.282683018636)(2000102    -530.645201164373)(2000001    -477.624329074489)(1000000    -594.727657806412)(2000100    -412.396737921756)(2000101    -441.328196177659)(2000200    -478.078474004612)(2000201    -576.828404522629)(2000002    -532.684896400148)
10 0      - (2000001    -290.932809787904)(1000000    257.478672012557)(2000200    -266.479134206124)(2000101    -336.774604723582)(2000100    -250.82066848104)(2000102    -993.913061500634)(2000002    -345.055377844459)(2000201    -264.340087272933)(2000202    -381.760921959767)
0 10      - (1000000    378.375025221599)(2000202    -324.264435073968)(2000102    -506.499906501681)(2000200    277.514814779138)(2000002    -305.614255137089)(2000100    58.853560063413)(2000001    -250.856049083897)(2000101    -110.169781061516)(2000201    -254.356667453911)
2 5      - (1000000    -1239.46546768957)(2000001    -1156.59038931325)(2000102    -1327.33339161503)(2000101    -785.222408079635)(2000002    -804.708497080366)(2000202    -1598.12800782821)(2000200    -537.184523149464)(2000201    -1289.95709113291)(2000100    -1219.90749368385)
6 2      - (2000002    -959.672792395244)(2000202    -1209.39249639397)(2000201    -952.810516508187)(2000200    -1063.44158135941)(1000000    -1051.00485909248)(2000102    -1521.65873469602)
5 1      - (2000202    -1843.79723146319)(2000200    -1710.8977760874)(2000002    -1075.02486871296)(2000001    -1859.22625056957)(2000100    -1837.51603682103)(1000000    -2033.58087316087)(2000211    -1935.91398486073)(2000102    -1799.6550909289)
4 2      - (1000000    -1860.00279316298)(2000100    -1610.08413770342)(2000101    -1509.28688718428)(2000200    -1510.95761059013)(2000102    -2012.05326379231)(2000201    -1657.7509358387)(2000001    -1532.93283850093)(2000002    -1414.23345426961)(2000202    -1574.04929496312)
9 0      - (2000200    -734.301233585912)(1000000    303.306475411685)(2000100    -842.653641357542)(2000202    -141.325943231779)(2000101    -636.396532446721)(2000102    -1116.98549470287)(2000001    -500.798824877547)(2000002    -1054.58494925569)(2000201    -694.658528288008)
10 1      - (2000101    -505.71066921816)(2000202    -1231.13096160326)(1000000    -289.921446230564)(2000100    -606.98507002063)(2000201    -580.367743231716)(2000200    -487.983595280308)(2000002    -225.289886937125)(2000001    -620.095707004166)(2000102    -569.02671787568)
1 9      - (1000000    -598.740119370782)(2000102    -555.160853146367)(2000101    -663.645966261987)(2000001    -316.750528529047)(2000100    -445.050514242839)(2000202    -669.26831158983)(2000200    -484.864802801556)(2000201    -530.474108735405)(2000002    -732.121580763216)
11 0      - (1000000    23.6472479569898)(2000001    -755.213795058233)(2000100    -401.877703158752)(2000202    -969.835546661613)(2000102    -728.498304535444)(2000200    -682.827519166101)(2000201    -10.7616469637291)(2000002    -873.504129963167)(2000101    -658.628679091888)
8 0      - (1000000    106.898534198268)(2000201    -608.432879808124)(2000200    -917.881044380101)(2000100    -773.142839577308)(2000101    -702.417480821643)(2000001    -896.698758760388)(2000202    -358.591727422903)(2000002    -693.832652690071)(2000102    -754.204500736034)
8 1      - (1000000    -755.016175302751)(2000202    -611.418774719619)(2000201    -812.635950755599)(2000001    -345.965696861258)(2000102    -676.349698357483)(2000200    -656.293273991877)(2000101    -939.46305368405)(2000100    -571.37408842686)(2000002    -644.598392033092)(2000012    -413.382984261184)
1 10      - (1000000    -361.098648013759)(2000002    -539.213440428199)(2000100    -779.990061140139)(2000202    -546.600137593096)(2000001    -532.580199278266)(2000101    -892.979053831727)(2000102    -568.320035374992)(2000201    -940.498032936878)(2000200    -574.886893777697)
0 9      - (2000101    -394.831553530901)(1000000    -997.179841463489)(2000002    -470.666264507435)(2000200    -941.586438283478)(2000001    -790.361460621478)(2000102    -544.945201954026)(2000202    -613.076806189528)(2000201    -566.101159221754)(2000100    -653.541114872809)
0 8      - (2000102    -251.434075866219)(1000000    -349.933692552815)(2000101    -282.985845686129)(2000201    -548.677771788706)(2000002    -304.101125318916)(2000100    -235.064141146081)(2000001    -1150.53422096201)(2000202    -413.89392601627)(2000200    -610.560768443841)
0 11      - (2000200    -153.067395162205)(1000000    -274.821412985634)(2000201    -112.289263646494)(2000001    -409.947207644664)(2000002    -619.143106940133)(2000102    -1348.95791726787)(2000100    -235.928371284363)(2000202    -852.5985616559)(2000101    -356.308587798166)
11 1      - (1000000    11.5193435655028)(2000201    -457.288925895922)(2000100    -336.364606777143)(2000001    -941.197774946649)(2000002    52.9517785124072)(2000101    -510.13723954797)(2000202    -840.181492737675)(2000200    -423.704784261123)(2000102    -707.488838670694)
4 4      - (2000100    -1843.30672271438)(2000201    -1581.41651127379)(2000002    -1198.47290381678)(2000202    -1503.82707484233)(1000000    -1905.01670761654)(2000200    -1252.86605952383)(2000101    -552.393870413246)(2000001    -731.999241745186)(2000102    -878.515503648823)
9 1      - (1000000    -667.866356183565)(2000202    -782.028315044936)(2000002    -584.543844611154)(2000001    -639.929202772915)(2000101    -466.81067989077)(2000100    -381.602614233779)(2000201    -1036.00664560386)(2000200    52.4428138959021)(2000102    -983.352936543158)
4 5      - (2000200    -702.880777622029)(2000100    -668.867809548815)(2000101    -639.905606631562)(2000001    -734.058704722092)(2000102    -613.670828011469)(2000201    -531.314605122095)
4 3      - (2000101    141.615437144659)(2000200    -2009.19147901933)(2000102    -1784.22209485195)(2000202    -2267.1977908458)(1000000    -1182.24303237966)(2000002    -2049.27619235002)(2000001    -1839.85172537345)(2000201    -1575.28094644744)(2000012    178.673264167831)(2000100    -1656.96646206108)
7 4      - (2000202    -1231.03123158721)(1000000    -384.717015822112)(2000201    -1121.34955060285)(2000200    -918.099792104973)(2000100    -1019.83491184677)(2000002    -1303.00026021946)(2000001    -530.084088398834)(2000101    -1180.98363837827)(2000012    -935.273796760808)(2000102    -622.539749502074)
0 6      - (2000201    -1597.22865648985)(2000200    -1689.454747525)(2000001    -758.427697990662)(2000202    -1307.51049930302)(2000002    -1464.36355636535)(1000000    -1488.06399948506)(2000100    -1368.79883095339)(2000102    -1344.34405671724)
6 0      - (2000101    340.363037488002)(2000201    -1245.92668716307)(2000102    -815.686126967841)(2000012    -750)(1000000    -610.496749528667)(2000001    -826.698781212192)(2000202    -57.7995649395371)
1 11      - (1000000    -550.884165383355)(2000100    -718.634057428654)(2000201    -648.5728239287)(2000001    -841.555375760877)(2000102    -641.427120471285)(2000101    -348.670134708535)(2000202    -819.10440062392)(2000002    -693.771618223151)(2000200    -744.147446778896)
9 2      - (1000000    -20.8177731013437)(2000102    -488.488697241067)(2000202    -527.490401173646)(2000002    -698.524187171165)(2000101    -445.995018807341)(2000100    -421.050836804593)(2000200    -885.593333240447)(2000201    -435.618617071977)(2000001    -395.112152803609)
12 0      - (1000000    -388.134964831909)(2000202    -489.175900213077)(2000100    -187.357803168401)(2000002    -571.013593407607)(2000102    -458.346998804879)(2000101    -387.25220844819)(2000200    -382.101991856435)(2000201    -384.037675827628)
8 2      - (1000000    747.842533794906)(2000101    -543.33411136622)(2000102    -506.001622667056)(2000001    1738.31355032388)(2000201    -464.786870741935)(2000100    194.542050660496)(2000002    -475.007578639915)(2000202    -504.820416619543)
7 0      - (1000000    -422.945621703607)(2000002    -472.77887109733)(2000001    -378.717684520947)(2000200    -1176.019012201)(2000101    -555.171548728557)(2000100    -570.862085404876)(2000201    -620.543728162482)(2000102    -636.985528642558)
3 5      - (2000100    -1969.84270929388)(2000102    -1841.55818172763)(1000000    -1631.44399011435)(2000201    -1728.42713876473)(2000202    -1436.83964030687)(2000101    -539.150240901606)
6 1      - (2000200    -1067.85914210644)(2000102    -1221.03307300617)(2000201    -943.547886515557)(2000001    -1056.0107212555)(2000002    -940.093902643946)(1000000    -1179.43500179373)(2000202    -951.291344893322)(2000101    -947.725070410389)
0 7      - (2000200    -304.555248083595)(2000100    -141.937147800063)(1000000    -303.086280734796)(2000101    -305.680293943697)(2000102    -403.555055601601)(2000202    -203.138617024266)(2000201    -615.89870244763)(2000001    -137.871480444155)(2000002    -279.454453749017)
1 7      - (2000100    -439.361409463932)(2000201    -818.25536746879)(2000102    -748.003036743325)(2000002    -797.698575524381)(2000101    -655.608557294875)(2000200    -1278.52770466606)(2000001    -922.328759933538)(1000000    -1067.67366522337)(2000202    -877.569003296718)(2000012    -598.911356198146)
2 6      - (1000000    -1217.22058222644)(2000001    -1063.13197892859)(2000100    -1063.40201847614)(2000201    -1522.57200360526)(2000101    -774.540306966657)
2 7      - (2000201    -789.071912602501)(2000100    512.218265189481)(2000002    -817.935361988341)(2000200    -730.667869195352)(2000001    -682.346000587053)(2000101    -206.898562407655)(2000102    -390.571293103078)(1000000    -903.410424674236)(2000202    -610.955784187202)
3 7      - (2000100    45.5443249726745)(2000201    -314.301152959098)(2000002    -252.352213560135)(2000202    -359.418740599945)(2000102    -434.005072415637)(2000001    -445.255119906872)(1000000    58.839506737885)(2000101    -412.059691836051)(2000200    387.383834180246)
2 8      - (2000201    -360.786544125549)(2000102    -178.339780073904)(2000101    -555.0074232622)(2000200    -177.810504097321)(2000002    -427.726454261197)(2000001    1012.41891254723)(2000100    303.088895018193)(1000000    46.0717624322497)(2000202    -311.434429237268)
4 8      - (2000202    -281.531071427176)(2000100    -109.810641355285)(1000000    -929.813546429268)(2000101    -1146.05086808569)(2000200    -576.05990185622)(2000102    486.466169085407)(2000001    -800.703717222603)(2000201    -945.731650766071)(2000002    -1098.55805198007)
3 8      - (2000201    -491.783230928256)(2000100    -436.227815018073)(2000200    -577.489256174489)(1000000    -455.273478547255)(2000102    -67.206308026391)(2000001    -327.031898614729)(2000202    353.369373055011)(2000101    -536.519447750066)(2000002    -609.448997877874)
7 3      - (2000102    -209.67551472661)(2000200    196.302103477571)(2000202    -283.76340397297)(2000002    -763.530342680046)(2000201    -288.716597362379)(2000001    496.274122560747)(1000000    -4.55512974921953)(2000100    519.564966957309)
6 3      - (2000102    -160.00409455524)
5 7      - (2000101    -904.566789227089)(2000001    -862.479473083813)(2000100    -843.505832479556)(2000102    -553.005433768487)(2000200    -1159.27740529018)(2000002    -937.448618018393)(2000202    -461.765016957033)(2000201    -940.031098994353)(1000000    -1032.60285028992)
4 7      - (2000100    101.41390605968)(2000102    -227.414150750352)(1000000    -513.067346872632)(2000001    17.9230138686113)
12 2      - (2000202    -471.31576536444)(2000100    -278.505650979993)(2000101    -357.625158618758)(1000000    -386.195092372061)(2000102    -358.01669730909)(2000201    -300.139949681539)(2000002    -423.824981421423)(2000001    -531.100455566901)
0 12      - (2000200    -279.136003547539)(2000202    -954.795621938125)(1000000    -116.260997126636)(2000001    -803.567814871739)(2000201    -749.339818882102)(2000100    -713.454586236239)(2000002    -883.653546852939)(2000101    -644.584153246627)(2000102    -1036.28277838627)
11 2      - (1000000    -442.094785506053)(2000001    -540.748547645632)(2000202    -308.007915755124)(2000102    -230.212377860005)(2000201    -260.028369448975)(2000100    -412.979047601401)(2000200    -41.4359832876574)(2000002    -455.549746826999)(2000101    -375.145586701431)
1 12      - (1000000    -22.5672695630255)(2000201    -602.366263578087)(2000202    -1900.0874071676)(2000100    -658.514032288329)(2000102    -1031.48950136809)(2000200    -625.100451460502)(2000101    -631.217779409)(2000002    -843.178576005049)(2000001    -697.086022809737)
12 1      - (1000000    -992.525306661999)(2000200    -7.67869943547023)(2000002    -564.317801659783)(2000101    -656.278126545851)(2000201    -598.133183769319)(2000100    -797.536243370213)(2000001    -600.812068545799)(2000102    -666.761677218939)(2000202    -1248.99405953554)
2 12      - (1000000    223.088895337069)(2000201    -638.765904112393)(2000102    -437.264033712246)(2000100    -615.683565975606)(2000002    -1348.66090577069)
0 13      - (1000000    -1209.7824465486)(2000200    -599.594280363939)
13 1      - (1000000    -269.456897134438)(2000102    -1026.05447753987)(2000001    -688.475422773723)
13 0      - (1000000    -898.66927518471)(2000100    -90.4483627606957)(2000102    -397.731185377652)(2000202    -410.593969191068)(2000001    -653.188084207723)(2000101    -419.73441956814)(2000200    -489.847961275873)
3 12      - (2000002    -566.977293386173)(2000101    -936.557059285466)(1000000    -521.615074778582)(2000200    -611.713079858579)(2000001    -82.2067292969066)(2000201    -1047.06045582994)(2000100    -583.926844220958)(2000202    -491.209761641737)(2000102    -378.210269961696)
3 13      - (2000101    -280.27444393365)(2000100    -359.044367168415)(1000000    -273.981395346839)(2000002    -281.521789735622)(2000001    -417.039721125628)
1 14      - (2000201    -253.661628829981)(2000102    -1140.01763519701)(1000000    -341.538470047491)(2000100    -496.951913338367)
2 14      - (1000000    -849.234652549836)(2000001    -866.082493044903)(2000101    -266.733856686306)
12 3      - (2000202    -490.959127426766)(1000000    -667.909791926387)(2000100    -407.627552034972)(2000201    -658.378882280751)(2000001    -571.944596995114)(2000101    -726.034460603383)(2000002    -874.589190568907)(2000200    -28.4436323506605)(2000102    411.615936007738)
13 2      - (2000001    -312.561372600364)(2000201    -797.780271385965)(1000000    -1051.07278728542)(2000102    -975.12702248497)(2000202    -525.206649769488)
14 2      - (1000000    -729.18067200191)
2 13      - (1000000    -876.820333449428)(2000200    -638.837883704622)(2000102    -1128.37855566899)(2000001    -643.235023108722)(2000202    -1127.46373543142)(2000201    -817.70430900533)
14 3      - (1000000    54.0786818619855)(2000101    -72.6466173041343)(2000200    -85.2296258609144)
1 13      - (1000000    -406.170905115262)(2000002    -593.377476049561)(2000201    350.05777600962)
3 11      - (2000102    -623.104455667665)(2000002    -41.9567196740209)(2000100    -462.47630552465)(2000101    -184.439513008213)(1000000    -1318.02842884409)(2000001    813.98279841782)(2000200    -187.113451284425)(2000202    -87.7773667208208)(2000012    -343.687626210666)(2000201    -253.043164228136)
4 11      - (2000101    -530.978079645932)(2000200    -306.99967117099)(1000000    -398.456674155179)(2000201    -419.459038058186)(2000001    -758.530408954649)(2000202    230.200912967164)(2000102    -774.601457693083)(2000002    733.438712124128)(2000100    -523.139361331622)
0 14      - (2000001    -38.9298746542316)(2000100    -45.4181870966035)(1000000    -538.129874654232)(2000202    -788.179874654232)(2000201    -44.7181870966035)
8 3      - (2000200    353.30044110607)(2000201    -1070.55423590531)(2000102    -51.5670966873142)(2000101    -1074.25843695724)(1000000    -753.553212832624)(2000100    348.940533340736)(2000202    -655.285184339984)(2000001    29.9775344150699)
2 11      - (2000200    -666.86505674474)(1000000    -23.6984822274654)(2000102    -558.852056143984)(2000101    -324.161135786534)(2000002    111.78126362207)
8 4      - (2000002    -710.587395107099)(2000102    -447.027012603438)(2000201    -393.587591525215)(2000001    -60.3215347816122)(1000000    -562.77932402387)(2000200    -563.21078336348)(2000202    -465.950995110908)(2000100    -875.210033134704)(2000101    -462.616870388523)
4 13      - (2000201    -951.746306883332)(2000100    -662.005744350995)(2000001    -521.856569302916)(2000101    -269.294936571883)(1000000    -649.008797520136)
5 13      - (1000000    -677.358731121797)(2000201    -658.540716045015)(2000101    -616.696135699076)(2000100    -842.2815448626)(2000002    -1435.59645509855)(2000200    -531.281071812112)(2000202    193.018607848301)(2000001    -738.299567754837)
7 5      - (2000200    -799.562092641943)(2000100    -963.763069126906)(2000102    -171.574798144665)(2000001    -786.368165256488)(1000000    -509.047807123137)(2000101    -1015.98916299073)(2000202    -34.6131897029402)(2000201    -1058.4709563335)(2000002    -670.66811431165)
11 3      - (1000000    -91.4139703216221)(2000002    -49.6228042497941)(2000200    -263.860344598153)(2000001    -404.940088272741)(2000201    -815.233184022445)(2000101    -346.908459900889)(2000202    -442.791681870293)(2000100    -150.857092316212)(2000102    7.34920342505612)
7 9      - (1000000    -99.3486216155592)(2000100    464.25346039166)(2000001    -160.711914879908)(2000102    35.8573254436062)(2000101    -291.133819740704)(2000200    146.714478438924)(2000202    -145.911138264978)(2000002    -151.419884537123)(2000201    9.34212133843553)
7 6      - (2000102    -488.581960643774)(2000101    -871.66413152046)(2000001    -484.413641710059)(1000000    -1007.17869185355)(2000201    -967.142615360092)(2000100    -923.175768455056)(2000202    783.285467167312)(2000200    -915.449308555622)(2000002    -971.577987219782)
6 7      - (2000002    -984.286884726959)(2000200    -1013.54839940906)(2000100    -492.85070302182)(1000000    -1027.63678883457)(2000102    677.507358415829)(2000201    -1022.58098820584)(2000202    -330.411037247051)(2000012    76.9118896960014)(2000001    -961.167971841541)(2000101    -1007.44788584715)
6 8      - (2000102    -454.117770199623)(2000101    -424.024165413953)(1000000    -637.048323051893)(2000002    -889.593355741734)(2000200    -814.47091330016)(2000201    -799.305295884237)(2000202    278.416130516256)(2000001    -924.476627324218)(2000100    -543.203839872438)
6 9      - (2000101    -403.675470776724)(2000102    135.150916143207)(2000200    -228.63020844118)(1000000    -164.79333911979)(2000201    -265.79559014884)(2000202    34.0131164424269)(2000100    61.2264452025326)(2000002    199.728855074971)(2000001    -175.2344348262)
6 10      - (1000000    10.1114702420616)(2000202    -338.590841615267)(2000001    -351.156228855197)(2000102    -355.90989603973)(2000002    5.7786995999553)(2000200    -598.645759427001)(2000100    465.677214710411)(2000201    -299.862819146647)(2000101    -1010.56717852788)
4 9      - (2000201    -673.976020999964)(2000101    -464.813423860854)(2000100    -429.296892381548)(2000002    -408.296178777146)(2000200    -286.263198475772)(2000202    192.137420039639)(2000102    -201.534706650553)(1000000    -386.436660084913)(2000001    -344.510700744696)
9 3      - (1000000    505.251033944574)(2000101    -185.246577885851)(2000100    -71.4630926930441)(2000200    775.006975886824)(2000102    -50.4633588880263)(2000202    -177.462376788074)(2000201    -334.482350333373)(2000002    -96.5120135452711)(2000001    -109.65450481716)
8 7      - (2000201    -395.944263716772)(2000200    -346.544794046491)(1000000    -211.278005483336)(2000001    -659.53019607203)(2000202    -61.9233296999852)(2000102    -79.3740196242979)(2000101    -161.359651481368)(2000100    -360.61078018594)(2000002    -72.9058990091046)
10 10      - (2000002    341.101701338204)(2000102    -25.638887156975)(2000200    -385.775367291291)(2000202    -118.929283510992)(2000101    -915.067985855418)(2000201    -710.52660783884)(2000001    1193.80350402639)(1000000    -369.844898163225)(2000100    -319.07757174324)(2000012    820.786980241407)
9 4      - (1000000    -505.719204607236)(2000200    -727.536022897638)(2000101    -717.744968100968)(2000001    489.629356265639)(2000002    -796.704550465565)(2000102    -227.591490369191)(2000202    -275.337877279807)(2000100    -301.677100590585)(2000201    -570.535811379201)
5 10      - (2000102    33.215253517634)(2000002    -359.910017664466)(2000101    -281.326201885804)(2000100    -552.847993748994)(2000201    61.9824681987323)(2000001    -372.843013482419)(2000200    -67.5007233541601)(1000000    -530.692826667713)(2000202    292.550486925206)(2000012    200.228870377466)
8 6      - (2000100    -824.141543665586)(2000101    -485.154035594712)(2000002    -607.800374035292)(1000000    -823.276112671724)(2000102    280.78518674361)(2000200    -831.337384520127)(2000201    -750.195238633987)(2000001    -815.634805385463)(2000202    -437.020803209761)
3 9      - (2000001    363.333197991454)(2000100    -254.174837741176)(2000002    -90.0001113667967)(2000101    -75.7440127984552)(1000000    -104.403657179797)(2000201    -171.922215878733)(2000200    -428.990247831189)(2000012    447.296936349453)(2000102    -53.3744115742624)(2000202    -100.743265969808)
8 8      - (2000012    145.930408778554)(2000102    353.945069596916)(2000002    -167.310068991348)(1000000    -716.79085264075)(2000202    -2.10900120650814)(2000200    -152.675569230406)(2000101    -79.6704840935934)(2000201    -95.3533893068524)(2000001    -150.496178727838)(2000100    -257.866659528817)
6 11      - (1000000    -605.411819949967)(2000202    -790.980960684597)(2000201    -505.460947210087)(2000002    -1058.38303361886)(2000100    -641.796921177688)(2000102    -513.380814268098)(2000001    -523.653304265396)(2000101    -785.136839024563)(2000200    -620.499079794705)
10 5      - (2000102    139.245633173427)(2000201    -417.404735952636)(2000001    71.0948883928998)(2000101    -59.7445418352859)(2000100    88.1211370529446)(1000000    -343.845559883168)(2000202    126.289856247576)(2000002    72.4511692623283)(2000200    517.566378605342)(2000012    -574.752690724408)
5 6      - (2000100    -686.837765040866)(2000201    -967.855871905103)(2000101    -679.780247582152)(2000200    -966.413641801234)(2000001    -732.113303669383)(1000000    -660.810473498878)
7 11      - (2000202    -358.839296332122)(2000200    -437.737452457976)(1000000    -513.553507769811)(2000101    -150.801981611229)(2000102    -503.028020604099)(2000001    -875.593181953589)(2000201    -507.078845328638)(2000002    -656.728934001946)(2000100    -1159.21351437275)
7 8      - (1000000    -333.806079224627)(2000201    -1284.35154955779)(2000001    -930.335795576181)(2000002    -726.593933137849)(2000202    661.753416594449)(2000100    -1163.2590445252)(2000102    -101.263796624048)(2000101    -494.410969762359)(2000200    -1134.10655213231)(2000012    -100.704859308299)
10 6      - (2000200    24.0641136518246)(2000202    149.027259112747)(2000201    519.466008090244)(2000002    132.412741764969)(2000102    142.383190683878)(2000100    -92.3281979191992)(1000000    -50.2297063547368)(2000101    -261.542948773362)(2000001    -386.640671966343)(2000012    -451.853328521332)
7 7      - (2000100    -829.108569373464)(2000201    -1180.55317855218)(1000000    -1069.80558222543)(2000200    -499.146095909209)(2000102    -730.10289340425)(2000202    820.005751557834)(2000001    -777.764275115793)(2000101    -1161.24875914619)(2000002    -912.640220941298)
12 7      - (2000101    -671.539763610008)(2000200    -1246.4887370206)(2000002    -952.440031020364)(1000000    225.099457857099)(2000100    -1300.58238080827)(2000102    24.4435578232378)(2000201    -1262.83676482106)(2000202    -557.111255232532)(2000001    -900.347632621316)
4 10      - (2000201    -800.479145342233)(2000102    -95.9330012629085)(1000000    -628.049456420742)(2000101    -539.600360109152)(2000002    287.792134465525)(2000200    -270.669402184283)(2000001    -173.203315423618)(2000202    216.178080303683)(2000100    -473.131131915128)
11 6      - (2000200    -548.547837132132)(2000100    -355.450522212668)(2000201    -251.553460299633)(2000002    -196.539955910367)(2000001    -508.545272200417)(2000101    -240.764509804429)(2000102    528.133006067765)(2000202    -376.018079887982)(1000000    -353.571017753942)
11 7      - (2000001    -809.854242433863)(2000200    -873.782361753194)(1000000    -408.93839547679)(2000102    -32.3883594237576)(2000101    -330.892809929741)(2000002    -430.922803171411)(2000100    -570.577373750667)(2000202    -147.113967083505)(2000201    -861.924071645694)
11 10      - (1000000    -340.901415914803)(2000002    951.196688310233)(2000101    -341.554469846537)(2000001    -227.260120896803)(2000200    -797.619164514444)(2000102    219.165673397978)(2000201    -256.088959872559)(2000100    -502.03861528777)(2000202    315.776827870875)
7 13      - (2000200    -1389.15965231137)(1000000    -1270.32558749487)(2000101    -1285.70624475126)(2000002    -1285.10639297206)(2000201    -1337.05925808288)(2000100    -124.128963877856)(2000001    971.22907703507)
9 6      - (1000000    145.47396866418)(2000200    147.631482772786)(2000201    149.012003965406)(2000101    145.571910275098)(2000100    -160.688472837739)(2000202    141.208075912116)(2000001    -138.051301156222)(2000002    77.4183559439109)(2000102    177.613064813299)
13 7      - (2000001    887.481579256882)(2000201    -1148.44326451621)(1000000    -510.205701138728)(2000002    -1023.44835284736)(2000200    -1118.14754030989)(2000100    -601.999926189109)(2000101    -765.467450200492)(2000102    -271.923507551602)
9 7      - (2000002    69.4518636239676)(2000202    -179.079043031419)(2000102    15.7665370179566)(2000101    -29.8477057752476)(2000100    520.861552208282)(1000000    -181.539732074086)(2000001    -199.004047514576)(2000200    -390.335928556013)(2000201    -349.970927546471)
4 6      - (1000000    -153.235190330542)
11 11      - (1000000    -882.565881761767)(2000102    -368.820168568682)(2000100    -422.77654299823)(2000101    -578.592606019595)(2000002    328.380971206375)(2000200    -16.6900664793835)(2000201    132.245581444448)(2000202    -426.362210546261)(2000001    1474.82076716155)
6 6      - (2000200    -904.77479226454)(2000100    -1075.2104287503)(2000002    -1195.92502511307)(2000001    -1151.05705687172)(2000202    949.606731218175)(2000201    -1222.63465074861)(2000101    -1206.3677834516)(1000000    -1167.55714709879)
8 9      - (2000201    -338.473846852773)(2000101    499.861573326067)(2000102    -184.914531024019)(2000202    -95.6099102616641)(2000002    -278.63514966376)(2000100    -189.467169141476)(1000000    -200.481542346798)(2000001    -173.93059216306)(2000200    -437.499456455518)(2000012    -321.352525618789)
6 5      - (1000000    -934.087880319432)(2000001    -896.970799207471)(2000200    -1008.72630761248)(2000002    -971.820458585861)(2000100    -945.404156007176)(2000101    -679.256856240659)
9 8      - (2000002    -66.667901123938)(2000001    -159.345346399795)(2000100    228.420588247812)(1000000    146.319693946149)(2000101    42.424522735774)(2000200    492.803919603475)(2000202    -114.490222625981)(2000201    72.0877151073541)(2000102    32.8494497638509)
10 8      - (2000100    -559.187149790567)(2000101    -167.936254407898)(2000200    -460.329734396851)(2000001    -368.482603871233)(2000201    -497.567038746815)(1000000    -210.295792093943)(2000102    -149.108918600139)(2000002    166.266030651685)(2000202    558.481733837683)(2000012    -545.400814251343)
7 10      - (2000002    -247.797700340584)(2000200    -687.29866054444)(1000000    -588.098024179986)(2000201    -499.727876263872)(2000001    -511.21126132345)(2000101    -420.901446992535)(2000102    -235.20364203587)(2000100    -362.768599263462)(2000202    -211.481669646385)
10 7      - (2000202    723.906336273629)(1000000    -146.993004709494)(2000101    -390.796344223249)(2000001    -71.364993737638)(2000002    -545.501239902703)(2000200    -456.521347150362)(2000201    -501.869017357952)(2000102    -491.054068225607)(2000100    -374.929359567934)(2000012    -434.700917382345)
8 10      - (2000100    -629.588975927516)(1000000    -519.926229858918)(2000102    -367.671893266654)(2000202    -374.382042149394)(2000002    107.080054498026)(2000101    -528.294260418817)(2000001    -516.32725169948)(2000200    -453.232854763446)(2000201    -317.568375279738)(2000012    -596.029779076866)
12 6      - (2000101    -741.639205989028)(2000002    -510.025165055886)(2000100    563.382438615522)(2000201    -838.927174167451)(2000200    -408.406387952623)(2000001    -843.317446673906)(2000102    -228.558648403786)(2000202    198.569069364918)(1000000    -315.812797459528)
12 10      - (2000102    557.213493843019)(2000201    -211.839154629517)(1000000    -269.89226392108)(2000100    -98.7336457539759)(2000001    869.933175011882)(2000101    -303.831025971609)(2000200    -296.142966871785)(2000202    159.267528386508)(2000002    -399.931137980808)(2000012    149.370520593219)
10 12      - (2000001    -66.9875361490953)(2000202    1434.75136818854)(2000200    -230.435276361317)(2000102    195.089825787923)(2000100    -821.978113953224)(2000201    -619.579072093135)(2000002    -642.903786884778)(2000101    -601.392693750451)(1000000    -874.800394332818)(2000012    -125.862930932968)
9 5      - (2000100    18.9066957500295)(1000000    55.6457875699803)(2000200    -406.372795161298)(2000002    -326.707793933899)(2000102    108.968828207836)(2000202    -82.4427683588784)(2000001    -356.353734288295)(2000201    155.156290085722)(2000101    139.374930591281)
6 12      - (2000102    -355.667403378693)(2000001    318.589777114895)(2000202    467.154715338279)(2000101    -869.917691608499)(2000201    -922.422158542066)(2000012    -332.080629406618)(1000000    -879.138785424194)(2000002    -858.863155422229)(2000200    -825.360358972787)(2000100    -871.514234057434)
10 11      - (2000002    -558.418432762416)(2000100    -854.771994924976)(1000000    -945.031259217356)(2000101    -838.826367955124)(2000102    -25.7610849064318)(2000001    1160.3340024974)(2000200    -941.530942962642)(2000201    -1085.0394590297)(2000202    274.565466027186)(2000012    -1003.16768050451)
8 12      - (2000101    -1033.72012496655)(2000001    -966.221343097667)(2000102    616.672864285452)(2000002    -986.033460710858)(2000100    -953.707308930799)(2000200    -1111.64706607722)(2000202    -221.982136459388)(2000201    -1037.96167166277)(1000000    665.308840748173)
13 9      - (2000202    30.2208426421464)(2000201    -324.779684204899)(2000101    -174.922096067938)(2000100    -301.045700718892)(2000002    -192.318220423734)(2000102    -204.901942165719)(2000200    -540.167534667359)(1000000    -623.50614334903)(2000001    116.27542336933)
7 12      - (2000001    -1111.04656374203)(2000200    -1058.34431758011)(2000202    332.210410792209)(2000100    -1334.31970925904)(1000000    729.92717067127)(2000102    -311.07077567595)(2000002    -1098.46858658472)(2000101    -844.643325421934)(2000201    -853.506185006225)
12 9      - (2000001    16.5387243226418)(2000100    -322.749101324382)(1000000    102.32716450587)(2000101    -543.78271086773)(2000002    -691.504307800609)(2000200    -583.40935375227)(2000202    -264.455638126502)(2000201    -561.796369788406)(2000102    -243.861678325289)
12 8      - (2000002    597.879885558768)(1000000    -1144.04586226085)(2000202    -199.255389377051)(2000200    1001.4140559115)(2000101    -1220.01883033919)(2000100    -621.39798079324)(2000201    -1186.60944183624)(2000001    -1158.07200259201)(2000102    -131.155718679198)
9 9      - (2000100    -215.278733549985)(2000002    -124.275258216729)(2000202    76.9269443107649)(2000012    -1090.95259043816)(2000102    -201.155972570848)(2000001    -136.956563128644)(2000201    117.807206721016)(2000200    -150.964395252538)(1000000    305.72393151796)(2000101    1526.67881094491)
9 11      - (2000101    -574.968339309344)(2000001    224.756006846747)(1000000    -510.966004094795)(2000002    1174.01903376361)(2000102    117.342092677722)(2000201    -760.70781607872)(2000200    -801.156421670319)(2000100    -572.23042008354)(2000202    -147.069568143563)(2000012    -298.248434237859)
6 14      - (2000201    -1286.96079287324)(1000000    -940.697463798593)(2000101    -1006.59067971754)(2000100    -1275.08345027352)(2000002    -1282.44300692242)(2000200    -964.619300117098)(2000001    955.704212736831)
13 6      - (1000000    811.164559434191)(2000012    -445.61106292147)(2000101    -1157.47535724107)(2000001    -552.640900729861)(2000102    -177.915753476029)(2000202    458.904186416648)(2000200    -1282.90808450718)(2000002    -1322.43069537998)(2000201    -1129.29339100141)(2000100    -1328.17319924815)
14 9      - (2000002    -655.762276866661)(2000202    -580.565346348907)(1000000    1321.70885571474)(2000101    -502.146679441287)(2000100    -600.469322496642)(2000200    -766.952892177946)(2000102    -379.378059794677)(2000001    -313.407217703197)(2000201    -188.981778499031)
10 9      - (2000100    -753.60012668601)(2000101    -545.724389555908)(2000001    356.355415539831)(1000000    -643.681471902674)(2000002    -410.378989358786)(2000200    -502.264010243552)(2000201    -279.000956731248)(2000102    -188.75874880093)(2000202    -169.573213406195)
9 14      - (2000200    -182.887846069259)(2000102    -708.811511338671)(2000100    -572.205832873724)(2000002    -386.237213240267)(2000202    310.404995597693)(1000000    1492.73693805633)(2000201    -377.941540266593)
13 11      - (2000002    -770.343641107643)(1000000    240.580725694579)(2000202    -142.666190333715)(2000100    -461.14184812317)(2000200    577.733684609081)(2000201    -389.78169180947)(2000102    638.751360015608)(2000101    -395.214012982633)(2000001    -605.419694607083)
12 14      - (2000201    -1096.27574450354)(1000000    -113.297555331983)(2000202    -782.360486907742)(2000012    -782.360486907742)(2000001    421.261798342077)(2000100    -677.745502484839)(2000101    -379.83699393654)
11 14      - (2000101    -953.11777505753)(2000202    -100.103639616186)(1000000    -44.5000610544411)(2000002    -80.0123570129087)
9 10      - (2000001    -24.3151566598705)(2000102    -243.421239569795)(2000200    -742.079472056449)(2000101    -774.608185792818)(2000201    -667.281893931576)(1000000    -600.042646822139)(2000002    -631.303339414089)(2000202    -478.738205745592)(2000100    -642.247669660768)
11 9      - (2000002    730.16603298391)(2000001    -663.552906522761)(2000101    -770.503455375504)(2000100    -505.133261209385)(1000000    -383.737825752955)(2000202    -2.63693846630184)(2000201    -396.551405556454)(2000200    -446.558786962354)(2000102    86.7481421196921)(2000012    530.156881396175)
11 5      - (2000202    -72.0509816936038)(2000200    -291.2717985151)(2000101    -350.310743069091)(2000100    -166.347084943059)(2000201    -150.854619510687)(1000000    -118.108684600435)(2000002    -474.30652610612)(2000001    -272.113153909736)(2000102    55.5088356677699)
8 13      - (2000102    -205.478402474809)(2000001    -1196.84903899435)(1000000    -1159.14841505428)(2000100    -530.47369646289)(2000200    715.091508092708)(2000002    -1137.48032090949)(2000201    -1082.70830270583)(2000101    -1101.62545464773)(2000202    -204.621388580585)
9 13      - (2000001    -747.113661904309)(2000201    -245.59226129906)(2000101    204.471709035214)(2000200    1069.02314194879)(2000100    -421.342999891115)(2000002    -352.066138741634)(1000000    -727.482528576109)(2000102    1060.5813407213)(2000202    -33.5937689656826)(2000012    255.607622059665)
8 11      - (2000201    -623.513226841619)(2000001    310.624656487219)(2000202    -576.671141071081)(2000101    -621.563668258335)(2000002    -312.949820770884)(2000200    -415.983069964521)(2000102    -327.798675346967)(2000100    -342.960101756711)(1000000    -613.3047807594)
12 11      - (2000001    1317.16230886021)(2000201    -452.787290975865)(1000000    -542.970979830003)(2000200    -760.631973215608)(2000101    -382.904368806946)(2000102    1108.4634421259)(2000100    -961.240885486559)(2000202    -300.536039912189)(2000002    -622.270158079101)
9 12      - (2000101    -620.380578147868)(1000000    -98.1307516783092)(2000001    -173.55309052952)(2000201    -608.057842589946)(2000200    947.631425365473)(2000102    -501.729221198944)(2000100    -667.391290589658)(2000002    -668.537572632929)(2000202    413.719582652401)(2000012    713.624571799694)
11 12      - (2000200    -607.513948556145)(2000101    -697.447109887386)(1000000    -612.239036783522)(2000201    -266.345390034508)(2000002    -361.301861397446)(2000001    963.688104196569)(2000102    1331.90346649932)(2000100    -559.106899177614)(2000202    259.039095853493)(2000012    420.506928193654)
14 7      - (2000201    -1184.22128584499)(2000101    -1257.56640031461)(2000202    -460.228360359952)(2000100    1007.2162858799)(2000002    -1088.89060009213)(2000200    23.4236805325352)(1000000    284.570309093726)(2000001    155.827347438052)
8 14      - (1000000    759.256396995151)(2000102    -358.338886808848)(2000002    -1268.11271557317)(2000100    -965.509699384007)(2000200    -921.195740811387)(2000101    -1138.4347279706)(2000201    -899.366178991441)(2000202    -354.877955574323)(2000001    -85.7008586845284)
5 12      - (2000002    -36.1791915272663)(2000012    -992.574532273519)(2000100    -500.793561703515)(2000101    -317.190607654384)(2000200    -814.249875057346)(2000202    -348.79540136625)(2000102    939.505057963284)(2000201    -373.093552257732)(2000001    -402.541198058067)(1000000    -332.967597731195)
10 13      - (2000101    255.250219830196)(2000002    -183.123595857958)(2000001    704.786656492048)(2000100    -187.022179517255)(2000102    -208.800682360978)(2000200    24.0390466343931)(2000202    891.860895636973)(1000000    195.749684913965)(2000201    -27.3764320877518)
12 13      - (2000200    -557.904470490529)(2000201    -929.797800398926)(1000000    -428.754506350876)(2000100    -403.435535082153)(2000001    780.819060637333)(2000002    209.827554019364)
11 8      - (2000201    -569.522840110548)(2000001    -689.421023688031)(2000100    -830.806836818193)(2000200    -79.6881516752228)(1000000    -795.116886665387)(2000101    -994.900277649738)(2000002    325.25933094023)(2000102    -465.043691676947)(2000202    -438.604678725982)(2000012    -271.615853329263)
5 9      - (1000000    -332.058714694629)(2000200    -283.83137531513)(2000101    -672.359559845199)(2000001    -288.736075898433)(2000201    -382.508273840693)(2000102    -335.374632217892)(2000100    -375.538241435666)(2000202    242.741838133641)(2000002    -206.925832758016)(2000012    -400.196071359105)
5 8      - (2000001    -883.313944264402)(2000101    -646.524026985186)(2000200    -701.885741695492)(1000000    -495.386111601093)(2000002    -868.105600792969)(2000202    -452.186672220097)(2000100    -726.055490205624)(2000201    -704.513439771409)(2000102    -684.339288047841)
7 14      - (2000001    1035.3959928446)(2000201    -1420.87437411183)(1000000    -1290.52486284846)(2000002    -1328.63554637545)(2000200    315.513119200655)
12 5      - (2000002    -308.159531701257)(2000001    -695.163265031827)(1000000    -282.646832869998)(2000102    -434.695519664215)(2000101    -791.020192195187)(2000201    -642.429277711242)(2000100    -241.551698027924)(2000202    -102.495019086585)(2000200    158.527756870967)
6 13      - (1000000    -1002.4169261298)(2000101    -1428.85054078136)(2000102    1446.80267868419)(2000202    -1028.78958779595)(2000200    -1283.26471370653)(2000001    -1127.46331516841)(2000002    -1335.90120324093)(2000100    -229.738419431328)(2000201    -1047.6316838288)
5 14      - (1000000    -1252.89354801843)(2000001    -1271.83776179416)(2000202    -591.500300328879)(2000100    -707.589919405365)(2000201    -609.965922428363)(2000002    -770.245385628852)
12 12      - (2000101    -1379.81161306006)(2000201    -644.259210783702)(2000202    -873.492712559378)(2000002    -1129.00042059158)(2000012    -976.003277317213)(2000102    -991.04663590313)(1000000    -817.968042633792)(2000001    967.494316690779)(2000100    -817.329338826009)(2000200    -759.888740618918)
10 4      - (2000001    -387.78600862279)(2000002    -270.931205063429)(2000101    -685.761719980038)(2000100    -187.835896357659)(2000202    -411.985410990982)(1000000    -855.043365962011)(2000201    -21.2478999615789)(2000102    -387.964960528562)(2000200    500.235578143763)
8 5      - (2000101    -743.71885274819)(2000002    -592.044877008308)(2000102    -158.507373468624)(2000200    -313.928469194926)(1000000    -394.902026992344)(2000202    364.743026848454)(2000201    -838.414806425535)(2000001    -361.977620597883)(2000100    -313.353574649173)
13 5      - (2000002    -715.324484779278)(2000101    -591.712919265334)(2000100    -37.0912889943643)(2000001    -505.648966708823)(1000000    -813.558696915479)(2000201    -429.642373069745)(2000200    -879.251009948557)(2000202    -277.274931929871)(2000102    109.45317306848)
13 10      - (2000201    -235.213517760044)(1000000    1270.5614343244)(2000101    -338.41017609203)(2000200    -444.1154625708)(2000002    -267.141134707881)(2000102    -247.400497536049)(2000202    -189.013832442985)(2000001    -797.28230593655)(2000100    -467.37448483331)(2000012    217.650038238414)
14 6      - (2000001    -1423.46607313826)(2000202    -260.147491555148)(2000100    -1426.53310897989)(1000000    476.88204333951)(2000201    -1406.72146649425)(2000101    -1417.3217540188)(2000200    -852.598699312781)(2000002    -756.541680540451)
4 12      - (2000102    -401.481362636389)(2000100    -498.418486055249)(2000202    -67.0927021037548)(2000200    364.210099824078)(1000000    -725.112467725643)(2000101    -950.884450605807)(2000201    -1182.15766787558)(2000001    -902.666900394387)(2000002    -133.566470582505)(2000012    -570.248633258171)
5 11      - (2000201    -139.182902999195)(2000001    -42.3044223113598)(1000000    -137.238174727)(2000100    -116.091886618232)(2000102    -117.502435002466)(2000101    -153.044982442827)(2000200    -194.662619914833)(2000002    15.7324270459462)(2000202    255.319593774197)
13 12      - (2000200    -149.595274710256)(1000000    -625.998689567436)(2000101    -776.565424629364)(2000102    5.74016838229429)(2000100    863.74082861887)(2000201    71.7205454693002)(2000202    11.3055337751298)(2000002    380.231150809806)
11 13      - (1000000    1017.02802578857)(2000001    -661.043196870574)(2000002    -921.816100126453)(2000201    585.07449283063)(2000101    -1065.92346976337)(2000102    -960.079116921305)(2000200    -561.615973934136)(2000202    -518.292768780309)
13 13      - (2000002    -331.791295786747)(2000101    -855.019229803406)(1000000    -347.239976311419)(2000200    -178.797443614299)(2000100    835.35615490671)(2000001    178.590837680544)
10 2      - (1000000    -571.211850902789)(2000100    -593.947071202935)(2000001    -677.831387577614)(2000102    -800.708744732235)(2000101    -624.004342152223)(2000201    -500.030717527426)(2000002    -649.893387119603)(2000200    -577.168587339422)(2000202    -376.690610247793)(2000012    -455.229810874499)
2 10      - (1000000    1112.90124177534)(2000001    -328.843134529642)(2000200    -729.357960001581)(2000101    -343.843669415678)
14 5      - (2000202    -621.080411276198)(2000101    -559.144100479745)(2000001    -1320.76116579119)(1000000    -810.701891778363)(2000200    -432.412370346537)(2000102    -83.2522280658506)(2000002    -827.034373142996)
13 8      - (2000101    -1164.32401150476)(2000200    -1345.92752290061)(2000100    -1183.84431259819)(2000102    -826.984429612357)(1000000    1243.29363529401)(2000201    -1086.80937497503)(2000001    -1054.75992134069)(2000002    -929.030792106762)
3 10      - (2000002    -112.965986330419)(1000000    181.766743149941)(2000201    -111.245954828409)(2000100    -164.089287395926)(2000101    -439.828338595923)(2000200    -161.696813449066)(2000202    -62.2204760799146)(2000001    396.008000430456)(2000102    -66.1362684135746)
14 10      - (1000000    216.103205622215)(2000102    -107.373174951795)(2000202    175.110000637196)(2000001    -178.756993991128)(2000100    -135.005548481271)(2000200    -420.975018682025)(2000201    -78.8348951974808)(2000002    246.639643154329)(2000101    -143.828126638543)
13 4      - (1000000    -219.969994476114)(2000200    -683.501449474562)(2000002    -368.569149074931)(2000102    -412.660676083649)(2000101    51.5382755297393)(2000201    -315.943376621999)(2000100    2.05179567296355)(2000001    -488.366853968874)
4 14      - (2000100    -846.949512370727)(2000101    -1068.18761294663)(2000002    -990.398257062789)(2000001    -854.93914237917)(2000201    -742.943980556678)
12 4      - (2000202    56.2067215824183)(2000002    -101.501145869852)(2000101    -730.459192576829)(2000201    -631.445298572789)(2000102    -55.8712163262245)(2000200    -328.738448914316)(2000100    -735.316400910771)(1000000    -628.170500595629)(2000001    -602.151596118595)
14 12      - (1000000    -678.15288599509)(2000200    98.645644990893)(2000101    -517.610259226131)(2000100    -607.288677682139)(2000001    -579.375214211941)
13 14      - (1000000    300.993333814952)
11 4      - (2000101    -506.53674395711)(2000100    -246.832339401391)(2000200    -562.019313421874)(1000000    -498.83041755787)(2000201    -364.496211413242)(2000202    -180.255410602185)(2000102    -239.312918845493)(2000002    -494.542090499742)(2000001    -357.793135571245)
5 5      - (2000001    795.623893476032)(2000200    201.185060626646)(2000101    733.016403379495)
14 11      - (2000200    -650.620171916119)(2000001    -345.968726916905)(2000102    -603.680462432372)(2000201    -788.460790180007)(1000000    786.348263461496)(2000202    2.36608666048532)(2000101    -382.503834232949)(2000100    -446.979992721446)(2000002    -481.978060823981)
10 14      - (1000000    65.350766472063)(2000200    -745.54921879061)(2000102    -1001.57299773381)(2000202    -220.88255036151)(2000101    -445.152135266601)(2000002    -494.506004819898)(2000001    -621.010856606846)(2000201    -429.281561430709)
14 4      - (2000001    -425.74881602648)(2000200    -375.456415694094)(2000002    -345.714173067198)
14 8      - (2000201    -1370.32243718879)(2000101    -1286.15456274171)(1000000    -592.317381341271)(2000200    1127.52744073496)(2000002    -295.862790700553)(2000100    500.222933080778)
6 4      - (2000001    283.23511269963)
5 3      - (2000202    -2190.30494277761)(2000201    -1976.63754188179)(2000001    -791.114261968934)
14 14      - (2000201    -700.660873593406)(2000100    -606.527574316844)(2000001    -18.5722970540475)(2000002    -740.746933903468)
14 13      - (2000001    534.508274585538)(1000000    -20.3773248361074)
3 14      - (2000100    -274.469933321535)(2000102    -455.229810874499)(2000101    -506.686135544036)(1000000    333.403367220409)(2000200    909.706367090112)
10 3      - (2000002    -101.696000256801)(2000200    592.782345348733)(2000101    -197.616401753348)(2000102    -196.509921192785)(2000100    137.694327755946)(1000000    -274.156628571025)(2000202    -134.839382987159)(2000201    -68.7252384433743)(2000001    -139.274557448136)
13 3      - (2000012    -662.576231279454)(2000002    -451.447968240049)(1000000    -3.22575519009828)(2000200    91.6744376918024)(2000201    -303.085304626552)
5 4      - (2000002    -596.839640306869)
2 9      - (1000000    -944.494074396489)(2000001    -476.877613727733)

