220
0 0      - (2000201    27223.5201394487)(2000001    27163.3169680099)(2000101    29465.5387295244)(2000012    4352.45372845141)(2000111    25206.429835231)(2000002    27289.4257497937)(1000000    29463.8861127189)(2000211    13752.6654211193)
2 1      - (2000111    14821.7818599302)(1000000    29529.5246652088)(2000101    29333.5919893724)(2000201    26577.3552960348)(2000001    18606.0291733956)(2000002    24672.9776946348)(2000211    8429.60004569137)(2000012    689.448656245482)
2 2      - (1000000    28801.0704223357)(2000201    17451.9912071191)(2000002    17120.7620957055)(2000101    18317.4915977423)(2000001    18505.1713130024)(2000211    6415.3306153748)(2000012    -187.942847849262)(2000111    8708.03795409442)
1 0      - (2000002    28911.2101009631)(2000201    26611.3593130584)(2000001    28140.6496779377)(1000000    29547.379580797)(2000101    29551.186591411)(2000211    1926.60211599429)(2000111    17197.6958271163)(2000012    -455.843801560498)
3 0      - (2000001    16048.4645654741)(2000002    28449.2990682851)(2000201    27835.2132576095)(1000000    29470.4190513009)(2000101    27305.1814266764)(2000111    1465.40491798951)
1 1      - (2000001    23903.756087818)(2000101    29313.8559313356)(2000012    652.964583665218)(2000002    27550.8971913985)(1000000    26781.9627468735)(2000201    25664.1768748552)(2000111    2799.0812964643)(2000211    579.134098104664)
2 0      - (1000000    29378.268921922)(2000201    26085.5776161128)(2000001    16844.6989536275)(2000002    27764.5317474794)(2000101    28428.4215374589)(2000111    10009.5703966245)(2000211    10446.8492306108)(2000012    4164.44516390281)
0 1      - (2000001    28037.3317310029)(2000101    29327.2223259464)(1000000    27778.7393005652)(2000002    27573.329275787)(2000201    23549.3388578709)(2000211    -1003.80785690091)(2000012    -386.791899669542)(2000111    2695.38130934846)
1 2      - (2000201    8200.23486461746)(2000002    13692.6507832045)(1000000    27293.331462012)(2000001    5187.47095749756)(2000101    3072.30450555331)(2000211    3006.57170963636)(2000111    5441.78685508787)(2000012    -80.0950106081173)
0 2      - (2000002    27902.4599700843)(1000000    28119.5321957866)(2000201    27399.1950779279)(2000101    29192.4245357045)(2000001    28192.0272874189)(2000111    -435.16432010616)(2000211    -273.41117035614)
3 5      - (2000201    -235.125681581689)(2000101    3313.00642085376)(1000000    2515.88724817642)(2000002    1838.9024506148)(2000001    -678.708864829603)
3 3      - (2000201    12154.7313525914)(1000000    21816.9454161177)(2000001    9268.17877011372)(2000002    11781.8309428979)(2000101    28920.1876874333)(2000111    102.162447640666)
1 4      - (2000201    7452.19873415093)(2000002    5534.24447411533)(1000000    25920.5715316519)(2000001    1348.65168366099)(2000101    9398.23921585565)(2000111    830.462900743476)
3 4      - (2000001    1169.09759462395)(2000002    1148.44115244831)(1000000    3004.43039587428)(2000201    2912.95833874645)(2000101    1093.60176984295)(2000012    -67.4096224132838)
3 1      - (2000001    15075.5641206817)(1000000    29760.3375226805)(2000101    19718.4014922401)(2000111    753.149777885964)(2000201    14933.8261283229)(2000002    15508.7463147076)(2000012    709.644357212811)
4 1      - (2000001    1534.51459380244)(2000002    4552.67996731718)(2000201    3776.64759497374)(1000000    29167.9875105256)(2000101    4251.83863774681)
0 3      - (2000002    22697.8204541268)(2000211    2275.08154873536)(2000101    25239.2509234959)(1000000    29507.2595672539)(2000001    6310.63745719054)(2000201    25378.4940234837)(2000111    5476.63026902774)
3 2      - (2000002    14720.3523457029)(2000111    -86.2581722872682)(1000000    28503.157856336)(2000101    15381.5099232532)(2000201    14677.7276284579)(2000001    14165.8833028366)(2000211    -530.465694270848)
1 3      - (2000201    16056.7291600793)(2000002    10691.9349264092)(1000000    29523.1998892506)(2000101    17863.1087347884)(2000001    2974.30496547368)(2000211    1149.61866725756)(2000111    1035.65006181117)
1 6      - (1000000    -625.063055016243)(2000002    -843.213128673955)(2000001    -1018.91558080462)
8 1      - (2000001    1691.48469816933)(2000211    13770.939648238)(2000111    7509.60477756243)(2000002    21259.2201207107)(1000000    9421.69623664249)(2000101    7101.27182095585)(2000201    12384.9375253562)(2000012    28583.7613232703)
8 0      - (1000000    28543.9322014787)(2000211    8266.62056553476)(2000201    12637.9042063685)(2000012    22383.6154624802)(2000111    11832.1827319565)(2000101    11704.2350627728)(2000002    15448.046110371)(2000001    12576.564366373)
6 2      - (2000012    -355.161226539901)(2000211    -40.8702630965336)(2000001    82.9265404926159)(2000101    531.076735589775)(2000111    -350.83634889934)(1000000    198.773203774225)
0 10      - (1000000    29504.5809957473)(2000211    5016.87259278247)(2000101    28665.1512348376)(2000111    2850.71118243382)(2000201    28653.8617845959)(2000001    21745.2493017772)(2000002    28517.0481421488)(2000012    2915.2655241045)
0 8      - (2000012    8254.30535620222)(1000000    28796.0603533099)(2000111    1880.44016092159)(2000201    5213.87623340929)(2000101    15381.8109680714)(2000211    6333.75502960922)(2000001    2333.02516711892)(2000002    7908.38063972013)
0 11      - (1000000    28591.7333621313)(2000101    7491.12207215848)(2000201    7785.04378761234)(2000002    7649.23150250424)(2000001    6211.13668026916)(2000211    5496.32844321743)(2000111    3330.95746601694)(2000012    1836.72532630622)
6 1      - (2000201    -894.719895898156)(2000002    -1028.70152296882)(2000111    -1115.7822265278)(2000101    -1073.57355821323)(2000012    -484.994426640191)(2000211    -755.538850393697)(2000001    91.6078553825014)(1000000    137.73024398183)
0 7      - (2000002    2248.13743046037)(2000221    -611.603393268229)(2000001    -83.4618771163664)(2000101    142.94100695311)(1000000    1042.85848031502)(2000201    -141.732625050639)(2000211    -26.2782457083324)(2000111    -577.583538452992)(2000012    1207.92106828784)
9 1      - (2000002    16025.0116781792)(2000211    1886.42464101759)(2000201    12613.4685754799)(2000001    2852.98808488703)(1000000    28584.887896603)(2000111    3751.44484147529)(2000012    2412.88890647324)(2000101    6177.45204427123)
1 7      - (2000001    67.46954138487)(2000101    -327.866809213328)(2000111    -774.341490475856)(1000000    1145.74749222197)(2000002    -117.35242960407)(2000211    -1284.52513290938)(2000201    -184.780487582761)
10 0      - (2000002    27569.2396540469)(2000001    29484.9076177181)(2000201    27832.0703281937)(2000111    27633.0268014254)(1000000    28968.9354452146)(2000012    6069.6965650659)(2000101    27699.3240220857)(2000211    27666.7647683268)
1 9      - (2000012    2554.28522406001)(1000000    27393.7085221995)(2000201    28852.3010527236)(2000001    7883.62040524897)(2000002    29477.0735288822)(2000211    6118.84131683251)(2000111    5754.70969185004)(2000101    28266.2635738808)
11 0      - (2000111    14511.9766893284)(1000000    21735.6018424173)(2000001    12656.3457122921)(2000201    17185.4809855773)(2000012    9853.90711317572)(2000101    25063.6003289643)(2000002    29327.1683122676)(2000211    11335.9333304108)
0 6      - (1000000    -757.972396763556)(2000101    -1632.34850213791)(2000001    -1247.37018671699)(2000201    -1046.23056124959)(2000211    -1494.08587939204)
1 8      - (1000000    29338.4576359293)(2000001    4229.37117548111)(2000012    13043.9043207623)(2000211    11155.3673771708)(2000111    15012.4583104139)(2000002    23934.6083157677)(2000101    20598.0670964029)(2000201    21364.0439522938)
12 3      - (2000001    914.766027071121)(2000211    41.7091946979681)(2000201    760.801313103136)(1000000    1920.82740189761)(2000002    5098.8973710139)(2000101    1161.61320073255)
11 1      - (1000000    12685.1480823889)(2000111    13304.6784648214)(2000012    2169.75805764021)(2000001    7508.82208055143)(2000211    15396.3487487434)(2000101    13470.4190253713)(2000201    16185.5783747474)(2000002    28635.0645673509)
1 11      - (2000201    16466.0086721259)(1000000    28815.9890706957)(2000211    6032.64892960508)(2000101    17356.4600484544)(2000012    3537.25623037909)(2000002    16286.7395412945)(2000001    9754.48392653299)(2000111    3214.20820890197)
8 2      - (2000101    2500.50169930803)(2000001    4503.41670958353)(2000121    -1360.92023182342)(2000211    2326.77737099805)(1000000    24592.9602567251)(2000002    10700.47915115)(2000201    7245.78182303385)(2000111    1594.71034203239)
7 0      - (2000002    2249.88871170763)(2000101    457.195784112497)(2000012    37.7673847457031)(2000201    1045.63313294155)(1000000    2827.66355331308)(2000111    -313.477811314833)(2000211    1550.86646615182)(2000001    -254.640463476873)
9 0      - (2000012    4540.73810529867)(2000111    2013.57748178802)(2000002    4733.42178466006)(1000000    20650.7620096202)(2000101    7574.9000603156)(2000211    4682.27776862084)(2000001    4045.406661579)(2000201    8342.35466353265)
13 0      - (2000002    3137.89253806466)(1000000    13307.1124154829)(2000201    1174.13559901731)(2000001    1220.61946855743)(2000111    1052.75881018541)(2000211    451.353464703613)(2000101    2826.90398962673)
12 0      - (2000201    13522.9022204208)(2000211    22157.0881132032)(2000001    20637.7558154104)(1000000    28869.0596749153)(2000111    16923.0873977749)(2000002    21102.1277982582)(2000101    20207.2687932823)(2000012    11152.844840783)
2 7      - (2000211    -120.40722167909)(2000111    -26.0655695502786)(2000012    -312.625129310142)(2000101    2021.65988441941)(1000000    2384.78440995922)(2000002    1239.86617170555)(2000201    -71.9832135291225)(2000001    86.7685228075859)
13 1      - (1000000    7532.52456266195)(2000211    1301.47884312677)(2000101    767.427684804045)(2000201    1144.25303139753)(2000002    1506.94715654431)(2000001    2219.36655114173)(2000111    3065.97560745347)(2000012    818.782116976784)
3 8      - (1000000    2320.77693586455)(2000002    2219.34437978265)(2000001    2336.8703874228)(2000111    796.537018505132)(2000201    1748.84106642886)(2000012    332.641931071929)(2000211    2101.13652796273)(2000101    2117.8008456517)
0 14      - (1000000    21741.4599584165)(2000201    11907.5925910744)(2000002    5864.6425528597)(2000211    -818.074309257285)(2000111    9088.73350414787)(2000012    46.723350420346)(2000101    8365.23822036571)(2000001    5110.31016658894)
1 13      - (2000012    -833.328313421401)(1000000    19377.8369390634)(2000002    5176.25788007385)(2000211    1402.58201380271)(2000201    1255.55735379376)(2000101    2760.85769425692)(2000001    3543.13306638659)(2000111    3659.78744070376)
12 2      - (2000201    23532.5645310561)(2000211    19795.6227233499)(1000000    21834.6962680679)(2000001    15398.937288742)(2000002    29201.6361861266)(2000101    22264.5044564575)(2000111    24698.4358532211)(2000012    17137.95254152)
2 8      - (2000111    5355.46693676416)(2000001    2801.43998369673)(2000012    6812.7338017708)(2000101    9631.56427841095)(1000000    15241.2747383991)(2000002    8770.63912610721)(2000201    28041.5319339996)(2000211    12263.5821458105)
9 4      - (2000001    -500)(1000000    2326.9670352542)
13 2      - (1000000    2479.17943674846)(2000201    973.939437691616)(2000211    295.692535031858)(2000002    360.508801405589)(2000001    2504.03287717917)(2000101    -22.586824047856)(2000012    724.450746325742)(2000111    822.775623639378)
0 4      - (1000000    29816.2441620585)(2000001    3305.59996515978)(2000101    7305.45936402728)(2000002    12509.4360655733)(2000201    12899.8764025008)(2000211    214.008465735794)
7 4      - (2000211    -875)(1000000    2565.42472275772)(2000001    2516.66522099851)(2000101    1407.2339151838)(2000002    1276.20519895036)
0 12      - (2000201    10709.4531479214)(2000111    6654.90330250135)(1000000    27894.5304255555)(2000101    18240.492893087)(2000012    -149.886339436178)(2000002    3365.94332471046)(2000211    2180.49506268643)(2000001    9051.45767453264)
4 10      - (2000001    1750.07548420677)(1000000    1559.25423255052)(2000101    1152.32953024266)(2000111    553.651510717149)(2000201    613.417062492969)(2000002    1035.78795221816)
7 1      - (2000001    -55.9747230989081)(2000211    -183.888391220445)(2000101    1067.91078448571)(1000000    2083.93095233403)(2000002    -60.0907734636372)(2000111    -92.4963235316682)(2000012    2549.45315591629)(2000201    407.695788465956)
2 9      - (2000012    12295.3002716817)(1000000    29186.9455943948)(2000001    9237.9997476103)(2000201    22793.0067035184)(2000002    17602.2181695353)(2000101    15830.442783062)(2000211    9795.07198074693)(2000111    14565.304738821)
2 10      - (1000000    18681.1362852019)(2000001    10704.2378081535)(2000201    21151.8652121014)(2000211    15819.801623806)(2000101    16655.0743470865)(2000002    29058.2972504897)(2000012    8295.80616838237)(2000111    17908.0233962142)
13 3      - (2000101    150.863518760459)(2000201    749.837551238567)(1000000    5335.81876983085)(2000001    1498.58811919051)
10 3      - (1000000    2915.55501990731)(2000211    1859.15368820383)(2000002    3422.85229019608)(2000201    2375.14670074418)(2000101    1544.16478855142)(2000001    2595.57277073359)(2000111    1560.79566578701)(2000012    863.502279188623)
5 0      - (2000101    6736.4140676089)(2000001    784.277669864602)(2000012    11.1116001984956)(1000000    29781.5602712174)(2000201    12702.7709002239)(2000002    5741.0843902811)
14 1      - (2000101    657.845914711583)(2000002    1710.03982461766)(2000201    1675.9526595111)(1000000    10952.2874282302)(2000211    583.309358793444)
3 7      - (2000012    385.340303574851)(2000101    -861.353393268229)(2000201    -808.703823961034)(2000002    890.169413074315)(1000000    2533.74713271669)(2000001    794.611561756324)(2000111    742.713455820588)
14 0      - (2000001    6064.17628917966)(2000101    -490.645732824299)(2000201    -693.814992196278)(2000211    1042.47617013795)(1000000    15540.898370377)(2000012    -115.767972793893)(2000111    411.631408933863)(2000002    1743.9514562375)
3 12      - (2000201    1160.7376859609)(1000000    19072.3886698015)(2000101    3156.4805890443)(2000002    4412.4836184238)(2000111    3206.89757318054)(2000001    5762.33465550631)(2000211    3811.25409145515)
6 3      - (2000211    -60.9527867179908)(2000201    74.7518735639121)(1000000    282.184664208268)
4 8      - (2000001    1459.66074808264)(1000000    2367.35327960407)(2000201    625.459825326155)(2000002    1152.07025603671)(2000111    1274.63462375645)(2000101    1008.948820426)
0 13      - (1000000    22316.5912161647)(2000201    4879.75863549236)(2000101    5047.26019970936)(2000012    -123.303201671087)(2000111    -88.4137837758558)(2000211    3342.40381425544)(2000001    8594.57744932768)(2000002    4618.15365509113)
3 14      - (2000001    1093.36185471773)(1000000    22814.8228946681)(2000111    3503.84968144256)(2000101    3926.12471501018)
7 3      - (1000000    2114.56199441)(2000211    446.998863494956)(2000001    2716.85417222014)(2000002    2125.93108496745)(2000101    1800.6785601444)(2000201    2127.86198091009)(2000111    1062.71931265499)
3 10      - (2000101    2442.18988447324)(1000000    2176.14486289614)(2000002    2316.6561107077)(2000211    1698.32462932869)(2000001    2355.86980917976)(2000201    2560.83047941321)(2000111    2470.93926795937)(2000012    2052.12025670716)
2 3      - (2000201    12613.3273821082)(2000101    13150.9142728666)(2000001    16723.112107053)(2000002    10525.313370086)(1000000    28820.352675206)(2000012    -344.318004399594)(2000211    444.890138435758)(2000111    990.610393134474)
5 1      - (2000211    -1789.28665467008)(1000000    22550.349266678)(2000101    2585.75894867476)(2000201    4586.21253958918)(2000002    1012.51934264654)(2000111    304.24680492866)(2000001    1167.30178935456)
8 3      - (1000000    2122.62790948226)(2000111    4486.20266477094)(2000101    1492.69034945565)(2000201    2742.70771683109)(2000001    2558.89360839531)(2000012    17325.0227925307)(2000002    3277.92073544607)(2000211    2883.74841163808)
4 7      - (2000211    -1190.4639589033)(2000012    -113.009851147469)(1000000    2510.26189023595)(2000002    1409.41055416812)
6 0      - (2000101    -911.589661289499)(1000000    -112.997190671174)(2000201    -834.193993503323)(2000111    -321.332175239061)
4 6      - (2000002    -845.58106554099)
6 4      - (2000201    -750)
5 2      - (2000111    -717.354123403809)(2000201    3745.55249953433)(2000101    937.33370261118)(2000002    1136.41560513196)(1000000    2494.38340860528)(2000001    1740.08854213312)
1 12      - (2000111    2595.84492857665)(2000001    11062.6990636037)(2000201    12635.6845275626)(2000211    3787.12148239755)(2000002    4946.95275136223)(2000012    799.290393960384)(2000101    12820.4866388509)(1000000    26979.6855371268)
7 2      - (2000001    155.231755573112)(1000000    2463.37952288879)(2000201    1306.72805636608)(2000101    1332.22719172837)(2000002    2488.70765017675)(2000211    -736.639868788579)(2000111    94.29477789048)
6 7      - (2000201    1751.13769193543)(1000000    6842.30857039888)(2000001    2185.09725236602)(2000012    3392.93355783)(2000111    1430.69719993285)(2000002    2078.9811592983)(2000211    1614.57610023525)(2000101    1734.98855749764)
9 8      - (2000101    1396.11174043352)(1000000    10638.0553508723)(2000201    1773.69924533557)(2000012    3422.73043638969)(2000002    1996.48611728117)(2000121    1391.4162239749)(2000111    1582.24418778146)(2000211    1801.54242119332)(2000001    2136.32167343478)(2000221    1038.17040340042)
8 11      - (1000000    1150.48257851427)(2000111    -136.469101763154)(2000012    18879.0210055682)(2000101    4537.44052085508)(2000002    2472.81945417795)(2000121    713.077135068934)(2000211    895.533689201658)(2000001    1371.46416860585)(2000221    1751.83169963863)(2000201    1552.63166309345)
9 9      - (2000111    1422.49548080236)(2000211    1946.89926585246)(2000002    2036.9176088995)(2000012    3157.74428569814)(1000000    1703.98914609029)(2000101    1547.89399868255)(2000201    1954.58541586915)(2000121    1561.6198208762)(2000221    1744.94507899829)(2000001    2129.97745207755)
2 12      - (2000002    16649.5429774753)(1000000    8883.8649778611)(2000211    2998.59415825573)(2000111    2847.40553164964)(2000001    6288.39016216786)(2000201    5146.7520755475)(2000012    1454.97716721411)(2000101    3352.36492016988)
9 10      - (2000002    1130.43172639969)(1000000    627.508435308501)(2000211    1108.57966751037)(2000012    3597.88700519523)(2000201    763.220683947636)(2000111    319.840945358015)(2000101    1088.5102560661)(2000221    172.658155325033)(2000001    1813.22102329364)(2000121    -781.118121740052)
7 8      - (2000211    1309.07798295602)(2000101    6556.0680024036)(2000012    2568.21903018189)(2000002    9952.72834297823)(1000000    1624.75098331831)(2000001    7578.24713984672)(2000201    1180.49630836882)(2000111    1542.64325497199)(2000221    340.29005836377)(2000121    268.942911536991)
11 8      - (2000211    14222.0243453392)(2000002    18205.2742116203)(2000101    18529.9322162587)(2000001    19794.0131761654)(2000012    29027.5119670055)(2000201    17735.5971435497)(2000111    9760.01214359149)(2000221    17485.8353567171)(1000000    12843.9876068214)(2000121    21078.3427232431)
8 6      - (2000211    14.4080873952089)(1000000    6573.56506678156)(2000012    4151.0598250416)(2000001    -439.683683926168)(2000201    -1024.54436871782)(2000002    12563.3443741311)(2000101    378.384546792806)(2000111    -822.106825929352)
12 9      - (2000002    11745.6948587579)(2000211    10656.8288882284)(2000201    10735.8440062514)(2000101    17842.2068874931)(2000111    16526.7268116324)(2000012    29022.2486171761)(1000000    12210.091625161)(2000001    11356.2937658763)(2000221    16408.7054834662)(2000121    11685.3468826947)
6 12      - (1000000    20199.1576242364)(2000201    23083.7984977835)(2000101    19618.1216809328)(2000111    16191.1826598891)(2000001    22720.576047676)(2000012    29343.5601269983)(2000002    20301.9093306408)(2000211    19335.9520830469)
8 9      - (2000002    1725.53377848643)(1000000    1988.55427735901)(2000111    1096.79210274589)(2000012    3343.15675791518)(2000101    1874.92049002167)(2000211    1393.02016783554)(2000221    630.906189769306)(2000201    1689.57293982623)(2000001    2457.920790882)(2000121    5.67090939998462)
6 13      - (2000211    10460.0715723992)(2000012    29178.9553022904)(2000111    15943.227052772)(2000002    12928.096972267)(2000201    17139.6951210642)(1000000    6658.56681677375)(2000001    13242.0161980329)(2000101    7806.01912908686)
12 7      - (2000111    1563.50407294918)(1000000    1656.77901368715)(2000101    1565.37146718992)(2000002    3207.8732189184)(2000012    18332.083215976)(2000001    2390.53689147763)(2000221    -975.917462393354)(2000211    1881.9682149981)(2000201    2694.05365681438)
11 7      - (2000012    29187.8168932459)(2000002    14556.9580280263)(2000101    15462.3629067182)(2000201    8492.21620077547)(2000001    18499.6245331738)(2000211    16368.5427177296)(1000000    15048.1224262161)(2000111    12038.1698692798)
12 10      - (2000111    9826.26959644988)(2000001    3696.50481684699)(2000201    5968.4879243114)(1000000    8525.02981131353)(2000012    27747.0671354633)(2000211    1401.309449019)(2000101    332.797434412631)(2000121    -603.416143571269)(2000002    10129.3786198842)
7 6      - (2000101    525.561456054216)(2000001    1470.70893668433)(2000002    2771.53557727255)(2000211    1396.28108749687)(2000201    1635.05971242764)(2000111    1958.87146982819)(2000012    5356.55090821042)(1000000    1780.78202546992)
12 6      - (2000101    18988.5877688774)(2000002    22918.8819579447)(2000111    22828.0550582236)(1000000    21693.5604645371)(2000012    29366.3719786279)(2000201    20342.3981095187)(2000211    18643.5501072007)(2000001    23321.5740903066)
12 11      - (2000001    12572.6815548031)(1000000    14589.3723001735)(2000111    7743.80271846067)(2000002    7136.15456732569)(2000201    6470.74783211278)(2000012    28431.5114651343)(2000101    18013.9808344635)(2000211    6753.41463329358)
10 11      - (2000001    2722.65017803839)(1000000    3515.37050296624)(2000012    24195.9796635179)(2000211    2594.66039448066)(2000101    5786.45863760544)(2000002    1400.9028861822)(2000201    6362.77798265091)(2000111    7220.8087987475)(2000121    -4.65036642711999)
11 2      - (2000201    17310.7877976472)(2000001    15544.4624929111)(1000000    14459.4219855437)(2000111    12406.1570218283)(2000211    16745.4599181671)(2000002    19446.2813076967)(2000101    28528.590560962)(2000012    7609.91830998976)
11 13      - (2000012    27932.0459106997)(2000002    7064.93637690641)(2000201    5054.90159402515)(2000001    7297.70611642348)(2000211    10892.5432794936)(2000101    13647.7821690977)(2000111    7094.45325561718)(1000000    3296.80953733707)
1 5      - (1000000    20342.8807160289)(2000101    603.673426520732)(2000001    64.62669067058)(2000002    1688.00533430179)(2000201    1293.61324048181)(2000111    1365.72537785878)
2 4      - (2000001    4765.75021911971)(1000000    24714.1591120116)(2000201    12027.413965396)(2000002    7029.86125555224)(2000101    7582.90789317178)
11 9      - (2000111    -1076.73404108322)(2000201    1239.21610668463)(2000211    6224.29455634043)(2000101    2627.1564490976)(2000001    2215.51223734462)(1000000    452.051440695458)(2000121    2480.86742517913)(2000002    2261.7053089985)(2000012    21919.0134871441)(2000221    474.035146553193)
10 12      - (1000000    7208.55382887239)(2000211    5735.40868976711)(2000101    -1423.39247600523)(2000201    8623.76400961153)(2000002    5497.06504003442)(2000111    11386.8245976588)(2000221    -1054.74712377899)(2000012    28610.9303483379)(2000001    8965.7329407101)
8 8      - (2000101    20726.4392219971)(2000111    26238.1525325214)(2000002    22633.8896318959)(2000201    16356.7833096129)(1000000    19183.7672576976)(2000001    21204.6935616847)(2000211    17461.2651130677)(2000012    15341.1499986245)(2000221    721.319013211515)(2000121    668.134691455577)
9 11      - (2000201    1577.03079296805)(2000012    17210.3573647695)(2000001    152.662118078536)(2000002    2159.87783666586)(2000101    1384.26526193783)(2000111    1521.36072290914)(2000221    611.973134020206)(2000211    921.537866091786)(1000000    1657.12637886113)(2000121    1633.46657244182)
3 13      - (2000101    -215.754256047411)(1000000    18231.1848547355)(2000001    2728.69001300852)(2000002    438.983552307779)(2000201    1977.40180090535)(2000111    3054.11653523657)
5 11      - (1000000    21234.0983435746)(2000012    29401.1896370281)(2000201    21314.5074036218)(2000002    26356.0545624571)(2000101    22183.4982960894)(2000001    21290.1137218533)(2000211    21441.8480966698)(2000111    22522.6487927173)
5 7      - (2000012    885.539795802141)(2000001    -524.272800530913)(2000002    -137.009157730434)(1000000    -1063.57616131866)(2000101    -1101.2520911272)(2000211    -1107.5753791899)(2000201    -952.445799771028)(2000111    -940.159744815431)
8 7      - (2000002    5211.51222141626)(1000000    3821.0470418499)(2000211    830.487795362303)(2000012    21890.1679637209)(2000201    3785.10040319509)(2000001    747.337466714916)(2000101    2485.82173962405)(2000111    1889.69956367809)
11 10      - (2000002    3217.25670728304)(2000211    3011.55720443262)(2000012    3675.6415728515)(2000221    -465.128062718305)(2000201    12597.9279213535)(1000000    2416.67828945059)(2000101    1810.17014476287)(2000001    3938.65627207041)(2000111    2709.86135107469)
11 6      - (2000002    26489.9643034)(2000101    23901.2426792447)(2000201    21124.2825032171)(2000001    25103.6997570785)(2000012    29433.7076687436)(1000000    25453.6929817095)(2000211    18364.3684040034)(2000221    -697.1895047916)(2000111    25020.4157595358)
11 11      - (2000211    8237.80973556876)(2000001    6361.74869296528)(2000012    26917.2315290674)(2000002    9207.78683957469)(1000000    7235.14227692629)(2000101    3206.31819838364)(2000111    6264.8062482839)(2000201    8047.13251322993)(2000121    -387.121623699866)
7 11      - (2000002    1279.89845020167)(2000012    28605.2542935766)(2000001    2643.80951590634)(2000111    7264.5329115564)(2000211    1694.40570521443)(2000201    674.736676021604)(1000000    11176.9320194106)(2000101    5926.67075942106)
1 10      - (2000002    28091.78231472)(2000101    10827.8534700405)(1000000    24035.8388049806)(2000201    9161.27238143019)(2000111    9649.21576944874)(2000211    10904.3583373777)(2000012    4221.90141610199)(2000001    3658.03827704274)
6 11      - (2000111    24680.3184856427)(2000012    29429.3296944932)(2000211    18714.03594332)(2000201    24960.4277386803)(2000002    26657.5898952588)(2000101    25234.0851378246)(1000000    25070.6704010483)(2000001    23963.336605732)
8 12      - (2000101    -583.520196212198)(2000201    362.279844906129)(2000211    -423.08856941665)(1000000    -450.047818397366)(2000001    502.900559413565)(2000012    2289.55762925809)(2000002    529.19595615806)(2000111    -407.720677785606)
0 9      - (2000001    3268.8512405403)(2000012    2649.03233280998)(2000111    2180.10578123007)(2000201    25821.8368715099)(1000000    29437.6788969463)(2000002    21690.2437230988)(2000211    2844.95745457847)(2000101    22892.9262571545)
12 8      - (2000002    645.88922984387)(2000221    -972.951614415386)(2000201    -126.674970440735)(1000000    -750.669402913894)(2000111    -802.356064063095)(2000001    793.141374971555)(2000121    -951.540339782774)(2000101    340.862198122164)(2000211    5230.91623990616)(2000012    11791.7342859886)
12 14      - (2000201    -678.295974829132)(2000012    1327.8653031127)(2000001    399.228466338159)(2000111    543.467534790337)
10 1      - (2000002    8447.58087426483)(1000000    28137.8069545407)(2000012    8186.33065155736)(2000001    12182.2110206743)(2000101    8899.7305089889)(2000111    8215.20154074635)(2000211    8989.90290263034)(2000201    9284.83904201756)
10 5      - (2000002    14690.2051326734)(2000201    825.251863957645)(1000000    -800.676864219214)(2000111    264.790441601739)(2000211    -353.108746081351)(2000001    -1071.44653985642)(2000101    -410.122300649987)
7 12      - (2000211    870.463917022624)(2000221    -1204.4436201235)(2000111    164.403647959814)(2000001    584.684186409051)(2000002    1451.93293373453)(1000000    1274.14937590766)(2000101    5536.51458361019)(2000121    -849.937365404346)(2000201    1395.63399572315)(2000012    21228.0439609901)
10 6      - (2000001    25622.3580974944)(1000000    25145.9338089114)(2000002    24499.1668315599)(2000211    21688.8035876775)(2000012    29457.5786842523)(2000201    22327.890821163)(2000111    24372.2700567026)(2000101    25165.6346820083)
11 5      - (2000002    28093.6133473942)(2000201    -883.705970152964)(2000001    751.4152543663)(1000000    -221.104494330713)(2000101    -235.4119552458)(2000111    199.500720397137)(2000211    1558.82761922283)
13 12      - (2000001    10485.9858664355)(2000012    28585.5893541611)(2000111    14585.5778853956)(2000101    12176.0986768694)(2000211    9866.34232365135)(1000000    4833.20771350041)(2000002    20182.3419627791)(2000201    10452.2798297023)
13 9      - (2000001    7690.46220561889)(1000000    4339.802621528)(2000211    9149.07569159122)(2000002    6774.586790579)(2000201    10655.6622716459)(2000121    5188.11222504817)(2000012    28972.1954937996)(2000101    9274.08492257807)(2000111    10308.1535584535)(2000221    7499.88722478247)
10 8      - (2000002    14275.7118936319)(2000101    11846.669066931)(2000012    29038.1452859276)(1000000    8288.73942408163)(2000121    7747.33933154383)(2000211    9132.86320879348)(2000201    10073.3338083135)(2000001    8532.99440401958)(2000221    1988.4295694128)(2000111    8298.84144311639)
12 12      - (2000211    12094.9780735354)(2000201    7256.7833300881)(2000111    13838.605797599)(2000012    28845.1030679417)(1000000    17411.0559522134)(2000001    13159.1534376989)(2000101    15812.3888135523)(2000002    18153.1259412349)
5 9      - (2000201    17900.5118279626)(2000111    11009.3444161511)(2000211    13600.3862805336)(1000000    12085.9415667793)(2000012    29283.8569088246)(2000002    18559.3818188798)(2000001    22146.225611023)(2000101    14983.0572403117)
10 4      - (2000201    -741.497019467441)(1000000    -805.424776171883)(2000211    -829.319059987393)(2000101    -384.464534597181)
13 11      - (1000000    6638.93561038238)(2000002    14846.5111224999)(2000001    2573.20417881434)(2000211    4830.61216612665)(2000201    10106.5665526784)(2000101    10787.7007691537)(2000111    6226.24647728115)(2000012    27878.4385139943)
13 13      - (2000211    -706.638624930708)(2000012    2583.27368657183)(1000000    -281.638280412569)(2000101    -663.197841021492)(2000002    253.22806187813)
14 13      - (2000101    -805.424776171883)(2000211    -149.957333379155)
5 10      - (2000211    23615.3371650742)(2000101    26663.4580969773)(2000111    19392.8812279651)(2000001    23841.1287681541)(2000012    29433.1356300874)(2000201    23527.7752958922)(1000000    26442.5735921984)(2000002    26898.0542705216)
4 0      - (1000000    30056.5417193748)(2000101    14271.7319858924)(2000002    18106.841210127)(2000001    3141.06768968752)(2000201    18661.4378852915)
4 3      - (2000201    1172.69072730217)(2000002    1134.15581894033)(1000000    2138.13652076497)(2000101    3669.74773928152)(2000001    757.559638181491)
8 5      - (2000001    -486.119689392987)(2000211    -1012.3380604105)(2000012    281.302467734202)(2000101    -664.954721846006)(2000111    -735.311916758706)
14 11      - (2000201    -1091.27830455611)(2000001    1318.44821424415)(1000000    -348.775202736865)
7 10      - (2000012    28251.9813496712)(1000000    3922.24852152123)(2000101    4093.26093787186)(2000201    7201.09069040979)(2000221    -601.892790945523)(2000001    1847.96729307391)(2000002    4819.51148017076)(2000211    2755.25275737181)(2000111    3069.0990061388)
4 11      - (1000000    -1333.29585833547)(2000101    -1093.64986173364)(2000001    -561.099492850336)(2000211    -757.841697718021)(2000201    584.39643370439)
6 9      - (1000000    -631.836522943303)(2000101    6390.88885802866)(2000211    9451.99797877131)(2000001    4355.49391677255)(2000012    28834.1310155011)(2000111    5799.11042429768)(2000002    2028.35098676595)(2000201    194.991886444384)
9 12      - (2000111    8064.35078807558)(2000012    28812.6558055418)(2000211    6094.43744062146)(2000221    7568.61367056964)(2000002    6731.2226450502)(2000201    10053.9459764341)(2000001    36.4062536627521)(2000101    7800.80577781228)(1000000    11305.0970630402)(2000121    3181.17757434094)
9 7      - (2000001    6489.79753746622)(1000000    -293.626520105781)(2000101    -1016.37450577633)(2000201    -570.297143251028)(2000211    462.539651250177)(2000111    1422.30151086631)(2000012    1324.45947927568)
5 8      - (2000001    -910.384622462353)(2000101    5461.29239566145)(2000201    -1453.62972466377)(1000000    -1280.78354627248)(2000111    -1813.67173936039)(2000012    24538.8444579764)(2000002    102.781759172165)(2000211    810.717296116928)
1 14      - (2000002    3714.91957837598)(1000000    8206.0365158322)(2000201    12260.9465545508)(2000211    1569.40575008626)(2000111    7089.48383022678)
9 2      - (2000012    619.754302194532)(2000101    2085.77238730353)(1000000    25903.9356634323)(2000211    1940.45916854381)(2000002    2547.6714698865)(2000201    2010.29075568119)(2000111    3566.71981646607)(2000001    3428.44072245408)
10 10      - (2000111    23968.828409802)(1000000    21789.5709388161)(2000121    -479.298880037957)(2000001    24875.3209672721)(2000211    19097.6615572313)(2000012    28774.3319219815)(2000201    22732.5045665795)(2000002    22413.8893146479)(2000101    18190.7451824179)(2000221    228.285921753856)
5 12      - (2000101    712.897156365792)(2000201    186.591544113191)(2000012    14013.2400082889)(2000221    -419.467139894287)(2000111    1529.52801584776)(1000000    1802.22038789443)(2000211    472.319837956232)(2000002    2489.25986023199)(2000001    2470.27546549288)
10 2      - (1000000    9436.62823352965)(2000002    13708.462753394)(2000211    7038.5859332626)(2000101    15214.4216054597)(2000201    2515.92892457964)(2000111    28519.8144987011)(2000012    4761.90525812445)(2000001    12013.0685464874)
12 5      - (2000201    -1000.53306342702)(2000101    2161.47306578777)(2000211    1031.79530407614)(1000000    793.583471690493)(2000002    -1008.84161380329)(2000221    -557.948861377655)(2000001    674.362035773853)
6 6      - (2000201    -210.170876590444)(1000000    1207.69150465171)(2000012    2482.57033612984)(2000002    891.899749657664)(2000001    1469.50608091884)(2000211    207.686611407936)(2000111    218.348035723176)(2000101    870.778175351517)
6 10      - (2000201    12844.5430653368)(2000002    13763.0238107069)(2000012    28931.1159593419)(2000101    20293.7076911853)(1000000    11473.9364964835)(2000211    9798.69355159325)(2000111    16268.9437373793)(2000001    16121.8668719291)
2 13      - (2000101    3444.50113824074)(1000000    10049.0800519303)(2000001    2747.9027495211)(2000201    6119.56802543734)(2000002    23641.5259249912)(2000111    6503.9512662758)
13 7      - (2000002    2382.02023607951)(2000012    27870.9925788969)(2000211    3755.87706877516)(2000101    1515.59113575293)(1000000    3966.08139630917)(2000201    1042.73667723474)(2000001    10376.9221386514)(2000111    2891.88658508607)
2 11      - (2000211    3313.95932781662)(2000101    2857.36826646375)(1000000    12706.8672285291)(2000201    26950.0739587785)(2000111    4329.45821417869)(2000001    5315.16250392074)(2000002    11443.1471152924)(2000012    891.364748200867)
7 13      - (2000001    291.542914736218)(2000012    3025.6827877822)(2000002    570.768231958923)(2000111    -190.848237246508)(2000221    -558.078894883499)(2000211    10.9504908796967)(2000101    232.865495018054)(2000121    -432.915594566581)(2000201    -352.616846297309)(1000000    -173.846683808435)
11 12      - (2000211    9107.23099132352)(2000201    4256.45969335739)(2000002    9103.59472792179)(2000121    -941.437598644425)(2000012    28050.4824849313)(1000000    3040.38717045075)(2000101    6379.41697962543)(2000111    8383.56651892371)(2000001    4970.94060017984)
7 14      - (2000111    205.111816965514)(2000221    -522.720993871461)(1000000    121.108693927732)(2000121    -760.403968222992)(2000002    1475.16508408273)(2000101    -111.166278538531)(2000201    -477.000051430028)(2000001    946.693233619458)(2000211    667.776450945371)(2000012    3976.08395049354)
3 9      - (1000000    2386.26212377287)(2000201    2289.18793489661)(2000211    7849.19633458765)(2000111    1663.76110701062)(2000101    2386.99359098088)(2000002    2339.76647472093)(2000012    1414.57610471382)(2000001    2264.15734748425)
14 8      - (2000012    1891.60922901569)(2000002    -776.157736564931)(1000000    -796.995712888398)(2000111    -229.409412990301)(2000101    -111.875097953757)(2000201    -335.69348537492)(2000211    410.653434565519)
13 8      - (1000000    104.614413750467)(2000001    786.782125294701)(2000002    1261.48831017385)(2000201    -254.641723940501)(2000211    305.563728352764)(2000111    214.701572298612)(2000012    4749.27225259698)(2000101    -44.3656335613486)
8 13      - (2000111    -644.329421308787)(2000012    3632.70921741735)(2000101    -354.192113034379)(2000211    -397.349878668086)(2000002    720.21483004403)(1000000    -434.223194197247)(2000201    -75.2109309623881)(2000001    768.371931810832)
0 5      - (2000001    258.342850257986)(1000000    24245.3442895405)(2000201    -291.416802500206)(2000002    4290.30812654809)(2000101    1428.06860882917)(2000211    -78.6342065284368)
8 10      - (2000101    7465.6511440607)(2000001    2707.60287494459)(2000012    21943.1797458949)(2000211    788.38312160152)(2000221    449.257876663945)(2000121    3884.87112629698)(2000201    5570.75539280156)(1000000    1626.58228463521)(2000111    2958.9669029481)(2000002    2179.72783992575)
3 11      - (2000001    3291.58172371332)(2000211    1296.1886335315)(1000000    3250.19661644835)(2000002    1207.88827367285)(2000012    304.831157790568)(2000201    1890.88087582861)(2000111    265.853012356105)(2000101    1869.55068604112)
7 7      - (2000002    7139.85483845462)(2000201    2017.1509749517)(2000001    6044.93430606475)(2000101    8454.76493198837)(2000111    1694.87588021083)(1000000    4977.64889823612)(2000012    23007.3003103377)(2000211    1654.58863912228)
11 3      - (1000000    27690.1927860122)(2000201    7455.71957656441)(2000211    8517.46309330221)(2000012    299.312268344886)(2000001    11158.4501617862)(2000002    13597.40800041)(2000101    1689.78173012042)(2000111    5991.61815004439)
12 13      - (2000002    18078.8011690842)(2000201    15272.4472300782)(2000121    -1104.97344346426)(2000211    9872.54138916697)(2000111    14047.2319999802)(1000000    16568.4408557322)(2000101    12948.474546335)(2000012    28845.4783671826)(2000001    11758.3137116402)
6 8      - (2000002    920.132615635221)(2000211    218.361730498643)(2000111    256.782317492274)(1000000    730.975428646801)(2000101    90.3827128236981)(2000012    6210.61447337963)(2000001    1363.914665345)(2000201    -0.525290030183271)
4 9      - (1000000    2653.20778954451)(2000101    514.133878371457)(2000002    1060.52905527627)(2000001    529.280347288594)(2000201    954.821205581186)(2000211    945.607314718465)
10 9      - (2000002    2544.89460691703)(2000101    746.378697568287)(2000001    2159.41672242212)(2000111    886.537462996315)(2000012    3584.06729807484)(2000211    979.3705754658)(1000000    1177.72776363061)(2000201    2194.81913953886)(2000121    195.322106083985)(2000221    664.765122175055)
4 2      - (2000201    10518.1921300303)(1000000    20639.906462477)(2000001    28297.2497640102)(2000101    8566.28214748566)(2000002    3770.49209153534)
9 3      - (2000211    2173.99591990936)(1000000    2357.58392660731)(2000001    2422.24658372102)(2000111    1079.7494428168)(2000002    9744.78507219713)(2000101    2388.46846497558)(2000201    2661.28273439357)
5 3      - (2000101    1735.39066008701)(1000000    1725.40726180219)(2000002    588.587592113634)(2000001    377.79390512076)(2000201    2213.42231703862)
13 10      - (2000201    6808.10300053144)(2000001    526.031779048771)(2000101    6727.66340281576)(2000211    5372.95535435492)(2000002    25494.9640373248)(1000000    4997.56804253677)(2000012    2997.72629485278)
14 7      - (2000012    28593.4182982709)(2000211    1384.92814596444)(2000002    13871.6352772097)(2000111    6380.35658925066)(2000201    1277.98382745527)(2000001    9610.71646232381)(2000101    8037.32266737415)(1000000    1327.69092401047)
12 1      - (1000000    18293.4052563176)(2000211    18696.2855816087)(2000002    29257.6897994942)(2000012    19518.0716903715)(2000201    23934.0216624499)(2000111    22613.9766418601)(2000101    15839.4534186761)(2000001    19373.8223476889)
9 13      - (2000002    -471.20085203146)(1000000    145.641681525598)(2000101    397.63125542253)(2000211    6996.38770276362)(2000001    1144.19996038118)(2000221    5472.57975838227)(2000012    28651.3374055626)(2000201    11282.6481447125)(2000111    5014.64505052856)(2000121    6478.89623310949)
10 7      - (2000012    29028.9706705896)(2000201    11617.1997235358)(2000111    3835.62951353683)(2000101    10200.8460245589)(2000211    7823.24740362832)(2000002    11491.6893663383)(2000001    6265.38671274213)(1000000    11734.0501740883)
5 6      - (2000001    -595.78697051658)(2000111    -1304.35021551559)(2000211    -911.266938392149)(2000012    406.89653634807)(2000201    -574.450041995293)(2000002    -48.7765786629913)
6 5      - (2000001    -468.236691845857)(1000000    -1442.33353591851)(2000211    -1573.90285743687)(2000012    823.067016840804)(2000101    -1315.0270092199)(2000201    -1214.53885691321)(2000111    -1098.11521978568)
7 5      - (2000101    -1106.33563711233)(2000002    -415.328083971701)(2000201    -1600.1463975002)(2000012    55.7332861070138)(1000000    -725.609450035161)(2000001    130.558614336919)(2000211    457.395805083945)
13 5      - (2000211    -886.321371109762)(2000002    -447.152746480064)(2000012    6072.08953390371)(2000201    -1009.21855944926)(2000111    207.986105802358)
14 9      - (2000101    -1163.68650564429)(2000002    4851.28408647627)(2000211    -1039.80133081406)(2000001    -1384.26097943052)(1000000    -507.564460084382)(2000111    -180.520911957496)(2000012    -234.104978954598)
5 13      - (2000001    1677.12735545016)(2000201    1648.83204324904)(1000000    1203.57194846214)(2000101    1523.38494623052)(2000111    1429.82440575054)(2000012    3507.56930588712)(2000002    2718.67551216072)(2000211    1872.47146958933)
5 14      - (2000002    1870.05663436264)(2000201    1448.74531055166)(2000001    2698.09576492627)(2000211    1909.29455389691)(2000012    3659.45171194275)(2000101    1538.54061611987)(2000111    1518.1589958009)(1000000    861.526493105789)
6 14      - (2000002    1739.23197816754)(2000201    1077.29869975814)(2000012    25406.1758177032)(2000111    7490.59678694684)(2000101    1562.90006609463)(1000000    1683.01606451609)(2000001    4730.75633358035)(2000211    7483.25372360329)
9 6      - (2000101    -33.8808964586094)(2000201    20.9701209212348)(2000211    433.423850891123)(2000002    1581.87004056115)(1000000    67.5601916293332)(2000111    6813.75941988055)(2000001    23180.1848369995)(2000012    9149.98272007561)
9 5      - (2000012    286.695448457415)(2000101    -898.246579388061)(2000211    -1422.94828283142)(1000000    906.013371069957)
4 4      - (2000201    346.087213413994)(2000002    2102.34653218107)(1000000    2566.30056589731)(2000001    -504.344329722009)(2000101    2572.08451407305)
2 6      - (1000000    -209.979748445045)(2000211    -323.774122078363)
13 6      - (2000111    17788.9231585247)(2000012    29224.8272966381)(2000101    19930.088229327)(2000002    10348.5911993051)(2000201    13785.586424961)(1000000    16555.610374067)(2000001    20326.5098637662)(2000211    14478.0468555877)
2 5      - (1000000    2977.32775886469)(2000002    -451.453624836962)(2000101    3234.62503681216)(2000001    -82.514745900034)(2000201    610.852061182127)
7 9      - (2000111    136.806080972421)(2000012    10164.4172892055)(2000201    740.696962316196)(2000002    -149.04509611601)(2000001    1089.70432275989)(2000211    740.596406437983)(2000121    54.082764859124)(1000000    925.209425229764)(2000101    2200.30942298264)
10 13      - (2000201    1846.34756269049)(2000101    -1103.71819434118)(2000002    26558.6359702831)(2000001    2028.94384046152)(1000000    7319.62962094395)(2000211    3091.83774382547)(2000012    1679.49200770233)
14 10      - (1000000    -1054.7277422815)(2000201    -984.531137158232)(2000111    735.760105591586)(2000101    -766.548743196658)
14 6      - (2000101    1430.55637904464)(2000001    2283.59459887427)(2000111    1058.52611434377)(2000201    1573.0980770307)(2000012    5366.61928448419)(2000211    1704.81851415326)(2000002    2214.56697653056)(1000000    1383.76375787343)
14 12      - (2000012    -24.0133863096952)(2000002    -570.869892109559)(1000000    -365.649052703868)(2000111    104.662605870386)
14 5      - (1000000    -1257.54891665484)(2000101    -1364.36656795361)
4 14      - (2000012    -83.3103076602944)
4 5      - (1000000    3238.3684874341)(2000201    1115.72544374645)(2000002    1746.69783613984)(2000101    162.819573533922)
8 14      - (2000111    -221.016713711989)(2000211    -273.918375639818)(1000000    208.189456521803)(2000201    -633.70978596324)(2000012    10954.0778906007)(2000002    1005.01926964605)(2000101    -317.190282154015)(2000001    144.879253168975)
5 4      - (2000101    446.761103289424)(2000111    55.7867527553578)(1000000    2950.69308464499)
5 5      - (1000000    254.793611291726)(2000201    378.318710410167)
11 14      - (2000012    9987.99820535651)(2000201    519.645851620005)(2000211    -591.213043745167)(2000111    -239.330293057897)(2000001    352.193584949136)(2000101    2200.71183192644)(1000000    577.183633834082)(2000002    1096.49254647276)
2 14      - (2000101    1008.05816459157)(1000000    20662.7254894784)(2000111    -55.5550116472486)(2000201    344.178262010968)
9 14      - (2000201    2555.54397807124)(2000001    1854.40631382332)(2000101    -815.26617307119)(2000111    2596.43911058383)(2000002    1117.30997259036)(2000012    27685.8366678866)(2000211    -556.621274614569)(1000000    1938.7865192533)(2000221    1848.59743669563)
10 14      - (2000001    678.313146537818)(2000201    -1230.00552353508)(2000101    -725.054157658581)(2000211    483.526803302912)(1000000    121.805962734584)(2000111    7900.61757335474)
14 2      - (1000000    3848.37483736502)(2000001    73.2388213042053)(2000211    1795.10284836683)(2000201    3792.50896922707)(2000101    3291.10670204374)
12 4      - (2000211    80.0720601057128)(2000101    705.983250982985)
13 14      - (2000211    -1186.14903540407)(2000101    -357.417729659206)
8 4      - (2000101    1957.14659809635)(1000000    2248.47837412066)(2000201    2344.76511577907)(2000001    2424.72590387852)(2000002    2522.59388510948)(2000211    1149.03852258741)
14 3      - (1000000    354.837129580322)(2000002    333.128680962142)(2000001    1327.78731314469)
4 13      - (1000000    691.541128389652)
13 4      - (1000000    395.279231040612)

