225
0 0      - (2000201    6492.11410926068)(2000001    6308.79224621853)(2000002    6301.94910228208)(2000102    5336.62516043193)(2000100    7103.48329306897)(2000200    5825.52218901449)(1000000    7069.86869097367)(2000202    6563.68307584044)(2000101    7098.18476573254)(2000012    6387.83714978505)(2000112    6089.34039998465)(2000110    6570.66233149316)(2000210    5824.29689087132)(2000111    -866.086595656326)(2000022    6017.00123141362)(2000211    -925.076213673563)(2000212    4443.89705284502)
0 3      - (1000000    5865.88207838769)(2000102    4825.98389784451)(2000100    5634.57439212275)(2000001    5512.72194782266)(2000002    6433.65467825257)(2000200    7009.42559599352)(2000101    7040.29228084283)(2000202    4956.86940547679)(2000201    5603.84174683602)(2000112    -1250.00634012945)(2000012    5611.90637534616)(2000210    4139.30013152204)(2000111    -1327.09552594698)(2000212    -1255.65553256133)(2000110    4708.77983825199)(2000022    -243.791452446507)
0 1      - (1000000    6327.77313878425)(2000102    5709.85232699511)(2000001    6039.85760930774)(2000202    5540.02332003054)(2000002    5738.21573330125)(2000201    5830.89480155138)(2000100    7126.6057776295)(2000200    6116.41467882922)(2000112    3422.52023536537)(2000101    7091.61465889592)(2000110    4692.59006871114)(2000210    5344.23380783131)(2000012    5451.9500927842)(2000022    1526.53638468607)(2000211    -1154.38907909866)(2000111    -1216.15394225187)(2000212    -865.269498634146)
1 2      - (2000201    5469.62198973577)(2000102    5126.05303458627)(2000100    7051.5261699515)(2000101    5918.85668706051)(1000000    6766.82497837526)(2000200    6216.51243985503)(2000202    4244.05711494487)(2000001    5714.65738705565)(2000002    5744.71596050338)(2000212    -787.745448626101)(2000012    5659.49122394372)(2000210    3772.38722738728)(2000112    86.1931699040862)(2000110    5592.68025474013)(2000211    -1074.35467630329)(2000022    -25.3612325903599)(2000111    -883.370863062727)
2 3      - (2000202    3806.131468873)(2000101    3986.03820820225)(2000102    7002.92039262497)(2000201    3763.7830122208)(1000000    2912.51544449842)(2000002    2427.16343617712)(2000110    2153.86197660445)(2000100    4380.83722376104)(2000200    4720.47193040422)(2000210    1609.94677092596)(2000001    3153.0813761726)(2000111    -1087.45334642078)(2000112    1443.15631290368)(2000012    4340.87681451218)(2000212    -232.400581790634)(2000022    767.593194391788)
3 3      - (2000111    -1205.72949885581)(2000202    3482.12993521622)(2000001    1269.05742930564)(1000000    858.40811115355)(2000200    2763.60705825358)(2000100    3444.85563515205)(2000101    1676.70353833253)(2000112    2743.5624053908)(2000102    6937.83297034282)(2000002    956.714361922724)(2000201    40.9629897836617)(2000012    1896.41247520073)(2000022    852.049976896447)(2000110    264.916316227941)(2000210    -202.302570847623)(2000212    2501.36403032259)
1 1      - (1000000    6924.83736541135)(2000202    5312.87300908709)(2000100    5916.35279200251)(2000200    5750.30798983278)(2000001    5509.50579487845)(2000101    6341.81990285324)(2000002    5334.39216251262)(2000201    5894.19798120082)(2000102    6988.58879364856)(2000110    6308.92541469875)(2000212    -854.020909811682)(2000012    5677.945576599)(2000112    3998.61422732004)(2000022    1387.68889733113)(2000211    -992.456861239873)(2000210    6191.49758264322)(2000111    -1241.72876272998)
5 1      - (2000100    6205.04275156424)(2000211    -1023.53443879613)(2000200    5972.37605003618)(2000201    6459.50262098965)(2000202    5750.26085510608)(1000000    6422.24746162727)(2000210    5468.4294975696)(2000112    -131.347610653544)(2000012    7061.89567738567)(2000102    6283.80986940987)(2000111    -567.912098526913)(2000001    6858.44443398209)(2000101    6515.64942503079)(2000002    6491.49563157149)(2000022    2830.08856485357)(2000110    2711.72143730329)(2000212    2149.68777174645)
1 0      - (2000100    7098.72648523826)(2000001    5861.76320087006)(2000200    5588.64443151546)(2000202    3350.03681749841)(2000002    6059.90251483338)(2000201    5252.5956068368)(1000000    6907.18752963403)(2000102    7087.70065562353)(2000210    4448.27658972474)(2000101    5206.47843766731)(2000022    2330.91451771309)(2000112    2632.22655299373)(2000110    4504.18678942097)(2000012    5504.40386708196)(2000212    1055.75848860302)(2000111    -1090.88737678321)(2000211    -985.723509250219)
1 8      - (2000002    584.63660032773)(2000101    410.370716483129)(2000102    -1311.35535819343)(1000000    7812.86472246971)(2000200    2721.86770014106)(2000202    -631.478371988688)(2000001    1490.53538300126)(2000100    1757.49415789989)(2000201    -396.45918925747)(2000110    -1200.70108681407)(2000022    -155.44892723324)(2000111    -598.892984494937)(2000210    -141.856524320971)
10 0      - (2000112    -1283.12751609909)(2000201    6047.87736365157)(2000212    -1242.04903281641)(2000001    576.106364455436)(2000101    6911.16704572522)(2000200    1380.63611855525)(2000202    1009.84106160008)(2000100    1533.1722804117)(1000000    8077.7428617284)(2000022    -182.475578139754)(2000102    410.653403869837)(2000012    -309.697135378978)(2000211    -819.799209304232)(2000002    6279.70203098696)(2000111    -1253.0054112402)(2000110    -1033.80691924941)
9 1      - (2000201    -1234.21981190847)(2000200    -1109.64227913849)(1000000    7487.55320747702)(2000001    -1194.45525338394)(2000002    2194.54807430055)(2000110    -581.173474344105)(2000102    380.909820053232)(2000111    -1173.76050056052)(2000210    -598.89879354781)(2000100    -367.482641830312)(2000202    512.048323385131)
8 1      - (2000101    2078.56117668083)(2000100    1167.99867745817)(2000201    750.666083206891)(2000001    1669.31452041521)(1000000    6386.36914365293)(2000012    -315.243082392726)(2000111    -581.173474344105)(2000200    539.357170179132)(2000110    -1166.47864525531)(2000112    -721.202532751377)(2000212    -954.616963539618)(2000211    -953.419317238789)(2000210    -603.521151023411)(2000202    -714.127899448535)(2000002    2831.15687692177)
0 10      - (2000102    1929.92682394634)(2000200    4898.16975479871)(2000201    5304.81848343423)(2000101    4317.80061347938)(2000001    3596.67979732369)(2000002    6797.48042272129)(2000111    -1296.09316199659)(2000112    -1472.78474456899)(2000212    -1356.7234875283)(1000000    7999.97551517056)(2000100    6794.9440787641)(2000202    1946.30809200325)(2000110    -1265.05205392184)(2000211    -1424.64836549076)(2000022    -203.75159147004)(2000012    19.4746979019762)
1 9      - (2000111    -1229.94651227523)(1000000    6923.4560003531)(2000202    -1041.98422034357)(2000210    -1029.58767859231)(2000001    -730.786555048081)(2000102    -1239.46845476581)(2000112    -1161.79445210134)(2000002    43.0785285216889)(2000101    -1123.59128497901)(2000201    183.163265437994)(2000100    -1116.96456980463)(2000200    136.871452695322)
11 1      - (2000101    1783.84624891515)(2000100    2299.37767116704)(2000111    -806.188977075662)(2000001    693.54352074662)(2000002    5900.29583660094)(1000000    7327.17434358839)(2000201    2858.99429980496)(2000102    -130.131003202074)(2000200    1346.39074614266)(2000202    1214.0544407508)(2000012    2252.58298685145)
0 11      - (2000200    7125.50246176948)(2000102    3942.33702592647)(2000212    -1481.01741920429)(2000100    7437.3936555121)(2000202    1845.78897178268)(2000002    6922.59959071813)(2000201    6162.30236968061)(1000000    7992.99493529867)(2000101    6361.47687903615)(2000001    -702.440479509573)(2000022    -33.9009782986046)(2000012    2116.56154773433)
0 7      - (2000001    -505.383017183241)(2000212    -1116.98317379236)(2000101    784.90943627235)(1000000    7257.45893731129)(2000210    -395.996982704019)(2000110    -1305.45444321366)(2000200    680.425026694246)(2000002    334.683257130217)(2000022    -341.332719112237)(2000012    -376.594451002086)(2000201    809.949563152545)(2000202    -333.512724882112)(2000102    -406.21424193)(2000100    554.944605288755)(2000112    -193.121963213784)
1 11      - (2000201    4995.11203989723)(2000001    864.114912411799)(2000100    3708.97931216767)(2000202    2616.71274085797)(2000101    3137.14009886239)(1000000    7905.49011957396)(2000112    -1218.94295688179)(2000102    4140.56027102929)(2000200    4989.74161874992)(2000002    5788.98810938099)
5 0      - (2000112    -541.841125395068)(2000110    491.485528720686)(2000001    4776.80536853604)(2000202    5535.19128910492)(2000002    7077.11794562085)(2000200    6562.18435737395)(1000000    6519.40738512624)(2000101    6275.51295267063)(2000201    5481.56319906249)(2000022    788.079938257882)(2000012    6213.56628965001)(2000100    6235.93461607014)(2000210    4341.14260123907)(2000102    5329.62740279231)
7 0      - (2000112    -1146.13037942162)(2000102    -511.097028704879)(2000101    2147.30335157798)(1000000    6869.50416997268)(2000002    3411.30997041687)(2000202    2436.91436379189)(2000100    4261.72165391753)(2000212    -1318.80118015202)(2000111    -1036.12985020298)(2000211    -1189.23936755939)(2000012    1992.30551470375)(2000201    96.3847726033881)(2000200    265.941299778385)(2000001    651.309100053672)
6 0      - (1000000    6978.27719549223)(2000200    4507.52292218181)(2000001    3289.38835726324)(2000202    667.736509554587)(2000101    4822.61502973503)(2000100    5304.41102533808)(2000102    3054.84138982754)(2000002    4470.29854261777)(2000110    -150.586300325631)(2000012    384.776961399745)(2000201    4441.11792245863)(2000210    -346.509518339142)
1 4      - (2000102    1436.69861436588)(2000202    -305.103114917985)(2000112    -1066.97144556842)(2000200    5255.96615524305)(2000100    6990.09077427495)(2000210    -121.661166557466)(2000101    5368.09898919033)(2000001    4759.47861139199)(2000201    4724.45832307805)(2000212    -1264.0116883211)(2000211    -910.029911637865)(2000022    -7.36517273069857)(2000002    5032.83926692116)(2000012    812.061008413697)(2000110    881.893048355117)(1000000    6440.04938561028)(2000111    -814.118570387379)
3 5      - (1000000    145.571338432857)(2000101    -762.478588654111)(2000012    -755.995883057099)(2000201    -930.326191144272)(2000002    505.340761901216)(2000202    -1064.35002309203)(2000001    -846.733561655219)(2000212    -615.810048946705)(2000112    -650.658465658826)(2000200    -369.746940455289)
12 1      - (2000002    2760.75604635674)(2000102    -906.348245)(1000000    7687.01441813132)(2000202    962.735665030777)(2000200    51.1609563937652)(2000100    -723.119553664499)(2000201    563.166946658278)(2000110    -151.685855158118)(2000001    991.458181550535)(2000101    3663.30430455139)
2 6      - (2000200    3584.08685715467)(2000112    -985.806919844345)(1000000    6603.37658303018)(2000201    3505.7849694041)(2000002    3827.92026594421)(2000101    2907.26068571043)(2000012    4935.4930977098)(2000202    1951.88899312491)(2000100    3549.98610885569)(2000102    2440.17925667589)(2000022    190.396397612675)(2000212    -124.628943503989)(2000111    -10.3672549291733)(2000110    370.788066487667)(2000001    3864.97684873393)(2000210    1744.35572822108)
0 6      - (2000212    -999.683551713503)(2000101    1941.65851687086)(1000000    4960.52308563185)(2000100    6306.95239156872)(2000201    1685.47100977534)(2000022    -245.384571924338)(2000200    -4.05306784626794)(2000202    476.924244756005)(2000102    678.162443816316)(2000001    1401.81450917616)(2000012    613.963125768343)(2000002    1012.53031941996)(2000210    -534.636628594411)(2000110    -997.863627593845)
6 2      - (2000022    -455.494154957404)(2000001    6139.32923526166)(1000000    7014.78795724146)(2000102    5750.25055589013)(2000200    6479.67410436976)(2000002    6563.18434740161)(2000100    6581.10858184857)(2000201    7029.39119824666)(2000202    6151.54777441929)(2000101    6262.75310363053)(2000012    6099.83499321402)(2000112    -211.320413540146)(2000210    2090.63223576323)(2000212    867.770937153073)(2000110    3086.91606147696)
4 1      - (2000112    -1216.20679262362)(2000202    1641.60984083698)(2000200    4721.85111161514)(1000000    7126.08880685056)(2000201    6445.10416910381)(2000101    5330.42482660252)(2000002    6244.44482896441)(2000001    5738.61596151375)(2000012    2066.97633157469)(2000210    -861.65075281672)(2000100    6545.83632998083)(2000211    -718.068263607535)(2000102    1397.47999977628)(2000110    -418.810948767371)(2000022    141.405967763022)
6 1      - (2000202    504.809505313598)(2000101    3360.52878523594)(2000200    5306.21799945323)(2000102    -411.574373420414)(1000000    7005.91461216079)(2000201    3972.96192813021)(2000110    -31.4612648091549)(2000022    -242.506425758434)(2000012    2233.02704921186)(2000100    4912.23810680892)(2000002    5567.17553059072)(2000001    3807.16859861052)(2000210    -101.112621141579)
10 1      - (2000100    1804.91201705743)(2000200    -14.4516089232249)(2000001    112.47016586041)(1000000    6920.30816361738)(2000202    -1753.76143839227)(2000102    -1554.18290625)(2000101    -127.558889713428)(2000201    2514.3579147144)(2000012    -69.565839131316)(2000002    2967.13676389146)
1 10      - (1000000    7141.10783429348)(2000112    -1162.5644465153)(2000100    -1510.10808349904)(2000200    -1730.96195190564)(2000210    -1366.08312278084)(2000202    -1333.24009365086)(2000002    -1102.91145652039)(2000201    -1446.33222099113)(2000101    489.63853152629)(2000001    -1193.71411902942)
11 0      - (2000002    8071.61262564508)(2000001    -549.738793312948)(2000101    4418.14003069245)(2000202    4487.32969874497)(2000012    953.237781201842)(2000100    4529.95956589401)(2000201    5269.92963503261)(2000200    2163.37844298224)(2000102    2894.99814180309)(1000000    7467.84820522399)(2000022    -162.849611593288)(2000110    -91.5724387748937)
6 5      - (2000212    217.700679952323)(2000002    6155.583931819)(2000001    -232.249623733089)(2000100    2306.90229274029)(2000200    869.768610840787)(2000201    146.739393091268)(2000101    284.348095945934)(1000000    -235.828573366003)(2000202    2250.92226501636)(2000210    -122.319725686552)(2000112    896.501497935796)(2000022    6627.96954638617)(2000012    368.760824726773)(2000102    1563.96728555746)(2000211    2293.73055490807)(2000111    1222.13665363858)
2 9      - (1000000    5384.9884535885)(2000110    -315.039951157873)(2000200    532.051321150482)(2000102    225.679438782252)(2000100    468.662783174882)(2000202    -1036.76640524725)(2000101    587.883198961429)(2000112    -597.168396363042)(2000002    735.987891701767)(2000001    584.306089739733)(2000012    1728.01282155489)
0 12      - (2000201    4231.63226398336)(1000000    7903.78994608651)(2000112    -1079.51571845804)(2000100    4193.73768673096)(2000002    4828.36962741999)(2000102    2497.74404225229)(2000200    5255.58991175704)(2000202    1740.97547116148)(2000101    2353.02524955407)(2000001    3291.13872257121)
10 2      - (1000000    6908.10948240788)(2000201    2129.12185656824)(2000112    -783.815747970802)(2000100    2622.4128229852)(2000102    -974.024738364141)(2000002    4664.43195804495)(2000200    3905.61227231843)(2000101    2268.84114395916)(2000012    1766.82698122557)
1 12      - (2000202    -18.0799576672613)(2000201    3037.40093213533)(2000002    5106.65268333482)(1000000    7885.23082940737)(2000200    2318.75924755465)(2000102    3721.78256760719)(2000101    1135.74029657158)(2000100    4706.57896276747)(2000001    2908.80143632488)
1 5      - (2000112    -1448.16589357832)(1000000    93.0443809172065)(2000202    -1226.28625497461)(2000201    -591.064622348404)(2000100    201.904365067319)(2000002    -1034.19090423568)(2000200    -445.649212427959)(2000211    -712.441169698199)(2000001    243.104188641458)(2000101    706.52488095327)(2000102    -406.94841250466)
0 4      - (2000002    5687.85213090465)(2000201    5199.23304783325)(2000202    3920.48874527919)(2000102    4066.42077926083)(2000100    6025.53851000654)(1000000    6872.46757832413)(2000200    6341.56372847008)(2000001    5827.92773963458)(2000212    -1215.35532227435)(2000112    -1234.34107693591)(2000110    2460.53392374044)(2000101    6185.98576786964)(2000211    -1182.2523297599)(2000012    5160.67289681324)(2000210    2764.52480708737)
2 11      - (2000002    40.9433395088144)(2000200    -1029.8483179731)(2000201    -1098.59778180358)(2000212    -960.351224845216)(2000012    -810.522873174244)(1000000    2209.70767919358)(2000100    -104.201856438255)(2000101    -1125)(2000102    -947.224952467448)(2000202    -598.99633681321)
3 9      - (2000101    2172.3938307111)(2000202    2065.14036252578)(2000100    3403.36592696623)(2000022    48.126429400469)(2000210    -280.319085788409)(2000102    1108.54340568278)(2000002    6820.2951434156)(2000200    3144.63250776456)(2000001    3584.04789003649)(2000012    653.824683984786)(2000201    321.182991840715)(2000112    -14.2176585628189)(1000000    2854.05321413819)(2000110    547.399608107203)
0 8      - (1000000    7982.76509660483)(2000100    4173.30311189453)(2000102    -1244.06478009823)(2000201    -1301.39922583426)(2000101    2535.2183803783)(2000002    4650.50602118215)(2000022    -376.386668364748)(2000200    3730.76271699694)(2000202    -305.833545402785)(2000001    4751.94202821359)(2000211    -992.705913010936)(2000112    -581.82837766784)(2000012    -386.875898668564)
8 2      - (2000102    -509.520491620834)(2000100    159.734512102962)(1000000    6434.79596316591)(2000201    1793.20186478437)(2000101    656.764883824763)(2000022    -291.718171755335)(2000110    -841.898790565526)(2000202    749.157975229494)(2000200    115.992937485581)(2000212    -361.495374862709)(2000111    -361.495374862709)(2000012    -310.019221505072)(2000112    -628.69234751475)(2000002    507.735526796721)(2000001    1913.36147430448)
9 3      - (1000000    7028.95644768775)(2000001    6224.39424951019)(2000002    6085.77817396798)(2000200    6939.17340109598)(2000102    5893.75723908711)(2000202    6252.1038023746)(2000100    6266.62085428973)(2000201    6444.83882052594)(2000012    5260.30601316234)(2000101    6262.89434946161)(2000210    1537.93575931758)(2000110    1508.57879986688)(2000112    1415.62208141197)
3 10      - (2000101    3804.11870158339)(2000202    -1205.08340825697)(1000000    3802.62063910243)(2000102    102.846318091183)(2000200    742.661555329139)(2000001    2408.94245259614)(2000201    4002.81575236984)(2000012    1259.20898876882)(2000002    6781.77149695614)(2000100    1720.25057629318)(2000210    229.903149152066)(2000112    573.386448502864)
2 8      - (2000201    136.487159110817)(2000002    6855.74119448641)(1000000    2800.33662958714)(2000101    743.992267931462)(2000022    -225.59382584366)(2000202    132.084025812002)(2000012    409.818466248965)(2000200    2930.98937668898)(2000100    2514.43390291713)(2000001    1281.85845612167)(2000102    709.947028536278)
0 2      - (2000002    5900.15859132011)(2000202    5574.15080998142)(2000102    5550.86666991409)(2000001    5542.66498850467)(1000000    6461.05493389533)(2000201    5134.71654237265)(2000101    7117.36764137535)(2000012    5770.1920723812)(2000100    7122.11375664672)(2000200    5702.13031120815)(2000210    5676.1752615434)(2000211    -1032.1725793778)(2000110    5031.93535401871)(2000212    -1080.9874595102)(2000111    -1275.55369793418)(2000112    -1189.7706151687)(2000022    257.910226970642)
4 9      - (2000202    -484.600426616951)(2000101    -948.292069635423)(2000001    -318.531567486505)(2000200    -347.774816869974)(2000102    -295.429218775436)(1000000    -2.64154956004614)(2000100    28.1002401792162)(2000002    5219.77568541799)(2000201    -381.310181903135)(2000022    755.690981469048)(2000012    1227.85435403959)
11 4      - (2000201    3565.3250302612)(1000000    1395.70995367282)(2000001    2893.21184740949)(2000101    3391.10969418571)(2000200    3135.60884518418)(2000102    216.800020648044)(2000022    756.501891119903)(2000211    -205.806083149612)(2000112    -50.8634353558832)(2000100    2906.44544751428)(2000002    6916.62110536618)(2000202    335.021324363598)(2000012    1457.56422326902)
7 1      - (2000201    793.596223100143)(2000101    1312.89077671707)(1000000    6692.293062418)(2000012    -550.454721761881)(2000102    -488.059189664644)(2000200    1686.98085722653)(2000110    -778.349444287968)(2000100    1447.3803305165)(2000112    -548.148362291569)(2000002    490.804710056809)(2000001    -71.8890448511276)
7 2      - (2000001    4423.4694422697)(2000002    7041.99018991755)(1000000    5822.81431436699)(2000100    5137.08387491093)(2000200    4473.85162278138)(2000102    1589.02827019657)(2000202    4369.96289600383)(2000101    5097.76363295621)(2000012    2511.75774640584)(2000201    5568.17453276936)
11 2      - (2000112    -900.573855520014)(2000100    2914.71183455385)(2000102    -764.660105787315)(1000000    6886.29347163366)(2000002    3934.90801750671)(2000202    -401.134547194122)(2000212    -1136.82308484894)(2000022    -256.978905739483)(2000101    1940.53456959221)(2000001    2204.64327318329)(2000200    3629.71039032874)(2000201    3479.21266648088)
1 7      - (1000000    578.40011443219)(2000200    310.229250121921)(2000102    -91.4438169792503)(2000201    570.600508235194)(2000211    -1193.79938544678)(2000101    415.89633086561)(2000001    601.570404094319)(2000100    627.516251938687)(2000002    3610.58184026187)(2000110    -343.94352524014)(2000202    -80.6366996047158)(2000022    -325.184961766399)(2000012    86.0972393427492)(2000210    -43.3811788437806)
8 0      - (2000002    6122.87706121319)(2000202    -1383.23123239551)(1000000    8066.89589803741)(2000102    -1096.17457229271)(2000100    4964.62878100343)(2000201    5194.92844780381)(2000101    4309.38332962143)(2000001    1603.87675499327)(2000022    -253.68424041647)(2000200    4811.89507264036)(2000012    -424.941303646388)
2 1      - (2000201    5136.44120173269)(2000002    6986.82669877462)(2000101    7097.63412705165)(2000202    3838.15673371331)(2000102    5384.13300883829)(2000100    4885.02265231569)(2000200    5990.5202822191)(1000000    6184.63621595518)(2000001    5253.27446674836)(2000012    5506.85713690906)(2000110    3040.94138275962)(2000210    3421.41373597043)(2000111    -960.292773821793)(2000211    -1165.88767745528)(2000112    -1079.80924884197)(2000022    984.925377774563)(2000212    896.606261942223)
2 12      - (2000002    -794.132699059378)(1000000    1767.84120650278)(2000200    -945.161142764273)(2000102    -862.921888667786)(2000201    -650.90390649817)(2000202    -588.951252778612)
9 0      - (2000101    2330.85362126409)(2000022    -199.018385272277)(2000100    2128.59823599318)(2000110    -1189.79316967278)(2000201    1035.13127987478)(1000000    7985.74889339981)(2000212    -629.588180060181)(2000112    -927.593649292307)(2000211    -361.495374862709)(2000012    -67.5836189720218)(2000002    3683.09995904572)(2000210    -522.884997867509)(2000200    2433.57172068114)(2000001    2687.14067905569)
12 2      - (2000100    -1059.90785246439)(2000101    -574.709531217607)(2000201    -1282.40542131096)(2000001    -1207.57762426072)(1000000    1021.58077033423)(2000212    -589.617061856244)(2000012    675.111232710223)(2000002    5556.71849050044)
0 13      - (2000202    -1697.48066911541)(1000000    7596.76058575397)(2000001    -288.772153939644)(2000101    -907.239047356706)(2000002    2214.0566623528)(2000102    655.068740876544)(2000200    1605.13068706015)(2000201    952.464745932082)
0 9      - (2000100    192.708630062433)(2000002    2758.30107086194)(2000102    -1078.08185986247)(2000200    3737.26067118036)(2000112    -1067.55437643815)(2000212    -1025.46445446883)(2000202    -1209.76335098037)(1000000    7890.55368935243)(2000022    -128.138893881677)(2000110    -541.241356594897)(2000101    3693.87454793446)(2000001    2910.46799012606)
1 6      - (2000202    214.806809306641)(2000200    1060.78860816922)(2000002    6761.48023685061)(1000000    1828.29709616273)(2000212    -857.84477403507)(2000101    2681.23069954854)(2000110    -305.439437536142)(2000201    673.291816214962)(2000100    1879.38811116188)(2000210    -252.823376014458)(2000001    2950.66692050243)(2000102    1457.49690950459)(2000012    366.330478472278)
2 2      - (2000102    3774.29829406981)(2000101    6000.34248053836)(1000000    6990.52300550657)(2000001    4812.21323726468)(2000100    6446.53598714238)(2000002    6280.26566510361)(2000201    5837.25385391722)(2000202    5180.27849412092)(2000200    6015.89605286092)(2000022    348.19532503733)(2000210    1575.22275696228)(2000111    -955.950902493805)(2000212    -899.167600762215)(2000012    3925.83237076232)(2000211    -991.257934722639)(2000110    2484.21572999458)(2000112    319.15887273729)
6 3      - (1000000    6220.1996543141)(2000202    5875.46782050487)(2000002    7079.72032040144)(2000101    5715.25995505967)(2000102    5503.71760544122)(2000201    5979.85800589478)(2000200    6184.09602931965)(2000100    6042.13563261724)(2000012    6487.67339807902)(2000111    -489.088079846932)(2000001    6297.58952977864)(2000110    4672.44098563974)(2000210    4698.72337550661)(2000212    2471.75129916202)(2000112    1194.80814353212)(2000022    4393.53040070628)
0 14      - (2000111    -1020.70830007801)(2000100    -554.378614459481)(2000102    -1229.02961605655)(1000000    7289.49601062695)(2000202    -483.348042237382)(2000200    1131.71992444797)(2000101    2318.31088238671)
3 6      - (1000000    -543.76859614188)(2000002    3263.5603398218)(2000102    -871.264139744461)(2000101    -943.31634556255)(2000100    -577.570735443229)(2000001    -594.550157787218)(2000202    -190.096670091225)(2000200    -1219.1121550287)(2000201    -687.03587350017)
2 0      - (2000002    7044.19651463675)(2000200    4438.63472746688)(2000202    4473.59487370592)(2000201    4979.81582903892)(1000000    6231.29702694097)(2000100    6156.64512427658)(2000101    5985.88218300002)(2000102    7052.72778704962)(2000001    5073.19055495184)(2000110    3139.6192452291)(2000012    4867.81463520219)(2000022    4481.35584674078)(2000211    -1260.16638498075)(2000212    3110.56643028078)(2000210    3426.77572989826)(2000111    -1248.72693670957)(2000112    5330.49014192599)
13 1      - (2000102    416.079434912104)(2000110    -884.029126610245)(2000101    -309.963023744089)(2000200    -1054.49655523075)(1000000    7500.21660206562)(2000201    -26.0193916172989)(2000100    2258.57199032722)(2000002    973.717426932492)
3 1      - (2000202    3940.22424364508)(2000001    4384.48092106555)(2000101    5735.58368213822)(2000200    5351.20023738961)(2000002    5205.42747780697)(2000012    2948.79666379607)(2000210    2270.73152067359)(1000000    6775.63313414242)(2000201    5450.12230945725)(2000102    3229.21662408496)(2000100    7103.33219944799)(2000022    908.865534092184)(2000211    -1227.66080694684)(2000112    2869.78158767931)(2000110    683.082774245673)(2000212    2717.49918464249)(2000111    -565.654377560071)
4 13      - (2000002    617.605717758066)(2000200    -939.943883063641)(2000022    689.081508813942)(1000000    -451.896795307969)(2000101    -452.732279066714)(2000012    429.536438412906)
0 5      - (2000001    -737.074250217459)(2000100    570.350424077829)(2000102    -283.667710198258)(2000201    1266.95420153909)(2000022    7.79340866939944)(2000101    919.296137076997)(1000000    -219.044712754593)(2000202    336.135441345851)(2000200    -1222.86466090811)(2000212    -520.025902846946)(2000002    4828.94740556296)(2000110    -421.248122116997)(2000210    896.668341194581)
2 7      - (2000002    3746.59031891792)(1000000    6858.553535712)(2000001    1222.18810270331)(2000100    2690.07748045311)(2000101    4928.98801754596)(2000102    -217.30195348917)(2000212    -1228.66769554709)(2000012    1467.86953514115)(2000200    3034.06215639792)(2000110    -459.986816189376)(2000201    4303.48206500522)(2000210    -148.030992467135)(2000202    1656.42893147098)
13 0      - (2000201    -1613.06390781085)(2000102    -1353.87349330956)(2000202    -1234.2083448822)(1000000    6834.28313251885)(2000101    1320.93427738757)(2000012    135.662185232405)(2000100    -123.680791498093)(2000200    2227.31477720934)(2000002    945.848925904031)
5 2      - (2000101    2314.44709422085)(2000102    512.072987090602)(2000201    6516.11853599102)(1000000    3968.34894913497)(2000001    2410.97005640363)(2000200    3035.143288579)(2000202    686.702206138032)(2000002    4807.20200418929)(2000100    4341.11350079693)(2000212    1622.28903971851)(2000110    -640.023714093873)(2000012    3228.82902750443)(2000112    801.48878727925)
8 3      - (1000000    6019.9050534756)(2000202    3589.48985112544)(2000100    4714.75206660175)(2000210    746.894932150722)(2000002    7055.4562981303)(2000102    4354.20800291241)(2000201    5941.43837112137)(2000101    5442.59003218917)(2000001    4538.02304643554)(2000111    -502.536535076731)(2000200    5315.50814582746)(2000012    4878.07665110026)(2000110    670.715148159978)
7 3      - (2000202    5701.32219707476)(2000102    5829.2491908832)(1000000    5983.95966961832)(2000112    147.747989547219)(2000100    6051.46076120777)(2000002    7062.88220425625)(2000201    6238.70835477069)(2000012    5827.35730162649)(2000001    6167.85203934379)(2000200    5632.48038499999)(2000101    5748.01065621544)(2000212    -51.6095180488178)(2000110    3910.14898736998)(2000210    3708.59108023557)
3 4      - (2000100    2863.87925296378)(2000002    7331.44482135702)(1000000    6836.35245748591)(2000200    1149.3194285011)(2000112    -1243.76060871333)(2000101    1747.80728583144)(2000111    -919.85800552713)(2000001    2014.71013144957)(2000012    -57.5569948773469)(2000211    -743.65330972613)(2000202    863.935850808924)(2000201    2614.75620158227)(2000102    351.672968220459)
3 7      - (2000002    6128.6506447995)(1000000    114.636979856837)(2000001    177.387996683427)(2000101    -744.786918866164)(2000100    224.478567084734)(2000200    -566.688110399546)(2000102    896.021102409454)(2000201    -159.143455342995)(2000012    1302.20588618397)(2000202    616.120772354424)(2000022    202.637475605014)(2000110    -133.526054481105)
3 8      - (1000000    1366.23862216497)(2000100    1966.49033810021)(2000101    2173.88323097993)(2000110    -701.123570599531)(2000001    118.609146822871)(2000201    2561.7115261901)(2000002    6630.80383412034)(2000012    262.085107793516)(2000202    -908.310600998432)(2000200    980.85240166446)(2000102    972.681098653607)(2000212    -392.027194975582)(2000022    667.425962811264)(2000210    -383.458214200051)
2 4      - (2000200    5625.59483195865)(2000002    4407.04513112764)(2000201    5259.40340171678)(2000101    3705.86201720581)(1000000    6532.59619166736)(2000202    2055.86178121836)(2000022    -310.41565499329)(2000001    3603.75547082118)(2000100    7071.88909278933)(2000102    4277.24617896089)(2000111    -357.443950592807)(2000110    289.357645763938)(2000012    2309.8138745276)
4 2      - (2000001    2766.78879915588)(2000002    6099.73503666006)(2000201    5437.88394779434)(2000200    5861.169310698)(2000101    6243.99986139398)(1000000    7111.25181069198)(2000012    3755.45542322315)(2000202    4630.82675822332)(2000100    6927.60047157284)(2000102    2250.2919213951)(2000111    -746.206507932524)(2000110    519.768141539618)
7 4      - (1000000    2743.30796305829)(2000202    138.720326594423)(2000101    2565.70703709544)(2000002    6845.7679658643)(2000001    2015.51953751078)(2000201    1825.57890363071)(2000200    859.434168945491)(2000112    -510.456647115406)(2000012    183.673981789353)(2000100    1363.45199342434)(2000111    -616.113195115148)(2000102    -781.982677997636)(2000210    -290.882061415432)(2000211    -317.057636108857)(2000212    -235.56010531173)(2000110    180.244781405881)
4 0      - (2000202    1234.14038003045)(2000101    5711.77476000304)(1000000    6864.01303740646)(2000002    5720.48477142191)(2000001    4619.65842599001)(2000201    5929.36435834489)(2000112    -945.104164729089)(2000200    6282.19668817505)(2000100    7140.49111578636)(2000212    -1071.44738097739)(2000102    4936.46713571084)(2000012    5132.05319488238)(2000210    592.422846720957)
5 3      - (1000000    37.2724018788127)(2000202    -1036.92939681555)(2000102    -1130.03462436359)(2000101    -843.778149311717)(2000100    -850.207277790456)(2000002    -875.613879852739)(2000111    -539.1371614844)(2000210    -613.208149129157)(2000201    -441.903805459794)
6 4      - (2000202    -424.294477820575)(2000001    901.549247665214)(2000200    -395.450322627817)(1000000    5316.19498909236)(2000201    523.785146481129)(2000100    268.702602790491)(2000101    814.408436824341)(2000002    854.146927791128)(2000111    -368.245066537145)(2000022    3306.34613182299)(2000112    -189.699582339892)(2000012    -258.304199121283)(2000211    -131.333720527159)(2000102    -173.986398065108)(2000212    598.901292072386)(2000110    1344.27518501491)
9 4      - (2000211    -509.337055645239)(2000101    5352.76353902328)(2000012    3431.82432955959)(2000100    4901.5771199429)(1000000    5400.74932124812)(2000202    5720.24416842837)(2000001    5660.37321238579)(2000201    5378.47506361468)(2000102    3676.47597104053)(2000002    7025.69755032662)(2000200    4746.75429861718)(2000111    -160.592046291031)(2000210    1664.88658710559)(2000110    709.291387110155)(2000212    1287.96183175852)
12 0      - (2000201    962.887201871891)(2000100    282.076130224562)(1000000    7591.19223496377)(2000101    -188.149826610072)(2000202    866.085901493003)(2000022    -195.661925847674)(2000002    2667.03325132098)(2000102    271.852196813509)(2000001    2243.35527674309)(2000200    -606.020048934841)(2000210    -156.309838134027)
9 2      - (2000101    -283.069149513318)(2000202    -132.164369773731)(2000200    1846.6415287648)(1000000    6415.81759995044)(2000022    -257.318909876999)(2000201    -88.8621086249189)(2000012    -101.436560786254)(2000100    494.661677761102)(2000002    3025.83201253781)
2 5      - (2000002    -1112.2773034787)(1000000    6946.00063969448)(2000102    -912.897863744037)(2000201    820.033747990896)(2000100    3422.75794823982)(2000001    1190.09167851561)
2 10      - (1000000    6430.61910661339)(2000202    -1569.49739318432)(2000100    -1269.88463130909)(2000101    -1168.55805901001)(2000002    546.960489663326)(2000022    -160.576640346844)(2000200    629.689063940185)(2000201    236.554427642928)(2000102    1374.73995607924)
4 3      - (2000102    -633.210139915041)(2000212    -962.981295996455)(1000000    -733.40539527947)(2000111    -1069.80595525446)(2000001    1310.82551579705)(2000100    -778.852958520492)(2000112    -897.368199654121)(2000201    -791.456358061183)(2000110    -1160.24115373663)(2000101    409.542271159939)(2000002    6553.65759202376)
4 4      - (2000211    -564.613220849841)(1000000    763.622873285698)(2000200    -823.668905805783)(2000112    -556.126532091016)(2000201    -933.329938900483)(2000012    722.999419648892)(2000022    -139.439308096856)(2000110    -473.775892472224)(2000101    -980.574237259453)(2000202    -540.553742600722)(2000001    -542.512345245866)(2000002    227.302638251697)(2000100    -490.00461093512)(2000102    -567.396657046469)
11 3      - (2000102    -312.643502751169)(2000101    2633.99103506374)(1000000    6924.80651464761)(2000100    474.547722963723)(2000002    1923.26555096524)(2000201    2645.6041663218)(2000001    1527.73552683795)(2000200    2005.04982504438)
8 4      - (2000212    -1025.99050271905)(2000200    4329.63353387087)(1000000    4045.3106893355)(2000001    1471.5688564339)(2000201    2831.35966792269)(2000100    2320.88714728888)(2000002    6957.49398823272)(2000102    1375.55513754552)(2000101    3198.16408929679)(2000202    768.816261556797)(2000022    904.798430505746)(2000112    -87.6562143983285)(2000012    2686.95934259894)(2000110    219.320090509502)
4 7      - (2000111    1215.20519559997)(2000101    -335.0454798901)(2000002    1260.72571792576)(2000102    1024.93747058275)(1000000    1632.76338554472)(2000200    2238.22114793746)(2000202    1817.37407123643)(2000100    405.236970303116)(2000001    77.9386619542167)(2000201    -300.972534304629)(2000211    1417.53865976373)(2000022    6427.3770571392)(2000110    994.410992079369)(2000112    584.847615621402)(2000012    4890.95943737209)(2000212    1647.46473088711)
4 6      - (2000002    142.32157385741)(2000101    449.507005917321)(2000001    328.950874901704)(2000212    -799.186118887415)(1000000    1068.15135842077)(2000200    -417.136279722584)(2000100    -1151.77239856977)(2000202    -1008.70627576694)(2000211    91.5462670247803)(2000112    -504.589411615341)(2000210    -225.381028166137)(2000102    5173.42060217208)(2000201    -469.602420132874)(2000110    -296.36879652526)(2000111    1045.55086360521)
1 13      - (1000000    7928.83620241836)(2000202    1305.60008506892)(2000100    3424.3374193452)(2000002    4810.05508585569)(2000200    3749.02425728949)(2000102    2366.30524991279)(2000001    3233.42019604733)(2000201    1912.77977204018)(2000012    1992.6526482571)
7 5      - (2000200    1383.60487477076)(2000101    1532.68293409023)(2000001    2976.79455977119)(2000012    6946.44059118233)(2000211    3166.19743521672)(2000102    2337.63035333556)(2000100    2348.13683358799)(2000201    2171.46832306442)(1000000    3173.37860027916)(2000002    3226.33077051501)(2000202    2908.33267759388)(2000212    3834.93803072826)(2000112    3266.64182064804)(2000022    2099.28504690288)(2000111    2853.33254386427)(2000110    942.174302640175)
14 0      - (2000201    -1306.83120194664)(2000102    -1031.95868801777)(2000200    -506.577035437282)(1000000    5290.9349485567)(2000100    -360.337628938739)(2000101    41.0495191161557)(2000002    -408.466009642542)
5 5      - (2000201    1287.17000511004)(2000002    2375.35362545106)(2000110    1008.0012039904)(1000000    925.562438924783)(2000001    1446.48251602135)(2000100    2088.83861217452)(2000111    1205.84434266847)(2000202    374.221882663915)(2000102    1602.29361048725)(2000211    729.683526759938)(2000022    6527.03812170328)(2000101    -375.144564852979)(2000212    677.443379093374)(2000012    771.345316632431)(2000200    3887.44627439595)(2000112    824.768132061649)(2000210    990.305285884569)
12 3      - (1000000    5826.06018322426)(2000101    3656.01207517522)(2000100    5269.69035291261)(2000202    638.985361350259)(2000002    6999.56274614201)(2000201    3303.84069139408)(2000200    4141.62882689127)(2000001    1644.90006812466)(2000012    2453.54574358314)(2000102    1124.7154083727)
3 11      - (2000002    6319.86934147473)(2000100    45.898034382507)(1000000    1530.9061580929)(2000201    -167.135269658186)(2000200    467.594718133767)(2000101    338.152948186169)(2000012    476.476436677536)
3 0      - (1000000    6383.73115478535)(2000002    6210.19251337655)(2000202    5490.69418291533)(2000201    6232.63974134298)(2000102    5667.51352495186)(2000100    5569.83357284623)(2000101    7128.38758929932)(2000001    6038.15378708907)(2000200    7102.5859354412)(2000112    -1313.01366126947)(2000022    86.9901043907301)(2000012    5228.26047817117)(2000212    -968.464342587366)(2000111    -1298.4116159684)(2000210    4148.42819863516)(2000211    -698.762139982364)(2000110    2945.81894143396)
1 14      - (1000000    2653.92528914109)(2000002    7763.85307556029)(2000001    682.20150926832)(2000100    1029.4989522744)(2000202    1143.41453212162)(2000200    1631.49163469928)
1 3      - (2000001    5061.15019075932)(2000002    4947.4365956461)(2000100    7116.20027008798)(2000102    6872.18868393319)(1000000    6691.29035399663)(2000201    4915.84766648373)(2000101    2983.29258476134)(2000211    -1081.92457199969)(2000210    847.885301501352)(2000110    2634.84072424697)(2000202    3935.05051080447)(2000112    -507.16886208175)(2000200    5323.09003295946)(2000212    -1340.09626294938)(2000022    35.5812841663145)(2000012    4336.95776655174)(2000111    -561.245851158028)
2 14      - (2000102    -627.758738261224)(1000000    1877.46896489664)(2000001    -508.77599949786)(2000200    -750)
2 13      - (2000101    -1128.00137462885)(1000000    1341.747724972)(2000201    106.265953032204)
3 12      - (2000200    668.104927798199)(2000001    1177.51873781587)(2000202    -856.958247288845)(2000201    -571.305498192564)(1000000    6094.20746659639)(2000100    1690.41537719519)(2000002    2138.91563357617)(2000102    1148.33621253273)(2000012    1246.35304476814)
3 13      - (2000200    -1011.79896300133)(2000001    -265.812334732521)(1000000    1849.84710713677)
13 3      - (2000202    -1459.38993081346)(2000002    470.653916452917)(2000101    -216.231023385786)(1000000    6273.94481479824)(2000201    1573.22302782085)(2000100    667.252817893571)
5 4      - (1000000    -420.373990121074)(2000102    -418.616802069541)(2000200    -556.376365694908)(2000112    -876.842443847615)(2000100    733.380704622259)(2000201    -372.580601294833)(2000202    -111.936645549414)(2000101    -583.070529327768)(2000110    -751.060562003981)(2000001    -1001.73943217784)(2000210    -659.704472698547)(2000002    -175.237613053519)(2000211    -239.181477172568)(2000012    4082.40574148772)(2000111    -123.563761831025)
14 3      - (2000202    -668.980875130145)(2000001    -117.693227180149)(2000002    74.8214860580498)(1000000    6079.04081688646)
10 3      - (2000100    5645.11246387489)(1000000    6997.01648348862)(2000201    5842.15079499635)(2000002    6001.25053741207)(2000202    2657.21103615503)(2000012    4701.31012921558)(2000101    6051.96577713842)(2000102    3758.87349347526)(2000200    6008.8533472931)(2000001    4949.27382315342)(2000210    1678.4228841448)
14 1      - (2000202    -1066.98440395944)(2000101    -1128.47835616295)(2000201    -82.578853891324)(2000001    -556.695129196528)(1000000    2260.62100723523)(2000100    4758.73056616219)(2000200    1086.03322583205)
13 4      - (2000200    268.749717984026)(2000102    -44.1374383457522)(2000001    2341.96324918897)(1000000    1712.68708608517)(2000002    6597.37135936702)(2000101    1364.27191592319)(2000012    2173.92999774846)
4 10      - (2000002    -287.577199416885)(2000001    -246.0486808453)(2000012    3615.71997295186)(2000101    -559.338559062915)(2000200    -674.729666480896)(2000202    -535.791769254826)(2000100    -459.388207361942)(1000000    -961.266045771962)(2000102    -597.94256550715)(2000201    -307.923538129551)(2000112    -250.532686271069)(2000111    -165.40635062708)
3 2      - (1000000    2421.29774163691)(2000102    6943.77921789641)(2000101    2365.70909441959)(2000112    -132.543287374635)(2000001    383.774265200465)(2000201    1457.21124620267)(2000002    677.352525087834)(2000212    -1136.2198406677)(2000100    4277.97607794766)(2000111    -1345.02043098699)(2000200    2421.29637948199)(2000202    1715.18910362492)(2000022    2893.86031008482)(2000210    -119.781502050621)(2000211    -1017.4657872391)(2000012    3188.78475682829)(2000110    1200.6488033907)
13 2      - (2000201    -9.61748811345933)
10 4      - (1000000    6054.44484974073)(2000202    -686.412222083022)(2000212    -1033.06808440458)(2000210    -666.369011950235)(2000200    1204.81657657575)(2000201    2071.05470934435)(2000022    360.018611385898)(2000012    2633.67576663797)(2000100    600.135140990634)(2000102    1313.6894453206)
5 12      - (2000002    353.782914150762)(2000111    -698.759148279536)(2000022    586.803300214117)(2000200    -473.657934558609)(2000100    -602.275148347463)(1000000    -371.750706121293)(2000101    -629.176647932799)(2000201    -400.120899347266)(2000012    648.117029642259)(2000001    358.757562501545)
12 4      - (2000001    4575.01636435741)(2000110    1029.80678351506)(2000200    5679.95570383307)(2000022    563.22477701873)(2000210    2150.08917718746)(2000002    7017.97443214239)(2000101    5116.518768263)(2000202    3194.50499428909)(2000100    5551.35493380884)(1000000    4903.2470258402)(2000102    3424.52235983998)(2000201    4845.0262798614)(2000012    3870.12982285633)(2000112    1528.29847748224)
4 8      - (2000001    1281.87214362457)(2000101    1774.99535120233)(1000000    1636.75258993691)(2000200    1773.37054137124)(2000102    64.9587320326524)(2000100    1363.31677749627)(2000002    147.308275189762)(2000201    2992.26739074089)(2000012    6491.32889832685)(2000212    3012.95794145854)(2000111    2418.89609901661)(2000202    1719.76729507115)(2000112    1992.73880737854)(2000110    -95.3696343068727)(2000211    1970.91804375154)(2000022    4152.00190237057)
5 6      - (2000202    -439.492186950908)(2000101    -444.825893706394)(1000000    -188.648718330725)(2000100    -308.12779584254)(2000201    -326.164333780138)(2000102    -731.086112417215)(2000002    4734.30536528431)(2000001    -404.067242264836)(2000200    -500.329769180633)(2000022    6189.42554738464)(2000112    1142.36610459478)(2000110    -569.195924514275)(2000211    -156.042019584636)(2000212    -53.7798889426828)(2000210    570.5653747077)(2000012    1477.58867001191)
5 7      - (2000001    1451.90558564357)(2000200    965.896360879488)(2000101    -438.85346121084)(2000100    279.993775702877)(2000102    1034.45062352367)(2000002    566.062779576016)(2000201    2742.25284550644)(1000000    -377.146769620392)(2000202    -81.0597195281076)(2000022    6645.75039692622)(2000112    -112.640951139052)(2000212    -96.3943074364526)
14 2      - (2000002    -29.9645655413106)
4 11      - (2000200    -694.850308875011)(2000102    445.493180217667)(2000202    -460.012998034668)(1000000    -241.019380326538)(2000100    -397.621882291598)(2000111    -643.039394122335)(2000201    548.15696880925)(2000002    5022.67049943417)(2000212    93.6961958960904)
4 12      - (2000002    474.004926324394)(2000201    -1054.44887732548)(2000212    -444.973882292825)(2000111    -531.238322004794)(2000001    -929.30588885411)(2000202    -869.140974553333)(2000100    -1183.02649000297)(2000200    -970.779766446939)(2000102    -680.695869190887)(1000000    -405.540619729683)(2000112    -680.776293612538)(2000210    -187.178668833401)(2000101    -271.975654914654)(2000012    1041.87925091514)(2000110    -31.89361776097)
6 6      - (2000002    806.172584656222)(2000100    770.566847620449)(2000112    -332.986795341348)(2000210    475.010143425088)(2000201    1950.5167700614)(1000000    175.447156261792)(2000102    -494.035731745714)(2000101    2300.01784689064)(2000202    -395.188636421531)(2000200    1473.95618758616)(2000211    -291.585235926577)(2000001    5932.40199358964)(2000022    6453.49211806692)(2000212    2638.92193269996)(2000012    5146.93971581781)(2000110    1158.22244477118)
8 5      - (2000002    -140.158186772026)(2000200    2327.55409681135)(2000201    3587.99639900719)(1000000    3636.04536956774)(2000202    2699.82178371954)(2000100    3954.80667552117)(2000101    3845.38424369004)(2000102    4204.97996850099)(2000001    3655.68777095903)(2000110    -813.139271245979)(2000212    1720.66015508093)(2000022    3446.4782579649)(2000211    3960.47774596233)(2000112    3695.21841944152)(2000111    4053.40456479747)(2000012    6420.54580706185)
5 9      - (2000002    923.661852001075)(1000000    2342.86227126269)(2000200    841.523367492723)(2000102    647.902283244224)(2000201    -286.509231177062)(2000101    968.652769215967)(2000100    -297.710016045655)(2000202    666.066872865484)(2000112    2173.90897361929)(2000001    -167.358811594254)(2000210    -214.300887946825)(2000212    -50.478735158334)(2000022    6325.21040491062)(2000110    -156.042019584636)(2000211    897.63825098552)(2000012    617.070100354522)(2000111    -139.914488195083)
4 5      - (2000201    230.848386053028)(2000200    -389.274660969742)(2000101    -900.639244061855)(1000000    -174.457739752397)(2000100    -873.678367979956)(2000102    -864.797753218429)(2000202    -1132.06175765194)(2000212    -638.80751699957)(2000111    -615.402266499859)(2000022    667.633970117716)(2000002    219.698413384102)(2000001    122.114224081906)(2000012    331.284509496853)
14 4      - (2000002    3747.99303824761)(2000211    -676.135791590812)(2000100    -590.55175821525)(2000001    767.100690186241)
14 5      - (2000001    -711.55140141681)(2000211    -629.09628320587)(2000002    -282.846067886868)(2000201    -169.908363868202)
9 6      - (2000110    -498.405894860377)(1000000    4560.10165706585)(2000201    4685.99024549743)(2000102    4653.31161456371)(2000101    4960.90603371044)(2000112    4778.96140727127)(2000022    5941.59454383635)(2000212    5146.1513745783)(2000002    4772.116583051)(2000200    4632.21055715116)(2000202    4911.63839913093)(2000100    5404.94349837345)(2000001    5163.69088849906)(2000211    4879.82406655926)(2000012    7045.72801763685)(2000210    -135.436718714293)(2000111    4854.48249313699)
6 9      - (1000000    -39.1749239621266)(2000201    -1232.79858219061)(2000111    -471.022546176343)(2000002    -124.602480258063)(2000211    -706.938139258455)(2000112    -751.10674754627)(2000102    -439.877206397225)(2000202    -354.242643435748)(2000200    -261.474290001219)(2000001    -115.458457543589)(2000101    -107.285257330674)(2000100    -279.495802119999)(2000110    -585.317879321604)(2000012    1701.56896056267)(2000212    -79.5289194011065)
7 7      - (2000100    4366.81707911488)(2000001    5209.35304670139)(1000000    5405.89825868511)(2000112    4646.39219819717)(2000102    5202.51584584119)(2000002    5350.21499577821)(2000101    5249.78691074916)(2000202    5419.44572762392)(2000200    4744.77195428814)(2000111    2901.39593981884)(2000012    7058.93811992912)(2000212    4873.13870008384)(2000110    4881.15794796878)(2000201    4454.86872931555)(2000022    5688.01317736631)(2000210    4995.11777319048)(2000211    2894.90013914155)
8 8      - (2000210    2301.56006322899)(2000112    4318.83272540528)(2000100    2034.3909215883)(2000002    1923.49692685326)(1000000    3675.01291090656)(2000200    2622.68870668112)(2000022    6953.51664501197)(2000102    765.579290827343)(2000212    980.441586285988)(2000201    2476.47212030808)(2000001    2209.18153672913)(2000101    2511.24061042811)(2000202    3665.82098078273)(2000012    3760.77765763208)(2000110    2081.58725915696)(2000111    581.146989043421)
8 9      - (2000110    -251.065842229172)(2000022    192.760392883021)(2000100    4070.26262917098)(2000201    1910.72222032211)(1000000    7683.07792197946)(2000200    1531.02569270761)(2000002    4691.03113463727)(2000012    204.354822968548)(2000212    -382.61914638759)(2000102    -183.063214556788)(2000101    2430.82812410428)(2000202    -454.40509255195)(2000001    2292.75967059023)(2000112    -680.646899022057)(2000111    -703.04343213102)(2000210    -338.05306974991)
7 8      - (2000110    2746.27036056274)(2000100    4149.66062501716)(2000001    4635.85226059092)(2000201    4073.84690401126)(1000000    3890.83752544192)(2000002    3486.17163848794)(2000200    3858.83045395765)(2000101    4116.06104638213)(2000111    -496.732087208994)(2000012    7018.99405077266)(2000102    2260.30778166009)(2000210    4349.45049479933)(2000022    5268.90905698752)(2000212    3778.55935940608)(2000202    3933.72896720468)(2000112    4630.34228746061)(2000211    1141.42017011634)
10 10      - (2000101    5260.08589414472)(2000211    -1016.44213878462)(2000200    5123.191179744)(2000201    5405.44496986018)(2000100    5052.73335117805)(2000202    5213.50997661682)(1000000    5213.6205952309)(2000002    7022.83363502938)(2000001    5157.65178761497)(2000102    4678.05280401855)(2000111    -825.187652156775)(2000012    601.715588945482)(2000212    -484.869593855478)(2000022    514.335575916951)(2000110    -169.12801770195)(2000112    -234.43879693177)
7 6      - (2000212    4034.7955138115)(2000112    4228.61462619608)(2000022    6828.88541204267)(1000000    4505.74961066506)(2000001    3875.69971400898)(2000102    3912.41675000452)(2000100    4420.71673386178)(2000201    3496.80342157419)(2000002    4346.05348760926)(2000101    5036.00733286128)(2000202    3835.77290257838)(2000111    -304.928257279738)(2000012    4572.98523041539)(2000200    4368.24578496099)(2000110    4737.1038690877)(2000210    3570.10502845057)(2000211    1181.41786064864)
9 7      - (2000012    6802.88437459538)(2000111    -424.756088310968)(1000000    2617.92342920879)(2000212    174.503960377796)(2000100    2797.1973602293)(2000102    2876.71810931417)(2000200    3630.29086025932)(2000202    1207.4604185197)(2000201    3506.2623317971)(2000101    1786.87620562153)(2000112    3508.05388081371)(2000211    -481.09101300621)(2000002    4144.26568952251)(2000001    3463.2538632956)(2000210    2376.10287110131)(2000022    3802.52959558694)(2000110    568.453546169461)
6 7      - (1000000    5149.75534725187)(2000102    4953.64840788211)(2000201    5099.87272539459)(2000001    4907.42452888295)(2000002    4853.34561716059)(2000202    5003.87110254891)(2000101    5009.05276320416)(2000100    4901.91398688865)(2000200    5116.73784568158)(2000110    2463.43695287633)(2000210    2408.17105526133)(2000022    5914.24766769535)(2000112    4871.20949350287)(2000012    7046.93910157545)(2000111    4815.87864241716)(2000211    4479.98069981411)(2000212    4916.86799529656)
11 9      - (2000100    -138.888711982776)(2000002    1329.83924579632)(2000101    268.927108824808)(2000210    -606.494180378299)(2000012    711.641002251253)(2000201    721.48615033726)(1000000    5178.58873383518)(2000001    338.526924939639)(2000202    -15.407424046205)(2000200    -267.014411325581)(2000111    -623.306596831138)(2000022    248.09236034063)(2000102    -911.835907034997)(2000211    -511.587399082309)(2000110    -618.757894529004)(2000112    -386.995595939679)
10 8      - (2000111    -1002.18247287166)(2000201    -384.774860407016)(2000001    -252.142407550039)(2000210    -877.485447367308)(1000000    7295.63346718485)(2000100    1417.84855144543)(2000202    -407.958796920395)(2000002    98.3817275248582)(2000200    -237.459356200729)(2000101    1472.82793401037)(2000102    -690.369554121338)(2000112    -772.306649035961)(2000211    -715.764647247222)(2000022    302.606850022796)(2000012    125.368910225976)(2000110    -337.106335545962)
8 7      - (2000211    4468.8720718578)(1000000    5434.9648931364)(2000201    5397.12386954407)(2000200    5389.63596428851)(2000002    5393.54123563193)(2000100    5357.88247751698)(2000001    5503.84272130711)(2000101    5414.1463092415)(2000202    5501.85111566475)(2000212    5487.73787160265)(2000102    5600.3556679859)(2000210    5397.00014817153)(2000112    5463.62884386615)(2000110    5218.97814270911)(2000012    7062.24428884492)(2000022    6525.82179659234)(2000111    3644.1761126306)
9 9      - (1000000    2777.79491157221)(2000012    706.878917328431)(2000100    -219.728206501739)(2000002    3786.49429052496)(2000111    -661.657716638303)(2000200    -269.781068571847)(2000202    720.539749124473)(2000101    -402.372767084479)(2000102    -553.90036534048)(2000212    -940.327020493664)(2000211    -687.99480742794)(2000112    -613.364217257609)(2000001    164.304325116204)(2000022    183.861649677252)(2000201    -213.43074186715)
12 9      - (2000002    902.89843972834)(2000210    -812.757450420846)(2000212    164.490380661234)(2000211    -1050.63911733697)(2000101    -302.127482051542)(1000000    4775.57564692546)(2000012    502.523254332477)(2000001    -221.759074073568)(2000200    406.342075220466)(2000201    107.5249375016)(2000202    324.225181373627)(2000112    -385.886775065251)(2000110    282.451989314629)(2000102    -529.898993163841)(2000100    144.964033353897)(2000111    -419.533432340106)(2000022    616.919288489168)
7 10      - (2000100    7112.01803291445)(2000012    2007.62232806505)(1000000    7750.93643383766)(2000002    7174.40258927828)(2000202    2490.71980291524)(2000101    6836.0572735527)(2000102    5982.58621880782)(2000001    6063.06062485355)(2000200    7124.09680978683)(2000201    5926.8771759414)
11 8      - (2000202    -366.577563583194)(2000022    703.013419480615)(2000212    -445.701047910389)(2000110    -651.555078468393)(2000201    216.527440667064)(2000012    262.111093331798)(2000101    -352.519606860442)(2000002    -235.843753145216)(2000211    -587.221771403191)(2000001    -160.262848932034)(2000111    -578.625843031831)(2000102    -272.825335910228)(1000000    -386.347678687022)(2000200    -354.965049889557)(2000100    -375.048182660728)(2000112    -691.587704207386)(2000210    -458.380404296492)
5 8      - (2000200    3072.31364864492)(2000002    5238.96169737512)(2000100    2251.08772390472)(2000201    1681.11960033613)(1000000    2001.40406798915)(2000001    1899.47676384584)(2000202    4392.23380505228)(2000101    3905.17777416341)(2000102    1973.1724974306)(2000212    2526.50578168686)(2000112    4383.64585523897)(2000012    4543.3304595826)(2000022    6949.19787270677)(2000110    -277.670388650795)(2000211    2253.07723462505)(2000111    3388.89457520927)
10 6      - (2000101    -293.619165638049)(2000100    -417.850149312386)(2000022    726.414362737142)(2000102    95.8100571633758)(2000201    -684.59787766152)(2000002    -73.9467021111552)(2000001    -81.5280150471746)(2000200    -824.852347556389)(1000000    10.9084245127387)(2000202    -325.040231268009)(2000212    -99.6778520901335)
11 10      - (1000000    5426.86634279179)(2000100    5634.8352092915)(2000001    5978.17736971475)(2000201    5824.90058917224)(2000211    -616.689952521146)(2000002    6981.49961072801)(2000202    5769.23462918227)(2000212    -70.5164556140116)(2000022    -58.4787771756227)(2000101    5937.6456594251)(2000102    5687.00932872736)(2000200    5701.70039397675)(2000012    809.24868670047)(2000112    -365.904852764504)(2000210    -356.317970402045)(2000110    -259.279666566792)(2000111    -359.192395332021)
12 8      - (2000101    865.987925340329)(1000000    824.611595290544)(2000002    5932.58440372731)(2000211    -452.884879347238)(2000202    1258.58835049311)(2000200    626.91862187059)(2000100    462.309621966475)(2000022    659.146999349989)(2000201    934.859420257057)(2000001    446.91645569784)(2000102    109.773672559138)(2000111    -402.385041586651)(2000110    265.055426942156)(2000012    222.732248514063)(2000112    -121.865275403312)(2000210    255.273284414604)(2000212    -414.415347002625)
8 11      - (2000201    4985.49148386712)(2000200    3277.50368096839)(2000110    -810.66305171148)(1000000    3090.28928732273)(2000002    6918.8245508707)(2000101    4315.83821946842)(2000212    -512.728282830162)(2000111    -725.417531279083)(2000211    -587.535151127961)(2000100    1308.6366251578)(2000001    -138.897873103937)(2000112    -727.225428038658)(2000022    691.752683748687)(2000012    3183.73798144947)(2000210    -390.32146783589)(2000102    5069.90227792936)(2000202    2479.29332723747)
11 11      - (1000000    5468.65238985985)(2000201    5376.36514648378)(2000100    5271.10882692285)(2000022    845.852286559386)(2000002    7037.97521760158)(2000111    -469.945917795905)(2000212    -492.131820831912)(2000012    -94.9097837027389)(2000101    5191.39265655816)(2000200    5308.30176314461)(2000210    -363.12009624061)(2000001    6009.99850537834)(2000102    5015.02732510236)(2000202    5395.98228813438)(2000211    -310.411535980848)(2000110    63.4872326521663)(2000112    -163.721331470825)
13 8      - (2000212    -881.086896672301)(2000201    204.184547745664)(2000112    -808.255995726476)(2000002    3299.0667744446)(2000101    1077.31364326944)(2000111    -767.603719196118)(2000001    6224.72375701086)(1000000    2308.09013537015)(2000200    1543.29760292401)(2000202    1426.13550549049)(2000100    1449.0165765007)(2000012    729.366812122014)(2000102    1405.17309947721)(2000210    -233.73680654974)(2000110    -177.782106541583)
12 12      - (2000022    -14.0182868067224)(2000201    4984.31659151099)(2000112    -790.26108890667)(2000002    7033.68700718136)(2000100    5316.55455549371)(2000202    5307.56969725836)(2000211    -417.674852443205)(2000102    4743.29742761279)(2000200    5256.54041533305)(2000012    799.335565596544)(2000101    5322.98749345251)(2000001    6051.4838215086)(1000000    5230.33498494949)(2000210    193.483161912446)
13 9      - (1000000    105.251925989354)(2000202    -413.317205544255)(2000002    426.844804413873)(2000111    -1121.29537927339)(2000201    -601.133385614431)(2000211    -428.997867748063)(2000112    -502.685681459069)(2000001    5357.02275994785)(2000200    -269.20163024117)(2000102    146.174359803431)(2000100    791.766793036101)(2000022    685.520712105905)(2000101    -392.311369452498)
9 10      - (2000201    -851.871436642956)(2000100    -349.065910445972)(2000202    -242.825669543643)(2000112    -582.039589536085)(2000102    132.735726196187)(1000000    -260.040355366187)(2000012    -1030.10470708683)(2000212    -687.832573228566)(2000001    -235.90737772555)(2000101    -404.284039648025)(2000002    471.745335147136)(2000200    -254.717722846952)(2000211    -621.941843610993)(2000111    -120.573178704444)
12 6      - (2000002    5456.96521292955)(2000012    677.858356195349)(2000111    -672.91125635604)(2000100    -85.8471206591671)(1000000    7726.50820310308)(2000202    -697.488302803589)(2000101    1062.56027738637)(2000200    1378.69323516265)(2000211    -17.5819313121023)(2000112    -292.72570847763)(2000022    83.4612203811537)(2000102    -469.240063853987)(2000201    3009.09924261097)(2000001    -838.061640262844)(2000210    -241.060566639581)(2000110    -277.090289792048)
9 11      - (2000002    6268.44413630773)(2000201    3224.90718194746)(2000111    -730.19403757758)(2000012    389.396956800268)(2000110    -564.650001863239)(2000100    4208.93468554145)(2000001    4746.60694605911)(2000022    379.291253025663)(2000102    2435.45980277822)(1000000    2063.30297571459)(2000101    4888.83222672534)(2000211    -361.543546871911)(2000210    -471.290537331953)(2000212    -343.439592856343)(2000200    4517.13630927891)(2000202    3899.11743196368)(2000112    -318.611697029643)
10 11      - (2000002    7025.22600829271)(2000101    5578.61805559437)(2000201    5434.54701461941)(2000102    4311.6304392447)(2000210    -598.787579001608)(1000000    5349.28316565131)(2000200    5600.21225304763)(2000202    5379.95123655924)(2000111    -517.93766030347)(2000212    -507.416097445628)(2000001    5283.4739456032)(2000100    5303.97073334533)(2000022    72.3714218959198)(2000211    -339.106720125389)(2000012    688.763470677546)(2000110    -279.680458086884)(2000112    -150.658250606662)
11 7      - (2000202    -1005.94501757597)(2000200    -619.948973533935)(2000101    -929.320191179737)(2000012    576.614470232191)(2000111    -522.839429228718)(1000000    7623.64489450253)(2000002    3506.77649755916)(2000100    -565.485303122493)(2000112    -312.212670609428)(2000102    -478.529693624632)(2000201    1377.69706553252)(2000001    949.609970591909)
8 10      - (2000210    -933.056542076092)(1000000    7693.25246598341)(2000001    5652.24714720537)(2000022    28.0563281393662)(2000202    4927.40259389229)(2000200    6436.76156680547)(2000100    5992.34032235963)(2000201    6799.82190561012)(2000102    4227.78354990903)(2000212    -37.0058878870528)(2000110    -882.597158273026)(2000101    7001.48597730799)(2000112    -349.983541225755)(2000211    -287.329799904595)(2000012    2803.03708664318)(2000111    -374.131089774024)(2000002    7004.56365051591)
7 12      - (2000202    -327.238551132079)(1000000    5058.00433169434)(2000112    -955.813782430194)(2000100    -1187.63760634146)(2000022    621.386696052613)(2000200    -602.8021485651)(2000101    -775.466642675793)(2000110    -644.842796362378)(2000212    -431.987845038124)(2000002    52.425392748545)(2000201    -348.590414359328)(2000102    -771.902089543308)(2000001    -339.686256843597)(2000012    548.667295394661)(2000211    -199.366439994285)
10 14      - (2000201    -937.020511954291)(2000211    -874.216373173651)(2000002    5605.25241851693)(2000112    -503.682586365349)(1000000    -230.618367433857)(2000101    586.631671908095)(2000210    -333.707177649062)(2000102    -378.680306835745)(2000202    73.8157999501205)
10 9      - (2000200    -348.030214948411)(2000112    -777.146972024994)(2000111    -1081.65006683312)(1000000    -496.926690554842)(2000201    -169.888161172939)(2000101    -209.668634200252)(2000002    302.247708314885)(2000202    -86.6957609684999)(2000012    781.646171237411)(2000100    -324.007414956403)(2000212    -970.485811150882)(2000102    196.511574030481)(2000001    -29.8082959316214)(2000110    -162.875236106224)
10 7      - (2000212    -1040.46824468498)(2000201    2828.84811094863)(2000101    2862.5584093888)(1000000    7597.4319556708)(2000002    3296.37618960652)(2000200    102.142731195719)(2000100    80.812030559163)(2000210    -364.056050786904)(2000012    282.671568974455)(2000112    -318.372487748909)(2000001    1245.32996748347)(2000202    344.262480920423)
8 12      - (2000101    -99.3029406335145)(1000000    -317.659814413506)(2000211    -887.926646480859)(2000002    2895.17343160351)(2000022    645.722981113697)(2000212    -475.395656164523)(2000001    -519.385659747481)(2000202    -386.263040634873)(2000200    -8.04949962861792)(2000111    -1105.45883512694)(2000210    -667.492563144517)(2000201    -8.48770332666518)(2000102    28.0352015198763)(2000110    -606.961247911016)(2000012    179.652170063079)(2000112    -681.150765661759)(2000100    11.6656242602719)
12 11      - (2000001    5939.95820981901)(2000102    4576.43681023012)(2000101    5284.43386666686)(2000200    5131.16256477398)(1000000    5249.0795236764)(2000201    5275.6249091293)(2000202    4942.4150306939)(2000012    672.968941631371)(2000022    -210.848428323726)(2000212    -193.95754183581)(2000112    -239.957484010097)(2000100    4785.78579300964)(2000002    7030.9685142853)(2000111    -198.74191370192)
6 8      - (1000000    5267.59218740233)(2000012    7053.76413672448)(2000202    5360.01173847514)(2000102    5334.70545402492)(2000100    5359.93167263247)(2000002    5317.70486121332)(2000001    5424.52190691472)(2000201    5481.71264116306)(2000101    5600.12276616633)(2000210    391.272604140704)(2000110    -260.893712347595)(2000211    5162.64325244632)(2000112    5283.04938433132)(2000212    5242.63112272501)(2000200    5454.51545551826)(2000022    6258.72328735087)(2000111    5353.60482829352)
12 13      - (2000100    -252.299367644962)(2000112    -1009.9143436535)(1000000    -589.924120363022)(2000210    -84.2106936295698)(2000101    -280.654907908042)(2000202    -314.258652908195)(2000001    -207.558571987619)(2000200    -521.341320374967)(2000002    -286.584248142394)(2000201    -464.140155153107)(2000212    -55.6346418890301)(2000211    -130.007164417682)(2000102    -136.841644101702)
7 9      - (2000201    70.8718495016871)(2000101    -1100.82757058562)(1000000    -19.772343581492)(2000100    -402.962287777877)(2000001    109.702113255859)(2000212    -351.124341528471)(2000210    -342.256333635555)(2000200    -33.5828466152228)(2000002    86.8099887349463)(2000012    155.556208376499)(2000202    -829.000744208758)(2000102    1862.47255779845)
8 6      - (2000101    2414.73137175944)(2000202    1821.7786439281)(2000001    81.2214137685903)(2000200    454.075774885387)(1000000    2145.17395858263)(2000100    1526.12434126227)(2000002    165.899396086647)(2000201    1295.31594107878)(2000102    3626.89465043346)(2000012    6399.14545876168)(2000212    2435.71021619264)(2000110    -340.302450888072)(2000112    1744.75995361001)(2000022    2802.25250290224)(2000210    -90.5127631071436)(2000111    727.500592702254)(2000211    2359.87634835195)
6 10      - (2000112    -1082.47454022469)(2000102    -357.760377584904)(2000202    -349.503212179738)(2000212    -403.402462883349)(2000210    -278.498678006627)(2000101    -1513.49474940781)(2000100    -222.587907423493)(2000001    -259.529273048585)(1000000    5854.45782416631)(2000002    -347.464026804036)(2000201    -208.876829137271)(2000111    -645.991397174559)(2000200    -433.283640297335)(2000211    -145.229594473195)
7 11      - (1000000    7753.44235736333)(2000110    -803.87892448009)(2000001    5372.017391452)(2000201    7103.33769137711)(2000101    6983.88047960923)(2000002    6700.21709563139)(2000212    -657.771062866894)(2000211    -653.252573832362)(2000012    2194.65121143298)(2000202    4882.21700197119)(2000102    4506.80797691918)(2000100    7116.83309061303)(2000200    6582.14754060394)
6 14      - (2000201    -938.291484708701)(2000202    -1103.50190073539)(2000022    -113.463365762702)(2000112    -726.837258324269)(2000200    -709.185220674598)(1000000    -263.264069080435)(2000012    688.983521892721)(2000102    -213.943718905722)(2000111    -357.064523314353)(2000100    -161.037633966255)
6 11      - (1000000    2994.57733789754)(2000111    -1140.78930840445)(2000100    -608.056627825686)(2000101    -1257.64892823076)(2000002    184.523975311294)(2000012    610.626412526805)(2000201    -685.523889115821)(2000211    -363.659864982691)(2000112    -407.039859366602)(2000102    -579.770856353124)(2000202    -660.726654116591)(2000200    206.820401035699)(2000001    -605.175279469719)(2000212    99.2119454413236)
10 12      - (2000110    -794.950124787581)(2000001    -55.7661942431994)(2000112    -1027.72268732668)(1000000    -253.368381340845)(2000111    -915.299079693724)(2000201    -145.446258842384)(2000210    -549.319381946287)(2000212    -590.130147174788)(2000022    459.449970106536)(2000100    -480.007118729044)(2000002    4163.32570853359)(2000102    -173.998762963851)(2000200    -615.871775956585)(2000101    -271.903637856242)(2000202    -360.961353595441)(2000211    -435.420221764896)
14 11      - (2000002    -95.5272046987282)(2000202    -482.650014416565)(2000012    -137.483203751002)(1000000    -196.211116539713)(2000102    -864.752428851922)(2000212    -154.492629876463)(2000201    -565.753123757214)(2000200    526.106120487829)
9 8      - (2000202    -246.045754283874)(1000000    1669.45188752053)(2000112    -721.750441863438)(2000200    -278.639826227321)(2000101    -111.820026510822)(2000201    -128.439328180038)(2000211    -711.551348301729)(2000002    2619.34227186479)(2000212    -883.942667223984)(2000102    120.068706676642)(2000001    -126.857136857958)(2000100    -45.167085621799)
13 10      - (2000100    -569.794673230688)(2000002    1212.66591058302)(2000111    -391.819007807056)(2000112    -600.591035180119)(2000202    153.273028539155)(2000212    -438.510709784625)(2000101    -735.362774538737)(2000022    681.525446622216)(2000200    -407.800142077027)(2000001    197.225625792803)(1000000    -441.051964401636)(2000102    -276.4753234083)(2000201    -328.519008245368)(2000210    -145.335926678655)
12 10      - (2000210    -981.241447395844)(2000102    -441.914686790914)(2000111    -645.292628230489)(2000002    -24.7228264847593)(2000012    757.076600325287)(2000112    -501.080471773404)(2000022    -98.8617051337537)(2000200    -44.2476474310662)(2000212    -282.175243235104)(1000000    -668.664309368048)(2000202    -164.415845293682)(2000001    4343.90480341653)(2000201    -218.510024736462)(2000101    -358.497619232076)(2000100    -461.382680991462)(2000211    -371.071935549231)
13 11      - (2000012    651.295360058487)(2000101    -312.392656149714)(2000200    -78.7115837931033)(2000212    -715.462494863414)(2000002    716.197731301972)(2000001    -622.03090904244)(2000211    -454.262778234984)(2000110    86.3516329432425)(2000201    -35.0241341152638)(1000000    201.624504084118)(2000100    -214.046967933162)(2000202    4.32690613431366)(2000102    109.639287830901)
10 13      - (2000022    760.250007997675)(2000001    -43.9555572724102)(2000101    -184.172649602423)(2000111    -929.916244298701)(2000100    -272.855229959708)(2000211    -576.045890689663)(2000102    -614.962125230981)(1000000    -730.84963321206)(2000201    -85.8627205103076)(2000002    2056.46049713985)(2000202    -797.400612319091)(2000110    -98.5707579449703)(2000200    -136.031574355049)
6 13      - (1000000    6627.35094041545)(2000001    -485.760409142256)(2000002    -799.666465782136)(2000201    -964.81004420827)(2000200    -344.625956784235)(2000202    -712.044454344231)(2000112    -708.444347537736)(2000102    -340.168539077494)(2000100    -709.790973646224)(2000110    -258.706730557142)(2000211    -367.292176945942)(2000210    -246.813579940395)
14 10      - (2000202    -962.052758729289)(2000201    -872.431936580769)(2000102    -512.68061629518)(2000012    701.411644382254)(2000111    -429.297016118489)(2000101    -392.349680160013)(2000001    -464.663041805628)(2000100    26.5767101223907)(1000000    -709.635608459728)(2000200    -563.058567122345)(2000022    359.562608513303)
11 12      - (2000112    -867.69182423296)(2000101    1544.67493470088)(2000022    510.88186227002)(2000100    3460.9994889566)(2000212    -749.455638827998)(2000202    3474.19800578213)(1000000    4305.24629053464)(2000111    -691.043748158699)(2000201    3842.27986752109)(2000200    4199.6195413496)(2000211    -458.835478642585)(2000001    6429.10366433298)(2000002    3278.1746543733)(2000102    3754.4225445534)(2000012    508.031762863907)
8 14      - (2000200    -1170.36469760105)(2000212    -592.13863896471)(2000111    -482.209357916843)(2000112    -408.658088771894)(2000012    558.933463350738)(1000000    406.049290658265)(2000102    -679.854206958197)(2000202    -713.027146340561)(2000100    -486.673704307398)(2000201    4077.10513413937)
14 13      - (1000000    -869.951013380771)(2000201    -623.664820647355)(2000202    -364.725901818033)(2000001    444.911136756503)(2000102    -347.382677131448)(2000100    308.123786697773)
13 6      - (2000212    -935.612554182778)(2000210    -786.467973166504)(1000000    3026.39081269198)(2000102    -220.321537194283)(2000022    673.714443400472)(2000111    -150.340482959783)
8 13      - (2000202    -708.246031416986)(2000112    -348.472358948476)(2000012    -474.772328006049)(1000000    -673.783493732598)(2000022    728.371316306273)(2000111    -383.795926340599)(2000002    3882.21269628046)(2000001    -123.156248129035)(2000102    -329.143164749153)(2000101    -927.425692515115)(2000200    -391.0598262818)(2000100    -45.7237119889398)(2000212    -229.089609084672)(2000201    -191.928925387654)
11 6      - (2000022    582.253913800472)(2000111    -807.281697110532)(2000100    5826.80908264891)(2000002    5770.06949195348)(2000001    3460.64513004272)(2000200    2496.90589605603)(2000112    -438.469845750095)(1000000    7675.54392492977)(2000101    4171.96610646643)(2000201    2183.05275945879)(2000012    118.381175234316)(2000202    1574.2892603484)(2000102    -446.683132626415)(2000110    -149.043453358357)(2000210    -168.800619314566)(2000211    -162.919641823037)
13 7      - (2000210    -635.886996124757)(2000211    -832.237523094885)(2000201    -572.062076070241)(2000111    -767.061750324577)(2000101    -785.668896098242)(2000202    -699.142244171272)(2000102    -944.885243356012)(1000000    831.567200606122)(2000022    680.455361476863)(2000002    178.587105892929)(2000212    -771.659810087783)(2000001    -351.883921277121)(2000100    -285.804839678194)(2000112    -235.139833007534)
9 5      - (2000211    2478.12793237292)(2000100    901.531415718517)(2000102    994.414729138032)(2000202    1710.88412823551)(2000001    1741.8293156332)(2000201    2780.93859424553)(1000000    1314.57410199591)(2000101    1967.86471536345)(2000002    4217.34302879041)(2000200    1647.93666623958)(2000111    1819.63057307096)(2000110    -484.271948506919)(2000210    -455.872074437024)(2000012    2168.37583768606)(2000212    2011.25928530056)(2000112    3019.15102975106)(2000022    6451.55975910673)
11 5      - (2000002    1866.38982907672)(2000102    -598.859560978106)(2000202    -427.506231888548)(1000000    -278.761093611326)(2000100    -419.40389060942)(2000111    -640.633200369667)(2000001    73.0724713187859)(2000201    -570.938670469978)(2000200    -301.695130691337)(2000022    815.777211482016)(2000211    -246.555965217028)(2000112    82.3773384076053)(2000212    -230.624476453655)
7 13      - (1000000    -251.603363218802)(2000201    -1182.52055976072)(2000001    -947.613825530389)(2000112    -802.652383371922)(2000101    -1174.21911257091)(2000202    -354.447058137108)(2000102    -260.089146143174)(2000200    1044.06816386906)
14 6      - (1000000    1520.02446551167)(2000100    -923.248773003825)(2000200    -771.804292184517)(2000101    -363.813215086667)(2000001    -300.38390832026)(2000211    -298.431804653988)(2000102    -310.385090347911)(2000212    -458.802490287367)
13 13      - (2000102    -58.9500654066929)(2000111    -594.089408666126)(2000002    749.989561769659)(2000012    714.210107066605)(1000000    196.900561133045)(2000201    536.808970356545)(2000202    -318.53884182453)(2000210    106.02297776234)(2000200    473.802839568266)(2000101    475.901565750347)(2000001    515.341469359653)(2000100    413.180603779534)
14 8      - (2000101    -472.161711062144)(2000012    55.2431657274863)(2000112    -730.186642227318)(2000022    677.768454673464)(1000000    -696.580723333104)(2000200    -672.156239280342)(2000202    -356.630211205938)(2000002    3502.49904089925)(2000100    384.641441142819)
5 13      - (2000201    -564.005132725092)(2000002    -1205.677375224)(2000101    442.463252547244)(2000102    -766.941940829984)(2000112    -1376.31895304138)(2000202    -522.479222914475)(1000000    -407.527528136024)(2000022    5354.45678144131)(2000012    88.6924924801389)(2000110    -357.064523314353)(2000001    291.632752434313)(2000100    293.44674212511)
9 12      - (2000022    740.926959697839)(2000012    518.629904096378)(2000102    -239.995196820923)(2000100    164.925062659942)(2000211    -447.510774216217)(1000000    -272.587089154705)(2000001    158.145335826442)(2000112    -583.542148272469)(2000212    -409.47994566145)(2000111    -510.811644127083)(2000201    39.4460742921825)(2000110    -377.57769937287)(2000101    -559.172564494661)(2000200    -741.117630289205)(2000002    5017.02080895436)(2000210    -211.440216938202)(2000202    -190.556178443431)
14 7      - (1000000    -706.7838609991)(2000002    -354.112205075675)(2000200    -780.825937463183)(2000001    -508.932282904772)(2000201    -554.765356858329)(2000111    -428.644988996202)(2000211    -602.308061605054)(2000101    -449.50084881304)(2000212    -180.608809239513)
12 7      - (2000200    -1046.14659021709)(2000012    133.538966907398)(1000000    1738.58466440863)(2000112    -292.292476322104)(2000110    -401.880434811047)(2000100    834.176605440898)(2000201    -591.048622087954)(2000102    -395.085135208783)(2000101    800.307515596734)(2000001    -794.702673615765)(2000202    -1266.13515612119)(2000022    723.054812574497)(2000211    -355.917000016712)(2000210    -400.019190090862)(2000111    -138.821341408887)
11 14      - (1000000    -184.825971099227)(2000001    -970.866006960704)(2000211    -833.859540713026)(2000100    -647.781845805835)(2000101    -139.930008662919)(2000102    -718.830924448047)(2000002    667.603600758906)(2000200    -382.469971627475)(2000012    297.205582368949)
13 5      - (1000000    7423.83974483237)(2000102    -1066.55223961669)(2000100    3502.95992896472)(2000201    684.409508986219)(2000112    -131.933625379826)(2000101    -131.933625379826)(2000202    985.490045606419)(2000002    1999.6498616441)(2000200    1311.16805871365)
12 5      - (2000200    -1193.74786092124)(2000202    -736.234081747112)(2000101    -635.779932513143)(1000000    -373.078695813289)(2000001    -625.575334759856)(2000100    -743.787176833465)(2000002    -94.9678823286161)(2000102    -1042.84657448348)(2000201    -396.898495320835)(2000022    3090.36716346384)
9 13      - (2000100    -407.358939372572)(2000022    726.464539466263)(2000101    -481.099269365853)(1000000    -687.785916996828)(2000111    -442.168589977906)(2000002    4605.50890830443)(2000001    -73.3308134729022)(2000202    -352.707988310679)(2000200    -511.189054545684)(2000102    -319.763990088303)(2000201    322.383182508487)(2000211    -382.247683787175)
7 14      - (2000101    -780.159972146634)(2000202    -919.94066087623)(2000111    -892.360480732678)(2000201    -668.797671027587)(2000022    659.702170341915)(2000102    -565.304321466626)
10 5      - (2000102    3803.98361769085)(2000201    2319.86518405332)(2000202    939.858050749423)(2000200    2135.76024488116)(2000101    1692.01383177092)(1000000    3328.85190612625)(2000002    2731.02759799318)(2000012    6774.13014409712)(2000111    -408.996372271886)(2000100    1740.86661461456)(2000211    239.856782322013)(2000110    2673.13929877905)(2000001    2982.47081113358)(2000210    1647.40020300613)(2000212    4252.69630535692)(2000022    3585.97954350166)(2000112    1921.55735406606)
11 13      - (2000101    -657.674049879729)(2000002    662.035516103204)(2000210    -398.34663073495)(1000000    -631.567593911012)(2000100    -737.480699970397)(2000201    -327.582128303999)(2000202    -612.71330333733)(2000200    -294.803337325221)(2000001    -66.023257460283)(2000102    -63.4465215751823)
14 9      - (2000201    1213.52061912779)(2000022    627.013743702833)(2000100    -504.1478488478)(1000000    -236.672791762924)(2000101    -416.286642972068)(2000102    -560.183571017227)(2000202    689.949401743816)(2000200    -473.684572226214)(2000001    5295.04847097225)(2000002    181.081387880797)
13 12      - (2000211    -764.480701361397)(2000202    -1047.93129458878)(2000100    -59.1391682735264)(2000002    530.081402999378)(2000101    -143.910595235911)(2000001    -129.116053754708)(1000000    -168.758416493619)(2000201    -43.8740829110581)(2000102    -647.805850680442)(2000200    -137.845067407148)
6 12      - (2000210    -701.040860157045)(2000002    -769.144026947804)(2000102    -465.976276300169)(2000022    385.836250897399)(2000100    714.958483175762)(1000000    5820.65436451692)(2000200    649.538401071489)(2000202    -638.622518043779)(2000012    386.448305131605)(2000001    -27.0376092281946)(2000110    -212.418999450545)(2000201    -399.581791823419)(2000101    -588.577532988478)(2000212    -174.670268363031)(2000211    -173.504163912315)
5 11      - (2000022    614.179302437168)(1000000    4736.63741876288)(2000201    -499.15160201152)(2000001    386.655335781547)(2000100    -383.760328317767)(2000211    -337.925881309423)(2000101    1232.4440631365)(2000200    773.358970825571)(2000102    185.857114690316)(2000002    720.363727108803)(2000202    -347.268118050652)(2000012    765.529126221512)(2000212    359.24637951144)
5 10      - (2000112    -540.961270211167)(2000202    -549.034778059516)(1000000    -464.248208808682)(2000200    1239.41595615213)(2000201    2710.71801076588)(2000100    -322.530280879617)(2000001    -361.274847610262)(2000102    -259.38611752167)(2000002    -119.293318293119)(2000111    -343.575756546997)(2000101    -363.852218209381)(2000012    1283.3303435746)(2000212    -77.6305212582623)(2000022    349.580707744569)(2000211    -69.4000558355232)
9 14      - (2000212    -910.713325732211)(2000211    -519.11140461373)(2000012    688.760010939913)(2000202    -463.154028219336)(1000000    -751.602307689304)(2000102    463.802170430901)(2000201    788.090679130761)(2000200    -520.915596649952)(2000002    5800.58508400002)(2000101    918.839777602981)(2000100    1430.49219680432)(2000001    1155.47478991548)
4 14      - (2000202    860.155650843207)(1000000    -352.98460789923)(2000012    4976.37381334743)(2000100    255.058054251757)(2000200    293.362407345589)(2000112    967.28180758774)
5 14      - (2000100    -937.413789115727)(2000022    5874.56681245537)(2000101    -543.760171475544)(2000001    -24.5903731262187)(2000200    66.6326832896485)(2000201    930.420162410497)
13 14      - (2000211    -786.489952666052)(2000210    -117.884244881791)(2000110    -663.33695754599)(1000000    -627.798545580446)(2000002    552.596005712464)(2000202    -259.141133089481)(2000001    404.883949372411)
14 14      - (1000000    -13.7647025347335)(2000202    49.2632646158625)(2000101    -455.639037954148)(2000012    205.552408925181)(2000211    -241.911297535984)
14 12      - (2000022    -165.903708805222)(2000012    539.539944315227)(2000201    -1007.33633611564)(1000000    428.232676872106)(2000101    -111.220985010864)(2000200    -762.746754994479)(2000100    -497.180238510664)
12 14      - (2000002    -517.454009105101)(2000200    -492.005136494211)(1000000    -545.699253631111)(2000012    1008.35629507473)(2000100    551.808413856952)(2000110    315.013811860104)(2000001    359.497240249039)
3 14      - (1000000    109.574548139047)

