225
0 0      - (2000002    34550.8058261893)(2000001    34629.4222308877)(2000202    34357.6545312867)(2000201    34479.7337554179)(1000000    34073.7635951794)(2000101    33533.0290663521)(2000200    34220.4729760018)(2000211    34501.0721391084)(2000102    34274.1149724225)(2000022    33570.4244742398)(2000100    34753.7082573347)(2000111    34630.8277612109)(2000012    33722.6612522875)(2000121    34552.3164431185)(2000221    33598.6238681342)
1 3      - (2000200    32804.9524993377)(2000102    32681.781935968)(1000000    33235.5918136679)(2000002    32928.8873079894)(2000121    29585.8533697057)(2000022    28766.4708718826)(2000101    32014.2627868182)(2000111    27925.5212189172)(2000012    30349.0783573687)(2000211    29879.7980680098)(2000202    33972.0794161791)(2000201    32125.4272201409)(2000100    34877.1252978052)(2000001    30717.620595942)(2000221    25296.3556556665)
2 0      - (2000202    33945.3617847996)(2000002    33765.9025906154)(2000201    32389.5540672732)(1000000    34123.1179780509)(2000121    30340.6303245898)(2000200    34228.9734948442)(2000111    32222.5862999034)(2000211    33553.9873446111)(2000012    31760.7294359953)(2000101    34777.3550638241)(2000022    31928.8998524687)(2000100    34177.5723973327)(2000102    32840.3163907358)(2000221    28102.6071111476)(2000001    29214.8866840381)
0 1      - (2000101    33781.4641918728)(1000000    33998.6779283758)(2000102    34047.0335980627)(2000002    33678.2684835063)(2000200    34057.1707390109)(2000012    33205.2890284698)(2000022    32873.6377644166)(2000201    34097.1201892759)(2000100    34759.5344629354)(2000202    33489.2220466269)(2000121    32370.2949869095)(2000211    34013.2195004886)(2000111    33553.7552824099)(2000001    32210.8751896978)(2000221    31558.7924814156)
3 0      - (1000000    32921.0433611855)(2000221    28894.8751513571)(2000022    22797.8890799884)(2000202    31702.8649208357)(2000100    34783.9351405173)(2000102    31405.9458934681)(2000201    33258.4737849649)(2000002    33270.2104284295)(2000200    31168.9366280203)(2000121    26792.5916955132)(2000211    29501.7263067179)(2000101    31787.6051636657)(2000012    32011.086201652)(2000111    32363.7046544512)(2000001    29767.6882375693)
0 2      - (2000022    32032.2007180444)(1000000    33775.8819450894)(2000200    33919.6191788154)(2000002    33243.8706497941)(2000202    33645.4338668239)(2000201    31309.7946415766)(2000100    33710.584746106)(2000012    31413.7429240308)(2000101    34714.338398763)(2000001    33542.1018086198)(2000102    32983.2693917394)(2000211    34354.2809599073)(2000221    30950.4244888811)(2000121    30592.9576576124)(2000111    33028.21272919)
2 3      - (1000000    32961.5687778235)(2000102    32966.3997436023)(2000201    33215.8250436471)(2000001    30964.1755149143)(2000101    34765.2036908639)(2000202    31326.2434790188)(2000002    31957.8843613542)(2000200    31613.138604841)(2000012    28340.2817159321)(2000022    24208.0624396072)(2000100    33783.9034773752)(2000221    26576.1101398155)(2000111    23989.8906629406)(2000211    30210.7046661143)(2000121    23590.6687072169)
0 4      - (2000100    32426.1285299552)(2000001    16596.3102574355)(2000002    26649.2899797826)(2000111    24876.1233522446)(2000022    24794.6353342253)(2000121    27964.8892456131)(2000101    27548.0536952708)(1000000    34305.207324462)(2000200    27176.038641796)(2000102    28138.417300007)(2000202    29951.7229360029)(2000012    23580.5702972428)(2000201    27125.6421880822)(2000221    25294.0422345893)(2000211    25213.23944331)
2 4      - (2000201    29018.3680744096)(1000000    32350.3822496997)(2000022    18603.0448335032)(2000102    22611.9041935078)(2000211    20893.5759506348)(2000121    15114.2517783177)(2000100    21968.87955914)(2000202    26213.9216294954)(2000221    21610.2281893255)(2000111    23316.0811847753)(2000200    25922.93408679)(2000001    19211.4125307408)(2000002    27506.7918876783)(2000012    20923.1405334659)(2000101    34753.0825148645)
0 3      - (2000101    30701.4888963429)(1000000    33850.4307505988)(2000201    32667.6844654922)(2000111    28234.9076467767)(2000121    29407.6547231537)(2000200    31794.1713912455)(2000202    32970.6366888262)(2000001    30593.3935585213)(2000102    32171.680887425)(2000100    33566.8841253426)(2000002    30923.9447076722)(2000012    28141.6777611041)(2000211    29083.2468115554)(2000022    25803.6136744024)(2000221    28166.782771386)
1 4      - (2000201    30973.0263963315)(2000100    27988.3724499205)(2000101    26505.1789477415)(2000102    33736.8766709777)(2000200    28762.884373356)(2000211    24705.8431757126)(2000012    20226.2925625981)(2000111    22573.4187611576)(1000000    29607.3461045395)(2000002    24707.4629312392)(2000001    25880.452642033)(2000202    30081.2185926894)(2000022    19775.7357617014)(2000121    22380.4419310459)(2000221    21394.0404273928)
2 1      - (2000202    32044.0094346392)(1000000    33682.1841948956)(2000121    31393.9665761331)(2000022    30462.8936141625)(2000002    32645.6485197439)(2000102    32997.7707741679)(2000101    34797.0209952618)(2000201    34328.1881295216)(2000211    30819.1918187365)(2000200    32917.7244673473)(2000001    29096.0041842861)(2000100    33795.5266331168)(2000111    31715.3368996961)(2000012    31822.8043627243)(2000221    29165.9161059033)
1 1      - (2000002    34264.9008017097)(2000202    33380.1823110001)(2000200    32765.347145432)(2000101    30248.6501947134)(1000000    33631.2080972665)(2000102    33752.2303499005)(2000001    32068.6078934718)(2000022    31111.3708573989)(2000121    30101.1511134122)(2000100    34809.5403549609)(2000201    33121.7118927608)(2000211    32175.2002706339)(2000012    32869.3258102672)(2000111    33974.9943555432)(2000221    31759.2829032529)
1 2      - (2000100    33161.5441500806)(2000002    33749.1955666593)(2000200    32517.7977290017)(2000012    33052.1986934275)(1000000    33848.5412098752)(2000102    32655.8583728735)(2000201    32928.3151787306)(2000202    32959.8012709818)(2000211    28480.4240423213)(2000101    34415.1241661449)(2000001    28518.0066981148)(2000221    30558.7456801736)(2000022    29361.2711697108)(2000121    28118.9742488209)(2000111    32927.9193328234)
3 1      - (1000000    32797.5053382493)(2000002    31577.1635413337)(2000200    30680.9647360228)(2000100    32123.889285097)(2000201    30499.5540264454)(2000101    33643.1599712618)(2000111    28888.5449324566)(2000202    32855.1687723731)(2000221    27336.9304162984)(2000012    26798.5801493189)(2000102    33762.3960855982)(2000121    22549.0873390626)(2000001    25356.6850729411)(2000022    30695.1744027613)(2000211    31786.1046591352)
1 0      - (2000201    34107.9736452785)(1000000    34222.1941249287)(2000211    31682.8827970843)(2000100    34775.4182949445)(2000101    34187.9636601863)(2000102    33963.0293585402)(2000202    33557.9401962066)(2000200    34215.7106516548)(2000012    33645.4509803499)(2000002    29057.435306234)(2000121    33586.6661802084)(2000022    31954.9446298255)(2000001    31183.5514497291)(2000221    32036.7226415263)(2000111    35356.8543754081)
2 2      - (2000002    34035.2775159767)(2000111    34541.5656705501)(2000022    27505.3248377071)(2000101    34823.015385661)(2000202    32003.4250839923)(1000000    33542.5539681186)(2000102    31951.9561913615)(2000221    27034.9953910089)(2000100    33213.2633141652)(2000001    22863.0353380326)(2000200    32061.4738731399)(2000201    31169.7092567107)(2000121    25762.4232600017)(2000211    27524.0295706408)(2000012    30624.9672377933)
6 0      - (2000101    29865.9996595053)(2000202    23273.8719414009)(2000012    35713.4537733761)(2000211    19044.0603362515)(2000002    26213.7255217361)(2000201    14746.8433374681)(2000102    15917.8445908672)(1000000    22196.8004498559)(2000221    11029.7340194731)(2000022    7634.58482417821)(2000111    20641.6558449764)(2000121    11828.5661386088)
4 1      - (2000102    26979.4783644144)(2000221    24543.381673191)(2000201    29795.5776489068)(2000002    32801.6699439323)(1000000    31018.0604798389)(2000111    23709.8806690832)(2000101    34642.1589459124)(2000121    24254.0973479859)(2000200    30164.4535151357)(2000012    17313.5882845951)(2000001    23483.8430711027)(2000100    27290.9284584472)(2000202    29785.3107857406)(2000211    23720.8988627639)(2000022    22808.9951355741)
4 0      - (2000102    30393.3444437727)(2000001    18485.7837732938)(2000022    19474.058662241)(2000002    30471.6111102457)(2000202    28368.3993346913)(2000100    26144.7490221826)(2000200    26555.196802201)(2000101    34093.0009620872)(2000012    26116.1178306594)(2000111    26976.0482196719)(2000211    28145.6398553289)(1000000    30853.782747489)(2000121    23141.7263526686)(2000201    27610.8912268181)(2000221    26341.4425934494)
6 1      - (2000101    13585.0270758103)(2000002    35963.0548360282)(1000000    24264.1573350792)(2000211    23750.8162843946)(2000022    2168.75251484319)(2000111    19542.7958609561)(2000012    10758.9456285981)(2000121    17059.7973331271)(2000202    12512.7009517479)(2000102    7251.93410164722)(2000221    7386.24827360116)(2000201    18668.8274020638)
3 4      - (2000100    20693.9533825099)(2000221    17419.7875523226)(2000101    34689.7013934948)(2000202    22941.5961796842)(2000211    18634.3199540228)(2000201    21158.7733312112)(2000002    26570.6635459781)(2000200    21360.1792411418)(2000001    15236.7122181669)(2000102    18467.4588791432)(1000000    28466.3866638171)(2000111    25442.6291300482)(2000012    20122.1805570809)(2000022    15959.3815770308)(2000121    7971.17618541244)
4 2      - (1000000    30954.5617767244)(2000200    22639.9333733053)(2000102    22472.7491298696)(2000202    21060.9868974543)(2000100    34778.1126223155)(2000111    21453.1330438865)(2000012    21161.0265817172)(2000201    31675.3412770323)(2000022    20559.2324626303)(2000002    25036.3007408544)(2000001    22097.6887907948)(2000101    23268.3723651578)(2000221    16988.3188026618)(2000211    22826.0331414901)(2000121    12487.9074279394)
3 3      - (2000211    21529.2324460355)(2000102    28739.2871272737)(1000000    33420.6058411218)(2000200    27508.4553925003)(2000101    34707.8066849819)(2000202    27193.5944493355)(2000111    19494.0846841835)(2000001    25082.4747698149)(2000100    33472.9789852333)(2000201    29450.7709910605)(2000002    28829.7236147294)(2000221    19277.9350511987)(2000012    20239.0407123451)(2000121    12779.8795570603)(2000022    20107.4161603901)
5 0      - (2000022    8568.38702710372)(2000002    33891.772554453)(2000201    12051.2166657102)(2000012    12117.4762790762)(2000121    14121.978015954)(2000111    925.853491337411)(2000100    2052.10959811786)(1000000    12150.615869884)(2000221    4457.73585938007)(2000202    8939.11408226771)(2000102    4279.97085158007)(2000101    3835.19107258252)(2000200    12346.4061737257)
0 8      - (2000102    29977.4352166909)(2000202    31640.8050202347)(2000101    29080.1996348165)(2000221    26904.1583776936)(2000201    35603.9042326293)(2000022    32147.4856513998)(2000121    27774.4791892521)(1000000    31743.9502085791)(2000012    35855.9826149003)(2000002    27392.4931545728)(2000211    28640.9319345056)(2000111    26967.1228117129)
10 1      - (2000002    24825.9310682088)(2000211    21991.4997178169)(2000012    35558.3680934502)(2000201    18271.5361017488)(2000202    23640.5108226738)(2000111    16884.1733446021)(2000102    18850.7612400654)(2000221    29679.5579141431)(1000000    30984.0836712765)(2000121    27612.9269506252)(2000101    28248.7415494001)(2000022    20071.0043894471)
10 0      - (2000201    31977.145965333)(2000111    30907.8522894369)(1000000    32709.7681584282)(2000101    31728.9310959925)(2000022    30680.3331025645)(2000202    29263.1227894407)(2000002    35695.635848854)(2000211    29703.4560087651)(2000102    31767.9259428315)(2000121    30501.1124948559)(2000012    33903.4702567541)(2000221    30324.976853215)(2000200    2766.62681162112)(2000100    12959.0847289321)
0 6      - (2000111    15841.8685738497)(2000201    21166.4992629443)(2000012    14828.2726525391)(2000202    13744.2449481131)(2000002    35566.9003388094)(1000000    17536.4504287677)(2000102    14698.4720305469)(2000101    6693.76029369683)(2000022    18496.4358724557)(2000211    13139.0614375351)
8 0      - (2000102    27173.4974843511)(2000002    35596.0212050262)(2000221    26918.4787185011)(2000101    28116.6151261503)(2000202    24393.3883201605)(2000211    27021.7306873474)(2000012    30802.9029635253)(2000022    26282.9620377391)(2000100    723.897199267972)(2000111    30095.8756266764)(2000201    29971.4313922813)(1000000    26430.4113084433)(2000121    29098.6320976801)
0 10      - (2000111    30791.0084993521)(2000121    27712.2675567272)(2000002    31873.4892009351)(2000201    34365.5969245831)(2000101    31577.374617142)(1000000    33529.8394045445)(2000012    35955.2766287539)(2000022    29521.6028402719)(2000221    27838.6180465367)(2000102    32360.7848741017)(2000211    32120.0207029861)(2000202    30822.2208136381)(2000200    8270.1256594455)
0 9      - (2000202    27716.2085833609)(2000101    34150.720271982)(1000000    29489.902547118)(2000022    27411.6425792719)(2000201    30645.3781041872)(2000121    22761.6655155242)(2000111    27188.5588148315)(2000221    27660.4349674965)(2000102    28613.00370027)(2000012    22102.4892818993)(2000211    24878.2356403198)(2000002    28059.0886813542)
2 12      - (2000102    10055.6985617247)(2000002    35856.5429993252)(1000000    17786.6123521066)(2000202    12618.1396505282)(2000022    18314.201982315)(2000211    13558.8908202408)(2000012    18061.8360225995)(2000101    5902.27369022229)(2000201    7582.23438644697)(2000111    7161.78935521297)(2000121    8692.08135996985)
9 0      - (2000022    27474.5357818246)(2000202    24346.5117918685)(2000012    35618.1003909022)(2000201    33962.3307249973)(2000102    26643.9002668856)(2000221    23769.8321595006)(2000211    27889.2337385134)(1000000    27402.508009963)(2000111    29700.9548763367)(2000121    22110.8230497585)(2000101    28846.6879846008)(2000002    30265.5071777457)
12 1      - (1000000    28930.1884430081)(2000102    25114.8909219887)(2000022    13616.4329470797)(2000202    24492.4971268874)(2000002    35830.7325585289)(2000101    23657.3462181301)(2000012    23795.7073869549)(2000221    4799.47555020142)(2000201    6129.46874253712)(2000211    15513.1304251594)(2000111    14175.0840986699)(2000121    13811.6937865791)
3 2      - (2000101    31498.4963471279)(2000202    32929.0240861476)(1000000    33762.6346685377)(2000002    31321.7715117871)(2000100    31342.0358944465)(2000001    30307.7711876907)(2000211    24376.7486284082)(2000102    32206.5201834989)(2000201    31356.8586313623)(2000111    23244.2277402425)(2000200    29969.2576007205)(2000022    23598.9694579486)(2000121    27783.3056508347)(2000221    21382.8624747721)(2000012    22784.5699125636)
1 9      - (2000101    24240.1119597626)(2000202    25786.99555813)(2000111    29244.8518037905)(1000000    30537.4508899163)(2000102    26068.2821540206)(2000002    35520.4044923604)(2000121    23900.328639337)(2000022    23107.8809341268)(2000201    19546.0702809814)(2000211    21631.2733339352)(2000012    26157.4373209442)(2000221    24930.1729333426)(2000200    7203.03123414347)
5 2      - (2000111    26439.0789247722)(2000101    507.355077892135)(2000001    2092.62895762648)(2000121    2961.11511433106)(2000102    7252.27275380854)(2000012    3727.21129885407)(2000002    6225.74638288329)
9 1      - (2000201    26866.2202420016)(2000102    29953.6091034917)(2000012    30263.4428106372)(2000022    20738.1185313951)(2000101    33530.7159939332)(2000002    27028.8727912639)(2000121    24832.8751607109)(1000000    23800.5147659682)(2000111    28505.2811565239)(2000202    29671.5523849961)(2000211    28621.579555932)(2000221    19970.9630505689)
2 10      - (2000102    24669.1257794478)(2000202    33503.7734516043)(2000022    19793.5587924806)(2000201    11160.0072840787)(2000101    23748.4059736279)(2000211    10355.2207497116)(2000111    21005.7528772861)(2000002    24872.6359784407)(2000121    7549.34308974411)(2000221    20562.6229158147)(1000000    24546.0262343022)(2000012    21552.6436780533)
0 12      - (2000012    35847.1954966052)(1000000    32822.1182188822)(2000111    14124.5241974679)(2000121    21648.4255578448)(2000202    19110.0588968592)(2000102    23035.1516394348)(2000002    33335.9446727006)(2000101    24594.3609127905)(2000022    11169.9477489155)(2000221    7102.56214798491)(2000211    25136.2715070351)(2000201    23473.3437380114)
1 12      - (1000000    35529.115535787)(2000211    17710.7617506767)(2000002    13862.6569612837)(2000102    26726.1620158055)(2000121    7665.52398729709)(2000201    22476.3662431043)(2000202    23101.0255578271)(2000101    26039.5181470728)(2000111    18867.9083382114)(2000012    10618.5416107117)(2000022    6741.77645995823)(2000221    6571.45379031707)
1 11      - (2000111    24727.6814851144)(2000201    33287.8286626141)(2000101    28454.0121393761)(2000221    19959.7561905993)(2000002    12451.6512270335)(2000012    35822.0557288001)(2000102    20419.7427816097)(2000211    21703.1441444309)(2000121    18984.4193775138)(1000000    30710.5708324599)(2000202    25866.7489397708)(2000022    23910.7746667947)
11 5      - (2000002    6966.73999572904)(2000202    3916.58880794067)(1000000    22781.0741758735)
11 1      - (2000201    24118.1898039558)(2000101    30101.2677656583)(2000002    24904.5802168814)(2000211    26783.7659517768)(2000022    23256.6683524335)(2000111    23104.332156557)(2000102    20067.4782841122)(2000012    35973.2310839038)(2000202    20262.808380222)(1000000    34266.1642741097)(2000121    17358.2544378684)(2000221    25731.8954230666)
14 4      - (2000102    13194.349333406)
1 6      - (2000012    20078.8111784672)(2000200    -586.447508315326)(2000100    -500)(2000002    35638.1415614477)(2000202    16401.3093784529)(2000211    12082.1123539248)(2000111    10703.7166340891)(1000000    12076.0024747485)(2000022    6930.29699277155)(2000102    8688.7779714794)(2000201    8803.34873752407)
11 2      - (2000221    17676.8437854434)(2000201    19577.2338659476)(2000202    17200.6617611024)(2000012    1108.61731527746)(1000000    14870.5893609929)(2000002    35886.7097681575)(2000211    20413.9870495784)(2000022    17154.8621887576)(2000121    15601.2172271743)(2000101    15332.022223605)(2000102    7356.9047948881)
11 0      - (2000002    35630.3841285332)(1000000    29931.9372948872)(2000102    29661.9448897863)(2000022    16729.7595357901)(2000101    23771.8639232132)(2000201    27380.5309126031)(2000202    30025.461974642)(2000111    26917.5230151899)(2000012    33317.675409949)(2000211    29622.1342239289)(2000221    23878.0079521019)(2000121    22022.487188364)
12 0      - (2000201    35812.2644790465)(2000211    10835.9664008023)(2000101    24561.6616683209)(2000111    15985.7024509328)(2000121    17393.3289305479)(2000202    18368.1235702761)(2000022    26910.692914208)(2000102    24632.925316079)(2000012    10118.6320562124)(1000000    30289.756637307)(2000002    28874.8016368927)(2000221    25681.2290484538)
1 10      - (1000000    34284.1915463237)(2000221    20526.0059267083)(2000121    19726.9419167869)(2000111    28177.0090948809)(2000002    26853.3081017788)(2000211    23813.6754850987)(2000012    19759.4665788534)(2000102    24412.9155159625)(2000022    16202.7942087697)(2000101    28032.7143842082)(2000201    18649.3725920503)(2000202    21916.7838096129)
2 11      - (2000202    9097.91759363347)(1000000    21895.3155643195)(2000022    8614.84409403264)(2000121    12617.9288082433)(2000201    35351.3981761525)(2000101    20556.8418516549)(2000221    4551.95099061837)(2000012    13238.6786906947)(2000111    6968.20057813145)(2000102    14999.0303123614)(2000211    7735.23371669391)(2000002    7445.81146033308)
2 5      - (2000102    7700.94941612574)(2000100    940.470440009548)(1000000    8724.12132714241)(2000022    31131.0193936792)(2000002    14900.2729573387)(2000012    832.795150901414)(2000201    2482.31538200076)(2000202    3165.02978877997)(2000200    6808.04762419644)(2000101    12632.9142122361)(2000121    10025.6768400839)(2000211    5689.99564139714)(2000111    8359.52698145259)
1 5      - (2000121    12501.41246392)(2000101    5191.91383995666)(1000000    9293.66708407434)(2000202    13699.0144932128)(2000201    490.253644884969)(2000002    32713.0336798758)(2000200    8286.54964228908)(2000102    16520.2644470058)(2000221    4125.87536708063)(2000111    9046.99236175058)(2000022    2066.59275405388)
0 5      - (2000211    8036.21003299292)(2000002    11994.5912965956)(2000012    10641.1277386109)(1000000    7243.61166420594)(2000101    32283.9096903076)(2000201    10070.9583369201)(2000111    16204.4737091031)(2000200    4812.71430675618)(2000202    10802.6395709426)(2000102    5957.50039746306)(2000022    16544.829673582)
7 2      - (2000211    20025.2003936085)(2000102    22329.8772748422)(2000002    25115.7040145666)(2000201    33756.5031802732)(1000000    24966.7890464328)(2000202    24523.4223208674)(2000012    26945.2548459401)(2000111    18701.6302912203)(2000022    10397.5296055305)(2000221    17931.7404650662)(2000101    20896.1550553885)(2000121    7617.14434366047)
3 9      - (2000012    35422.0546220262)(1000000    17830.8958042128)(2000121    9133.74463161913)(2000221    10344.9097393894)(2000101    13232.5031041503)(2000111    13378.4628845)(2000211    16310.7859901102)(2000002    6597.01318466362)(2000201    12087.1510852881)
1 7      - (2000100    -190.050246816543)(2000002    34832.9447331595)(2000102    29435.1907778124)(2000111    27156.7052095189)(2000211    27487.4324949117)(2000202    26063.0925224642)(2000121    17016.5705996464)(2000101    30448.0990220953)(1000000    31069.2568477043)(2000012    22845.7200544064)(2000201    18391.1102147786)(2000221    22296.8125959968)(2000022    24159.8027908594)
4 3      - (2000101    34695.4450833085)(2000002    5665.69672499168)(2000001    15078.9188785718)(1000000    23974.6761898588)(2000201    22063.1273242602)(2000102    19163.0333704707)(2000100    27043.8852032594)(2000221    11433.4997640823)(2000200    19749.1335407739)(2000012    15600.830102772)(2000202    25663.0465556584)(2000211    6193.21581045099)(2000111    11466.7303134506)(2000022    7149.27747671814)
4 4      - (2000002    13727.5407892304)(2000202    8203.01607854013)(2000201    20536.7344320237)(2000101    29252.6506623786)(2000022    2101.51185363272)(2000211    2676.37290854823)(1000000    17435.5272470034)(2000102    8184.74760622739)(2000111    4438.61792470846)(2000121    18660.3886702899)(2000001    13096.1280802288)(2000200    7406.88553977179)(2000221    17527.3990288127)(2000100    13132.0654178633)
7 0      - (2000101    35456.3089547328)(2000022    18659.7664131636)(2000211    29345.2805291194)(2000111    22716.0067353316)(2000002    28250.0321166579)(2000012    35714.7742517402)(2000221    21187.1920918492)(2000121    20867.8533722675)(2000201    27345.4047774234)(2000102    28555.8334374218)(2000202    20716.2961782976)(1000000    31874.0435566901)
8 1      - (1000000    30101.3787095835)(2000002    23820.2958164703)(2000221    22685.7179901162)(2000101    27340.398139007)(2000012    35776.9907592307)(2000201    34976.7684629521)(2000102    22617.027885044)(2000202    29581.5090486844)(2000211    27406.7548406908)(2000111    26201.3059784414)(2000022    27425.7635048047)(2000121    24493.0066232333)
2 8      - (2000121    19598.6169361362)(2000022    20041.017992679)(2000102    20470.456477523)(2000201    33978.7097863041)(2000211    18011.4980968076)(2000012    26413.9738450576)(2000101    19569.919669532)(2000202    19539.1929614439)(2000002    20439.5255805039)(1000000    21100.3101004892)(2000111    19365.9613257967)(2000221    15200.26650547)
3 6      - (2000101    10054.8803638406)(2000012    858.895778419523)(2000102    33627.034866624)(2000002    10202.5912177403)(1000000    22900.3596262986)(2000202    11576.1764534316)(2000111    6692.85644041458)(2000221    15097.4828201844)
2 14      - (1000000    1007.69249079648)(2000121    1007.69249079648)(2000201    9340.12442028436)(2000002    2953.73525201157)(2000111    14787.9194870591)(2000102    33676.395982826)(2000211    7460.19376866622)
2 6      - (2000201    16254.2479682935)(2000002    34670.4202396172)(2000202    7.40422548919901)(2000211    18946.4725525312)(2000102    -0.5)(1000000    18610.5878121615)(2000121    18142.8896539756)(2000111    16555.8208192033)(2000221    8488.39796022099)(2000022    14727.3748415702)(2000101    8664.61896033969)(2000012    8687.33767502326)
5 1      - (2000111    9176.71916063938)(2000101    1131.58774364159)(2000200    5399.2785609579)(2000002    10638.9283350097)(2000102    9912.29733392805)(2000201    24403.2146449213)(2000022    3249.63928788366)(2000012    13110.5094696639)(2000202    16125.9239997369)(1000000    5418.11467047651)(2000211    9204.19615242982)(2000221    9480.9981551545)
0 11      - (2000022    25077.4510341309)(2000201    28391.8485923596)(2000002    35221.8056453038)(2000101    29818.4724163059)(1000000    33939.3898029983)(2000211    27389.4023147651)(2000202    26790.8146052439)(2000111    21532.4085483621)(2000221    17558.728894236)(2000121    26433.4056497738)(2000102    32456.2667671805)(2000012    30679.402817537)
8 2      - (2000101    34149.6200468432)(2000102    19470.8166875567)(2000012    16393.3697331937)(1000000    16913.4478466051)(2000002    20711.6782746165)(2000202    14702.2342721679)(2000201    22245.3504041537)(2000111    12229.0434082012)(2000022    23046.3750741533)(2000211    17430.0216260963)(2000121    20221.5011420277)(2000221    14538.6286263148)
6 2      - (2000202    23711.1643258834)(2000211    13519.8904733602)(2000102    14891.1818966528)(2000101    11360.9968020313)(2000121    13166.2465255767)(2000022    19269.5542117954)(2000201    12945.5908430055)(2000012    9459.04229327294)(2000002    21183.0102091445)(1000000    34358.0452932234)(2000111    18831.5404244635)
6 3      - (2000111    13181.9057863745)(2000201    9122.67210584581)(2000211    1927.36744024815)(1000000    15556.5899956924)(2000002    35390.2365349216)(2000012    5075.5357430714)(2000202    6975.4827444394)(2000221    7637.29463952275)
4 5      - (2000111    9415.58228409261)(2000001    2214.13024444969)(2000200    4629.57165297938)(2000121    5496.60314330333)(2000022    11965.6369353233)(2000202    10992.7558359501)
13 2      - (2000002    34535.6294155078)(2000022    3764.61028463218)(2000201    16262.9313003319)(2000221    5405.87813390743)(2000101    4711.16679566451)(1000000    6467.58234771008)(2000111    7422.39863617355)
9 3      - (2000022    34800.4245411243)(2000102    10906.5673100326)(2000101    28607.049502707)(1000000    21461.0090214308)(2000221    2733.50930914793)(2000012    17338.0199791596)(2000201    17408.5954409387)(2000211    6733.21586590487)(2000202    14069.1115652347)(2000111    16157.4702412703)(2000121    19725.5890655821)(2000002    12072.2740043459)
9 2      - (2000121    17663.6250856418)(1000000    24791.1316450968)(2000221    16574.4168110174)(2000002    35806.3486432696)(2000201    25258.4970564707)(2000211    21323.4004202245)(2000202    10248.3168044531)(2000101    24797.1657851215)(2000111    26164.863710955)(2000022    20050.4802642636)(2000012    23074.929289344)(2000102    24306.8076226258)
0 7      - (2000221    24380.0156359811)(2000111    29490.3278308032)(2000022    27959.8573868122)(2000101    28973.6239377351)(2000002    35132.1696244847)(2000201    27765.2485732473)(2000102    26579.8168334144)(2000202    30310.9570326799)(1000000    31942.3610787377)(2000012    29955.9393635279)(2000211    26017.3347403849)(2000121    23532.7085377999)
1 13      - (2000211    8742.85304143544)(1000000    19472.5181557316)(2000022    15271.0656926411)(2000002    35225.1284165703)(2000111    6262.12358601163)(2000102    9039.93004414137)(2000201    10499.2425203116)(2000101    12956.1974306424)(2000012    7470.81520492366)
3 11      - (2000101    11668.4134797159)(2000012    34933.7169473211)(2000221    12018.3089356148)(2000202    6246.71835570693)(2000102    5465.69729881352)(2000201    19978.0764276247)(2000111    5957.9224733963)(2000121    9566.52641051363)(1000000    12254.3063400566)(2000022    13286.4931124828)(2000211    7555.17506259345)
1 8      - (2000111    30436.8984128934)(2000202    31259.2554067479)(2000101    27308.6688402239)(2000211    27332.6188956895)(2000102    29757.8825857065)(2000121    28016.5940490923)(2000012    35765.1597178622)(2000002    28499.8433787972)(2000201    25953.5894767037)(2000221    28583.5578642179)(2000022    28499.5213258884)(1000000    34245.2286871018)
0 13      - (2000012    4374.04578542809)(1000000    15219.6369927942)(2000201    13066.3788873895)(2000002    35790.4586048968)(2000221    17794.1474615659)(2000102    8630.92210524592)(2000121    8119.10017454947)(2000101    18728.443533453)(2000202    8101.00208439547)(2000111    11720.4785640311)(2000211    10888.4861958302)
0 14      - (2000201    7471.96106108876)(1000000    34005.4150945772)(2000211    2636.57457081708)(2000101    19140.0639163223)(2000102    7155.63165579157)(2000002    21009.0167029948)(2000012    15121.6524070547)
4 6      - (2000201    31921.1696566173)(2000211    8916.53668990995)(2000012    2361.18271612377)(2000101    8331.27317464982)
3 5      - (2000001    221.873949793561)(2000200    7315.4665560497)(1000000    10404.5520729585)(2000100    1986.36144470354)(2000102    -234.185281321727)(2000202    1387.33563947706)(2000101    23918.6049729265)(2000111    986.708336737074)(2000002    2708.37765159299)(2000022    6313.66288822825)
10 2      - (2000221    18744.6446699645)(2000111    8402.86303060811)(2000201    35089.0515746998)(2000211    21929.6935793015)(2000121    15588.2923816242)(2000202    21315.7713957235)(2000012    15164.451261405)(2000002    10795.5937257907)(2000102    7368.20265635556)(2000022    18834.5347868943)(1000000    17447.5918839396)(2000101    17825.9576194958)
2 7      - (1000000    35512.7374433216)(2000012    35797.5983963383)(2000221    20003.7301540574)(2000101    23981.3068058512)(2000202    21245.8450484903)(2000102    16910.4860661027)(2000201    23060.9264361548)(2000022    20043.1706472768)(2000002    27269.1653270901)(2000121    21796.6436914402)(2000211    24392.2394703479)(2000111    26938.7680798871)
13 0      - (2000012    35627.4667996764)(1000000    31641.4204205762)(2000111    14208.0062190382)(2000202    8991.89931102948)(2000002    20733.0329891529)(2000211    13089.4093442689)(2000101    11343.3711943404)(2000102    16890.9186557053)(2000201    10879.9383966852)(2000022    16184.2844211231)(2000221    6725.68529058218)
14 0      - (2000012    35308.4570086626)(1000000    24599.5531718811)(2000211    5799.25721225202)(2000201    8351.56795410749)(2000002    10506.4942319492)(2000101    8228.40120475349)
5 7      - (2000102    9086.07225193486)(2000101    32012.3571859073)(2000201    4580.37527410748)(1000000    5532.17080462334)
6 4      - (2000221    820.962191841485)(2000202    12788.4193221122)(1000000    33904.6460646011)(2000002    9014.76165219439)
9 7      - (2000022    28145.2042346661)(2000201    10408.5407960918)(2000111    10764.0586771427)(2000202    22152.763247087)(2000012    35091.1105126468)(2000101    17089.1856386568)(2000211    11707.5684247058)(2000102    19333.4166743217)(2000002    23412.5603961762)(2000221    12134.3351076334)(1000000    23750.1139459447)(2000121    18485.2454853171)(2000100    6912.13821751097)(2000200    6939.21651151153)
3 7      - (2000221    17406.7486495005)(2000121    20277.9008415358)(2000101    34383.2986386336)(2000002    24268.4784774726)(2000202    25799.7767236885)(1000000    26946.0571343359)(2000111    8418.35272153197)(2000201    16891.7765724555)(2000022    4793.4677952111)(2000102    17151.671430889)(2000211    5472.06602745252)(2000012    23234.5577075613)
5 5      - (2000202    14851.8903126624)
8 7      - (1000000    34371.9461656811)(2000221    20378.737138052)(2000202    22104.4907539522)(2000211    25268.8219343587)(2000102    21715.3817202809)(2000022    20628.4227713957)(2000002    23032.9318304878)(2000101    19781.0180395038)(2000201    22530.8263929654)(2000012    22598.1292992244)(2000111    28641.1106909008)(2000121    14525.652996448)
6 8      - (2000002    32960.217454665)(2000211    10284.4975116446)(1000000    12387.9655806106)(2000022    11632.4950484526)(2000102    9085.55810209328)(2000012    9432.09685089535)(2000202    10628.9492774885)(2000121    7658.59567509331)(2000111    10657.4736515669)(2000201    14895.2565677612)(2000221    10952.4365863216)(2000101    11186.2360629991)
2 13      - (2000221    8683.08243785084)(2000121    4130.94421915024)(1000000    34862.4237757871)(2000101    15550.1999080286)(2000211    12010.0709034155)(2000012    13014.5367586156)(2000202    8216.71590336709)(2000201    8942.89843620346)
5 6      - (2000211    622.460618730224)(2000012    25427.1707685312)(2000101    8279.73057009522)(1000000    -500)(2000121    1014.56290734935)(2000202    7992.76301917813)(2000022    8671.99046203255)(2000221    8714.99102770285)
7 6      - (1000000    25777.8016971877)(2000111    12958.7372591264)(2000002    5486.00247119426)(2000221    6755.66389584458)(2000202    13355.3962563535)(2000211    1743.86518010324)(2000101    2228.93627301526)(2000102    17012.1396407647)(2000121    10033.8731892633)(2000201    5437.50713605363)(2000022    4135.70412344234)(2000012    16764.6935705515)
14 2      - (2000211    8653.32458698181)(2000102    28406.3803387952)(2000012    5839.37420448536)(2000101    21179.6505059502)
8 9      - (2000012    35436.553589909)(2000202    27254.7840450951)(2000121    18623.8747932773)(1000000    30141.0198471679)(2000201    30867.1729685948)(2000221    25856.2039438024)(2000022    26778.2059266433)(2000002    31145.6845956237)(2000102    27696.1571249728)(2000211    26207.8350794456)(2000101    29425.1702221928)(2000111    25021.751868076)
8 6      - (1000000    9660.28011132952)(2000201    4277.04442015242)(2000221    10655.3535206245)(2000211    31797.3155135056)(2000012    5198.60621453971)(2000202    10591.150996915)(2000002    7709.76214199902)(2000101    15622.6011130405)
6 5      - (1000000    802.091296737997)(2000202    204.924905951705)(2000012    1072.47845063958)(2000201    11249.5197778321)(2000002    935.107293873337)(2000101    476.635916655015)(2000102    32336.4690494133)
6 6      - (2000202    7871.97953626184)(2000201    4505.1125070891)(2000002    18472.6729122624)(2000022    1398.83001428553)(2000101    4311.93402218305)(2000102    7056.40706710534)(2000211    7758.49521373387)(2000221    2201.68994488282)(2000012    9937.89400695123)(2000111    2774.37390357837)(1000000    11648.4233974589)
7 5      - (2000201    31122.4098470002)(2000022    -0.5)(2000101    1219.93580184641)(2000102    2429.87296296701)(2000121    6440.23366963553)(1000000    7586.60153344015)(2000211    7425.37963501637)(2000221    7477.07644317069)
6 7      - (2000012    8031.41608188921)(2000022    14573.9320101131)(2000211    3307.44510811998)(2000202    13749.9880635782)(2000101    6260.71703731409)(2000102    6566.54251502183)(1000000    1889.25528265037)(2000002    30590.3088423699)(2000121    10873.4020475564)(2000111    13809.699723666)(2000201    14086.7470174062)(2000221    6119.93651666647)
12 2      - (1000000    35130.5089770891)(2000211    12022.5782967517)(2000102    12607.9485497616)(2000201    18944.3182558249)(2000202    9625.25269370771)(2000221    17692.2040667258)(2000121    10952.3152343522)(2000012    8372.7539838389)(2000101    21740.802901344)(2000111    15068.0395730601)(2000002    7643.25538096057)
9 6      - (2000211    33733.287724349)(2000202    5335.14136948884)(2000022    1321.71776832778)(2000012    13146.0718015443)(1000000    4028.65932175231)(2000111    2290.27745594138)(2000101    3454.68501479662)(2000002    12203.0896584756)(2000102    8451.58775702402)
6 9      - (2000101    9616.19080410072)(2000102    5137.37885016864)(1000000    1667.8540040988)(2000022    11064.8262556801)(2000202    10536.3166540745)(2000201    32810.0978757199)(2000121    10763.7810851225)(2000002    7992.36398881566)(2000211    10396.894311853)
7 8      - (2000111    26478.4816794871)(2000201    28959.5853222905)(2000211    32004.3298067823)(2000221    23839.3800499642)(2000012    29626.3185135803)(2000202    34309.3060644371)(2000022    28278.5634616185)(2000102    27521.3381640643)(2000101    27774.2136643417)(2000002    29109.8734575819)(2000121    24430.4086253379)(1000000    31189.3114458853)
4 7      - (2000201    34793.6654239116)(2000102    1093.71232744143)(2000202    8396.18711579576)(2000022    3532.6939170955)(2000012    15345.358715799)(2000221    12435.1783168585)(1000000    13937.1222356851)(2000101    16855.8072220935)(2000211    8634.43000701569)(2000002    8629.58845656494)
8 5      - (2000202    6924.42170405589)
8 4      - (2000202    1690.37636228251)(2000211    32721.9097826398)(1000000    15442.6206206989)(2000022    19638.6217280324)(2000012    15424.6076506127)(2000002    11922.0364479668)(2000101    13205.1458613921)
11 10      - (2000012    23392.9408490205)(2000211    25390.7834213978)(2000002    35666.4971489172)(2000111    26925.069127721)(2000200    9678.57506783308)(2000101    24139.5297943032)(2000202    27590.2653715728)(1000000    26299.951231358)(2000022    20560.0880895924)(2000221    27933.3196427759)(2000102    26608.4842385733)(2000201    19580.4498301979)(2000121    26571.3772948105)(2000100    8288.50857765472)
9 9      - (2000022    29875.3120391726)(2000211    22944.4271635925)(1000000    28211.3888232642)(2000221    25423.0784474069)(2000202    26258.288064708)(2000012    29215.4361189471)(2000002    34828.6052706185)(2000200    1325.04633698293)(2000111    27189.4416417346)(2000102    30253.6653485708)(2000201    24932.793986591)(2000101    26013.7498444985)(2000121    29429.3740462045)(2000100    13518.4231224919)
10 10      - (2000201    32903.8621528205)(2000121    25626.423041144)(2000102    28566.9042852672)(2000002    34089.8861519888)(2000211    29550.3849372304)(1000000    32105.1753570305)(2000221    32885.1832805132)(2000111    29194.2090195449)(2000202    30459.775410103)(2000022    31183.25703972)(2000200    23305.0286974397)(2000012    27806.6602179644)(2000101    31787.3018507343)(2000100    26071.3852999896)
10 8      - (2000111    27095.9021569551)(1000000    27997.8925024906)(2000201    28863.8306241414)(2000002    29114.8528758164)(2000221    27014.6115197233)(2000022    28067.9058893774)(2000102    28648.345356702)(2000211    27466.6278229035)(2000012    35445.7205791507)(2000202    24637.3569909218)(2000121    23993.8494572345)(2000101    25828.4058669706)(2000100    18740.8775918302)
11 11      - (2000002    32214.3591349812)(2000211    29661.1948241755)(2000102    30654.496382088)(2000012    34052.3466454932)(2000201    33321.0450548453)(2000121    25983.3435066067)(1000000    28840.5938259599)(2000221    22031.3299390826)(2000101    34145.1735517723)(2000022    30037.8919591989)(2000202    35172.555741032)(2000111    27858.9518000771)(2000200    22941.2714834702)(2000100    18487.8223381977)
10 5      - (2000221    12430.5601453819)
11 8      - (2000022    23379.9053790549)(2000221    23255.9674600831)(2000211    31344.2730780104)(1000000    29170.6068987605)(2000101    30539.9027076983)(2000102    28616.6082429182)(2000121    24282.4685237491)(2000202    24186.5560630708)(2000201    28849.4241977377)(2000002    35421.3087890238)(2000100    14899.3259552166)(2000012    26997.0804490504)(2000111    28616.2831759902)
12 10      - (2000012    35434.5190293484)(2000221    18020.6034266333)(2000211    9643.10130695947)(2000002    23608.2573623582)(2000102    18658.3441875873)(2000202    20884.5472027926)(2000022    16759.05165741)(1000000    2659.0934207781)(2000201    15551.4217775362)(2000121    18791.8057034138)(2000100    9735.05145342768)(2000101    18323.1987939553)(2000111    16748.4992771396)
9 10      - (2000201    30428.7213616187)(2000121    26460.1322081835)(2000202    28456.1647581656)(2000211    26294.5279893125)(2000102    28436.5984609609)(1000000    29019.2407156541)(2000111    28865.9539179375)(2000221    28217.3962396266)(2000022    30315.7318801741)(2000012    35826.8227319469)(2000101    26422.7856040618)(2000200    19397.5996331606)(2000002    29005.2099127775)(2000100    7139.1654376764)
8 8      - (2000201    30565.0090647395)(2000002    31104.6050802229)(2000102    32547.1062528307)(2000022    32164.9057127065)(2000012    33598.1498813736)(2000111    30653.3444725459)(2000101    32391.7822176522)(2000221    29990.540529427)(1000000    33674.6250268235)(2000211    33005.6519401003)(2000121    30548.0771829315)(2000202    31845.3678171843)
7 10      - (2000201    20293.8165287321)(2000101    34628.3615077489)(2000012    20281.7223386583)(2000111    22022.8862360502)(2000211    25684.9611096826)(2000221    14163.2004703638)(2000002    20090.7975595909)(2000102    24375.5684953854)(2000022    21665.6806065453)(1000000    22368.3064593461)(2000121    8094.59300333968)(2000202    12726.63040617)
10 6      - (2000211    648.810328047997)(2000111    8853.89659698335)(2000201    33938.0222949059)(2000202    655.526522887393)(2000022    8634.55811270142)(2000002    14185.936250575)(2000221    3915.72800058996)(1000000    11910.5950373229)(2000101    9623.66852540655)(2000121    6903.39180608207)(2000102    8778.92006118164)
7 9      - (2000202    27378.2118655177)(2000121    21452.0408965313)(2000211    25286.447965362)(2000221    24577.0958753967)(2000002    31881.989837208)(2000012    20042.3296759101)(2000102    18210.7885317522)(2000111    33922.8288687666)(1000000    27924.9807603127)(2000022    17534.2321808561)(2000101    23227.310583636)(2000201    22898.5089029867)
5 8      - (2000101    28763.5045735577)(2000211    4001.25769601789)(2000012    7878.37632468427)
3 14      - (2000002    906.744361883214)(2000211    26180.4034545197)
7 1      - (1000000    30230.8384879382)(2000022    26312.6051244941)(2000111    25413.2945909369)(2000101    22952.007601275)(2000102    25134.2007470379)(2000012    20173.1451468944)(2000211    26166.8522050373)(2000202    21135.590042848)(2000121    16064.2222466151)(2000201    28825.3616978031)(2000002    35713.4373890702)(2000221    24449.9418085985)
12 12      - (2000111    21370.5401099031)(2000102    19433.7558500235)(1000000    20159.7626475061)(2000012    35085.6403637552)(2000022    21127.5990629366)(2000202    28349.0632805172)(2000101    21497.0293914187)(2000201    30289.6638400026)(2000211    15220.6044929075)(2000002    26465.1850868097)(2000121    12828.8991723111)(2000221    17477.4483780752)(2000200    12800.4401085022)
9 8      - (2000221    24202.8932046043)(2000101    23514.8176181736)(2000200    2091.5760545733)(2000002    32036.6373923717)(2000121    26473.7845753506)(2000211    26505.4262485414)(2000022    35402.8745687173)(2000012    33047.2102142176)(1000000    23365.7353965048)(2000202    30726.3946611062)(2000100    9604.61849684512)(2000102    19941.3456908998)(2000111    30444.7169633755)(2000201    27383.2896671585)
11 3      - (2000102    16081.4768659558)(2000201    13550.1111628536)(2000012    34148.5290943277)(2000221    18677.6448263399)(2000022    12326.9816336118)(2000111    5689.88346832341)(2000002    8111.94649360203)
13 1      - (2000202    6355.10349358526)(2000002    35665.7820991594)(2000102    8170.88954869779)(1000000    21863.0148412294)(2000111    4962.40641692404)(2000012    21440.4361038449)(2000101    13277.1522778726)(2000121    15264.4782062547)(2000201    8306.7441275051)
11 7      - (2000202    23707.8457114323)(2000201    18394.7331143892)(2000002    22723.2638810144)(2000101    18939.5225879845)(2000121    26847.8310580923)(2000022    27675.7914522498)(2000012    35436.0280466897)(2000102    16672.6131015009)(2000211    15879.5126022201)(2000111    26528.5975965005)(2000100    11404.8137264048)(2000221    16963.7414487235)(2000200    13418.9823022911)(1000000    12705.1057328917)
14 1      - (2000002    34816.3273251754)(2000101    5264.7781934529)(2000102    7517.21777083791)(2000111    7665.29368720923)(2000221    13837.4868375727)(2000012    8276.35894471078)(1000000    7297.19209261129)(2000022    9050.75353283824)
8 10      - (2000111    27698.5586146751)(2000211    25865.2669662438)(2000100    9813.71165889139)(2000012    26568.4452866981)(2000221    25674.0527577122)(2000102    25015.3200671499)(2000002    35675.2493712124)(2000201    27365.5168962567)(1000000    25609.7402348716)(2000121    11996.5774034652)(2000202    23957.9998693496)(2000101    17396.3063891804)(2000022    22332.3600128147)(2000200    19889.1927455744)
4 8      - (2000102    982.103960577768)(2000012    35530.2931094907)(1000000    20970.5886258316)(2000202    10547.001742968)(2000201    12060.5052012633)(2000211    7368.49845655253)(2000002    7436.2054003594)(2000101    14020.1839830179)(2000121    8474.57719921334)(2000221    7723.67580216818)
10 3      - (2000221    1030.49323861458)(2000111    1096.79737109178)(1000000    34505.1388628735)(2000211    4392.40497690723)(2000101    18194.7124484941)(2000202    11753.675498987)(2000201    17014.5957257882)(2000102    12470.0474542907)(2000002    17565.7518938501)(2000200    8013.06141212483)
7 7      - (2000211    26541.2749386215)(2000002    35293.2931262584)(2000102    26548.9414491842)(2000202    29167.569288193)(1000000    25543.7633765677)(2000101    27138.7854319257)(2000012    27565.3414354688)(2000121    23048.9754857046)(2000111    22645.5531983178)(2000022    22365.3664266669)(2000201    26288.7207678181)(2000221    21101.3585009127)(2000200    7010.39932795774)
11 6      - (2000022    18372.7541285589)(2000012    14586.4717162724)(2000102    10478.0090304075)(2000221    9720.2661487608)(2000101    5358.39287289918)(2000201    34845.1913034327)(2000121    10366.4878326887)(1000000    16622.1280751084)(2000111    9453.96251431559)(2000002    16693.4180295993)(2000202    3641.25514734009)(2000211    7203.45341659869)(2000200    13850.116974778)
8 11      - (2000102    31782.7604388664)(2000111    30093.7511281342)(2000211    34031.059005499)(2000221    30841.5269793355)(2000012    28062.8670299664)(2000002    27049.7623211854)(2000202    27978.396443441)(2000101    24580.0545263317)(2000200    13767.0610999673)(2000201    29162.4931885389)(2000121    26364.7732914859)(2000100    18441.156331864)(1000000    27480.0965579795)(2000022    25114.0242941697)
10 7      - (1000000    27644.9796126972)(2000221    18951.5125547641)(2000201    19853.7571452914)(2000002    24128.5054972636)(2000202    19708.9004918547)(2000022    25848.4461157018)(2000012    35504.9205539431)(2000211    23533.6217429627)(2000121    26389.0466847276)(2000111    16900.0822480161)(2000100    8593.92658738874)(2000102    24850.8989398249)(2000101    21301.7371873367)(2000200    14262.2932813279)
7 12      - (2000121    22819.6198244612)(2000111    13294.7319600382)(2000221    24533.4769760602)(1000000    35005.7280450184)(2000211    22718.0729564996)(2000200    7342.0550491536)(2000022    20335.9412017528)(2000201    22778.0862397858)(2000202    21466.5187789556)(2000101    23815.7797055378)(2000102    18969.3858858244)(2000012    26281.0679933084)(2000002    28920.5784124801)(2000100    6196.91246352538)
6 12      - (2000102    18969.2233954182)(2000012    4388.45265427512)(2000211    17859.8291280343)(2000101    33837.0566193252)(2000221    19807.3685365475)(2000201    18006.093729563)(2000121    22065.8506835538)(2000111    8898.34213405333)(2000022    25941.0788849937)(2000100    11693.8833894253)(2000202    20695.9232163147)(1000000    23070.7499432387)(2000002    8476.79353885969)
9 11      - (2000211    15919.1544407999)(2000012    30308.8880983479)(2000200    13734.8787690092)(2000202    22740.9281800854)(2000201    22517.8581862059)(2000121    21441.3733377528)(2000022    27634.4330729499)(1000000    23407.6087451643)(2000111    21674.7360203602)(2000102    27367.8338786216)(2000101    34062.3785891534)(2000002    27404.2561366498)(2000221    7392.7067506494)(2000100    12202.7847079181)
10 9      - (2000111    28669.9170729736)(2000022    27318.1317478975)(2000201    24702.3188974557)(2000102    26577.0518452858)(2000221    30637.7560984084)(2000012    29491.2223738144)(2000202    25259.0591333453)(2000002    35427.4092417347)(2000121    25800.9174521604)(1000000    25222.8055510363)(2000100    14158.2250969625)(2000211    25191.3536194546)(2000101    29967.4889330717)(2000200    7519.19791496539)
11 9      - (2000211    27812.0170693977)(2000102    19074.2779855806)(2000202    25124.7380964518)(2000201    17139.8652795176)(2000022    30122.8231158974)(2000012    35220.4800400413)(2000100    15787.8951763063)(1000000    27852.9666881864)(2000111    27439.9776570353)(2000221    26411.4470558736)(2000200    11019.9888686168)(2000121    17612.1388054472)(2000101    23511.0955457023)(2000002    24950.3718816565)
10 13      - (2000202    7248.68866366729)(2000221    6470.67054282622)(2000121    17176.8568334899)(2000211    17063.8987484741)(2000101    33333.8084021069)(2000022    10337.3100496564)(2000012    17044.9243029808)(1000000    15808.6142685002)(2000102    10328.9350285766)(2000111    21559.7839041951)(2000002    12855.2123969837)(2000100    9089.14125390997)(2000201    10393.8752767987)
13 12      - (2000221    5055.73454293175)(1000000    35098.1371852855)(2000121    3349.48551457004)(2000002    7721.06071703723)(2000201    13217.968863596)(2000101    11713.6777609889)(2000102    19835.0548063972)(2000202    5720.51233072309)(2000022    13890.1502581323)(2000012    7106.0089106904)(2000100    7868.83823488858)(2000211    7565.30655177477)
12 7      - (2000121    11778.080750946)(2000022    34627.0972912997)(2000211    21670.9048053302)(2000201    24082.9198718914)(2000101    21499.9812221169)(1000000    25530.595749437)(2000202    23886.4328201201)(2000012    30279.8466983992)(2000221    29116.7942588289)(2000102    24290.196946649)(2000002    24758.6591089795)(2000111    27740.3033461078)(2000200    9668.53214866797)(2000100    7406.17624500109)
13 13      - (1000000    15581.4488407436)(2000101    33520.5173573017)(2000111    1627.54221887245)(2000221    11745.2123235228)(2000022    14151.6381489996)(2000201    8471.48999265018)(2000002    6223.6395071314)(2000102    8290.16211216555)(2000211    5780.88152427055)
9 12      - (2000102    21748.7375381712)(2000211    22255.0605841734)(2000221    22487.1123064155)(2000202    17151.557233289)(2000111    24932.1842368273)(2000201    23719.0734808263)(2000012    20948.7522103645)(1000000    34939.2592852776)(2000101    21136.4921936735)(2000002    26573.4880136191)(2000121    17205.3850114193)(2000022    23433.8800966304)(2000100    10654.7213913017)
2 9      - (2000211    22469.0925991004)(2000002    25091.8076870395)(2000102    28940.9074126499)(2000202    34281.8807329696)(2000022    18469.5170048771)(1000000    18517.1806365601)(2000012    15759.0355856131)(2000201    19180.4515929077)(2000221    17219.391029105)(2000100    8831.88691950846)(2000121    10132.7540271237)(2000101    23802.33832598)(2000111    19019.9947410619)
8 13      - (2000022    18411.1489255637)(2000102    11457.6649887136)(2000121    13744.355713024)(2000201    7334.62449784892)(2000002    35583.2962022524)(2000012    18008.7520388261)(2000101    16206.7214895132)(2000111    15133.3537152979)(1000000    17271.2568904387)(2000200    5156.67109318245)(2000211    16899.4730514526)(2000202    7222.14915614373)(2000221    7914.83972848165)
12 9      - (2000202    35075.0682315162)(2000101    23141.0649480358)(2000121    17390.7502897156)(2000211    17073.7219435758)(2000201    18550.2788008858)(1000000    22619.8084061863)(2000012    27779.2409786514)(2000102    17717.6235610654)(2000002    19631.9413644509)(2000022    21726.0622313947)(2000111    20423.9031702214)(2000100    16838.7746098195)(2000221    18734.8604579313)(2000200    9507.00306141668)
5 3      - (2000121    3565.22503516715)(2000002    23357.0713347542)(2000221    7228.17947084482)(2000100    1307.5799050635)(2000211    1192.80733570896)(1000000    8343.61616729656)(2000111    8710.28857849712)
13 7      - (2000012    35570.0505495616)(2000201    19056.0273202223)(2000100    1191.54904451839)(2000022    7963.84042558309)(2000002    18595.4582272074)(2000111    17749.449331991)(1000000    24003.4484629095)(2000102    21384.1539962605)(2000221    20452.9738181038)(2000101    16533.4717209874)(2000121    14674.5573693359)(2000202    19397.3989313352)(2000211    17609.4052597824)
12 13      - (2000111    9603.35171423814)(2000201    18675.0610285931)(2000121    13273.4263797701)(2000012    14653.1386610166)(2000211    5648.21278669983)(1000000    17127.6273864538)(2000101    35321.700319177)(2000002    4691.5909979757)(2000022    14959.1336364747)(2000202    10762.2194532948)(2000102    18077.5437204564)(2000221    7543.12874725853)(2000100    7393.33673412992)
14 10      - (2000201    15743.729654083)(2000002    29593.2373556902)(1000000    16775.2119604161)(2000200    1783.37218303271)(2000102    2240.58166732427)(2000022    21146.8153178519)(2000221    9670.00413487025)(2000202    10947.6951145685)(2000211    11013.208341883)(2000111    19074.4791472414)(2000101    8457.79785523625)(2000121    17907.9842594069)
3 10      - (2000201    33605.5430513832)(2000002    16131.4234232903)(2000101    7410.00082785952)(1000000    24824.6131420456)(2000221    9442.33212687146)(2000211    11191.9735417227)(2000202    16645.5160956286)(2000022    15463.6399402422)(2000012    12462.6371970156)(2000111    4879.01837429676)(2000102    6026.63655505252)
10 11      - (2000101    26647.1464592351)(2000201    28791.169166169)(2000202    21935.7021834043)(2000012    35869.0749604464)(2000221    25710.5076466091)(2000022    31450.1243285746)(2000102    27883.9096868782)(2000111    31498.7404176921)(1000000    26900.8205185033)(2000002    24328.571383244)(2000211    20206.2558116396)(2000100    9749.18912850558)(2000121    19119.9289133474)(2000200    17809.8495625578)
7 13      - (2000221    18291.8119208195)(1000000    10832.7509020036)(2000201    13839.618001473)(2000111    19180.7141588246)(2000102    33363.2673548514)(2000211    2847.4234142124)(2000012    9572.26868954103)(2000202    23060.0811569932)(2000101    6715.75630417697)(2000100    15858.5521750961)(2000022    21050.0495420748)(2000002    14699.4816920559)(2000121    16546.8735087583)
12 8      - (2000211    34527.6050557029)(2000201    22269.4670360177)(2000111    10686.3252548612)(2000121    28306.2954891981)(1000000    24478.574146483)(2000102    21987.5312852064)(2000221    19774.9372947525)(2000012    24257.1467867279)(2000002    20940.5269939233)(2000202    12739.3366449576)(2000100    13009.9080442964)(2000101    23769.2903029111)(2000200    13328.3962475217)
6 10      - (2000211    34289.3131594824)(2000201    -247.6244451666)(2000102    1386.18418363992)(2000200    2836.07865274682)(2000022    7337.38301940946)(2000202    11231.8509715942)(2000101    4771.51152269554)(2000002    15728.0702897999)(2000012    14445.2547208339)(2000221    10915.8275020312)(1000000    13520.3664725234)(2000111    14962.6824084409)
12 11      - (2000012    21433.0168462428)(2000002    35646.5076884617)(1000000    20525.6379169035)(2000211    22766.5763595933)(2000102    17908.7942714243)(2000111    23067.8892244166)(2000101    28118.2496783308)(2000202    18788.8881376382)(2000121    15106.2563848698)(2000221    12423.6622284293)(2000201    14064.9665138887)(2000022    17768.3823384332)
11 12      - (2000211    28184.3249196145)(2000202    18134.6101109522)(2000111    34502.7366578751)(2000012    27863.2013594806)(2000022    29020.1449883926)(2000102    32523.5046609752)(2000101    27311.6931734095)(2000121    15136.1732914371)(1000000    17783.9406725781)(2000002    25017.3473629555)(2000221    20919.7109949982)(2000201    20076.7502415814)(2000100    7104.54793528991)
9 13      - (2000221    13889.1596896285)(1000000    13161.5404234873)(2000211    11506.5545795145)(2000101    17717.6437792419)(2000012    18439.2410417811)(2000202    2249.92523655061)(2000022    17122.1295396921)(2000102    20315.4066083584)(2000002    34301.8898642424)(2000121    18426.5609293356)(2000111    18411.0490577037)(2000201    14788.4669357287)(2000200    10822.5284898103)
13 10      - (2000221    8606.38774826862)(2000100    5072.35934068441)(2000012    13377.7751822223)(2000101    17963.0137828903)(2000211    13537.1477475073)(2000121    13622.7143207045)(1000000    17388.3569331492)(2000202    31343.9314090334)(2000111    19404.6466971367)(2000102    14012.7895494125)(2000022    11622.5682903778)(2000201    6407.54375105101)
14 6      - (2000012    33456.2221247572)(2000111    20161.8616134181)(1000000    10704.0215954059)(2000101    9809.4812327489)(2000002    6845.0419792783)(2000202    14756.0072591586)(2000022    19626.9561908129)(2000221    15648.3804373867)(2000201    9265.15177160375)(2000121    4841.85203207524)(2000102    21651.4330472479)(2000211    12621.8284715398)
6 13      - (1000000    32588.5084950663)(2000211    18983.5963593911)(2000101    11371.7755493377)(2000121    7684.85076197076)(2000202    16297.002129367)(2000022    16313.1075680728)(2000221    9728.85105001359)(2000012    21197.0292755336)(2000111    3824.08547798558)(2000100    6258.03899020923)(2000002    7381.18404422269)(2000201    6615.9437805427)
6 11      - (2000012    9123.4147068523)(2000211    22824.9319316277)(2000111    5295.24482384561)(2000102    10785.5270966142)(2000101    1075.65379045801)(2000002    35789.0405818049)(2000201    16825.4175153752)(2000200    2202.24937419977)(1000000    25747.6741198743)(2000121    18751.0811789536)(2000022    9178.03809994814)(2000221    12078.3656918755)(2000100    3386.07781644052)(2000202    18914.6129154621)
13 9      - (1000000    34871.0095790836)(2000221    7230.88269046368)(2000102    23573.7205936564)(2000002    23985.5489254955)(2000201    14796.576269541)(2000211    10236.6931668114)(2000202    14940.8384100434)(2000101    11432.168362239)(2000022    20086.7941439717)(2000111    21233.1802373308)(2000121    17555.9763195866)(2000100    12483.1563643597)(2000200    7461.65100985507)
13 8      - (2000211    14501.5729678783)(2000221    20276.535617247)(2000012    19068.6018529003)(2000022    34977.6883785418)(2000111    19579.9337593621)(2000121    18394.0069092083)(1000000    20082.1077502792)(2000101    11741.1578654808)(2000201    9581.50061587645)(2000002    16774.7928364395)(2000202    5560.38228884275)(2000102    13353.4799607633)(2000100    7215.1347178978)
14 13      - (2000211    11691.6386967545)(2000022    6941.84471672929)(2000221    11740.1599017467)(2000002    3723.77805185613)(2000111    6189.52520337752)(2000012    23640.5304711023)(2000202    8907.13375285097)(2000101    10745.8919129789)(2000200    7636.61649264064)
9 14      - (2000121    21124.3275678671)(2000022    33695.6839363158)(2000221    10882.6222585214)(2000012    15832.4582316239)(2000101    20749.6897815329)(2000201    26151.3350258454)(2000202    19897.6141426704)(2000102    10799.3848654306)(2000211    18571.4409513782)(2000002    19933.4946951902)(2000200    5680.07320134692)(2000111    11952.3856214935)(2000100    7985.06282516314)
5 12      - (2000202    5805.1060509463)(2000012    14422.2105087246)(2000221    5362.78690336593)
12 6      - (2000202    11366.2468775304)(1000000    22602.0152689881)(2000121    14838.3626071644)(2000201    13260.3294099636)(2000211    16760.3088439767)(2000022    24116.9756214714)(2000111    21515.1713413819)(2000102    35286.5959164675)(2000221    13448.28150252)(2000101    21103.3249460279)(2000012    22116.7917534871)
8 3      - (2000211    12796.5588548697)(1000000    34030.8277229999)(2000102    4742.17425244875)(2000101    10204.4214332453)(2000121    9766.66882012053)(2000201    12177.542348098)(2000111    7469.75281599874)(2000202    10003.7820075617)(2000221    6320.31925216276)(2000012    8464.04551766128)
5 13      - (2000022    20641.4368972951)(2000111    1208.78149447745)(2000101    14898.2359068746)
8 14      - (2000221    13906.602665488)(2000012    13498.8892807497)(2000002    35313.6210569564)(2000202    9530.36613741157)(2000022    19347.4209201064)(2000211    10657.5896773406)(1000000    14871.7241446325)(2000201    11667.2754721665)(2000102    19621.2839185704)(2000111    13634.8853386768)(2000101    12198.6801238861)(2000200    12249.0075011148)
13 11      - (2000121    9055.6258899112)(2000102    34707.6399546974)(2000221    9442.39118394962)(2000002    10437.9808472721)(2000101    15953.5569336327)(2000211    11287.3018716874)(2000201    12220.2653906285)(2000012    16455.6147653247)(2000202    14297.6330985656)(1000000    6222.19754793964)
11 14      - (2000201    12073.8289524163)(2000101    8420.93530692009)(2000102    9849.18305829789)(2000202    33159.114084606)(2000002    13788.8191950346)(2000211    16027.3978103575)(2000012    15110.9215970318)(2000022    7998.12473490207)(1000000    8387.19394246103)
11 13      - (2000211    10092.8334564775)(2000002    35582.37285237)(2000201    2305.70530628033)(2000221    10256.698122087)(2000202    9592.98403115902)(2000101    15852.7462224489)(2000121    11005.2605291551)(2000111    7266.78108841742)(2000012    13596.2296041747)(2000022    9555.126030934)(1000000    6306.64595721776)
14 5      - (2000202    30539.2841164543)(1000000    2656.6348172173)(2000111    4693.37768286912)(2000221    7145.63124911062)(2000211    7352.39398937972)
5 4      - (2000111    1167.49724629888)(2000201    20120.0154161931)
8 12      - (2000101    22039.1161214557)(2000012    34596.8360732496)(2000121    17312.7861692693)(1000000    18439.4001693896)(2000002    25058.3286513157)(2000202    24616.5767777778)(2000102    14070.3083349289)(2000100    9942.20588640825)(2000211    20802.6296685147)(2000221    18815.010121971)(2000201    22664.3848748262)(2000022    22164.3813430471)(2000111    12717.6723381744)(2000200    7925.06510684343)
7 3      - (2000201    18418.1760264266)(2000101    34406.1163621561)(1000000    20415.8062754215)(2000012    13684.1040736869)(2000022    17903.8547326307)(2000211    22297.0966956015)(2000002    16408.4974075028)(2000202    16067.2308450492)(2000121    15435.1031705717)(2000102    4476.50914144981)(2000111    12125.4524816134)(2000221    7841.59725407949)
13 5      - (2000101    32484.594368301)(2000121    5550.7460574307)(2000211    6712.85538532517)
13 6      - (2000102    4199.83796815941)(2000121    5323.54608871179)(2000211    35210.2920233044)(2000201    14648.1938224911)(2000002    15484.9083668948)(2000100    3635.06070422768)(2000101    26653.508014995)(2000022    17658.8686803949)(2000221    16997.0376638952)(2000012    5450.7929441191)(2000111    6171.19277641559)(1000000    6576.31622803158)(2000202    12437.4182749629)
14 8      - (1000000    1108.40984202715)(2000201    14554.3011087621)(2000012    34418.0764436706)(2000202    10721.35224009)(2000102    12347.9781455074)(2000101    9188.13808914865)(2000022    14669.5258071882)(2000111    13149.3709330542)(2000221    10015.1522329005)(2000002    11713.0002608965)(2000121    15380.5783470147)(2000211    7432.22827265987)
14 7      - (2000211    7559.49774357174)(2000121    22806.3733756468)(2000102    10066.9875014198)(2000202    769.654392872267)(2000201    15526.5696473899)(2000002    12915.2352334907)(2000012    34607.604449776)(2000101    8630.58936381902)(1000000    23890.573375548)(2000111    17151.9250192664)(2000022    13900.21230889)(2000221    14555.072064477)
7 14      - (2000201    15323.9553092799)(2000211    8611.28585415675)(2000121    720.435801846405)(2000002    33749.1850259928)(2000202    21796.9323549093)(2000022    17215.3815441029)(2000101    9841.49049137287)(2000221    13028.5030149493)(2000102    11286.4430623786)(1000000    11690.7967055705)(2000100    9507.00306141668)(2000012    7863.55799677531)(2000111    8754.19032333877)
14 14      - (2000202    4413.33806397787)(2000102    28254.6381281396)(2000012    15087.2058485093)(1000000    9441.55170658211)(2000221    5748.45047098323)(2000002    9834.94171650409)
5 14      - (2000201    421.067951615156)(2000012    30016.7750441677)(2000211    2658.69536537057)(2000002    15085.0594888642)
10 12      - (2000202    5004.28759279587)(2000022    22843.2670928425)(2000101    17766.6206427178)(1000000    15694.4692404154)(2000002    18108.4896438398)(2000012    12610.3979580893)(2000211    25482.1701918522)(2000102    14961.7730034997)(2000201    25369.5851345513)(2000111    16968.4840952756)(2000121    35146.4999584777)(2000221    13940.0116122224)
14 12      - (2000022    320.901589747724)(1000000    12144.739807164)(2000012    8132.30334051357)(2000002    2286.89225328755)(2000102    8469.84219962376)(2000121    10379.1167239113)(2000101    3539.02919550582)(2000202    32432.4218285061)(2000111    13725.7345250812)(2000201    9992.49958882217)(2000100    8476.59399316252)
7 11      - (2000101    25128.8896955223)(1000000    18164.9261554202)(2000211    20139.8570393283)(2000202    14364.521708581)(2000201    20933.5673369586)(2000022    35546.4349740537)(2000121    21881.5504109377)(2000002    26134.6867529176)(2000102    19805.3912034641)(2000100    18134.8166024599)(2000221    23121.9323959052)(2000012    26618.6147906639)(2000200    5366.96161325719)(2000111    23336.3324712197)
5 11      - (2000002    23160.971628668)
3 8      - (2000002    35136.3787610705)(2000012    9898.27294795443)(1000000    15102.797513628)(2000201    13460.3783706326)(2000022    7535.61919780633)(2000101    17384.5319954552)(2000202    18064.4177542917)(2000121    17480.9703812156)(2000221    17963.5081777388)(2000111    14620.4901030211)(2000102    7275.78616553216)(2000211    7726.42914515025)
6 14      - (2000201    20173.8167648815)(2000121    15314.3922467418)(2000111    14675.6147433857)(2000211    34276.8634558716)(2000022    13334.4811192368)(2000102    8452.55706021899)(2000221    8502.65312017021)(1000000    3648.7622814936)(2000202    13206.7058010393)(2000002    13554.2239355125)(2000012    8471.68483939063)(2000101    8374.1670385841)
14 9      - (2000221    9505.08123308291)(2000202    33226.1776778617)(2000201    10326.8375467149)(2000211    14142.2924120495)(2000101    18738.336430713)(2000111    15847.4441800302)(2000012    3850.57248131093)(2000100    4743.49129096844)(1000000    17074.181193967)(2000002    9727.9108985616)(2000121    12839.5071281578)(2000022    16161.1187289589)
12 14      - (2000101    11253.5389261408)(2000022    32434.6540737382)(2000211    5307.70588719196)(2000201    17282.9475582444)(2000002    5847.03084435494)(1000000    6697.3836548309)(2000012    7896.04682390572)
14 11      - (2000002    33628.3399139813)(2000101    5530.1922549237)(1000000    4404.23946674253)(2000121    7841.60875228559)(2000202    8780.70185414744)(2000201    8368.2359452011)(2000221    9851.19482534199)(2000211    6553.28392491811)(2000012    6537.01621262604)(2000022    7923.68346719806)
12 5      - (2000111    9066.08216088071)(2000002    3511.63893628852)(2000201    25646.7375178487)(1000000    4504.99577692824)(2000221    7097.31784079153)
4 13      - (2000111    1145.72786035212)(2000012    16078.2575313968)
4 12      - (2000012    13998.2560883534)(2000202    5017.97105537345)(2000101    30524.1895380537)(2000002    8163.99794509611)
4 14      - (2000101    11361.8528676477)
7 4      - (2000202    33552.2079955619)(2000201    8486.81662915121)(2000002    15925.3480008219)(2000101    22252.0874404874)(2000211    5543.65060262989)(2000121    15902.8512206223)(1000000    25553.9512401182)(2000022    19172.2500961682)(2000012    14644.8358354387)(2000111    8373.33850388482)
13 14      - (2000002    31140.422680546)(2000012    8323.33551440178)(1000000    8147.28245192373)(2000101    9542.3590304016)(2000201    8055.22277815339)
10 14      - (2000201    6962.41740410054)(2000101    1024.33351293564)(1000000    12246.0150558272)(2000121    33912.5652568761)(2000012    18495.7606848656)(2000202    10788.6542029098)(2000102    23615.8016998783)(2000211    22036.0109261236)(2000221    6275.5946612546)(2000111    7342.35456649994)(2000200    13134.9127883129)(2000022    7907.83676161295)
3 12      - (1000000    35354.9721620243)(2000002    17356.0181434044)(2000202    15665.928221538)(2000111    8224.09106218629)(2000012    9281.02967296647)
1 14      - (1000000    33228.9315293381)(2000022    2682.66231280886)(2000201    10047.8414059244)(2000202    14443.4991763587)(2000111    9552.58422273726)
4 9      - (2000002    33045.9931439189)(2000202    4090.70208104118)(2000201    13328.8014169388)(2000111    8028.78761013962)(2000221    7698.99691687166)(2000101    8404.57840042602)
12 3      - (2000002    33294.790984485)(2000111    1431.36142820766)(2000211    1258.47679670691)(2000121    13547.5201341996)(2000022    4195.05191881754)(1000000    11121.0612648782)(2000202    8369.01369340626)
9 4      - (2000022    34000.9901339252)(2000211    1720.28239527286)(2000221    13745.3900442062)(1000000    31842.9509489427)(2000202    5966.67583793908)(2000201    13417.6008787245)(2000121    7388.68334027338)(2000102    12663.4982827827)(2000002    8527.26594945184)(2000101    8478.44106752133)(2000012    8485.94125005328)
10 4      - (2000202    31625.2024761735)(2000201    8676.37228781059)(2000101    5858.95035846096)(2000111    12429.2429143327)(1000000    17492.43772239)(2000002    9414.94671076618)(2000121    12339.8708076635)(2000211    12730.9386540164)(2000102    16887.617113688)(2000221    14362.2515347923)
4 10      - (2000111    2560.88680875798)(2000012    33582.3926801983)(2000202    7084.13193516676)(2000211    8229.95598488658)(2000002    9309.5719152249)(2000102    9678.9341798314)(2000022    13207.06176016)
11 4      - (2000211    7377.83816910257)(2000002    11261.1154636148)(2000101    33071.6215857283)(1000000    10245.8082529658)(2000102    6100.87536936817)(2000201    7381.06088119697)
4 11      - (2000002    15319.8355861887)(2000012    30026.3608070294)(2000202    4954.94268200095)(2000201    6893.35586134751)(2000022    7232.01214663637)(2000111    7516.8130573685)
3 13      - (2000111    34235.9895276028)(1000000    12388.0148869563)(2000121    7268.52328253448)(2000201    6349.22088702896)
13 3      - (1000000    13853.7878637996)(2000002    2744.04143566574)(2000102    7215.50179653058)(2000202    34335.3290135836)(2000111    6570.87870068387)
13 4      - (2000002    31911.4271712067)
5 10      - (2000012    25233.2115229881)
14 3      - (2000102    30618.1184634581)(2000002    2093.57758877569)(2000111    8972.10085319228)
5 9      - (2000002    20023.0414226969)(2000202    6856.44468022591)
9 5      - (2000022    4088.95647651149)(2000111    6237.9501913662)
12 4      - (2000211    5885.42546925965)(2000101    25514.8401059268)(2000221    6385.83047457551)

