178
0 0      - (1000000    25528.0501280181)(2000101    25304.0248158278)(2000002    25033.600222869)(2000211    24425.3899137998)(2000201    24473.8413673133)(2000012    24398.7542030611)(2000121    -1009.56242655904)(2000111    25540.5716295941)(2000221    -947.5)(2000022    -18.125)
1 3      - (1000000    25542.8893135047)(2000201    19065.3598833586)(2000002    19003.3324695138)(2000101    21569.4636564027)(2000111    2833.98462637048)(2000211    919.386940873044)(2000012    1939.27557909228)
2 3      - (2000101    6031.21070947115)(1000000    6214.70826622665)(2000201    4665.63978786512)(2000002    5065.94648346646)(2000012    1622.01006615689)(2000211    3320.5968998467)(2000111    2936.86031175271)
0 2      - (2000121    -1000)(2000221    -1250)(1000000    24827.0096184947)(2000201    12194.410139395)(2000101    17582.8896642713)(2000002    18646.5943648113)(2000012    14318.9233151845)(2000211    11064.8532837338)(2000111    18756.9869669592)
3 1      - (2000012    3870.84004831938)(2000111    6000.53148596515)(1000000    6372.41632807139)(2000201    5818.42489716666)(2000101    6290.19679116577)(2000002    6255.61880538956)(2000211    3251.94120642537)
1 1      - (2000022    -0.9375)(2000111    19189.411492542)(2000101    21155.3561532372)(2000201    19703.4180265449)(2000002    14304.863708029)(1000000    25041.1595913447)(2000211    17853.971767683)(2000012    17875.2148778495)
0 1      - (2000211    4923.13567766261)(2000101    22673.9760781702)(2000121    -970.564975647762)(2000201    20957.1267712129)(1000000    24414.5531405636)(2000002    21875.4248672089)(2000012    4912.59790341143)(2000111    7073.70520639848)
0 4      - (1000000    4998.30083921346)(2000101    3396.52066921759)(2000201    3701.10641815338)(2000002    5079.54455476274)(2000012    191.92640473751)(2000211    2291.92944233497)(2000111    1579.80473407558)
1 2      - (1000000    25235.6219116627)(2000101    21357.7293752069)(2000002    21929.8533993356)(2000201    22281.1104748719)(2000111    25556.8617712594)(2000211    17072.6801813199)(2000012    20337.5498301626)
2 0      - (1000000    24893.5628200482)(2000201    20879.681960389)(2000002    21346.5532813947)(2000101    21352.432934492)(2000111    16573.9773583182)(2000211    16751.8632540517)(2000012    18643.3839908818)
3 0      - (2000201    5326.87072314706)(2000101    5119.84736280074)(1000000    6171.93614058872)(2000002    5580.88993986277)(2000012    4970.2763801244)(2000211    4371.31480263857)(2000111    2935.25123110355)
1 0      - (2000002    5927.7616876895)(1000000    6241.64862403763)(2000201    6194.57581433481)(2000101    6540.175075885)(2000012    5074.81518554552)(2000111    6560.89809715479)(2000211    3500.37046090538)
2 6      - (1000000    7075.55641525914)(2000111    5624.94537256398)(2000012    23891.8915380177)(2000221    5040.99196222271)(2000211    5214.07312260373)(2000121    8479.23781097925)(2000002    6505.16117497748)(2000201    5698.95691288389)(2000101    5173.26604936367)(2000022    3652.547978702)
4 0      - (1000000    5095.14312235219)(2000211    -870.059808499081)(2000101    3368.17902544321)(2000111    -937.756448035058)(2000002    6849.1705683518)(2000201    3124.41976764197)
0 3      - (2000002    17445.1237592922)(1000000    24662.6002338254)(2000201    13766.2171113292)(2000111    9486.87377524442)(2000101    17323.4584672327)(2000012    353.212332147325)(2000211    2781.00046284057)
2 2      - (2000201    22877.4325575817)(2000121    -500)(2000002    23528.3879685267)(2000101    22873.8964850003)(1000000    25242.1023312989)(2000111    21529.9835173113)(2000012    16904.4359513308)(2000211    21147.6315904419)
3 3      - (2000101    3813.07393152856)(2000111    1396.40538571268)(1000000    6490.56196312307)(2000002    5084.40074619425)(2000012    2447.90985426519)(2000201    5244.76851481777)(2000211    2353.52168717463)
2 4      - (2000201    3394.69501924791)(1000000    4724.2439419633)(2000101    3909.49016082649)(2000002    5921.49013390635)(2000211    2231.54629450046)
6 4      - (2000211    13454.6843607109)(2000221    15685.4967134102)(2000002    24542.1109825716)(2000101    16913.3855354349)(2000012    14579.9360122842)(2000121    11524.0118381521)(2000201    17485.5800328655)(1000000    15462.8243799079)(2000111    6231.15399677642)(2000022    10780.2300211897)
1 4      - (1000000    5657.78258620826)(2000002    6610.38052254059)(2000012    -405.99906479268)(2000211    -961.922501089023)(2000111    1422.94930430936)(2000201    4301.49379888265)(2000101    3793.9055550827)
3 2      - (2000101    5147.6477007486)(2000111    1768.89564602846)(2000221    -1000)(2000002    6205.51874632557)(1000000    6147.99286950896)(2000211    4483.84306168351)(2000201    4828.66966323891)(2000012    3425.69419371897)
2 1      - (2000111    25538.9820716916)(2000211    23040.9679587441)(2000221    -504.079220728369)(2000201    23407.6983116062)(1000000    25526.835073155)(2000002    24075.9288456549)(2000101    24595.9685245139)(2000012    23702.4311944521)
2 5      - (2000101    21063.7048820599)(2000201    16831.0185896692)(2000022    22924.6457517164)(2000111    16311.126610362)(1000000    20482.909574963)(2000002    18809.2762934954)(2000211    20959.8203238435)(2000012    25551.4415170575)(2000121    22904.5060653241)(2000221    14931.3242038281)
5 2      - (2000221    22926.3607973126)(2000111    22165.0522054096)(2000101    20870.6053382971)(2000012    25552.1164269357)(2000121    21960.9601801776)(2000002    23638.0748081233)(1000000    22244.5666078584)(2000201    21754.0914096418)(2000022    23690.0328738631)(2000211    20934.1342844712)
1 8      - (2000211    5491.80720543233)(2000121    4497.01359819732)(2000012    20923.1134957639)(2000002    5475.28398467821)(2000221    4020.03372296654)(2000101    6352.16755920909)(2000022    7631.30200161167)(2000201    4860.57847029286)(1000000    10748.3439834237)(2000111    3625.52387030703)
8 1      - (2000101    18423.1366135536)(2000002    15956.9637607949)(2000022    7769.38715860101)(1000000    25057.7128694292)(2000221    6388.06523383445)(2000201    16578.4846232693)(2000111    5623.52476712436)(2000121    11241.3511317097)(2000012    7184.86688740658)(2000211    4878.45063195879)
8 0      - (2000111    18263.9057508611)(2000002    15764.0105103153)(2000022    25586.7687965433)(2000012    12231.0906906649)(2000121    8916.8974739871)(2000221    14753.2171003315)(1000000    24710.3381934351)(2000201    16447.5314147456)(2000101    16282.2808537416)(2000211    13787.6956937571)
0 10      - (2000101    23549.3621872143)(2000111    4613.36062168079)(2000201    23720.2936354218)(2000002    25431.4586105113)(2000121    4983.07723350942)(2000211    5223.56899264617)(2000221    4801.61455892053)(2000022    7001.47865857999)(1000000    23996.6492451974)(2000012    6398.53208009737)
0 11      - (1000000    24173.2038229772)(2000201    24388.6952161098)(2000012    6273.3349310047)(2000002    25457.4630082924)(2000101    24022.2392410823)(2000221    5489.51849498573)(2000121    4109.0301188579)(2000111    4952.45106254359)(2000211    3703.35711607811)(2000022    6856.03559711018)
4 1      - (1000000    4275.06331290678)(2000111    -949.944601135856)(2000002    5286.52168296058)(2000211    -535.805470040426)(2000201    1697.93585820394)(2000012    1016.01724994473)(2000101    3406.89906545391)
1 9      - (2000002    24803.2448369534)(2000201    24242.6475788043)(2000111    3704.91913924253)(2000012    4618.25690962908)(1000000    25209.2217504152)(2000101    24096.7780438845)(2000121    2686.357244719)(2000211    1231.35140958581)(2000221    3806.75520772676)(2000022    476.109700334971)
1 11      - (2000101    23198.5423467075)(2000012    4745.80303959093)(1000000    23972.6005590018)(2000002    25447.4818277683)(2000201    23809.6989609417)(2000211    4522.09575184653)(2000121    2922.19527795504)(2000111    4300.4145450671)(2000022    6862.54089759737)(2000221    5277.89505995522)
9 1      - (2000101    26168.3219958704)(1000000    26160.2123795751)(2000201    22964.417125839)(2000211    -66.1870752650359)(2000002    25044.4983897921)(2000022    2675.87699029952)(2000012    3048.1593998366)(2000221    834.495244388028)(2000111    3220.40483251689)
10 0      - (2000101    5564.30315943213)(2000002    10306.5022864723)(2000111    9013.15120638402)(2000201    9103.22086072858)(2000012    6165.03550838115)(1000000    25066.5441111529)(2000211    5783.50402560123)(2000121    5694.69549931531)(2000022    10073.820766779)(2000221    8613.24768083307)
8 2      - (2000211    -248.8251953125)(1000000    25271.2067019264)(2000002    4549.74570182257)(2000201    11786.8132018834)(2000101    10550.3501974275)(2000022    706.435756724919)(2000121    -322.284394799296)(2000111    -326.031484409846)(2000012    4929.62963130576)(2000221    3240.31078398997)
9 2      - (2000111    608.053418460783)(1000000    26211.9656998661)(2000101    26228.0618957076)(2000002    25778.3475516315)(2000201    25242.1967064628)(2000121    -301.913400707798)(2000012    1410.55238182825)(2000211    3309.14248013606)
2 8      - (2000012    5933.21482450983)(2000201    4939.84089882561)(2000211    4113.81769177786)(1000000    6243.19020197139)(2000111    4136.51260765327)(2000101    4895.39641930526)(2000221    5889.39294579977)(2000121    5254.79147934865)(2000002    5723.18876454916)(2000022    4473.31902453883)
7 1      - (2000211    9686.86199283139)(1000000    11838.1228023845)(2000002    6680.12629615067)(2000101    9019.01297428132)(2000012    15951.1538933453)(2000201    17584.8299812354)(2000121    11316.2458645659)(2000022    25543.7751070817)(2000221    16852.3990236816)(2000111    10006.8167371572)
7 0      - (2000201    18569.3108456572)(1000000    19714.2783109784)(2000111    20047.7694421268)(2000101    22562.8552159399)(2000002    21230.2284266075)(2000211    22240.6489455311)(2000221    21089.4888763838)(2000022    23314.3865358955)(2000012    25548.4894628497)(2000121    20776.7632671211)
0 8      - (2000111    6475.55233201453)(2000101    18807.3705161969)(2000221    17728.5253918103)(2000121    15438.1825665818)(1000000    15605.5449742101)(2000022    25569.7774123843)(2000211    16799.6329167613)(2000201    15288.512554966)(2000012    11068.131217876)(2000002    11886.1199599371)
1 7      - (1000000    5209.53850456805)(2000211    4815.29065532593)(2000101    5213.46283410854)(2000111    5663.91871422095)(2000022    15819.1945877825)(2000012    6786.12554241448)(2000221    4900.85627559454)(2000121    5677.20157546209)(2000002    6137.21343473587)(2000201    5335.69437699355)
2 10      - (2000211    1556.22598013615)(2000121    579.049338571999)(2000201    1242.50793462036)(2000002    5349.68766179944)(1000000    11163.8406838979)(2000101    1585.76500423644)(2000221    276.550580504032)(2000022    3071.13537589856)(2000111    3307.61793918213)(2000012    942.008110994871)
12 0      - (1000000    23492.2568513287)(2000002    25475.5118238368)(2000201    22793.4338085896)(2000101    21488.2474310596)(2000121    4796.91107624844)(2000111    4635.98581734941)(2000022    2769.61012255183)(2000012    6682.03860466996)(2000211    5272.06567216209)(2000221    5196.73606401361)
2 7      - (2000012    4675.31283317989)(1000000    5595.52644990842)(2000201    5069.42703997498)(2000002    5976.107462162)(2000211    -181.5664446573)(2000022    13496.3980456866)(2000101    5890.71246874498)(2000121    3796.50858003827)(2000111    4732.16960688935)(2000221    5046.99996396453)
10 1      - (2000111    55.9735787757871)(1000000    22331.4273893094)(2000101    4449.67202084906)(2000201    4411.9305086614)(2000002    4982.14008503392)(2000022    3895.24033867022)(2000121    6610.67761895004)(2000221    3661.3137383393)(2000211    928.585332946137)(2000012    1441.66259888118)
0 7      - (2000211    10192.8044540437)(2000201    5461.29385672859)(1000000    24209.7207061854)(2000012    12343.3564521924)(2000002    14243.382792268)(2000022    11923.6336414515)(2000111    8823.42495242802)(2000121    9564.29693780234)(2000101    12783.3978044653)(2000221    8276.70315898977)
6 0      - (2000111    24053.7896655116)(2000101    24029.6521380296)(2000012    25126.5049366307)(2000022    25534.2048173922)(2000002    24459.1377581448)(2000211    24077.0428539586)(1000000    24138.1059966482)(2000201    24116.785656908)(2000121    24057.6192776652)(2000221    24012.9428265567)
11 0      - (2000012    5279.19340748397)(2000211    5626.48086685312)(2000201    24082.573337507)(2000221    5387.66726468773)(2000111    5511.7190859443)(1000000    23642.646361866)(2000101    23732.4751536582)(2000002    25495.834414116)(2000022    6771.90588831829)(2000121    5891.96115174199)
11 1      - (1000000    21829.7322617867)(2000002    25524.6927205403)(2000201    21974.449434056)(2000101    21997.5771911881)(2000111    5110.10076260881)(2000022    6993.75400266323)(2000221    5130.55173075468)(2000211    5088.55430024782)(2000121    5022.9769622748)(2000012    5973.33002868724)
0 12      - (2000022    6968.48990999799)(2000101    24249.8649574959)(2000002    25508.3668071839)(1000000    23979.7920845514)(2000201    24208.8758644188)(2000221    5900.99308789837)(2000111    5031.45022094686)(2000121    4203.86816817755)(2000012    5902.82207735523)(2000211    4732.62971534286)
7 2      - (2000002    5753.33968330059)(1000000    5883.29733966893)(2000012    23048.6763660076)(2000121    5646.70115068041)(2000221    6063.82408974521)(2000111    5095.3485876773)(2000101    8505.10438146838)(2000211    5340.07136431741)(2000201    12165.5702546037)(2000022    6389.11637649279)
3 8      - (1000000    5479.85246712666)(2000012    2021.99478964817)(2000201    5966.84748519042)(2000002    5359.94885681919)(2000101    4479.081932537)(2000211    4475.72020811435)
9 0      - (1000000    24925.9723363597)(2000211    3824.67284545859)(2000221    -327.966027599755)(2000121    -195.387360524764)(2000201    15205.7338095194)(2000012    3226.89548490704)(2000002    17572.1375435829)(2000101    10293.6518930526)(2000111    -305.85938585727)(2000022    2288.68149800533)
0 9      - (2000101    15711.513475348)(1000000    25355.2248274479)(2000201    6611.74061754624)(2000221    5275.74234330334)(2000002    12514.7580448142)(2000211    1610.62959299826)(2000121    12889.9133609749)(2000022    7740.75217024864)(2000111    1658.59642361072)(2000012    13000.2753226717)
6 2      - (2000201    23937.8671289898)(2000012    24265.3497053013)(2000221    22851.0073185423)(2000022    25533.2624237342)(2000211    23221.0327934236)(2000121    23706.4629638077)(2000101    24102.1293506148)(2000111    23626.387032636)(1000000    23021.4664820158)(2000002    23334.5136060468)
0 6      - (2000101    17779.492043327)(1000000    5594.43538213437)(2000022    25417.8146303293)(2000221    12258.3034726546)(2000211    11395.9804204925)(2000012    10170.7362824508)(2000121    11537.5120336842)(2000002    15464.9158221035)(2000201    8983.92665637861)(2000111    6675.57057745956)
1 6      - (2000201    13031.7596925211)(2000211    9633.75572791713)(2000012    25527.7469924329)(2000002    10687.8160991244)(2000101    11712.9701604599)(2000121    10903.6203633917)(2000111    4906.74856774351)(1000000    10215.635172167)(2000221    6424.52353248713)(2000022    7768.67195905948)
7 3      - (2000002    18799.7304416474)(1000000    5062.18679042286)(2000101    5727.41277913528)(2000201    4418.6533699312)(2000012    5680.07906989304)(2000211    3750.84904505417)(2000022    3505.06245604619)(2000221    4473.0717611539)(2000111    4459.46136555736)(2000121    4467.85671418181)
8 3      - (2000101    2947.87038504748)(1000000    5980.39030841823)(2000121    2903.30239784021)(2000002    6017.99433087072)(2000201    4137.23148954595)(2000221    3002.25992338267)(2000111    5329.01133553731)(2000211    5354.74236181717)
4 3      - (1000000    4350.59454724564)(2000201    4336.85539105707)(2000101    1036.54061493839)
8 5      - (2000211    -881.796875)(1000000    5419.61304423288)(2000002    2923.84968676131)(2000101    2577.28979702521)
3 4      - (2000012    -500)(1000000    4944.88697964124)(2000002    2891.65677304285)(2000201    3965.63725744956)
9 3      - (2000002    7480.65162032433)(1000000    25118.3723658198)(2000201    2332.48816974678)(2000101    9411.97896700174)(2000111    -295.238866083326)(2000012    912.437839479921)(2000121    33.7558675979241)(2000211    -524.660012300938)(2000022    1394.70993648677)(2000221    2607.55992056583)
12 2      - (1000000    16129.0879644626)(2000101    17996.8046434727)(2000201    11081.635800729)(2000002    25301.2517729843)(2000012    7083.44837325064)(2000022    4334.59827579531)(2000221    3025.30859003503)(2000211    4673.7339866714)(2000121    5085.37932133393)(2000111    3780.44142424023)
4 13      - (1000000    3960.63072114726)(2000002    2337.50484189812)(2000012    3245.15458250273)(2000121    1991.49309713481)(2000211    2917.94207535029)(2000101    1980.51243628423)(2000111    1980.51243628423)
7 6      - (2000211    -415.923167383778)(2000201    -35.2598194743241)(2000002    -342.815775250274)
2 11      - (1000000    7902.22994877925)(2000201    4774.81669445925)(2000101    4475.43043162856)(2000002    5877.92163841336)(2000211    3045.80767575057)(2000111    2521.40775502395)(2000022    5538.40504727869)(2000121    3084.75755011948)(2000221    2299.33688620452)
6 1      - (2000101    23854.596016934)(2000211    24139.4063178998)(1000000    24032.407045274)(2000012    24985.2679467088)(2000201    24267.4805241661)(2000022    25543.2234032353)(2000121    24118.2712157981)(2000111    24242.7743035441)(2000002    24108.2017568084)(2000221    24309.2927989532)
4 10      - (2000201    -882.171851395843)(1000000    7089.04016496178)(2000002    3882.23056733053)(2000121    2127.23627523673)
5 9      - (2000002    909.834558106073)(1000000    5979.8459995256)(2000101    885.66405675655)
13 4      - (1000000    2377.16119691571)(2000002    5207.53039284055)(2000211    2993.15573021161)(2000121    3363.18748340417)(2000012    2638.68201068415)(2000111    2012.54809694407)
5 10      - (2000211    -513.84375)(2000111    -9.5625)(1000000    3305.98836912999)
5 8      - (2000201    -544.776582584796)(1000000    5046.57348104185)
10 6      - (2000211    -339.834632092812)(2000201    -17.9296875)(1000000    -478.917234282546)(2000002    1569.79595271824)(2000111    743.071550861275)(2000101    681.085125702453)
7 9      - (2000201    6040.87430154754)(2000002    6356.05928777041)(1000000    3984.22833809158)(2000211    3731.04332365806)(2000111    4876.83958189271)(2000012    4045.77413603136)(2000101    6150.25145039252)
10 8      - (2000201    5926.41650849094)(2000101    5897.39889147982)(2000002    6903.96660106927)(1000000    6013.18620329613)(2000012    6352.66562245072)(2000211    4412.73969214318)(2000111    5083.96767972923)
11 8      - (1000000    7176.83469944113)(2000101    5205.77079687053)(2000111    5173.96438125737)(2000002    3821.43403575402)(2000211    5416.00226643968)(2000012    6684.25856144864)(2000201    4900.69575737946)
9 8      - (1000000    6720.32222235248)(2000111    6913.67967726194)(2000101    6096.92011844802)(2000002    6282.61583869211)(2000201    6121.27333961721)(2000211    6125.62679054292)(2000012    6653.98986522488)
14 3      - (1000000    -1214.3830105097)(2000101    1296.49531038351)(2000002    4222.73409859684)(2000201    1346.35704308586)
9 7      - (1000000    2175.57678755943)(2000002    1789.61631603009)(2000201    3556.18040410855)(2000012    2422.28945245058)(2000111    2339.95867009367)(2000211    1505.5003937431)(2000101    2654.48183692157)
1 12      - (2000201    23901.0002338465)(2000101    22830.0103593951)(2000002    25460.6996811489)(1000000    23133.4206745737)(2000121    5578.88048669669)(2000012    6053.54938971055)(2000221    5422.98658081386)(2000022    7223.10455088993)(2000111    5175.66059000214)(2000211    4897.67947041861)
12 1      - (2000101    23620.5623071871)(1000000    23395.6865710841)(2000002    25515.8596002182)(2000201    22937.6337875148)(2000221    5529.27982411604)(2000121    5464.76160321744)(2000022    5630.84189631276)(2000211    5311.84918486627)(2000111    5653.66024886171)(2000012    6731.75230746414)
9 10      - (2000111    2298.10783098824)(1000000    3269.870674327)(2000211    2899.60083348787)(2000012    3757.15521812016)(2000201    2659.03276819318)(2000002    3702.39401404668)(2000101    3167.0804365962)
10 10      - (2000111    24937.7385137073)(2000201    24733.9057763173)(1000000    25535.5852881117)(2000101    25019.7203281228)(2000211    24868.9630045027)(2000002    24918.8050078206)(2000012    24876.4413159045)
8 10      - (2000101    6776.56825641219)(2000201    6314.95653804901)(1000000    6986.02876656207)(2000002    6964.41773417344)(2000111    4005.44910489909)(2000211    2767.61750796535)(2000012    3943.27557688801)
7 10      - (1000000    -17.3124977317484)(2000002    4508.95792482644)(2000201    6.04951650692398)(2000101    848.15734870515)
1 13      - (2000101    23662.7415915465)(2000201    24139.0114241552)(1000000    23716.2189522725)(2000002    25453.4331167914)(2000121    6064.61940955355)(2000022    7123.75298988689)(2000211    5446.76917283149)(2000221    5339.27504052105)(2000012    6706.37122318329)(2000111    5414.64102658846)
0 13      - (2000201    24445.3525616546)(2000101    24484.1991522055)(2000002    25464.7136744759)(1000000    24345.7652454433)(2000012    6526.31176784864)(2000211    4111.02783255161)(2000022    6779.44320276604)(2000121    5393.48280079025)(2000111    5177.41071040842)(2000221    4330.63402066675)
8 11      - (2000002    6713.76338818048)(1000000    7667.16641394895)(2000201    6767.45853048315)(2000101    6814.89845223257)(2000012    6110.80006965183)(2000211    5209.58580607547)(2000111    4373.79636196399)
11 11      - (2000201    -342.047634751259)(2000012    92.3681592092978)(1000000    -410.820801952109)(2000002    391.193814327627)(2000111    -447.857187338808)(2000211    150.608611221953)(2000101    9.27211692611453)
12 8      - (2000012    -252.539610364185)(2000002    229.628287328544)(1000000    -474.751375128284)
11 9      - (2000111    -10.8275498430662)(1000000    652.147103612797)(2000201    185.358248029726)(2000002    322.129485490517)(2000101    221.142499299025)
9 9      - (2000201    -952.278740803164)(2000101    -412.241805609383)(1000000    158.050032366946)(2000012    14.1793087641054)(2000111    -200.530562753167)(2000002    -210.011630110661)(2000211    -237.237848463719)
9 6      - (2000111    1128.53927911453)(1000000    3378.2665552257)(2000012    1054.69857523615)(2000101    1038.44878643896)(2000211    1288.3948486987)(2000201    1015.70161929369)
8 8      - (2000101    6864.79008739423)(2000211    6328.19115829742)(1000000    7088.02886073813)(2000002    6980.9180586908)(2000111    6966.88183699342)(2000012    6919.2448477888)(2000201    6791.15148448933)
7 7      - (1000000    -9.5625)
9 11      - (2000002    4016.38393573514)(2000111    1802.54984971018)(1000000    4672.20698298116)(2000101    3055.93965887524)(2000211    2775.35758670028)(2000201    2468.00717535026)(2000012    1989.39157185093)
11 10      - (1000000    -598.418697231476)(2000012    1.32542518835444)(2000101    -1130.93869120968)(2000201    -214.618834895103)(2000111    -488.697821810324)
11 12      - (2000201    164.593090321378)(1000000    1099.08682498396)
2 12      - (2000101    21126.5501864224)(2000201    19858.1335737058)(2000002    25400.259090549)(1000000    18642.3124324097)(2000022    7122.79555147108)(2000121    4841.65538449934)(2000221    4732.72174592094)(2000012    5672.24059029104)(2000111    4778.50408505324)(2000211    5239.74112277756)
5 0      - (2000211    17554.1395203013)(2000121    13093.8242682178)(2000022    16980.7782259482)(1000000    19605.3109526161)(2000201    16436.9725877686)(2000221    18660.5757527457)(2000101    17270.9722496445)(2000111    12206.638382472)(2000002    24600.0904319721)(2000012    16617.9614579489)
5 1      - (2000211    23443.8344483297)(2000022    24905.3495837987)(1000000    23827.001490688)(2000012    25536.1363633069)(2000201    23857.111643474)(2000111    22741.8010656916)(2000101    23826.5779227844)(2000221    23971.6260643841)(2000121    22975.3039031687)(2000002    23983.1747387838)
0 5      - (2000121    10423.0543972489)(1000000    11053.7776211364)(2000221    9268.0419381324)(2000002    13799.9082015235)(2000201    16742.8123307993)(2000012    16789.7142994798)(2000211    15778.7340539272)(2000022    25484.6079229443)(2000111    11017.9221346286)(2000101    13740.4436357662)
1 10      - (2000002    5376.85172906661)(1000000    13182.6461325635)(2000201    4825.08443302966)(2000101    4183.71587238985)(2000111    128.280238700258)(2000121    -362.556828319058)(2000012    3718.74949383034)(2000211    180.546742363769)(2000022    3398.06318975692)(2000221    3674.67636558256)
1 5      - (2000002    24588.915351785)(2000121    21628.3061094313)(2000111    19145.8513844241)(2000211    16340.8649157565)(2000012    20635.5222070122)(2000221    18501.8405659968)(2000022    23467.7836980533)(2000201    19241.032356154)(2000101    20865.3161562148)(1000000    15155.6184657364)
10 11      - (2000211    1749.86275415442)(2000012    2638.04441173303)(2000201    2660.88967392916)(1000000    3209.81077698192)(2000101    1867.63966082165)(2000002    4058.9028167915)(2000111    2838.02936781322)
8 9      - (1000000    6936.56646165613)(2000101    5609.84051051814)(2000211    5217.84412344385)(2000002    6981.36768628182)(2000201    6318.48694900024)(2000012    6100.20679319438)(2000111    5133.92922720169)
13 0      - (2000101    23413.3310627294)(1000000    23694.5670129219)(2000002    25465.3620661375)(2000201    23322.6602996185)(2000022    5747.16221314483)(2000111    5523.88576012271)(2000221    5858.78887546464)(2000211    5449.2597121541)(2000121    4722.052369305)(2000012    7023.95035821439)
2 13      - (2000101    10259.3422118578)(2000201    11201.6890996487)(2000002    23779.951908949)(1000000    5157.45679772532)(2000012    7137.50612614205)(2000221    5588.04437618666)(2000111    5685.89091216777)(2000022    5325.97907062396)(2000121    5710.02301390986)(2000211    4748.17224047338)
3 13      - (2000002    6055.32145943685)(2000201    4389.77529696034)(2000101    5379.86613337473)(1000000    5408.65474265835)(2000221    520.480962975632)(2000211    4425.62186482225)(2000111    2532.48372640876)(2000121    4492.59357582043)(2000012    4707.14974541219)(2000022    2472.81710122613)
2 9      - (1000000    25307.3038972953)(2000101    15935.8977507584)(2000201    19606.1686527361)(2000002    17822.694434323)(2000121    -718.823256567124)(2000221    194.372280611223)(2000012    709.829410027961)(2000022    2274.15298805124)
9 12      - (2000101    -666.238100802105)(2000002    56.9145096272282)(2000201    613.657454552884)(1000000    2086.39267731009)
3 9      - (1000000    6077.68049944878)(2000101    4161.82725037869)(2000201    376.951142957635)(2000002    3941.73864815188)(2000012    3857.76902723183)(2000221    125.665323602914)(2000211    2947.61761681856)(2000022    3627.43707431872)
10 9      - (2000201    47.0567533670241)(2000012    110.189520160556)(2000111    -346.983701235332)(2000211    76.903924159849)(2000101    -92.2132885365907)(1000000    -363.763584453881)(2000002    -312.443648147765)
12 10      - (2000201    -570.0156171865)(1000000    -62.6213900592701)
8 12      - (2000012    -18.52734375)(2000111    -252.539610364185)(1000000    2143.18125608299)
14 0      - (2000101    3651.83387890251)(2000201    3760.14418157224)(1000000    5075.1973349735)(2000002    5764.04105332772)(2000221    213.204914528692)(2000012    4945.85642626576)(2000111    3913.52910981437)(2000121    3016.49020068693)(2000022    2411.95557684586)(2000211    2089.94316725505)
4 6      - (2000002    12740.916144429)(2000201    2566.82860735159)(2000012    2590.43387303212)(2000221    2247.33906568668)(2000121    -429.612843471538)(2000111    4838.17698567813)(2000211    2499.37506480115)(1000000    -207.076584521595)(2000101    2214.86773671836)(2000022    3534.7936244493)
13 3      - (2000002    5979.82412811528)(2000201    2553.86745997223)(2000101    2796.5185316803)(2000121    2514.65971896325)(2000211    3941.62915831024)(2000111    2430.49068066251)(1000000    3698.21982440055)(2000012    2422.40035052754)(2000022    2765.05055302142)(2000221    2554.25494196373)
6 10      - (1000000    -9.5625)(2000211    122.85638023783)
12 11      - (1000000    400.171044552582)(2000101    155.267328933028)
13 1      - (2000201    5972.42575090593)(2000101    6490.47826760999)(1000000    8170.13635831839)(2000002    19116.155428268)(2000022    6332.61053864427)(2000012    7361.9424322623)(2000111    5088.47871529068)(2000221    5785.81688075795)(2000121    5665.25821021625)(2000211    5674.15925790214)
3 6      - (2000221    9409.80069536522)(2000101    13460.3168040386)(2000211    9653.36116406745)(2000111    12041.3037782723)(2000121    12220.6248881155)(1000000    12957.8898853914)(2000201    7236.54276578467)(2000002    8313.31801373396)(2000022    25287.3734315394)(2000012    14720.8992330678)
14 1      - (2000101    4752.26834798698)(1000000    3791.21410323881)(2000201    4591.01495764646)(2000002    6106.7146553647)(2000111    3514.05964920254)(2000022    4727.18017522034)(2000221    2009.23497467039)(2000012    4822.4935551213)(2000121    3865.29697594154)(2000211    3894.53434602356)
10 12      - (2000002    -448.989893161865)(2000211    165.001157417295)(1000000    557.225511190599)
5 3      - (2000002    13933.2572039049)(2000111    13984.1028213944)(2000201    18832.3642477132)(2000221    15042.9024175926)(2000101    20058.0875287113)(1000000    15119.0084455723)(2000121    18710.8616621543)(2000022    25530.6550757842)(2000012    18523.7523852322)(2000211    17093.8365251644)
0 14      - (2000201    4769.71564383588)(1000000    5104.80605212141)(2000101    5214.72249167898)(2000002    6433.12204887959)(2000221    4292.91062126768)(2000012    701.497043411349)(2000022    5964.5376779355)(2000211    4195.97835518966)(2000121    4457.87175134759)(2000111    2001.82654950956)
3 5      - (2000022    9771.84820738044)(2000111    15883.8298559511)(2000221    15195.0513618632)(2000002    24319.7548006328)(1000000    7813.88403268071)(2000201    13554.3624306389)(2000012    17905.2501516593)(2000211    15988.3390451119)(2000121    20535.3708808037)(2000101    5124.07844279085)
12 9      - (1000000    15.4450828891418)
13 2      - (1000000    5968.64870973153)(2000101    4652.46521258169)(2000002    5987.77127896448)(2000201    5172.02329925445)(2000022    4272.47622057211)(2000211    4000.83742598275)(2000111    3333.30898682214)(2000221    4972.54952031658)(2000012    7043.09951577241)(2000121    5079.0832521699)
5 5      - (2000121    -952.734341912103)(2000201    -215.912558065209)(2000012    240.55725911056)(2000111    -480.295292366255)
12 3      - (2000201    5032.79215501465)(2000101    4769.71070383427)(1000000    6451.4995492578)(2000002    5725.45386434329)(2000221    3277.60432658914)(2000012    6102.19810030536)(2000211    4757.92395843422)(2000121    874.473564191323)(2000111    2646.03407869385)(2000022    2580.32104611625)
6 3      - (2000201    17854.7262386746)(2000111    18248.1023611603)(2000022    25557.309828062)(2000121    21697.948852807)(2000101    19588.5759447588)(1000000    20200.1448172426)(2000211    17918.1229849121)(2000002    20053.3317798186)(2000221    16711.3981284273)(2000012    20058.5468936514)
3 12      - (2000201    4940.0424584889)(2000002    5901.04677357579)(1000000    4498.6789391057)(2000101    4998.083825552)(2000211    2204.1552265618)(2000121    -330.196310729419)(2000221    584.223389594926)(2000022    3340.53628073565)(2000012    6951.03604592288)(2000111    4298.34982673081)
3 11      - (1000000    4543.76531392066)(2000201    3411.4409311379)(2000101    443.921821815534)(2000002    5702.99183786667)(2000012    3202.07738635995)(2000111    514.987848413286)(2000121    -394.093397452857)(2000221    1314.57706275432)(2000022    1919.27312305305)(2000211    2357.48044641424)
1 14      - (2000101    4871.69327354003)(2000201    4844.94959200491)(1000000    4451.01561794505)(2000002    5848.56727826895)(2000221    4247.50199104853)(2000012    5396.74156284421)(2000211    4685.29674375173)(2000022    6566.46161412629)(2000111    3918.65208280154)(2000121    4244.44411583812)
11 2      - (2000201    3304.46637030607)(2000002    6110.341505879)(2000101    3829.40141882906)(1000000    4808.1462056288)(2000022    4780.48493376927)(2000211    197.358398143863)(2000012    6815.61104762203)(2000221    2435.85597508719)(2000121    3107.51714547292)(2000111    2684.11465496061)
11 3      - (2000101    3061.08743780223)(1000000    5270.6752792525)(2000002    2500.28512195724)(2000201    3291.64715439542)(2000111    -349.207597421513)(2000121    2314.87198360988)(2000012    6379.53447349277)(2000221    276.532397406983)
11 4      - (2000101    2017.04181471503)(1000000    487.461242749802)(2000002    -76.1470257767204)(2000111    1843.87604126982)(2000201    233.264801558238)(2000012    4686.94189222962)(2000211    2090.54538910115)(2000121    278.713471704225)(2000022    714.236780476735)(2000221    1947.13434607765)
3 14      - (2000101    3544.77843341349)(2000201    4573.32446502822)(2000121    3594.92799683796)(2000002    3542.52668017487)(2000221    2622.54596156102)(1000000    2516.68491399368)(2000012    2495.9387064753)(2000211    3156.05756486054)(2000022    2360.28589228702)
3 10      - (1000000    6141.10796189637)(2000002    4809.02953070633)(2000201    2184.59649895176)(2000012    7012.85917510115)(2000121    76.7400268326403)(2000221    2843.56487473192)(2000022    4812.5851406444)(2000101    1209.18156004413)
7 11      - (1000000    5816.91147354272)(2000002    125.947168699414)(2000012    217.098217724827)
2 14      - (2000101    4748.14015155645)(1000000    4277.89707205138)(2000002    6056.08975015698)(2000201    4824.76328164289)(2000211    5219.58306275709)(2000012    6107.14821581299)(2000221    3974.72509336938)(2000022    5799.81938110844)(2000121    1939.90226283513)(2000111    4735.84858752539)
7 12      - (2000101    269.726106685114)(2000211    -9.5625)(1000000    1234.90052531591)
13 9      - (1000000    48.880701559405)
3 7      - (1000000    5826.27820304968)(2000111    4237.58288768609)(2000002    7045.4557766832)(2000101    5171.96277853865)(2000022    4345.31995883094)(2000201    5399.52547855234)(2000121    2583.92056210963)(2000012    3204.41026070498)(2000221    3774.12236720998)(2000211    3716.07969714818)
7 4      - (2000101    4914.67025079465)(2000201    5660.07275211451)(1000000    5069.3510019792)(2000002    5893.6234807647)(2000022    4408.01623103954)(2000211    2476.85713276994)
11 7      - (1000000    4085.6882373503)(2000201    5427.12766411514)(2000002    3888.78029168525)(2000211    4031.9545567561)(2000101    2283.33149097896)(2000111    3804.41430270547)(2000012    6157.25407475186)
5 6      - (2000201    2589.2091080662)(1000000    -470.114689577451)(2000111    2641.41507220876)
6 5      - (2000002    5020.51770642598)
10 3      - (1000000    10282.1096523371)(2000101    3526.35552753849)(2000201    845.511667505264)(2000002    5588.90830617294)(2000221    381.124426641169)(2000012    659.21583731755)(2000211    276.532397406983)(2000022    1041.36516183923)
10 7      - (2000111    5396.14434279093)(1000000    5197.66037596369)(2000201    5706.32488495116)(2000101    5497.44744335523)(2000002    5961.30177269837)(2000012    5462.18580518662)(2000211    5775.67334704553)
9 4      - (1000000    6588.29485704763)(2000002    5786.57242587194)(2000101    3668.56078116418)
12 12      - (2000201    -257.469639066872)
10 4      - (1000000    7165.57536845955)(2000101    2629.7732152343)(2000201    4608.67283336752)(2000002    5474.35822248535)(2000121    792.681058526973)
4 9      - (1000000    6085.99878754728)(2000201    887.036556234413)(2000002    4521.26897770367)(2000012    1128.21842159511)(2000101    1174.20960048241)
10 2      - (1000000    25055.1838617872)(2000201    3306.36119719102)(2000101    6212.86179169508)(2000012    199.467996017463)(2000022    201.915853135368)(2000111    219.610365672286)(2000002    4234.86308323172)(2000121    3210.19263280733)(2000211    2935.02293313633)
12 7      - (1000000    848.68510162382)(2000002    -9.5625)(2000111    -280.57650678643)(2000012    129.22651064867)
4 11      - (1000000    4056.98723417089)(2000002    2230.72838681231)(2000121    2147.25160670382)(2000221    925.291127532016)(2000201    919.0744110173)(2000101    867.428865963423)(2000211    2114.54107985362)(2000111    2134.25025566195)
8 7      - (2000101    845.996520347061)(2000211    60.5485541946669)(2000012    1199.76359830085)(2000002    111.626932109683)(2000111    894.635991617198)(2000201    547.273647374901)(1000000    1175.99662938204)
4 2      - (2000101    4244.31605583216)(2000002    2534.5079398508)(1000000    5521.47699270004)(2000211    -110.70034920412)(2000201    3915.51614642064)
12 4      - (2000101    -667.603404808017)(1000000    -714.494245311809)(2000201    -392.020386831617)(2000002    1348.83529523893)(2000022    5968.54503607016)(2000211    2210.61339009264)
4 7      - (2000211    -75.8411576182765)(2000022    1590.13877310316)(1000000    4561.75700672052)(2000101    5297.23379804979)(2000002    9741.59173707378)(2000201    4931.25983412491)(2000121    738.318783976407)(2000221    2956.59268088316)
4 8      - (2000201    2173.81616249892)(2000101    259.01867195249)(2000022    534.55082538454)(2000221    -85.9865010627405)(2000002    5702.52483725392)(1000000    3159.80719979275)
8 4      - (2000101    5153.94300396659)(1000000    5211.17065882177)(2000002    426.30508363179)(2000221    -49.1840591625968)(2000201    5005.8616337573)
5 4      - (1000000    24381.4516747129)(2000002    1937.33116687875)(2000201    2283.35884587954)(2000101    6542.16163521352)(2000221    6808.30149201775)(2000121    3432.03301358508)(2000022    5953.2474260234)(2000012    6302.60210727356)
4 12      - (2000022    398.337232783437)(1000000    3933.29249114298)(2000121    925.291127532016)(2000101    1966.71254197577)(2000221    1966.71254197577)(2000211    1966.71254197577)
9 5      - (1000000    5378.95098994463)(2000002    854.247964326415)
7 5      - (2000002    1088.9382501441)(1000000    5494.00796293693)
10 5      - (1000000    6321.78200608694)(2000201    2957.86834376894)
7 8      - (2000201    1266.17877480268)(1000000    1271.98755865503)(2000111    1082.08222511914)(2000101    1288.46911907917)(2000012    977.100545178228)(2000002    1476.17181441036)(2000211    1090.78558026262)
14 2      - (2000111    3452.25380783336)(2000221    3206.81627681291)(1000000    2513.39821708544)(2000201    4007.79872968411)(2000002    5830.09350313247)(2000101    3986.08883964716)(2000012    4847.73624591581)(2000121    2154.50213088556)
11 5      - (2000121    609.540787695158)(2000101    406.360525130105)(1000000    3069.77659298895)
4 4      - (2000201    3805.08474230683)(2000101    3286.37122090015)(1000000    2832.28356074226)(2000012    1959.40284713521)
14 4      - (1000000    2137.37071769985)(2000201    2763.8838990479)(2000101    1426.69289104881)
8 6      - (1000000    2053.36358961912)
5 7      - (1000000    3037.63356661547)
4 5      - (2000101    730.913048454844)

