277
24 12      - (2000201    556.008043592294)(2000002    2398.92127513911)(1000000    973.256675226905)(2000101    494.261006055844)
1 22      - (2000012    1963.3459439749)(2000002    1196.72845183982)(2000121    1154.43499771895)(2000221    1175.31416267538)(2000111    1213.07666835919)(2000022    2407.02700385528)(2000211    1216.11734360219)(1000000    1239.17198499917)(2000201    1150.49995913279)(2000101    1208.16685193393)
2 13      - (2000201    2046.52666149619)(2000002    1567.03643139414)(2000211    2447.85448352761)(1000000    1995.48958050118)(2000012    1757.39954014564)(2000111    2073.18333406304)(2000101    1884.9124217095)
1 0      - (2000012    -539.031439377477)(2000002    961.046213280791)(1000000    1620.40879023289)(2000101    604.403681289272)(2000211    -458.252899336515)(2000201    637.382167256845)(2000111    743.598787166802)
21 0      - (2000211    1163.43011159586)(2000111    1181.2969877523)(2000012    2165.95693139082)(2000121    1186.60337706966)(2000022    2393.88276606811)(1000000    1017.81287663242)(2000101    1147.64322838458)(2000201    1157.76521865501)(2000002    1100.62413454988)(2000221    1105.45206941639)
0 9      - (2000201    2424.12549179066)(2000211    2137.76782167506)(2000101    2047.73573616686)(2000012    2043.88577734097)(2000111    1874.91712743698)(1000000    1958.91407864498)(2000002    1883.39038046337)
0 0      - (2000002    1445.9737935303)(1000000    1559.28658725266)(2000201    1227.73041520092)(2000101    1046.40101880805)(2000211    1128.26438889238)(2000012    918.675801519726)(2000111    2459.28021946431)
0 12      - (2000111    1859.589916931)(2000012    1811.32449346446)(2000201    1854.24226785963)(1000000    2484.82565587798)(2000002    1593.55052182373)(2000101    1850.11516167849)(2000211    1394.30777087731)
0 13      - (2000012    1667.61005060924)(2000211    2445.51216868727)(2000201    2021.94402019027)(2000002    1560.07390596315)(1000000    1939.44599005161)(2000111    1998.46696063253)(2000101    2064.1522555935)
24 0      - (2000221    1303.08270636541)(2000211    1227.14250286213)(2000201    1169.66042491707)(2000002    1178.52253719474)(1000000    1203.7057478161)(2000022    2400.83181481637)(2000111    1260.00144669808)(2000101    1271.652214058)(2000012    2024.60853109155)(2000121    1254.19009308297)
6 5      - (2000201    738.267985422828)(1000000    928.874720838903)
4 1      - (1000000    1235.69805696393)(2000101    -981.27790139917)(2000201    -632.10095385843)(2000002    -116.526357822325)
2 26      - (2000111    1203.51015635464)(2000012    2038.53512105067)(2000002    1267.16124319079)(2000101    1335.31549498584)(1000000    1200.32049796786)(2000022    2409.76072411795)(2000121    1280.2571613505)(2000221    1313.91125014434)(2000211    1191.04272485702)(2000201    1197.09506454125)
0 22      - (2000201    1324.98435730241)(1000000    1273.99566951789)(2000221    1353.49676480545)(2000211    1219.51308164816)(2000002    1345.80190654334)(2000121    1209.92093406181)(2000101    1263.25199708917)(2000022    2401.61400919321)(2000012    2101.23636027391)(2000111    1395.96348271191)
0 4      - (2000002    357.065278318433)(1000000    1610.76207505637)(2000201    433.72479470755)(2000101    37.1668283451843)
4 0      - (2000201    235.253728444071)(1000000    1380.50938098966)(2000002    456.972033566436)(2000101    132.61103941075)
6 4      - (2000101    207.160053399095)(1000000    1044.56271255096)(2000201    -171.118170437718)(2000002    445.726954959423)
2 9      - (2000012    1868.39792537718)(2000101    2350.25325198067)(2000002    1865.18748300824)(2000201    2128.14608309158)(2000211    2138.2845779849)(2000111    2138.29888200443)(1000000    2136.09933060686)
0 2      - (2000002    962.942636788704)(1000000    1708.39504973647)(2000201    835.507290504439)(2000012    -719.198389581038)(2000111    2407.29654338077)(2000211    128.752386084052)(2000101    2321.90634450438)
1 9      - (2000111    1881.89925902076)(2000002    1850.02576854436)(1000000    2299.84569050952)(2000201    2129.97795648001)(2000211    2096.92630942774)(2000012    1498.68953924164)(2000101    2061.51788667964)
2 0      - (1000000    1826.15941410959)(2000201    726.730117389387)(2000002    1064.96053343185)(2000101    1073.52148977618)(2000111    1371.88373122049)(2000211    -241.630337554186)(2000012    -162.807942848419)
1 2      - (1000000    1840.62271805078)(2000101    2337.91903003927)(2000002    1440.05240821376)(2000201    1361.93914078364)(2000211    416.681407764173)(2000012    473.492160905931)(2000111    2353.24246091275)
12 12      - (2000002    2729.96626528436)(2000101    2059.72421662029)(2000201    1748.2799971325)(1000000    970.389642984703)
3 2      - (2000012    652.641788076932)(1000000    2084.64248427477)(2000211    468.847655886962)(2000101    2153.84291388053)(2000002    1295.80970618053)(2000201    1555.87222886326)(2000111    2007.01308490108)
15 12      - (1000000    2650.99088244884)
2 22      - (1000000    1108.14201273401)(2000111    1213.11506791779)(2000002    1044.67845241168)(2000012    2091.26342320128)(2000101    988.621297182159)(2000121    1231.33212806069)(2000201    1042.43583701053)(2000211    1063.74439123378)(2000022    2387.37179666447)(2000221    1150.30763652129)
2 1      - (2000002    968.031554619905)(2000012    45.7684533834485)(2000201    976.189409359275)(2000111    2165.8822787919)(1000000    1833.20449058436)(2000101    928.469889468872)(2000211    213.829104115568)
1 1      - (1000000    1593.5729248256)(2000201    848.768186777188)(2000211    -403.227883702976)(2000101    439.860639543856)(2000002    310.587918139768)(2000012    -210.479717367909)
21 2      - (2000002    1139.87032227602)(2000012    2026.39128442262)(2000211    1047.05802304123)(2000121    955.469269735118)(2000101    1168.2253867235)(2000111    1153.67858524636)(1000000    1061.46596422168)(2000022    2405.6681513001)(2000201    1055.76000979666)(2000221    1151.73428024287)
0 1      - (2000002    958.445408681946)(2000201    569.422328996328)(1000000    1550.06225615677)(2000101    1230.90001337098)(2000111    2112.40728403581)(2000211    35.2080280031101)(2000012    101.916631553655)
3 10      - (1000000    1486.83120971125)(2000012    1475.46918814376)(2000101    1670.75669771748)(2000111    1591.22529216469)(2000211    2329.01727308665)(2000002    1045.06595364457)(2000201    1786.91077421276)
2 2      - (2000111    2435.05455691392)(2000012    709.377067982538)(1000000    2305.46329543933)(2000211    813.12152019902)(2000002    1722.29359083799)(2000101    2410.88848690311)(2000201    1257.13621745327)
3 1      - (2000101    2414.61061931183)(1000000    2290.44368332416)(2000211    863.392796357662)(2000201    1630.75910263132)(2000002    1442.32611656705)(2000012    795.737713326491)(2000111    2436.02889741462)
25 16      - (1000000    1464.40210550992)
23 26      - (1000000    2171.08069055338)
4 11      - (2000201    2056.41455500494)(2000101    2328.32402822568)(2000002    1611.21089913617)(2000211    2092.44154056484)(2000111    1962.82953157633)(1000000    2114.08236707973)(2000012    1272.21684641182)
2 3      - (2000201    1274.70920092792)(1000000    2000.99820489874)(2000002    794.450624442948)(2000012    -226.02459862649)(2000101    1368.04993603233)(2000111    2252.27564613555)(2000211    211.795389189652)
4 10      - (2000012    1549.87165342988)(2000201    2110.12526276155)(2000211    2442.00880421823)(2000111    2065.02372585799)(2000101    1946.0391133238)(2000002    1204.954936471)(1000000    2080.43596703733)
3 0      - (2000201    318.34948193012)(2000002    479.423714410236)(1000000    1447.43218995581)(2000101    417.65089945133)(2000211    -400.383628400974)(2000111    976.953653663345)(2000012    215.190934412657)
3 9      - (2000012    1326.99124281711)(2000101    2074.80213449406)(1000000    1979.45989083367)(2000111    1990.57319131409)(2000211    2075.78563506454)(2000002    1333.94455979069)(2000201    2390.25168526046)
0 3      - (1000000    1731.46410045611)(2000201    330.780810631662)(2000002    826.964357467903)(2000012    -674.111390114158)(2000101    608.661383741083)(2000211    139.85738570154)(2000111    387.106160918805)
1 3      - (1000000    1885.6691562626)(2000201    908.142853831408)(2000101    1355.0882700258)(2000002    709.615878072989)(2000211    -465.933493079673)(2000111    2270.5190535178)(2000012    158.081085957785)
0 5      - (2000002    -846.3165712575)(2000101    -1006.772695822)(1000000    1876.48545286009)
1 13      - (2000012    1321.46243231225)(2000101    2038.03870854637)(1000000    1936.22018198525)(2000211    2435.09044198307)(2000201    2050.11492423887)(2000002    1437.6265568012)(2000111    1976.29394123358)
20 22      - (1000000    2542.6338596998)
1 4      - (2000101    448.308758150371)(1000000    1404.02060028259)(2000201    -900.048425577792)(2000002    -14.5826376463927)
4 6      - (2000101    972.255256452649)(1000000    483.53263741011)(2000201    -176.2101898004)(2000002    -44.1594515123229)
26 19      - (1000000    2519.04045350785)
7 5      - (1000000    1181.25957087433)(2000002    27.1076213698893)
6 0      - (2000201    -622.755555696742)(1000000    1636.25924774063)(2000002    -726.964651403195)(2000012    -214.742379992972)
3 19      - (2000101    -684.573321622286)(2000201    271.384878539891)(2000211    396.964904425826)(2000121    483.038687362362)(2000002    31.236884060722)(2000022    2303.32950490616)(2000221    369.73462791365)(1000000    713.008253938919)(2000012    915.551889730207)(2000111    307.103799906292)
5 7      - (2000201    -1391.44636029137)(1000000    515.193588253092)(2000002    -296.759783045452)
19 23      - (1000000    2836.61604197308)
13 2      - (2000211    2417.05989442031)(2000012    1240.37374958802)(2000002    1263.84195102561)(2000101    2076.74590903691)(2000201    1814.32287339572)(2000111    1852.36845415471)(1000000    1949.0880901266)
2 4      - (2000002    -923.035201478387)(1000000    631.385887602343)
19 21      - (1000000    2215.35419475353)
27 26      - (1000000    2252.73014327877)
22 21      - (1000000    2596.93646647497)
15 10      - (1000000    1682.97940001011)
23 25      - (1000000    1980.08191686886)
5 6      - (1000000    736.006807139475)(2000002    -176.558671981426)
18 22      - (1000000    2250.27342840113)
13 17      - (1000000    2355.97655088022)
24 19      - (1000000    2789.02186635849)
13 15      - (1000000    1176.56714697553)
21 21      - (1000000    2711.38496755724)
24 20      - (1000000    2827.5991287602)
26 18      - (1000000    2408.9647197121)
6 15      - (1000000    1039.35737297519)
5 0      - (2000002    -835.444241702632)(2000101    -466.106588312557)(1000000    621.756806716427)(2000201    74.1526382997091)
15 16      - (1000000    1722.57388468902)
13 6      - (1000000    894.979381986902)
20 25      - (1000000    2553.52292822593)
20 23      - (1000000    2869.24394985848)
14 16      - (1000000    2368.02408162332)
26 27      - (1000000    2598.48678660791)
21 22      - (1000000    2796.41166944105)
29 20      - (1000000    1829.2994262168)
15 15      - (1000000    2221.96999208083)
26 20      - (1000000    2676.18744422273)
21 23      - (1000000    2672.67403472629)
7 3      - (1000000    437.696383687707)
25 25      - (1000000    82.5358544583653)
26 17      - (1000000    1964.92431594449)
25 20      - (1000000    2658.73706711871)
25 19      - (1000000    2449.68500705338)
26 26      - (1000000    2197.33407486586)
5 14      - (1000000    937.065633764203)
10 7      - (1000000    245.403465562579)
26 23      - (1000000    1694.49848509303)
29 21      - (1000000    2199.88362882409)
23 19      - (1000000    2605.53197052903)
25 18      - (1000000    2427.99157135788)
28 22      - (1000000    2064.17877784955)
18 24      - (1000000    2401.38973141266)
7 15      - (1000000    487.337118228238)
12 16      - (1000000    2773.98720383408)
13 5      - (1000000    978.830599268453)
11 8      - (2000101    -118.863577841337)(2000201    1740.37845383704)
22 20      - (1000000    2645.06859229362)
14 17      - (1000000    1365.19331281659)
15 11      - (1000000    2478.45598064096)
28 23      - (1000000    1409.06931447589)
25 28      - (1000000    2110.9396090801)
22 29      - (1000000    1970.91170025369)
6 13      - (1000000    480.862079066312)
7 0      - (1000000    1498.91170573064)(2000101    41.249923298008)(2000211    113.735567440736)(2000201    448.789788854698)
14 5      - (1000000    -89.7666415231831)
22 19      - (1000000    2690.09943877338)
6 1      - (1000000    1686.27698173272)(2000012    -83.900565596326)(2000101    525.429116065785)(2000111    247.500437857546)(2000201    246.80403122864)(2000002    246.80403122864)
21 20      - (1000000    2852.77268807118)
18 27      - (1000000    2313.19064497083)
23 28      - (1000000    1365.18622533663)
22 28      - (1000000    1728.39660555988)
19 24      - (1000000    2885.83040650449)
25 29      - (1000000    1620.11739078306)
27 19      - (1000000    2833.57231145072)
11 16      - (1000000    2461.16699767894)
27 25      - (1000000    1369.79822039512)
19 26      - (1000000    2872.28114213335)
7 10      - (2000002    -974.059243328445)(2000201    1799.37079308789)(1000000    725.619514956036)
16 11      - (1000000    2395.97706128005)
21 28      - (1000000    1702.88723072944)
26 25      - (1000000    1181.01860806262)
23 24      - (2000101    923.483646986791)(2000201    2093.12427600013)(2000002    1198.39965191956)(1000000    270.206129476791)
20 21      - (1000000    2435.92164468692)
22 18      - (1000000    2622.03154078484)
18 23      - (1000000    2667.37565419076)
23 20      - (1000000    2640.27621746886)
19 25      - (1000000    2710.63516011701)
24 18      - (1000000    2751.99792331015)
15 8      - (1000000    555.733408816998)
13 16      - (1000000    2500.38035906963)
12 3      - (2000002    1027.68754854651)(2000201    597.566362353088)(2000211    2354.39486599176)(2000111    694.217224169945)(2000101    1404.86950047151)(1000000    1166.51911093563)(2000012    1077.53736576485)
26 28      - (1000000    1752.84334533325)
14 7      - (1000000    264.826739330973)
7 4      - (2000002    -604.253184049277)(1000000    836.762260866786)(2000101    106.094256944715)
15 14      - (1000000    2392.11982897477)
29 22      - (1000000    2047.72203217826)
28 26      - (1000000    1754.42375762793)
24 24      - (2000002    2450.45797384071)(1000000    1271.68419983041)(2000101    551.438439794881)(2000201    1393.52510106631)
27 28      - (1000000    1004.42044997865)
8 8      - (2000002    1807.87108595523)(2000101    439.205188960172)(2000201    341.086733662088)(1000000    -101.749763761867)
16 13      - (1000000    2375.51228033198)
12 17      - (1000000    2105.41001652439)
6 3      - (1000000    -388.164175888885)(2000002    -261.239367971675)(2000101    862.553014120221)
1 5      - (1000000    1464.55255429647)
20 24      - (1000000    2807.81717348849)
21 29      - (1000000    1543.50138525524)
27 22      - (1000000    1455.40477147505)
15 13      - (1000000    2454.01870449173)
29 19      - (1000000    342.30342888597)
16 14      - (1000000    1983.26504339817)
16 24      - (1000000    966.155519048899)
4 5      - (2000002    -723.539740455757)(1000000    953.064036470723)
5 5      - (1000000    1228.46633092569)(2000002    -230.047416482408)(2000201    95.7665401590423)(2000101    15.8943180959561)
16 12      - (1000000    2249.14771994859)
14 15      - (1000000    2352.49419305483)
21 19      - (1000000    2826.58452535708)
23 18      - (1000000    2682.61541580336)
7 13      - (1000000    -108.261571242625)
5 13      - (1000000    476.528895418789)
6 14      - (1000000    585.832487395353)
27 23      - (1000000    1045.81341425175)
23 27      - (1000000    1763.94180490406)
0 6      - (1000000    2138.82513749089)(2000002    632.447274738119)(2000101    341.910609812795)
8 15      - (1000000    916.519949593724)
17 24      - (1000000    1002.86032375696)
27 27      - (1000000    1769.43218017576)
5 4      - (2000101    -611.320056799463)(2000201    -333.673961479254)(1000000    601.458628673209)(2000002    207.761602762894)
18 26      - (1000000    2178.4031638756)
20 26      - (1000000    2606.64830595781)
6 6      - (2000201    -778.898871601218)(1000000    711.019260544664)(2000002    -174.074326382388)(2000101    -45.6459664306436)
14 8      - (1000000    493.828449586871)
18 21      - (1000000    2068.99416344861)
14 6      - (1000000    1777.01408965399)
8 14      - (1000000    672.227079882524)
12 7      - (1000000    355.370498758314)
6 12      - (1000000    558.272865676923)
8 9      - (1000000    425.020257053206)(2000201    1965.58671390378)(2000101    347.280582735069)
10 6      - (1000000    587.776285344639)
21 18      - (1000000    2411.19522518319)
16 15      - (1000000    2285.57647115566)
1 6      - (1000000    1959.61823688959)(2000101    478.580321685194)
10 15      - (1000000    1543.27341764259)
7 14      - (1000000    172.911268917808)
5 1      - (1000000    470.029070627244)
16 16      - (1000000    1393.25023537597)
29 29      - (1000000    1788.22056566694)
10 4      - (2000002    -415.193455478527)(1000000    2288.12811395381)(2000012    450.882467542852)(2000211    1084.36225973048)(2000201    936.3338988319)(2000101    1189.03611041951)(2000111    452.256603569094)
28 29      - (1000000    1719.74262895906)
14 9      - (1000000    -223.094592988359)
24 26      - (1000000    539.233841098586)
25 17      - (1000000    1097.98924256502)
19 22      - (1000000    2450.67717723979)
17 12      - (1000000    1756.09189386143)
27 18      - (1000000    2338.41030193919)
7 1      - (2000111    1540.23681568802)(1000000    1577.86673502038)(2000201    41.1956035585591)(2000002    677.203510731752)
28 24      - (1000000    1758.13687638619)
18 25      - (1000000    2259.61563069564)
5 3      - (1000000    -2.28382729903689)
28 28      - (1000000    1360.66380682412)
16 27      - (1000000    1367.72174448963)
23 29      - (1000000    1518.17876982781)
8 11      - (2000201    1407.92614958427)
25 26      - (1000000    1717.72742579373)
11 6      - (2000002    285.422102068281)(1000000    759.737133612937)(2000101    635.769478288748)
13 7      - (1000000    -106.171976313523)
15 17      - (1000000    1285.59398509609)
28 21      - (1000000    -79.0996007872598)
11 9      - (1000000    -464.26808536821)
12 6      - (1000000    279.742995576596)
10 16      - (1000000    1462.98295538276)
6 2      - (2000211    -562.012245165248)(2000201    -10.162560166428)(2000101    486.375066970017)(1000000    958.65487496426)
23 17      - (1000000    553.621926634698)
25 27      - (1000000    1238.88210323096)
11 15      - (1000000    1176.48149529191)
3 3      - (1000000    74.0963490451541)(2000002    74.0963490451541)
12 15      - (1000000    1548.01181188935)
13 8      - (1000000    -42.719376293656)
29 26      - (1000000    1572.7987647971)
28 27      - (1000000    1688.655327953)
27 17      - (1000000    2122.1724587456)
26 16      - (1000000    1562.89457919895)
8 13      - (1000000    460.929789669664)
5 15      - (1000000    -243.368537199504)
9 8      - (2000002    1649.93037638518)(1000000    -147.487313728827)
17 23      - (1000000    157.613280680422)
5 12      - (1000000    -224.83988551565)
11 7      - (2000002    -562.354930726927)(2000101    1756.5731048923)(1000000    1054.45871652519)
16 26      - (1000000    1072.44929860956)
29 28      - (1000000    1054.12161250324)
24 28      - (1000000    333.163019260373)
9 9      - (2000101    1869.85855246532)(1000000    648.846757716476)
7 11      - (1000000    900.969333675358)(2000002    300)
7 2      - (2000002    857.136427419294)(2000211    36.018419358511)(1000000    1212.42433553196)
4 4      - (1000000    -181.899474528227)
10 8      - (2000201    1101.56784332363)
20 29      - (1000000    711.471846679733)
17 25      - (1000000    1492.18927245833)
13 9      - (1000000    -219.089081715476)
9 13      - (1000000    18.9419841031749)
22 26      - (1000000    365.200620932346)
14 14      - (1000000    925.104080719935)
6 11      - (1000000    300)
22 27      - (1000000    2418.71373133031)
10 14      - (1000000    198.352160783542)
24 17      - (1000000    625.65977001338)
11 17      - (1000000    674.250652669626)
7 9      - (2000201    887.592320362797)(1000000    -248.609244162074)
17 26      - (1000000    1911.07849334414)
12 8      - (2000201    354.614440099988)
8 12      - (1000000    647.356066566073)
27 29      - (1000000    1093.64306929542)
9 14      - (1000000    515.991223180715)
15 7      - (1000000    -582.883417793799)
16 25      - (1000000    1761.99844145666)
6 10      - (2000002    300)
4 2      - (1000000    934.771993402617)
22 17      - (1000000    1123.21132912231)
29 27      - (1000000    815.493985256214)
15 6      - (1000000    641.492691117969)
10 9      - (2000101    1079.23633928231)
9 12      - (1000000    289.131590918817)
16 7      - (2000101    659.799033724101)
8 10      - (2000101    913.047421914207)
12 9      - (1000000    731.035271058515)
7 12      - (1000000    1217.80720388654)
29 23      - (1000000    1420.77167276794)
26 29      - (1000000    468.145123439956)
24 27      - (1000000    456.989091814215)
17 22      - (1000000    369.940378976453)
2 6      - (1000000    677.041835962801)
13 14      - (1000000    596.77342399194)
11 14      - (1000000    667.470458699626)
24 25      - (1000000    1044.6314937595)
14 13      - (1000000    163.620105094355)

