79
0 0      - (2000102    -1665.62228567582)(2000001    -792.913009921945)(2000200    -1109.23351629702)(1000000    -1632.52542485704)(2000100    -1231.96377233586)(2000002    -1653.62281326009)(2000201    -1674.5034130484)(2000202    -1674.04215029533)(2000101    -1668.20835693172)(2000012    -901.630962291879)(2000111    -714.883300478025)(2000211    -1242.02652215419)
0 13      - (2000202    -1674.47648265002)(1000000    -1049.41121677953)(2000100    -1008.58291833884)(2000001    -1214.00941894338)(2000201    -1009.87872493023)(2000002    -1086.79348477309)(2000200    -1059.50514894358)(2000102    -1184.25156300651)(2000101    -936.378613098315)
1 2      - (2000102    -1738.31634780948)(2000100    -1586.25154486191)(1000000    -1593.30697899486)(2000101    -978.257668838136)(2000201    -1588.78394304218)(2000200    -1461.78307730463)(2000001    -1554.64661645114)(2000012    -1275.51128622899)(2000211    -1457.41416946807)(2000202    -1634.08469057588)(2000002    -2108.83453883991)(2000111    -581.88520887263)
2 0      - (2000002    -770.913120418783)(2000202    -966.947640704456)(2000100    -1092.14314752799)(2000200    -1000.54114072817)(2000102    -855.797687044505)(2000001    -1154.44239111165)(1000000    -811.135758677297)(2000201    -996.580195040493)(2000101    -948.964153608671)(2000012    -1146.89022881241)
3 1      - (2000002    -979.327178615062)(2000100    -899.296191385775)(2000201    -1072.36824716945)(1000000    -960.877163750104)(2000200    -865.58174663005)(2000102    -948.501150451927)(2000001    -1013.79093609081)(2000202    -1013.96614053926)(2000101    -1082.32598424237)
1 3      - (2000002    -1699.21357214491)(1000000    -1155.20668152526)(2000100    -1384.45223915075)(2000101    -1027.41118256348)(2000201    -1587.11046706486)(2000001    -1532.54462105472)(2000200    -1515.19351462697)(2000102    -1712.64029661382)(2000202    -1435.62138669293)(2000012    -1189.7466448981)(2000111    -976.799239466318)
2 1      - (2000201    -1302.07536365201)(2000202    -1276.40204667746)(2000002    -1238.53033273199)(1000000    -1405.9998639346)(2000200    -1738.69256345801)(2000100    -1439.95423933313)(2000001    -1244.91417968977)(2000102    -1160.10591706885)(2000101    -1271.79286024533)(2000012    -1604.70822968296)(2000211    -1454.86957937729)(2000111    -409.641948257515)
1 10      - (1000000    -788.881176262067)(2000201    -823.682895507406)(2000102    -1323.91810540181)(2000200    -1383.35542962263)(2000101    -1247.82197546931)(2000002    -1436.70095305408)(2000001    -1241.57909051398)(2000202    -1713.22149330786)
0 2      - (1000000    -1521.16804408874)(2000200    -1544.30463835403)(2000002    -1592.8229908673)(2000101    -1568.87299371796)(2000102    -1666.3319796032)(2000100    -1141.90547500127)(2000001    -1696.41820496671)(2000201    -1520.66539253929)(2000202    -1631.92719387675)(2000012    -1097.99282746743)(2000111    -581.25624070724)(2000211    -1315.86380769259)
0 3      - (1000000    -1494.83951491688)(2000101    -1340.91433225692)(2000001    -1437.46531451129)(2000002    -1502.34540327725)(2000200    -1422.20333396764)(2000202    -1550.43116297978)(2000100    -1328.76655200859)(2000201    -1517.88975222381)(2000102    -1507.54346567773)(2000012    -1227.63927223527)(2000211    -1213.8981649853)
2 12      - (2000100    -1190.34756541647)(1000000    -876.169696205171)(2000101    -1091.20393641199)(2000200    -866.981528299333)(2000202    -1385.38139893172)(2000002    -1080.18866046082)(2000102    -1765.93611002579)(2000201    -1307.52131311037)(2000001    -1194.08515377324)
1 12      - (2000002    -1237.52384332399)(1000000    -767.614879836313)(2000202    -1571.60743170457)(2000100    -1251.24492120516)(2000200    -1593.1345076552)(2000001    -1128.99702961532)(2000201    -1076.93078704203)(2000101    -754.884236600539)(2000102    -1203.87086277727)
2 2      - (2000001    -1684.81406742661)(2000101    -1202.12670317184)(2000012    -830.63318828544)(2000201    -1549.82979643919)(2000200    -1646.75191100022)(2000202    -1657.83076846063)(1000000    -1592.1109105991)(2000102    -1724.24103509616)(2000002    -1744.30171813387)(2000100    -1719.51168601874)(2000211    -1840.11577138129)(2000111    -862.086367163319)
4 3      - (1000000    -879.186981602743)(2000202    -845.921657796358)(2000002    -677.844483994027)(2000100    -653.056049099039)(2000201    -1017.952117672)(2000200    -958.386447052801)(2000101    -899.826209516756)(2000102    -867.596634305428)(2000001    -802.744175480762)
1 14      - (2000100    -758.343844595128)(1000000    -1274.72140541626)(2000101    -1132.15753224952)(2000202    -1320.11134043695)(2000001    -1133.11950347739)(2000002    -1231.84583762754)(2000102    -1315.32809225252)(2000200    -1134.28916166909)(2000201    -1157.04698600772)
4 2      - (2000200    -1090.8134766117)(2000201    -1006.42806891708)(2000101    -1097.60768922574)(1000000    -962.333099849554)(2000001    -703.094248575504)(2000202    -1027.00639191323)(2000100    -1298.81781142996)(2000002    -1079.07674762427)(2000102    -922.363445505971)
0 11      - (1000000    -1509.15999784849)(2000201    -873.425800465796)(2000002    -1219.17748188741)(2000200    -1339.84518188482)(2000102    -1425.18053925193)(2000101    -1309.05402573989)(2000001    -1314.35415028653)(2000202    -1402.2292781186)(2000100    -1415.54463641391)
0 1      - (1000000    -1710.31195226758)(2000101    -1427.53426274815)(2000200    -1925.69541101565)(2000002    -1964.07894185613)(2000202    -1800.94832939777)(2000100    -1871.54965059466)(2000201    -1845.66923422382)(2000001    -1844.7197549118)(2000111    -931.189735457558)(2000102    -1846.97330551969)(2000012    -1040.23241382074)(2000211    -1121.129493868)
1 1      - (2000100    -2309.79678585385)(2000102    -2494.66534761531)(1000000    -2542.00638588902)(2000001    -2263.69710291682)(2000101    -1663.05671009798)(2000202    -2510.55724361248)(2000201    -2129.40007076747)(2000200    -2274.19790821281)(2000012    -2158.87392240702)(2000002    -2224.71501172828)(2000211    -2600)
0 14      - (1000000    -971.18326540276)(2000101    -1061.63318001803)(2000201    -872.022432453138)(2000102    -1075.26620685893)(2000202    -1491.0387395372)(2000002    -1412.15073614549)(2000200    -997.127786485111)(2000001    -1242.11559827592)(2000100    -1295.27958364919)
1 0      - (2000001    -997.995542381524)(2000101    -1010.20241345454)(2000201    -980.621169423691)(2000100    -994.104833839652)(2000200    -996.268884411316)(1000000    -1075.63003728644)(2000002    -1069.62320418221)(2000202    -772.523145515814)(2000102    -901.985823557276)(2000012    -721.60409612491)
2 14      - (2000202    -1117.03730744574)(2000102    -1160.53086387055)(1000000    -942.380460823577)(2000001    -939.687796302668)(2000002    -1087.32204913928)(2000200    -856.617614285734)(2000100    -1236.05914246622)(2000101    -935.519408376655)(2000201    -1046.40342842022)
1 13      - (2000102    -1617.98547509525)(2000101    -1392.10671059373)(1000000    -1260.66308336229)(2000100    -1535.68146572264)(2000200    -1516.25613846559)(2000002    -1433.46276596404)(2000001    -1439.7478022222)(2000202    -1499.08680196271)(2000201    -862.945954640724)
1 11      - (2000101    -1145.60901584381)(2000102    -1134.54462309268)(2000200    -1075.38256933666)(1000000    -1074.08235561907)(2000002    -1061.21740017338)(2000001    -1057.68457166506)(2000100    -1115.10096558263)(2000202    -1353.99147051895)(2000201    -990.922902640701)
2 11      - (2000200    -1287.37370734104)(2000101    -1130.41438489568)(1000000    -1014.42104927035)(2000102    -1314.54986051859)(2000001    -1022.16166302417)(2000202    -1179.9731001752)(2000100    -1126.25395698069)(2000201    -1310.04688297011)(2000002    -874.552366953814)
3 3      - (2000202    -873.970497581441)(2000002    -850.120331051218)(2000101    -830.33177833732)(2000200    -723.722608831881)(2000100    -607.278788696166)(2000102    -798.661474205607)(1000000    -923.446244692647)(2000001    -916.558357152858)(2000201    -905.017095739092)
2 10      - (1000000    -673.053369907319)(2000102    -1188.49967387129)(2000200    -696.265261098605)(2000202    -742.213709989457)
0 10      - (1000000    -586.751107203445)(2000102    -226.173126522088)
0 12      - (2000002    -1103.61049154978)(1000000    -883.3761320809)(2000201    -1188.82030106468)(2000200    -1101.15756077815)(2000102    -1343.20298271526)(2000101    -1123.6761294756)(2000001    -1427.2039076135)(2000202    -1522.4691458012)(2000100    -732.816063893886)
4 1      - (2000201    -1053.05779421877)(2000102    -1018.21768542883)(2000202    -954.048655975793)(2000101    -928.137793455553)(2000001    -963.35441782822)(2000200    -748.309890226515)(2000100    -1069.37438720891)(2000002    -931.885393072537)(1000000    -1066.23836881117)
2 5      - (2000200    -589.043297569268)(2000201    -585.159027535375)
2 13      - (1000000    -798.18982475024)(2000200    -1325.56942332235)(2000001    -1469.06839566645)(2000002    -849.080397092486)(2000201    -1156.37172474252)(2000202    -990.479109827973)(2000101    -1330.90073319049)(2000100    -1290.43760788029)(2000102    -1406.12211886551)
2 3      - (2000201    -1078.05168752383)(2000101    -1073.20183503446)(2000100    -1157.85124065519)(1000000    -1070.92205669083)(2000002    -1076.46765884742)(2000202    -861.389246350022)(2000102    -748.401939893133)(2000200    -1126.46685026447)(2000001    -1145.43002055121)
9 0      - (2000102    -411.102421922103)(1000000    -726.03004435283)(2000101    -176.056189267825)
14 0      - (1000000    -1253.0251962072)(2000102    -1231.04553386713)
3 0      - (2000201    -1057.16753329411)(2000001    -992.040642204243)(2000002    -1110.696547929)(2000202    -921.630174143755)(2000102    -803.155748592079)(2000100    -983.081342696664)(2000200    -981.629095874426)(1000000    -1037.70540606273)(2000101    -1117.03539225631)
1 9      - (2000202    -768.380347381077)(2000200    -586.23694748159)(2000102    -604.247967113392)(1000000    -591.821171074603)(2000101    -594.925197053915)(2000201    -587.299323368392)(2000100    -587.816076314658)
5 1      - (1000000    -963.79090632553)(2000100    -707.325536864949)(2000201    -728.559372396194)(2000102    -856.75263320753)(2000101    -832.054937211443)(2000202    -910.031939478391)(2000001    -822.125983748475)(2000002    -1004.47212657943)(2000200    -921.289381729374)
4 4      - (2000201    -938.293934469924)(2000101    -911.525453280207)(2000102    -825.409919447562)(2000002    -1122.76612096363)(2000100    -848.281078992833)(2000202    -1031.08020124955)(2000200    -1055.18373661057)(2000001    -667.939762427092)(1000000    -667.318012060686)
11 2      - (1000000    -1241.14941448897)
2 9      - (1000000    -320.325850670367)(2000201    -299.483168519205)(2000202    -317.787285254659)(2000100    -346.859606190997)(2000101    -292.559479725632)(2000001    -293.292312777847)(2000102    -351.543240218665)
0 9      - (2000101    -544.946841733849)(2000202    -576.314857450133)(2000200    -990.167710861491)(1000000    -860.921264686587)(2000201    -527.838930285451)(2000001    -523.297521088728)
3 5      - (2000101    -543.7961042425)(2000202    -576.694925979771)(2000201    -660.755189282691)(2000102    -554.563634847191)(2000001    -588.124866883766)(2000100    -571.1864159395)(2000002    -542.748714303277)
10 2      - (1000000    -619.344862639755)
3 2      - (2000001    -1134.83307899058)(2000100    -839.305967512141)(2000200    -822.611233484348)(2000202    -976.129906063318)(2000002    -999.105061770076)(2000101    -1144.16112567343)(2000102    -918.09823298515)(1000000    -1005.61240175709)(2000201    -964.352436186167)
0 8      - (2000201    -396.452521213384)(1000000    -463.600739310314)(2000202    -208.517268375135)
5 4      - (2000201    -619.667012808349)(2000101    -836.639355766717)(2000001    -613.327351842957)(2000200    -218.610020457893)
5 2      - (2000101    -1083.05682862188)(2000001    -1080.528641501)(1000000    -1104.72338716984)(2000100    -1142.33992614359)(2000102    -830.03924880709)(2000002    -1142.33253605121)(2000202    -830.385475647003)(2000200    -1207.19783452523)(2000201    -1190.95928456291)
0 7      - (2000001    -416.917998373512)(2000002    -509.887355252387)
4 0      - (2000101    -692.724618639731)(2000200    -748.649213379595)(2000201    -944.125437113041)(2000102    -777.616320779892)(2000001    -854.92334598746)(1000000    -949.44080477573)(2000002    -887.600016036028)(2000100    -628.13252395958)(2000202    -744.716382603717)
0 6      - (2000202    -555.62043340886)(2000101    -525.538318926649)(2000002    -524.034899474391)(1000000    -522.311446857558)(2000100    -523.981856088697)(2000001    -525.196304258792)
13 0      - (2000002    -1219.62167894211)(2000202    -1299.4297787579)(2000102    -1863.87319816661)(1000000    -628.932350260149)(2000100    -371.870508164883)
5 3      - (2000200    -881.299146102829)(2000201    -1049.0621715547)(2000001    -893.493921541813)(1000000    -1224.28965291095)(2000100    -843.865158101745)(2000202    -826.468906550091)(2000002    -886.963237027457)(2000102    -836.633202175453)(2000101    -856.52094913897)
12 1      - (1000000    -445.406070870207)(2000001    -167.584319784013)
9 2      - (1000000    -575.268904699503)
14 1      - (2000200    -383.39528081614)(1000000    -403.542840923501)(2000201    -445.221295773095)
1 5      - (2000001    -560.578656953075)(1000000    -537.529082059753)(2000200    -597.661799887099)
14 2      - (2000002    -716.74199136179)(1000000    -757.534787659143)(2000001    -733.98985224873)
0 5      - (2000102    -661.607288077978)(2000100    -1067.84794108967)(1000000    -1069.94713909803)(2000200    -1089.0246274769)(2000001    -454.274217738576)
3 4      - (2000100    -967.226031215596)(2000002    -971.596921660288)(2000201    -958.447232056046)(2000102    -757.517306119667)(2000101    -755.911420617368)(2000202    -864.091336800836)(2000001    -788.293892987733)(2000200    -750.270901540345)
4 11      - (1000000    -643.716780846112)(2000102    -1133.20078008847)
12 0      - (1000000    -1064.21617296741)(2000001    -380.797612645226)(2000200    -383.295906024538)
1 6      - (2000202    -786.504487945036)(2000001    -522.313937597697)(1000000    -994.918434360813)(2000002    -459.991113268165)(2000200    -462.134991102645)(2000100    -636.033046710999)(2000102    -460.930939221892)
11 0      - (1000000    -712.649939327753)
13 1      - (1000000    -998.590135916949)(2000101    -242.262471377637)(2000102    -507.361019132706)(2000001    -147.721019132706)
10 0      - (2000100    -371.698248011566)(2000101    -531.838974421967)(1000000    -388.200134012113)
2 4      - (1000000    -844.243048938056)(2000202    -349.049844211144)
10 1      - (2000001    -372.935034013902)(2000002    -200.63732851209)(2000202    -218.221706722426)(1000000    -1078.79929623725)
4 8      - (2000102    -427.220393786647)
13 2      - (1000000    -1648.45316236413)(2000001    -427.4425439202)(2000002    -195.367073029196)(2000201    -352.562844638003)
5 0      - (2000001    -602.549290392561)(2000002    -674.131614987493)(2000200    -579.555943134391)(1000000    -631.404375430159)(2000201    -400.619077295458)(2000100    -585.827765330172)
5 9      - (2000200    -475.194253461566)
4 5      - (2000101    -545.116331003754)(2000200    -404.791459384023)
11 1      - (1000000    -390.240658239032)
12 2      - (2000102    -1064.78756353134)(2000200    -127.070483235932)
4 10      - (1000000    -454.977346816473)
2 8      - (2000101    -535.303341793903)(2000102    -535.198728801903)
9 1      - (2000201    -12.1950116518765)
1 8      - (2000102    -38.7496232620551)

