468
14 0      - (2000002    9750.23792970265)(2000202    10597.2939112515)(1000000    10262.7201729135)(2000001    9887.09626280425)(2000200    10145.9238036607)(2000102    9540.82483802466)(2000101    9954.22622563521)(2000100    10237.7674212682)(2000201    9600.31544558381)
24 24      - (2000001    7195.99903484194)(2000100    9562.48280260525)(2000102    18.0754821631286)(2000201    -164722.010329016)(2000101    10084.0022445563)(1000000    -43916.9037355783)(2000200    -138400.299328309)(2000002    5061.25362442052)(2000202    -1018.98777018668)
14 14      - (2000202    -2936.79287374201)(2000002    -2539.013671875)(2000200    -2638.96944803096)(2000102    -2242.89340475521)(2000101    -177.059667461128)(2000001    -2562.5)(2000100    2597.09216772177)(2000201    555.604627874346)
12 24      - (2000202    5684.33346858604)(2000201    488.899149737806)(2000012    -2878.22345915581)(2000001    -1415.96031044784)(1000000    4633.99442610897)(2000002    -2376.32970750901)(2000100    9656.14398890325)(2000111    3905.81195496286)(2000200    -2697.7812197991)(2000211    -2273.79974742344)(2000101    3027.15454536124)(2000102    6270.51430568374)
23 6      - (2000002    3311.40051236751)(2000202    2818.41172805573)(1000000    2818.41172805573)
24 8      - (1000000    -171678.424054893)
0 14      - (2000001    7835.52894502528)(2000201    10688.3172918174)(2000202    9349.63108753944)(2000002    8428.3388414253)(2000100    8738.54772235527)(2000101    8054.15525876413)(2000102    9016.56124787306)(2000200    9410.82775096981)(1000000    7868.58151869281)
12 28      - (2000102    5045.11040590011)(2000101    9548.35233903673)(2000201    5328.32975219435)(2000002    144.359346632936)(2000200    1833.32778144276)(2000001    3419.41387315708)(2000012    2566.77010818043)(2000100    5493.11163679033)(1000000    5530.45012929188)(2000202    5812.20645722019)
11 21      - (2000001    -1902.28008658034)(2000100    -1615.96264646498)(2000201    -2099.15508658034)(2000200    -1596)
14 22      - (2000002    2611.13538470357)(1000000    6209.87348329647)(2000102    5607.10132195789)(2000101    3637.72354165899)(2000201    2435.37308968054)(2000202    9542.11101969482)(2000012    6168.96024534044)
25 9      - (1000000    -165252.018213684)
21 2      - (2000100    6717.536216244)(2000202    9902.2736085605)(2000200    10013.6659645635)(2000002    7893.86886284435)(1000000    10617.6885478346)(2000102    10036.9928933599)(2000201    9862.16826091479)(2000001    8124.39318235507)(2000101    9215.02130530178)(2000012    11096.1926995807)
13 9      - (2000001    -1437.5)(2000201    -3500)(2000100    660.009193726461)(2000102    -14559.6005746643)(2000101    -2123.47439513181)(2000002    -750)(2000200    -43518.6641290749)
24 9      - (1000000    -169713.928656402)
0 13      - (2000102    10093.1808886734)(2000002    10792.8356929091)(2000001    10115.9492040313)(2000100    9981.37751810177)(1000000    10065.4469565804)(2000101    10036.4674200305)(2000200    10180.4741942695)(2000202    9969.27328805453)(2000201    10251.4490976824)
21 1      - (2000100    8067.52418161498)(1000000    9082.60606514779)(2000002    5877.75660526573)(2000201    9290.68475848156)(2000200    9352.51207099347)(2000202    9120.14423499398)(2000102    9234.50935599748)(2000001    8931.61047981586)(2000101    11112.401902093)(2000012    5642.48094721463)
13 14      - (2000001    -1937.25889521666)(1000000    -2966.36446903403)(2000200    -2855.15816375569)(2000101    -3055.859375)(2000202    -3012.06664368624)(2000102    -1885.40456152736)(2000002    -2941.75340580291)(2000100    -2835.45185923323)(2000201    -2298.48182194989)
21 11      - (2000200    -1601.5625)(2000101    -1811.03515625)(2000100    -1589.09375)(1000000    -1700)(2000001    -1638.70997872353)(2000102    -1611.26649970987)(2000201    -1721.40856060624)(2000202    -1800.7885105192)
10 15      - (2000002    -197.340309293075)(2000101    6138.75976133707)(2000201    -2274.4140625)(2000202    -221.028379402143)(2000001    -1191.70207519006)
20 3      - (2000102    8567.01610499338)(2000001    8048.90278618468)(2000100    6753.30106093657)(2000101    11444.9245673142)(1000000    9862.15043621144)(2000200    9720.14487132032)(2000201    9054.1421502312)(2000002    6673.99855313569)(2000202    9456.28383517015)(2000012    4670.7970766615)
3 10      - (2000201    10171.2696938237)(2000202    10331.0824753733)(2000101    10858.6230079988)(2000001    9915.46377639112)(2000100    10331.7748506977)(1000000    10182.63189249)(2000002    9740.39250091071)(2000200    10088.8490440421)(2000102    10338.1476967798)
12 17      - (1000000    -3453.125)(2000002    -913.083875750679)(2000202    -1414.0625)(2000101    7017.87019468733)(2000201    -1023.4375)(2000102    742.049280101973)(2000001    -1559.70338261381)
26 9      - (1000000    -172072.104804027)
21 4      - (2000202    9373.74429297997)(2000101    11450.6399125814)(2000100    5876.90084584016)(2000200    9074.59822701298)(2000001    5317.70809878586)(1000000    8709.78539457814)(2000201    7479.80801229212)(2000102    8489.97966050726)(2000002    5760.57261636098)(2000012    5993.55424604384)
14 9      - (1000000    -3140.67050690123)(2000200    -100105.778127762)(2000101    -5174.12045704032)(2000100    3408.08674867902)(2000001    -1925.78057911615)(2000202    -15517.6757106989)(2000002    -750)(2000102    293.997689757943)(2000201    560.327802213851)
26 14      - (2000101    -1250)(1000000    -1000)(2000201    -1631.8359375)(2000202    -1308.699038308)(2000001    1483.98292428711)(2000200    -1375)
20 9      - (2000201    -1406.25)(2000101    -1359.375)(1000000    -1468.75)(2000102    -1600)(2000002    -1520.01303411003)(2000202    -988.75)
14 21      - (2000201    -1390.12584304955)(1000000    9930.89283688605)(2000102    8607.9579731496)(2000101    8806.80039993965)(2000002    3210.3348718925)(2000202    7147.57245620872)(2000012    11458.6268939346)
0 24      - (2000200    1735.36038482641)(2000202    6349.51819566045)(2000201    5675.01322367076)(2000002    6573.6064045398)(2000102    6791.47005256082)(2000101    9537.5038437176)(1000000    7167.07004846356)(2000012    10086.935920454)(2000100    5167.38346930964)(2000001    2526.24157037031)
11 10      - (2000100    5810.0668824916)(2000001    -1406.25)(2000002    848.170133803754)(2000101    -1430.13330453776)(2000201    -1234.375)
18 11      - (2000001    -2110.13403773362)(1000000    2400.50053076124)(2000002    -758.477045349433)(2000012    1224.31751932393)(2000201    -204.648777894941)
1 12      - (2000101    10779.4981503918)(2000001    9756.3117287385)(1000000    9757.09600193308)(2000100    9772.2762118305)(2000200    9596.02643799168)(2000102    9751.14127115876)(2000201    9397.41949238041)(2000202    9533.95860892123)(2000002    8997.28460175126)
21 0      - (2000002    6264.35403112713)(2000200    9787.5531040807)(2000100    6525.7084708554)(2000201    9876.56097971377)(1000000    9781.74137537985)(2000102    9860.99831586085)(2000101    11193.6580783282)(2000001    9098.50412913061)(2000202    9755.15613771152)(2000012    8818.17893992916)
21 9      - (2000101    -2000)(1000000    -2332.03125)(2000201    -1613.312)(2000102    -2050)(2000002    -2094.921875)
27 9      - (1000000    -166285.9710096)
17 13      - (2000002    -1828.125)(2000100    -899.518053031196)(2000202    -1125)(2000101    6023.88546580129)(1000000    1842.95026214296)
10 21      - (2000102    -2743.75)
20 2      - (2000201    10066.4328221968)(2000001    9423.64171418146)(2000200    9967.63548818797)(2000102    10073.4483381814)(2000202    9118.09407895687)(2000002    6918.1873659725)(2000100    6288.547459866)(1000000    9745.10633875142)(2000101    11021.2020037866)(2000012    2510.60570444962)
17 11      - (2000200    -2250)(1000000    -2376.2123258795)(2000001    -2734.6618769158)(2000101    5466.77808165209)(2000201    -895.590223731121)(2000002    -618.411447030365)(2000012    -264.376894620809)(2000100    606.55308740084)(2000102    1037.38354918734)(2000202    2065.03986450797)
26 8      - (1000000    -164831.995154833)
11 12      - (1000000    -500)(2000100    2348.68360608444)
12 16      - (2000201    -2555.17578125)(1000000    -3002.38237138466)(2000002    -1585.37604358179)(2000100    6787.08804366703)(2000101    482.21761243585)(2000102    403.568926774465)(2000001    1284.00683302224)(2000200    187.889144739117)(2000202    773.733881342977)
2 10      - (2000201    9998.97512393456)(2000001    10158.3358950012)(2000202    10134.3434343712)(2000200    10060.2538358634)(2000102    10763.6565599252)(2000002    10113.3578935865)(2000101    10159.8139157973)(2000100    10148.3987465365)(1000000    10042.6134832729)(2000012    3724.27176654278)
25 7      - (1000000    -164429.849376154)
20 1      - (2000101    11429.1284720367)(2000001    7420.24042789599)(2000200    9935.31452537178)(2000201    9999.52824106622)(2000100    6281.1361995626)(2000202    10050.9122455674)(2000002    7907.70187700515)(2000102    9174.28042791819)(1000000    10204.7966697348)(2000012    -7.98784615710034)
22 0      - (2000002    8585.02607739474)(2000202    9980.01216409498)(2000201    8182.26625996576)(1000000    9964.33026007726)(2000101    9820.30403025041)(2000001    9581.40013546335)(2000100    9868.69445629703)(2000102    8829.74360501851)(2000012    10221.5819031779)(2000200    9617.60884264703)
1 7      - (2000001    -637.706543011475)(2000100    284.041296179772)(2000002    8643.07988442344)(2000101    2102.4038595087)
16 20      - (2000201    -456.809598784223)(2000202    4111.46108235907)(1000000    2080.62993182039)(2000002    1477.99058948603)(2000102    10680.772790724)(2000101    3458.73412765957)
12 21      - (2000101    -1647.5)(2000100    -1583.946875)(1000000    -1375)(2000202    -1524)(2000001    -1635)(2000201    -1540)
20 4      - (2000002    5653.20336953526)(2000200    8756.64593637692)(2000100    6768.661833226)(1000000    8411.2116363371)(2000202    9796.26400925104)(2000101    11781.6027880837)(2000201    7848.45070191436)(2000102    9047.25715271236)(2000001    7544.37631897617)(2000012    2498.78508288319)
15 21      - (2000201    1496.16515280115)(2000101    10646.2895231274)(2000102    6774.30882760821)(2000012    7260.81227566629)(1000000    6322.93118361834)(2000002    3665.76004647275)(2000202    7049.88758774551)
22 11      - (2000102    -500)(2000001    -818.527614101669)
11 14      - (2000002    -2186.5234375)(2000201    -4796.875)(2000100    6525.84689425338)(2000200    -933.537512580308)(2000202    843.885092274985)(1000000    1174.57865110772)(2000101    1229.2062185721)
22 1      - (2000100    9586.55991636148)(1000000    9966.37800279652)(2000002    10054.3885991918)(2000200    10443.9269409923)(2000102    10555.3441761015)(2000012    11390.1802162447)(2000001    11825.439806102)(2000202    10183.7523615484)(2000201    8927.35472662308)(2000101    10022.4654676002)
8 4      - (2000102    7076.47226375353)(1000000    4079.4215347477)(2000201    7330.6479210643)(2000200    7344.47099392302)(2000101    5391.92565160231)(2000202    11031.0729958078)(2000001    6811.43151116639)(2000100    7945.12604831226)(2000002    7090.8635120413)
23 2      - (2000102    10462.4905931123)(2000101    9401.39269288406)(2000001    11816.1601975713)(2000200    10130.6165125719)(2000201    8282.80205037487)(2000202    10226.5663808824)(2000002    7759.75327208326)(2000012    10415.3179470965)(1000000    10063.8630915381)(2000100    9489.03558313584)
9 4      - (2000002    5913.22059992199)(2000201    8775.40788239064)(2000101    7659.26482308244)(2000200    6266.9719558239)(2000102    4511.65152198797)(2000202    4615.18075673479)(1000000    10842.3764946881)(2000001    7377.6497279424)(2000100    6992.45230299353)(2000012    2303.03832890357)
10 6      - (2000002    8860.41290553526)(1000000    8789.82933088044)(2000202    7904.30001212995)(2000201    8788.59964081628)(2000101    8902.17690884282)(2000102    7922.66830865055)(2000001    10509.2815504854)(2000200    9188.38121263422)(2000100    8893.01082524843)
4 10      - (1000000    9988.72900316823)(2000201    9991.04229024207)(2000101    10060.504744109)(2000202    10824.0141548293)(2000100    9962.1975781554)(2000001    10036.2147602584)(2000002    10484.2036842981)(2000200    9899.70344733829)(2000102    10135.6653828818)
18 12      - (2000002    -689.144918174668)(2000101    5876.93606315524)(2000001    -1823.23713333096)(2000202    -1217.4189008714)(1000000    282.159475413569)(2000201    -272.596609117175)
1 13      - (2000002    8374.16140058155)(2000202    9495.52297581205)(2000100    10118.4570352816)(2000101    9263.45942085238)(2000201    8661.64221999796)(2000102    10725.0090100573)(2000200    8627.1770187796)(2000001    8725.20173245735)(1000000    9165.47918559583)(2000012    3177.12940270809)
9 13      - (2000100    2716.4347525158)(1000000    -1971.53310504787)(2000201    -67.9622164734589)(2000001    -1023.49193148338)(2000002    -1000)(2000200    -108806.347721924)(2000202    -9953.12835568406)(2000102    -420.333594251034)(2000101    -804.679011639235)
11 15      - (2000101    71.2082393037056)(2000002    -1834.27816425426)(2000200    -2560.546875)(2000201    -3067.45589551008)(2000100    7138.69908761159)(2000202    249.901567236274)
9 15      - (2000100    528.437986133056)(2000200    -2500)(2000001    -1847.65600927914)(2000101    5453.73984664667)(1000000    -1000)(2000202    -190.133131704651)
11 6      - (2000002    10933.283788717)(2000200    1927.04184335652)(2000100    3687.77063363027)(2000102    -242.779077357787)(1000000    3015.76157543619)(2000001    2209.38303384018)(2000101    4002.91686401692)
13 17      - (2000101    -1590.84952914088)(2000102    -1936.92344845207)(2000100    3292.75100956757)(1000000    420.422922828029)(2000202    1144.16015889255)
24 7      - (1000000    -167425.856487344)
11 11      - (1000000    -1625)(2000200    -1156.25)(2000101    4406.06278619232)
9 5      - (2000100    7351.22712002102)(2000202    6504.28356632195)(2000012    25.8657544850363)(1000000    6571.05390020261)(2000200    8154.60111550211)(2000102    6223.62345935646)(2000101    8630.04731666921)(2000001    10725.1240780075)(2000201    7268.94074516709)(2000002    7968.36968294614)
28 2      - (1000000    -1304.6875)(2000200    -1029.92626096076)(2000101    2836.56666645715)(2000102    2279.00704349729)(2000002    -464.062617899117)(2000201    1150.50243226958)(2000001    865.523405778425)(2000100    10339.223029263)
14 10      - (2000100    994.637875227476)(2000002    -959.225417432716)
2 25      - (2000102    3032.57868205953)(2000001    4000.93339026742)(2000200    2021.39865969838)(2000201    3901.98678048719)(2000202    3026.73809104399)(2000101    4670.91740998727)(2000002    2291.23360242717)(2000100    10128.1871952114)(1000000    3481.65103962657)
18 9      - (1000000    -169287.777703103)
28 0      - (2000100    9989.01226338865)(2000200    -500)(2000001    -750)(1000000    -188.591884248105)(2000102    1295.93860548763)
28 13      - (2000002    -2315.18868615937)
21 8      - (1000000    -2406.25)(2000002    -2695.86459852733)(2000102    -2475)(2000101    -1950)(2000202    -2310)
21 3      - (2000100    6660.96168669212)(2000102    9396.20221856299)(1000000    10028.4879407765)(2000101    11365.7002741141)(2000200    9779.39499050496)(2000002    5523.95738220152)(2000201    9304.76371056609)(2000202    10139.8570535231)(2000001    8229.39731286313)
10 11      - (2000101    -1372.70854338398)(1000000    -144.019422909206)(2000200    -1437.5)(2000201    -999.0234375)(2000001    -2205.7327856681)(2000100    6272.46051761377)(2000002    -1000)
20 0      - (2000200    8369.49837098941)(2000201    9337.51663119383)(1000000    10537.5093497443)(2000102    8959.36752966603)(2000101    9322.17808653067)(2000002    7112.60213293289)(2000202    8938.98419674211)(2000001    8853.83444910496)(2000100    7081.99037554852)
18 13      - (2000101    4494.8871889493)(2000201    -1375)(2000202    -1000)(2000002    -476.631218113814)(2000001    791.641010143313)
11 16      - (2000202    -614.530937890876)(2000201    -1065.47398721823)(2000101    475.157683850538)(2000002    219.102629002544)(2000001    144.297351992511)(2000200    -895.590223731121)(1000000    220.701075221269)(2000102    1284.03572761582)(2000100    6747.76967663281)
24 17      - (2000201    -1999.91468556578)(2000202    -2500)(2000002    -966)
22 4      - (2000102    8352.88557927446)(1000000    7325.93024643709)(2000001    7514.26105070773)(2000002    6166.43228565073)(2000200    7444.54528871935)(2000012    17.7891817189065)(2000101    11608.5400192996)(2000100    6454.04835245067)(2000202    6987.66548809318)(2000201    7810.8707899432)
13 13      - (2000100    5472.63792451783)(2000002    -2097.51667204643)(1000000    -1403.72674777143)(2000201    -1500)(2000202    -2061.79287374201)(2000200    -1159.21875)
10 5      - (2000102    -181.156771091707)(2000002    -361.517564177594)(2000101    3645.69392881776)(2000100    11029.0949506184)(2000001    3975.10266679198)(2000201    3662.97023738993)(1000000    3932.56474419297)(2000202    2880.38111210823)(2000200    2880.26711210823)
10 2      - (2000102    10837.5544870961)(2000100    9367.72567786524)(1000000    9975.14455523151)(2000201    8655.32282022628)(2000202    9817.93202357087)(2000200    9448.731616453)(2000101    9986.36196536534)(2000001    9586.4819862983)(2000002    9720.0140723493)
5 14      - (2000200    2912.94718437917)
3 9      - (2000012    8057.77716241016)(2000102    7812.42415951696)(2000002    7897.2798386767)(2000001    7140.71868678269)(2000200    5891.92879070171)(1000000    7396.10558259302)(2000201    7018.56778731883)(2000202    10093.0770773497)(2000101    8514.78460770707)(2000100    6387.56950315785)
18 23      - (2000101    -1665.74743418399)(2000102    -1785.32032893599)(2000202    -1803.125)(2000002    -1592.59218460436)
24 14      - (2000002    -750)
27 8      - (1000000    -159561.281569664)
26 7      - (1000000    -163022.100497829)
29 14      - (2000202    375.442453333099)(2000001    3088.20875097572)(2000100    2231.91570684148)
2 12      - (2000200    830.032568693273)(2000002    9949.42952908479)(2000201    -1094.85098011941)(1000000    5504.96279258546)(2000001    6482.25194208938)(2000101    4607.3376848347)(2000100    2822.00675617655)
12 1      - (2000002    7981.17525110969)(2000201    5434.34257694377)(2000101    3869.13564831277)(1000000    6308.67836626664)(2000200    1955.42845782512)(2000202    2526.97810763973)
3 12      - (2000002    6476.65503003892)(1000000    4918.5865432629)(2000100    7654.12583295402)(2000101    9724.21385587094)(2000200    7009.17853671321)(2000001    7100.42464256653)(2000201    7970.42293778784)
1 10      - (2000201    2872.25823589577)(2000101    7999.30938400583)(2000002    1990.73030347047)
12 0      - (2000102    10477.6121193479)(2000002    10200.9537103)(1000000    10108.0212405106)(2000202    9865.404755747)(2000201    10145.293336829)(2000012    11599.7173656202)(2000101    10165.8179717476)
6 10      - (2000002    8284.83321456513)(1000000    6432.34260508081)(2000201    9523.26040988873)(2000001    8651.14037103029)(2000200    7380.50410294269)(2000102    10679.3383793238)(2000101    8644.66729943575)(2000202    8648.87702086377)(2000100    8475.24012213462)
2 26      - (2000002    3400.01324205472)(2000202    -2125.89160907552)(2000102    3510.9564519786)(1000000    3937.28105948856)(2000001    3081.77044115593)(2000101    8377.59906794704)(2000200    702.484186253437)(2000201    4213.72459952325)(2000100    5325.5324122927)
5 10      - (2000001    8936.64619895873)(2000201    10721.3463144431)(2000202    9426.5654296771)(2000002    10733.1327719843)(2000100    9142.53125658628)(2000101    8956.24612276573)(1000000    9841.84910487115)(2000102    9495.880179893)(2000200    9657.36323321219)
14 28      - (2000001    -2710.32159697624)(2000200    -1778.8544256256)(2000002    1697.89362355155)(2000012    10902.3114808045)(2000100    10440.8526355806)(2000102    5533.61920904158)(2000201    7315.92108321897)(1000000    1741.49834864494)(2000202    5947.32615388205)(2000101    4434.12914884644)
15 23      - (2000202    8350.93237190015)(2000002    8235.48989734972)(2000101    4177.71025332406)(2000102    11874.353966667)(2000012    5661.06151721264)(1000000    6750.06348830343)(2000201    3805.41214136863)
3 26      - (2000100    10260.8651762085)(2000202    2994.40288674287)(2000200    903.472439938216)(2000002    4784.00949281188)(2000102    5885.25293881033)(2000201    4693.73146294669)(1000000    5520.67096607645)(2000001    2400.24483529583)(2000101    6507.81791052292)
13 28      - (2000200    1367.87851447492)(2000201    3825.05106003062)(2000002    771.782342797875)(1000000    8847.90739588631)(2000001    3166.73846678506)(2000101    5905.19924557142)(2000100    5248.80958466669)(2000202    5578.9366931869)(2000102    6571.5875868987)(2000012    3074.96646313707)
25 13      - (2000002    -1085.62136845821)
22 3      - (2000100    6738.94532708675)(2000101    8931.68989208629)(1000000    10595.6896472364)(2000102    9366.31394093153)(2000001    5403.40402096298)(2000002    6589.4670712209)(2000200    9455.80381283154)(2000201    9455.15046944244)(2000202    9209.42092819561)
19 0      - (2000001    6455.32259074474)(2000102    9396.34955472236)(2000201    9056.61899933302)(2000200    9197.25785366447)(2000101    11056.1711979812)(1000000    8726.00648000877)(2000100    5771.95948123253)(2000202    9949.15206287504)(2000002    7175.40072400883)
12 26      - (2000200    -855.688001474065)(1000000    125.01113526113)(2000101    6526.44041552028)(2000001    11.8973406710008)(2000202    25.01113526113)(2000100    -140.17376)(2000002    2100.65326475198)
0 28      - (2000002    2515.0353459115)(2000201    3823.29307686927)(2000202    2051.21658877091)(2000101    2267.6563339961)(2000100    10386.0813112275)(2000200    1432.93677375722)(2000102    3107.34941174346)(1000000    2938.74778227936)(2000001    1449.5444055591)
9 2      - (2000001    1556.09898380315)(1000000    9245.69024826896)(2000101    4998.14267633655)(2000100    4755.18307044637)(2000002    2634.4443423667)(2000201    2359.36404253201)(2000200    5700.16605103486)
1 14      - (1000000    6650.5465558215)(2000001    8387.26975045111)(2000201    11256.8729124417)(2000200    1696.25833668484)(2000002    3990.73054839591)(2000100    3939.69971049246)(2000101    2269.27067905838)(2000202    2455.42045670651)
14 1      - (2000102    9434.0443509645)(2000201    9297.62251519155)(2000101    10873.0103072248)(1000000    9665.39967182913)(2000002    9480.41479605426)(2000100    10133.1562270024)(2000202    9676.3574141426)(2000200    9732.04754804226)(2000001    9470.36753283034)
4 7      - (2000201    3932.5414145904)(2000102    1380.4073831606)(2000101    3106.70190917415)(2000202    6157.27112659944)(2000012    10904.9943862467)(2000002    4294.36305413088)(1000000    3994.62848584403)
4 9      - (2000002    1955.13066922852)(2000012    10526.1685487203)(2000201    -995.513355281837)(2000100    1396.27523065402)(1000000    2507.81358716431)(2000001    7496.98664485573)(2000101    6380.0794316886)(2000202    4227.1853013098)(2000102    6642.57298788238)
13 26      - (2000200    -1250)(2000201    -1500)(2000001    2229.37341027731)(2000101    6231.52360660569)(2000100    10282.1130148901)(2000102    2561.84595449228)
2 28      - (2000002    5280.20188692637)(2000001    835.954385121208)(2000100    10341.3868438454)(2000200    929.3268543256)(2000202    2921.65257917484)(2000102    3477.16181942696)(2000101    3135.09120713472)(1000000    4362.15268078804)(2000201    4456.40130363618)
2 13      - (2000001    3305.96940571094)(2000201    9569.79443101414)(2000100    2409.02888853785)(2000101    5076.429753135)(2000002    1974.86742561794)
25 8      - (1000000    -150036.961926208)
26 3      - (2000101    1742.8976632685)(2000001    -16.8924902549497)(2000202    -908.443699273635)(2000201    1521.57918073774)(2000100    10992.215406702)(2000200    1074.73085314148)(2000102    3375.58174390448)(1000000    808.464194434722)
26 1      - (2000001    28.9667818489645)(2000201    -51.3030922174342)(1000000    8023.72801922032)(2000200    -179.650497020715)(2000100    3268.52171280602)
17 4      - (2000201    5574.64047439997)(1000000    1357.03060315326)(2000002    1590.83449084028)(2000101    2161.2784813458)
24 0      - (2000102    -1008.96248613492)(2000201    3511.39794644868)(1000000    2615.30745825044)(2000001    7319.53360696438)(2000200    2815.45465998815)
12 12      - (2000001    -2163.59724015478)
1 22      - (2000201    -133.635622100575)(2000100    -2018.33787450497)(2000102    7943.31720721328)(2000200    2278.75626837273)(2000202    1616.75261125264)
17 10      - (1000000    -1515.625)(2000100    -845.908347105683)(2000202    314.15093204186)(2000002    -1951.41291743272)(2000201    -526.450623578283)(2000001    -1389.26863220212)(2000102    -1250)(2000101    7319.1685025918)
20 5      - (2000101    -33.3381109375)(1000000    -500.4375)(2000201    9609.51762921708)(2000200    124.377169984041)(2000100    -466.295730740845)
2 14      - (1000000    3797.89256802606)(2000100    1016.42826077792)(2000101    9002.75842351408)(2000202    5454.63656766748)(2000002    3032.08378286073)(2000200    1323.00171663391)
10 14      - (2000012    -1678.06872840332)(2000100    6985.83166887055)(2000200    -3000)(2000002    -618.411447030365)(2000001    -1430.94203996861)(1000000    832.140976299778)(2000101    1864.14028187898)(2000102    1319.40871775356)(2000201    702.021687169754)
5 8      - (2000201    1095.93900204933)(2000012    1887.08855115596)(2000002    9979.194001279)(2000001    2722.71080548535)(2000102    1303.77897337512)(1000000    6150.79107829368)
9 0      - (2000100    -647.263498669882)(2000200    3565.2970563104)(2000201    6296.91527505357)(2000002    5131.35185768326)(2000001    9478.20676799696)(2000101    5854.70264963089)(1000000    5982.60933519905)
4 13      - (2000002    9296.61493685812)(2000200    8521.59587191267)(2000100    8974.50229920823)(2000201    9935.62468998429)(1000000    8926.16288430317)(2000001    9672.09764101661)(2000101    8561.40271833057)
14 29      - (2000002    1730.18318180514)(2000200    -1736.19387643402)(2000102    2194.0296548691)(2000001    2405.43798707489)
14 11      - (2000102    -3156.17551523563)(1000000    -1500)(2000002    1031.16032830809)
0 21      - (2000200    5670.00167384039)(1000000    6768.16469036239)(2000001    6681.77930299422)(2000202    9063.96706373186)(2000102    7758.34446429831)(2000101    6642.7372334775)(2000002    5064.59610894815)(2000100    703.577229797617)(2000201    5141.50569883392)(2000012    2989.87512635006)
7 5      - (2000201    1829.91133617684)(1000000    6220.41637498743)(2000001    8030.30467792216)(2000200    5470.05579775749)(2000202    6278.60916367537)(2000101    10949.1951562122)(2000102    6359.74481353884)(2000100    4816.03796298583)(2000002    5257.21353381453)
12 29      - (2000100    8959.85779526838)(1000000    -233.877213737616)(2000001    -500)(2000101    -643.931858734397)(2000102    2143.13641832449)(2000200    -750)(2000002    -353.54436731678)(2000202    2619.18741065843)(2000012    4744.69860125795)
1 11      - (2000201    6305.98889643747)(1000000    4632.94262559133)(2000101    9264.41902987881)(2000001    6205.83858226451)(2000002    4827.95688851492)(2000100    1993.46346447024)(2000102    2108.83260315234)
0 12      - (2000100    5451.89905993934)(2000101    6478.06507981069)(2000201    4433.14472849495)(2000002    4738.93218627452)(1000000    6829.87123305092)(2000200    6731.06448829341)(2000001    11079.3675932994)(2000202    4446.53343353236)
14 26      - (2000002    -1046.43542420936)(2000201    -1500)(2000200    -1377.1875)
3 6      - (2000201    1118.97800630566)(2000101    -761.000820945644)(2000001    4289.34813725963)
3 27      - (2000201    4386.30402705574)(2000200    980.232378432476)(2000202    4284.4589816497)(2000100    10323.2836905098)(2000002    3981.16301023675)(2000101    6052.7137342462)(2000001    4755.03337824518)(1000000    4547.6864327401)(2000102    5635.20133987184)
2 8      - (2000012    10657.4948926707)(2000202    3921.86480284629)(2000001    2928.33206495747)(2000201    967.734548600003)(2000200    1538.5309017828)(2000002    4291.91580848874)(2000101    4147.4986888273)(2000102    1825.79672538454)
5 13      - (2000101    7848.64018288394)(2000200    6773.6770579782)(2000001    9878.34908868292)(2000002    7807.41958763156)(2000201    7325.45642928589)(1000000    7941.38339040228)(2000100    7366.565817235)
3 7      - (1000000    8864.70698187986)(2000101    2585.74812566813)(2000102    2251.13961578826)(2000200    2227.04674050498)(2000201    2637.12411853482)(2000012    2357.95574933803)(2000202    1970.01689971219)
8 7      - (2000002    -511.411266598956)(2000012    -302.41679038812)(2000201    9427.30756898571)(1000000    1898.02516108488)(2000101    2207.55187379082)(2000100    1957.27999216223)
5 9      - (2000201    5849.47076853662)(2000001    5730.14915897294)(2000200    1930.29088587026)(2000102    10096.1088620689)(2000202    584.519872852601)(1000000    3358.97381059469)(2000002    6117.28244121226)(2000101    2788.76526566975)(2000100    4478.75951713561)(2000012    5681.8743015381)
17 25      - (2000101    -512.218894075515)(2000002    -1704.30572509766)(2000202    -1600)(1000000    -200)
10 3      - (1000000    6766.78067033162)(2000100    4562.14331741173)(2000201    5894.83343832793)(2000101    8465.67685470752)(2000102    7347.00710950982)(2000002    9443.40854753067)(2000202    6767.12135445271)(2000200    2284.22954553092)(2000001    3465.32245645038)
4 8      - (2000102    -777.215196873581)(2000201    4284.14747936856)(2000101    9850.6772877095)(2000202    3695.59038962168)(2000002    3819.51592738012)(2000012    3767.40041010332)(2000100    5165.47184578949)(2000001    2245.54205934397)(2000200    1999.38637598117)
10 7      - (2000001    6924.14863637314)(2000101    7336.92458126889)(2000202    7488.45314132841)(2000100    3369.81669575095)(2000002    10677.0378297563)(2000200    7242.1427010153)(2000201    4059.96573403316)(1000000    7899.28306081742)(2000102    7558.51293927306)
16 24      - (2000002    -1500)(2000102    -1600)(2000202    -1675)(1000000    -1625)(2000101    -2024.11045640668)
5 7      - (2000201    1515.2086457103)(2000102    4001.71461722787)(1000000    10544.9740248036)
16 25      - (2000202    -3500)(2000002    -825)
16 29      - (2000201    4018.52998703601)(2000001    -1000)
10 4      - (2000002    303.509244516083)(2000202    7313.00488862761)(2000200    5687.26326355153)(1000000    5767.80650642252)(2000101    9890.73264743966)(2000201    5790.66518445924)(2000100    4133.71187967772)(2000001    6211.33773831967)(2000102    5493.21872350516)
3 25      - (2000002    3654.05462042279)(2000001    1492.50780646123)(2000102    4837.26250726201)(2000100    10234.2989410186)(2000101    6758.73872304778)(1000000    4635.00723140297)(2000200    1585.13833292292)(2000202    5273.70126492992)(2000201    5325.93668613668)
0 0      - (2000200    10745.5226577061)(2000100    10145.2205291101)(2000001    10629.712138206)(2000101    9212.10830527814)(1000000    11200.9954981569)(2000201    5850.19798065266)(2000002    7046.92791796907)
17 28      - (2000102    1791.81815951299)(1000000    8844.70522956287)
15 28      - (2000001    3941.96955503212)(2000102    5242.8770087151)(1000000    4715.42620928917)(2000002    -592.468620398557)(2000200    -1914.0625)(2000100    6154.54417311685)(2000201    7900.90055061643)(2000202    2715.55912865264)(2000012    3087.56374594932)(2000101    5276.85356164971)
9 22      - (1000000    -130981.129686524)
15 22      - (2000102    8117.41098368117)
7 9      - (2000202    7424.15053922663)(1000000    2695.69565988747)(2000100    11058.3290248445)(2000102    7437.55700613285)(2000201    5218.40173579599)(2000001    8231.00525895095)(2000002    9353.54048668184)(2000101    8007.07554090615)(2000200    7967.37928990515)
2 7      - (1000000    -1070.81865401351)(2000201    8498.77338802309)(2000200    3367.67058746188)(2000100    4881.5661589251)
7 3      - (2000200    -522.139627471115)(2000102    -511.444813735557)
11 3      - (2000001    -522.139627471115)
21 5      - (2000100    -1526.58844326019)(1000000    -1037.09818616679)(2000202    10770.2986734304)(2000201    -1000)(2000001    804.20347555737)(2000102    5368.39735866095)(2000002    1371.62321535949)
5 12      - (2000002    3590.85277813005)(2000100    5631.16308558118)(2000001    9946.69459704177)(2000201    2371.26527704745)(2000101    5740.42065848147)(2000200    2019.23131383773)(1000000    1826.70153594335)
3 2      - (2000001    11526.3916730799)(2000002    10271.0786835467)(1000000    -417.049874152756)(2000200    2284.13451608026)(2000101    4028.88001413602)(2000201    3569.03530858479)(2000100    2043.16068168425)
17 24      - (2000202    -2312.5)(1000000    -2300)(2000201    -2132.71347443712)(2000002    -2125)(2000102    -600)
1 21      - (2000202    6842.00729486286)(2000200    4247.45340969802)(2000201    5792.62833739882)(2000102    7078.7359831779)(2000002    6817.42626247714)(2000001    6020.39288349634)(2000100    3801.10801314685)(2000101    11209.3115809808)(1000000    8119.31829639117)
3 8      - (2000202    -1054.63481816552)(2000102    1971.22232525826)(2000001    -1116.19410053013)(1000000    5492.31921391149)(2000201    2085.40410761304)(2000012    11152.7662861764)(2000101    3891.24326344136)(2000002    1540.95447618007)(2000200    3838.9932391589)
11 1      - (2000001    -1074.88789207404)(2000002    2235.63136079417)(2000100    3032.05087536963)
11 2      - (2000102    10326.0235195718)(2000201    6020.61654117706)(1000000    9005.30942345416)(2000001    8094.92568235431)(2000202    7827.30181948866)(2000101    8657.7515791884)(2000200    8393.86288575934)(2000100    8127.99062904766)(2000002    9181.26519467402)
25 18      - (2000202    -2000)(2000002    -1417.72592961661)
28 18      - (2000001    -118.302082781644)(2000101    3568.29754690727)
28 1      - (2000002    406.195517079672)(2000100    10344.7204356867)(2000101    -0.4964)(2000202    2551.295019298)(2000102    548.403202753225)(1000000    3073.73619755469)
8 8      - (2000201    4456.69711168741)(2000202    3530.03841138013)(2000012    10145.2184089323)(2000002    -147.702549947651)(2000101    4418.71433939082)(1000000    4486.62077087201)(2000102    4534.3013488596)
0 1      - (2000002    8680.95688241885)(2000100    -1335.60315829423)
3 1      - (2000101    6821.0338604562)(2000100    4141.32518274704)
9 7      - (2000201    6682.4552591094)(2000202    5708.78508779851)(2000200    7391.27760051635)(1000000    5307.61192197618)(2000001    7440.31716015683)(2000102    6254.94643915609)(2000101    8276.73125606117)(2000100    5109.77573155679)(2000002    11008.5471202163)
3 3      - (2000201    5311.57422910496)(2000001    1984.61350701536)(2000100    1623.59790654172)(2000002    10626.3042194525)(2000200    -245.926655627831)(1000000    326.270541108218)
7 11      - (2000202    11081.3995535469)(2000002    8242.72672527894)(2000201    6826.38170709867)(2000100    8259.78789916499)(2000102    8432.75178206082)(2000101    7691.2628456715)(1000000    7757.65739628547)(2000200    8078.49759470067)(2000001    8563.49819818843)
7 7      - (2000012    5321.19963503368)(2000202    2849.08778357416)(2000102    2025.97607860403)(1000000    10331.5058300188)(2000100    2549.29711382649)(2000101    5075.19642933258)(2000002    2357.19487154387)(2000201    2078.23893224763)
1 28      - (2000201    4655.17459360189)(2000002    -202.040077142726)(2000100    10395.4465325951)(2000001    3479.74243219088)(1000000    3378.23995701254)(2000102    2646.62976241071)(2000101    4080.83932849748)(2000202    1919.25059693569)(2000200    1667.99435754747)
9 1      - (2000201    -123.095329042709)(2000101    9740.45546735526)(1000000    3833.16036614885)(2000001    1852.90412919817)(2000002    6105.82740583153)(2000200    3910.74520409054)
13 16      - (2000100    -1625)
16 11      - (2000002    145.305711148269)(1000000    1607.52051000383)(2000102    -6.1890137810374)
8 5      - (2000001    3229.92572780787)(1000000    3391.6483350778)(2000201    5530.84597542916)(2000102    4023.07670363291)(2000200    1196.66432435513)(2000100    10879.215107864)(2000002    3462.05595227664)(2000101    2948.98854276629)(2000202    7437.37313429899)
17 29      - (2000002    510.042540583839)(1000000    774.1307806647)(2000201    661.713532236044)
2 9      - (2000102    7550.32329004878)(2000012    4697.85205519651)(2000202    8365.08125145088)(2000101    7617.53144934777)(2000001    7257.00797563575)(2000100    7351.61133000747)(2000200    7843.40591106731)(1000000    10447.8127591592)(2000002    6600.85479747727)(2000201    8155.702059986)
23 4      - (1000000    8229.29158277308)(2000001    8260.08168498112)(2000002    4266.42894757968)(2000201    8319.7159630433)(2000100    6387.10145260599)(2000102    9821.13773798088)(2000101    11382.3552323725)(2000202    9028.85608202921)(2000200    4648.8582282186)(2000012    2244.61841971795)
2 27      - (2000201    4279.97233898115)(2000001    1876.96929713131)(2000100    10230.1793051422)(2000102    4015.48260387711)(2000200    2236.96323553809)(2000101    4798.26226111477)(2000002    2891.52238416204)(1000000    2937.68765031333)(2000202    3809.57885112291)
28 7      - (1000000    -139869.740092264)
15 11      - (2000100    5961.38282563989)(2000001    -601.590657221082)(2000201    -2211.42578125)(2000102    1422.64420694395)(2000012    656.221659192927)(2000002    1223.58411725279)(1000000    596.941403405292)
2 15      - (2000200    -484.313508664024)(2000101    2948.78491319873)(2000201    7643.96068566549)(1000000    1944.49219398552)
25 3      - (2000202    -500)(2000101    1426.55782020252)(2000001    2950.25961995709)(2000102    1724.94586621505)(2000100    9455.02680081241)(2000002    1332.91485426995)(2000201    1555.19887901296)
27 3      - (2000002    4640.65730129989)(2000101    7325.57334807667)(2000102    -500)(2000200    -289.165890376431)(2000100    2645.97094755762)(2000201    1434.23239710744)
3 21      - (2000001    7890.72259037336)(2000201    1649.53580935896)(2000102    1371.3063732771)(2000202    1232.74517789519)(1000000    1882.68612091127)
4 12      - (2000100    9296.76509481714)(2000101    8036.87469510073)(2000201    8775.80788196487)(2000200    8547.27631706772)(2000001    9917.90946024565)(2000002    7660.33160093171)(1000000    6995.26000720142)
29 15      - (2000001    -1040.40134892776)(2000100    4979.25199409431)
12 2      - (2000002    10262.3111448335)(2000101    4192.40618484976)(2000201    4085.41879732104)(2000001    2281.19254023365)(1000000    6250.62143202204)
2 24      - (2000002    1681.91840148356)(2000100    10597.3325158544)(1000000    1570.60042118916)(2000102    3535.10335910159)(2000202    1766.61803611541)(2000101    1777.94581397595)(2000200    1483.10750974505)(2000201    1768.28564081865)
4 0      - (2000002    4534.5160589915)
3 22      - (2000202    -903.512949153646)(2000001    8379.94109096877)(2000201    4685.60321017957)(1000000    -379.199446198418)(2000200    -300)
10 24      - (1000000    -123483.953608098)
27 7      - (1000000    -153293.522217518)
25 1      - (2000201    2363.59069732058)(2000100    11233.9031603136)(2000101    1242.0624127135)
7 10      - (2000002    9541.55052865615)(2000101    8741.70009953466)(2000001    8900.24219839349)(2000200    8955.81770118311)(1000000    9203.44960696776)(2000202    10823.2126683003)(2000201    7898.90661656919)(2000102    8937.84772186912)(2000100    9392.30839931448)
6 9      - (2000101    5499.28501091511)(2000202    2452.0235272754)(2000001    7590.26107096453)(2000102    9962.95161273116)(2000200    5789.57589001452)(2000201    4647.84972909453)(2000002    6603.39017360961)(2000100    5309.52360154984)(2000012    4265.61944656803)
18 24      - (2000101    282.128575611094)(2000201    -2562.5)
2 3      - (2000100    4694.20093395965)(2000001    5087.22957259684)(2000101    5226.2352221607)(2000201    6567.43468460569)(1000000    3997.26500399255)(2000200    -220.576276785433)(2000002    11728.3728163838)
12 13      - (2000002    -2463.92292204643)(2000001    -2849.80312210436)(2000200    -2550)(2000101    183.484005340158)
12 22      - (2000102    -1500)
14 2      - (1000000    -340.300806800669)(2000002    9279.35435192559)(2000001    1620.60594340517)(2000101    2472.62412422237)
14 13      - (2000202    -1250)(2000002    -1453.125)(2000102    -1000)
13 1      - (2000101    2129.63084132233)(1000000    3476.30813260929)(2000002    11056.4233218068)(2000201    2413.32646564628)(2000001    7360.85645069101)(2000202    -117.62987257379)(2000100    4006.62748635206)(2000200    5666.30297789417)(2000102    1889.94253152294)
3 11      - (2000200    6576.22879589424)(1000000    1570.13928764709)(2000002    2214.69883859313)(2000101    10090.3670520208)(2000201    6274.70998576179)(2000001    1682.8391250613)(2000100    6659.53778836808)
2 0      - (1000000    -866.744338611527)(2000201    692.81193731322)(2000100    1621.96111123523)(2000200    306.551014707748)(2000101    6385.37053851172)
9 6      - (2000001    8360.16569831379)(2000202    6971.15401215713)(2000100    5725.33919846149)(2000101    10859.7163277109)(1000000    9295.66241378554)(2000002    9041.2369158782)(2000102    6728.34855271181)(2000200    9714.70669851451)(2000201    6798.55878519468)
16 10      - (2000200    -1062.5)(2000101    1005.12834204414)(2000100    6333.82634884129)(2000002    -968.75)(2000202    546.352850081779)(2000001    -547.451779043333)
1 9      - (2000101    1480.09750588384)(2000002    6604.92211353819)(2000200    9196.71408749596)(2000201    3463.40936208949)(1000000    4806.16733179838)
15 10      - (2000100    -369.201066497882)(1000000    -1312.5)(2000101    4066.13810591406)(2000102    -346.97118787765)(2000200    23.3284282564577)(2000002    321.460113550017)
8 0      - (2000101    3005.21826879895)(1000000    8811.20726571251)(2000201    3214.90087918142)(2000200    2480.75581667055)(2000001    3925.81092497926)
26 2      - (2000200    649.373722922243)(2000100    9453.99625227834)(2000202    1660.68895317718)(2000201    1523.06206869626)(1000000    922.865749046089)
27 14      - (2000101    1861.33823919016)(2000200    -468.596904600595)
0 25      - (2000012    10065.7370254785)(2000202    5599.44094122513)(2000102    3079.39617818641)(2000201    4200.14922634166)(2000101    5999.18457582131)(1000000    6786.09999194803)(2000002    6042.1496546179)(2000100    2313.01475515165)(2000200    1633.28252673869)
16 28      - (2000100    5402.75944655841)(2000012    554.383745339147)(2000002    44.3488815745339)(2000001    1921.82087313043)(2000201    2045.40574116986)(1000000    1268.34222213589)(2000102    375.931061641708)(2000101    8797.69213436498)(2000200    -1171.875)(2000202    2575.92422528628)
0 9      - (2000002    -1316.58776306412)(2000201    6163.73433360046)(2000001    9392.85867263731)(2000100    5560.53466229385)(2000101    3731.52122091873)(1000000    2444.49840982498)
7 6      - (1000000    4505.21115989719)(2000101    4032.31642466098)(2000102    10945.7582327089)(2000001    6938.43418758512)(2000002    5368.6042332088)(2000012    4775.11909229494)(2000100    3815.30133801126)(2000201    3872.64542637344)(2000200    5493.09207483322)
12 27      - (2000202    708.239984348358)(1000000    4508.83565897616)(2000101    796.209894452417)(2000102    286.927525097069)
18 28      - (2000200    -614.675996722551)(2000102    5015.83049972169)
10 0      - (2000101    4960.57736085608)(1000000    9337.24143681402)(2000201    2820.91232342662)(2000001    2692.91616136644)
25 15      - (2000102    -2000)(2000002    1871.50193734275)
14 27      - (2000200    -2019.29295898593)(2000101    6523.54660811723)
26 15      - (2000201    1968.64978932205)
10 26      - (1000000    -134747.791341022)
29 12      - (2000001    -1009.80776664463)(2000102    -200)
15 24      - (2000202    -1000)(2000101    -1199.0234375)(2000102    -1000)(2000002    -1000)
16 21      - (2000102    7199.57875261779)(2000002    -1369.140625)
10 25      - (1000000    -142771.160858966)
1 3      - (2000201    -558.774837728089)(2000100    -79.4965707162789)(2000001    622.598737868094)(2000101    4694.22891416269)
21 15      - (2000002    1439.93300996088)(2000101    7571.23625749154)(2000202    1312.21922888349)(1000000    3762.30641698427)
15 29      - (2000100    -37.0719367936892)(2000202    1121.85016280202)(2000002    3965.39182621423)(1000000    263.363064044081)(2000102    3891.99056254136)
4 2      - (1000000    8704.77001510166)(2000100    -321.032634015771)(2000001    2216.75448185262)
2 22      - (2000102    2419.59846204956)(2000202    8751.62686001976)(2000200    7391.68373849768)(2000001    6020.12337871496)(2000201    5995.15696387107)(1000000    6820.36205971052)(2000101    6931.73493260505)(2000002    5649.54091447465)(2000100    4967.04167037331)(2000012    2351.28440796)
1 26      - (2000202    1024.15964860335)(2000200    -500.5)(2000101    4053.58569348805)(2000001    -220.34170639646)(2000100    9589.59135390392)(2000201    2832.54915312979)(1000000    3176.21916348696)(2000002    4598.47108332567)
11 0      - (2000002    3584.59337136012)
29 17      - (2000202    -1000)(2000102    -1062.8452800859)(1000000    -911.830122982312)
2 21      - (2000202    6311.09921034117)(2000102    8038.37272620493)(2000012    8303.1924758527)(2000100    3523.22760193315)(2000001    5742.26189480472)(2000201    8031.73209973069)(1000000    6045.55066114722)(2000200    6636.61662652183)(2000002    4792.72613686458)(2000101    11058.8937404193)
28 8      - (1000000    -154976.97051495)
17 12      - (2000001    -1102.91497316793)(2000102    -2935.60302089082)(2000002    1140.21124477411)(2000101    5262.8090442025)(2000202    1880.41869243987)(2000100    1528.51032356104)
25 0      - (2000012    10085.8328771588)(2000002    3656.05270669825)(2000202    5404.63261712277)(2000101    7059.06166182487)(1000000    6317.91084424249)(2000102    4288.77746757197)(2000201    4486.80762846729)
1 25      - (2000201    -1309.24790324687)(1000000    -1064.10664363021)
0 27      - (2000101    1835.18722724257)(2000100    94.6986193009745)(2000201    7909.85426180544)(1000000    -71.8760711415373)(2000200    30.9545989244818)(2000001    2884.90164381962)(2000002    1808.40727017306)
0 3      - (2000001    3547.87560506212)(1000000    3779.06642506975)
11 4      - (2000101    4055.27257419447)(2000100    807.213957729309)(2000201    10864.0362156494)(2000001    2235.63136079417)(2000002    1818.83412972333)
1 1      - (2000200    -756.766564456873)(2000101    5702.57246882579)
15 25      - (2000002    -950)(2000102    -1150)(2000202    -845)
6 7      - (2000012    7712.15998247562)(2000102    2398.99053202406)
3 0      - (2000201    6927.56187904844)
2 29      - (2000201    876.238262000322)(2000001    1199.66518618688)(2000200    -600)(1000000    7749.70254966764)(2000002    2039.43881046555)(2000102    1705.01188271175)
25 14      - (2000102    -1693.17981098581)(2000201    -892.592184604358)
3 28      - (1000000    4190.77112537162)(2000201    2447.24302918402)(2000100    10423.0825019023)(2000101    2895.52043232423)(2000002    3914.03033515509)(2000202    1510.41989576869)(2000102    4557.55942812055)(2000200    2892.38817558345)(2000001    1295.93860548763)
13 10      - (2000101    2580.8610271938)(2000202    -1067.62685504787)
13 0      - (2000201    8091.43239778096)(2000101    2759.01026738932)(1000000    3998.72308393095)(2000002    3452.28181465942)
4 3      - (2000100    7525.90041523681)(2000002    1108.43156595264)(2000200    1970.17880236532)
19 19      - (2000201    -500)
4 6      - (2000001    -128.202746934312)(2000002    9173.05241516601)(2000200    -182.254424768888)(2000101    2487.49689830597)
29 16      - (2000200    -480.908001659867)(2000100    7377.52464474315)
17 23      - (2000201    -1125)(1000000    -1227.84400073703)(2000102    -1000)
15 27      - (2000200    -625.6905601718)(2000102    -254.424130471473)
9 24      - (1000000    -130436.425815734)
15 15      - (2000002    -968.75)
21 13      - (1000000    2845.10330630791)
2 4      - (2000002    5082.73739456437)
4 16      - (2000101    8614.93214431005)(2000002    2180.78673753734)(2000201    1688.08513773891)
7 8      - (2000102    8573.10565187004)(2000001    2698.61904425476)(2000201    4096.17284261295)(2000012    2323.05768443451)(1000000    1774.34058282874)
9 21      - (2000101    -1181.25300051254)(2000202    -800)(1000000    -500)
4 22      - (2000102    4576.56585812164)(2000200    -300)(2000101    2778.73108692584)(2000012    2075.48240874633)(2000001    1447.66058067191)
1 4      - (2000200    5509.10003521193)(2000201    4291.33408707147)
1 8      - (2000102    3449.74568615708)(2000200    1718.26568144371)(2000002    7204.31914955733)
1 29      - (1000000    1698.97099355324)(2000200    216.533173493808)(2000100    10456.8379484512)(2000002    1047.7870240122)(2000101    820.364359925497)(2000102    1974.94586621505)(2000202    1944.76902903096)(2000001    992.645858281237)
29 18      - (1000000    -500)
19 16      - (2000201    -1760.67426)
13 4      - (2000200    1903.74675444694)(2000201    7850.54743408948)(2000002    1723.59190430767)
13 29      - (1000000    3717.87275952343)(2000001    870.280718839621)(2000200    -300)(2000002    2356.87057524656)
1 15      - (2000100    480.244625491404)(2000101    8201.82617358049)(2000002    2730.38396662384)(2000201    1808.39944006905)
16 12      - (2000002    676.664854269948)
0 22      - (2000200    -3874.01612784787)(2000102    4068.16837807444)
27 2      - (2000202    -1027.45143396218)(2000001    1442.96028736866)(2000102    238.794782863081)(2000100    10680.7095365625)(2000200    -500)(2000201    1988.21360856307)(1000000    922.865749046089)(2000101    1228.39664785292)
2 17      - (2000201    7665.57598252022)(2000002    887.304192955195)(2000200    3619.28990015013)(1000000    3693.92962120637)
2 11      - (2000101    10080.9455635299)(2000100    4696.6341783786)(2000001    2760.99902590868)(2000002    4497.83211373552)(1000000    4229.07262562223)(2000201    3230.72389953971)(2000200    4690.25725448579)
9 14      - (1000000    -3337.06022852016)(2000201    -511.177023095684)(2000002    554.645471872724)(2000202    772.10231020666)(2000100    -300)
3 17      - (2000101    4406.15007247899)(2000002    8845.71611714676)(2000201    3099.5065951125)
12 11      - (2000201    -825)
9 23      - (1000000    -122294.125317511)
5 17      - (2000002    -100.324349160469)
4 1      - (1000000    6001.64110413663)
22 5      - (2000102    -635.284382152515)(2000201    1554.54080122607)(2000202    4286.1491633245)(2000101    10644.9840875923)(2000001    4074.57216160429)(2000200    -510)(1000000    3577.54551546257)(2000100    1885.91066039265)
9 25      - (1000000    -111745.395216227)
1 16      - (2000101    8105.98924500262)(1000000    1816.25148227052)(2000201    2435.75266875469)
28 15      - (2000201    -1177.84400073703)
3 13      - (2000200    2390.70235992813)(2000101    9934.62731759563)(2000002    4543.05527989303)(2000201    2796.72955884273)(2000100    1765.87165152484)(2000001    1754.1832828992)
0 8      - (2000002    2618.90569565881)(2000100    8444.52652172813)(1000000    1922.77919534711)(2000201    2215.85086667839)
0 15      - (2000002    108.321627218059)(2000201    7955.47237288302)(2000100    1746.23542582733)
25 2      - (2000100    2511.86373435931)(2000001    7336.79032780764)(2000002    2197.59059648062)(2000200    758.1196770924)(2000201    595.70211983695)(2000101    2517.81006782105)(1000000    3086.99359743169)
18 10      - (2000201    -1649.4140625)
1 17      - (2000002    9065.99915496066)(1000000    492.57906796201)(2000101    1922.44263129144)
0 17      - (2000101    1139.9330088076)(1000000    8846.32139115252)(2000002    4390.40738468032)(2000001    1712.48154899508)
0 16      - (1000000    3623.20181955191)(2000101    4659.45257799066)(2000201    2204.07425258901)(2000002    9119.85026201414)(2000100    1173.9834544209)
13 27      - (2000001    462.042155615061)(2000102    -1400)
16 26      - (2000001    2945.72894752009)(2000101    -0.4904)
3 16      - (1000000    8073.16018675743)(2000201    1678.03290313568)
6 13      - (1000000    499.054165021217)(2000002    2594.19590310197)(2000200    7547.26986163609)
10 1      - (2000201    10193.6099767406)(2000102    3372.11019937674)(2000101    3648.42706818003)(2000200    5757.63926354781)(2000100    5285.04670424416)(1000000    2369.27078613492)(2000001    4305.6193941952)(2000002    2866.56506408875)
0 2      - (1000000    6420.49661392055)
15 4      - (2000002    1009.82838011177)(2000100    5775.69083454766)
23 18      - (2000102    -2287.109375)(2000101    2470.71544809035)
15 17      - (2000002    -500)
8 6      - (2000201    7378.91320246917)(2000100    7480.59731924723)(1000000    8120.61776851215)(2000102    5458.70755352154)(2000200    4926.7175952645)(2000002    10869.9454572343)(2000001    4875.24309858026)(2000101    3433.55487583638)(2000202    5967.71930709508)
6 8      - (2000012    4487.63172498363)(2000001    6465.44639221678)(2000200    2001.59546553461)(1000000    2171.66750953792)(2000102    2206.52713401538)
25 4      - (2000100    5591.28041727961)
11 13      - (2000002    -996.09375)
17 2      - (2000101    2923.49366738984)(2000002    7020.54190241915)(1000000    2618.12398088301)
9 26      - (1000000    -111693.023095729)
21 10      - (2000001    -700)
29 3      - (1000000    200.720153462446)(2000002    1679.15989351479)
0 7      - (2000101    4717.92816489387)
3 14      - (2000001    3468.61866528296)(2000200    1600.26520388918)
4 28      - (2000101    1883.97184953762)(1000000    1585.46995175222)(2000201    1173.25329077154)(2000200    7802.49407963513)(2000100    2211.07389877338)(2000001    1514.50325780269)
14 3      - (2000200    4332.70818986441)(2000001    -200.313799758661)
17 14      - (2000102    -1672.71497720612)(2000001    -1409.04807520158)(2000201    1517.51038660433)
28 16      - (1000000    1818.57701447396)
18 25      - (1000000    -500)
13 3      - (2000200    980.627474149316)(2000100    1926.56810497956)
20 15      - (2000201    3650.86544187134)
16 2      - (2000100    126.223631983696)(2000002    1413.61752979834)(1000000    7323.04376526881)(2000201    1271.88129458136)(2000101    2502.3857990807)
16 4      - (2000002    7751.631515859)(2000101    2066.6814790285)
16 23      - (2000102    -3250)
12 18      - (2000001    -2052.55522681675)(2000101    4830.95002992377)(2000200    831.531469379478)
4 20      - (2000001    7849.90650061158)(2000201    1713.31277561019)(2000200    1713.31277561019)
21 14      - (2000002    4319.73125784041)(2000201    -540)
2 16      - (2000101    781.516268082838)(1000000    5946.82194543011)(2000001    6301.22359185828)
10 12      - (2000201    -700)(2000002    -600)
26 4      - (2000101    8071.49697342123)(1000000    241.672987462969)(2000100    2575.47996763392)(2000002    561.426444176361)(2000102    1344.989968397)
16 5      - (2000101    123.181706028001)
12 4      - (2000100    10537.6020903489)(1000000    1540.48599171542)
10 13      - (2000200    -49905.55304386)
18 29      - (2000002    -1623.79227155492)(2000202    -1101.5625)(2000102    4343.02806585914)(2000101    -305.039685845292)
17 3      - (2000002    7746.29016217288)
28 3      - (2000002    -500.25)(2000102    -638.613753982158)(2000202    -364.922145132661)(2000101    3527.67104421567)
13 2      - (2000012    1261.05425860074)(1000000    9802.0663001951)(2000202    2263.49553699434)(2000100    4062.88277845469)(2000201    2292.95152852847)(2000102    2552.82985940398)(2000200    4068.3973452101)
4 17      - (2000201    311.208317942815)(2000101    16.201684425962)
4 11      - (2000001    1095.45709451585)(2000002    830.129886400903)(2000101    9387.63451842957)(2000200    1860.74136111252)(1000000    3728.26721935121)(2000201    2007.6012605049)
13 18      - (1000000    -1123.38196735979)(2000101    5940.18844780667)(2000202    661.245673733592)(2000100    2155.61750002032)
22 10      - (1000000    -500)(2000201    -750)(2000102    -500)
15 20      - (2000012    4236.67049101818)(2000202    6369.56560885579)(1000000    2103.83581916182)(2000201    -750)(2000102    971.001147305454)
22 14      - (2000202    279.77800160862)(2000002    -927.185198387606)
15 2      - (2000101    3877.03156874065)
28 14      - (2000202    -1000)(2000002    373.16820876492)
6 12      - (2000001    9235.73969272478)(2000002    2755.00115464865)
13 5      - (2000200    766.311477827096)(1000000    7742.93255286707)
15 26      - (2000200    866.409692471676)
3 4      - (2000200    1395.92813987996)(2000201    6158.08614640295)
7 4      - (2000202    6260.27758779924)(1000000    2164.33527426305)
17 1      - (2000002    1223.8931691436)(2000101    2458.05209525773)
1 27      - (2000100    9423.45342317778)(1000000    -707.158594400267)(2000202    1791.43713119619)(2000001    1430.46238671407)(2000102    1665.84364728999)
25 17      - (2000002    -500)
16 9      - (2000201    -2087.06022852016)(2000002    411.727399797845)(2000202    2070.86717607369)
19 15      - (1000000    1608.03010594639)(2000201    -783.719277430279)
3 15      - (2000001    7575.66430508948)
22 6      - (2000101    2772.89872180267)(2000201    2515.293257365)(2000102    7998.35853317883)
0 10      - (2000101    8988.34209070194)(2000201    3630.681804579)(1000000    2051.13178357327)(2000002    1688.08475474085)
24 1      - (2000200    2575.64990892327)(2000101    2679.35898115811)
5 15      - (2000002    3793.21203685052)
15 14      - (2000100    -1417.72592961661)
15 12      - (2000002    -198.929110627497)(2000012    -959.225417432716)
20 11      - (2000200    -750)
8 2      - (2000101    2921.22526444821)
20 16      - (2000202    7653.54981303945)(2000002    1974.94586621505)(2000102    3490.89215500785)(1000000    3527.56792479347)
29 2      - (1000000    5004.2413944819)
24 16      - (2000102    -1800)
16 22      - (2000002    1093.26755575434)
12 5      - (2000201    8483.4451371964)(2000200    2125.48479111166)
26 13      - (1000000    1045.17769638964)
11 29      - (2000101    1307.5579024091)(2000200    1308.2935024091)
29 13      - (2000001    3531.40740341532)(2000200    3970.7922618514)(2000101    6612.08559864283)(2000201    1697.56452193426)(2000100    1640.99593326744)
16 3      - (2000101    6401.10639342937)
8 1      - (2000001    3897.83126875801)(1000000    2723.67023412186)
22 15      - (2000102    -1500)(2000202    -500)(1000000    3485.06969700344)
16 0      - (2000001    2590.10960196401)(2000002    4908.12455269182)(2000101    2023.3120335775)
25 16      - (2000102    -800)
22 2      - (2000002    152.426634371875)(1000000    9443.1857816044)(2000101    3874.81182219008)(2000100    1904.35839574555)(2000001    3697.1699209114)(2000102    2723.01492521006)
14 25      - (2000101    1089.72381588806)
4 21      - (2000101    8012.15524343611)(2000002    -22.3540461913682)(2000001    1222.07334818969)
7 2      - (2000202    4143.90163415412)
26 16      - (2000101    583.375404256027)(2000001    3334.74545681148)
5 11      - (2000200    3916.92812222594)
12 14      - (2000002    -1437.5)
2 1      - (2000101    6255.28937047147)(1000000    2202.2542985158)
9 3      - (2000201    6095.67724227)
1 2      - (1000000    4093.62547550721)
0 26      - (2000001    548.403202753225)(2000002    5078.98388779774)(2000200    1081.66092269182)
23 0      - (2000012    7634.52187003699)(2000200    2941.4502830271)(2000101    1919.39720766086)
6 5      - (2000201    7171.57674789043)
27 1      - (2000001    4938.57494620359)(2000002    1723.36365235998)(2000101    2225.1562482704)
15 0      - (1000000    4715.48286982795)(2000201    1898.55740319475)
3 24      - (1000000    -1500)
26 10      - (2000201    -750)
1 24      - (2000200    1080.46238671407)
13 21      - (2000102    -800)
22 9      - (2000202    -1600)(2000002    -1404.296875)
5 0      - (2000100    2592.9053083751)
19 8      - (1000000    -71625.7162848318)
15 3      - (2000200    8425.05125253047)(2000101    1728.82447741363)
27 0      - (2000002    4936.28061793331)
0 20      - (2000100    6225.34189912342)(2000202    1570.32853281563)(2000101    1770.13109281563)
4 15      - (2000101    5434.84574453631)(2000201    1340.41863505202)
2 6      - (1000000    4130.46551054485)
20 17      - (2000201    3751.78489671408)
6 11      - (2000001    6792.94864725423)(2000100    2543.89843816933)
26 0      - (1000000    -2100)
2 20      - (2000201    -600)
20 7      - (1000000    -55550.5490962675)
14 24      - (2000202    -300)
20 14      - (2000002    3617.35232647213)(2000201    2399.29451065811)(2000202    3144.83076342299)
5 1      - (1000000    2879.83727617189)
24 18      - (2000201    -630)
11 5      - (2000200    1886.21718083036)
5 22      - (2000102    -951)(2000100    2400.15236930827)
14 17      - (2000102    -300)
21 6      - (2000100    1411.85433488722)(2000002    7261.35533978856)
12 3      - (2000002    5244.86328908109)
4 23      - (2000202    -759.9)
24 2      - (2000102    7245.9804664572)
8 3      - (2000002    6278.07706860503)(2000101    1916.64269378168)
7 24      - (1000000    -78074.0017833478)
6 6      - (2000201    2753.92836806246)
16 27      - (2000101    5115.61422839184)
8 14      - (2000200    -37050.4261990501)
14 4      - (2000002    4507.56759141822)
0 29      - (2000002    2373.97288911607)
6 2      - (1000000    2945.8370553305)
27 4      - (2000200    2021.07599041093)
1 5      - (2000101    2092.18645081057)
25 10      - (2000002    -385.621368458207)
11 7      - (2000002    2480.96568885189)
13 11      - (2000200    -15271.665913158)
14 18      - (2000002    1160.94740150321)
16 17      - (2000202    -300)
4 14      - (2000201    8760.96359393942)
23 1      - (1000000    2695.27142310181)(2000001    5377.6877024807)
14 20      - (2000002    1906.42796303547)
17 15      - (2000200    853.896648855936)
17 0      - (2000002    3338.14185081861)
21 16      - (2000201    -828)
16 1      - (1000000    3309.31283017608)
2 2      - (2000101    6694.39585514328)(2000001    2237.39210945319)
8 24      - (1000000    -800)
15 1      - (2000002    1726.39453404694)
8 25      - (1000000    -200)
29 1      - (2000200    961.438982764896)
5 20      - (2000100    5702.5424780607)
23 8      - (1000000    -200)
0 4      - (2000101    2108.77029041404)
28 4      - (2000101    4130.39413366989)
5 5      - (2000201    282.408965462859)

