225
12 12      - (2000101    32920.8250060456)(1000000    32899.0887805674)(2000201    32881.2608855811)(2000002    33979.9448113767)
24 24      - (2000211    25587.4541767489)(2000221    27230.6023071974)(2000022    33802.8375726464)(2000111    22893.893658079)(2000002    28341.4130013836)(2000121    27754.5615557359)(1000000    14359.9523904061)(2000101    18770.7903856717)(2000012    33980.4144323629)(2000201    19647.6980736793)
13 1      - (2000012    31670.455462285)(2000002    32871.1490090833)(2000201    30356.9896394636)(1000000    33977.8093829648)(2000101    31380.0447875625)(2000111    30613.687673995)(2000211    31052.5290110498)
0 0      - (1000000    33644.7752768219)(2000201    32944.0876661856)(2000002    33124.5711122396)(2000101    33281.0497434365)(2000211    32725.5438033791)(2000111    33981.3840363179)(2000012    32123.8486019393)
1 13      - (2000012    32183.4387137876)(2000002    31580.4457253537)(2000101    33979.2731600411)(2000201    30625.3967988432)(2000111    32716.8569898152)(1000000    32729.6244928442)(2000211    30544.1056555435)
0 12      - (2000012    33980.7775677903)(2000111    32929.9310105967)(1000000    33343.7008969578)(2000211    31663.6557294882)(2000002    33108.7617957879)(2000101    33896.3647537471)(2000201    31651.8317282518)
4 27      - (1000000    30690.9267670258)
13 0      - (2000201    30854.5705031641)(2000012    33279.8081153606)(1000000    32815.4563033849)(2000111    33980.0009642198)(2000101    32997.5095779389)(2000002    32976.4804102603)(2000211    31526.7371830558)
2 3      - (2000101    21125.5726561936)(2000201    23159.6100114229)(1000000    31506.2727982565)(2000002    20292.2237362102)(2000111    6754.92219822084)(2000012    11056.0031311368)
1 10      - (2000211    29158.1136447461)(2000002    31928.7802115859)(2000012    31704.0871056085)(2000201    28905.9210956916)(2000101    31638.4489850061)(1000000    32453.1283556777)(2000111    33978.0147221926)
3 2      - (1000000    30124.1531621659)(2000101    8077.65519828579)(2000002    19407.1355681573)(2000201    10451.4887251905)
2 0      - (2000101    9305.90116850504)(1000000    32812.3946366545)(2000201    10611.3129012343)(2000002    7592.02805946082)
2 2      - (1000000    32447.574304933)(2000101    23731.1512895524)(2000201    26177.5142113305)(2000002    23279.5300962511)(2000012    1899.06536408384)(2000211    9452.04260480417)
0 3      - (2000002    1631.47643276721)(1000000    30213.9214569443)(2000111    9725.28929357452)(2000012    5910.96250481859)
5 24      - (1000000    33529.994417089)
3 18      - (1000000    34981.1283503263)
2 1      - (2000201    13235.1074763962)(1000000    31840.4442351143)(2000101    9898.33098374193)(2000002    19193.9945586912)
3 1      - (1000000    32327.4545563223)(2000101    18962.8969287293)(2000201    19464.1422737769)(2000111    12253.8432379619)(2000002    14999.6253200519)(2000211    13571.1257080629)(2000012    5213.26928507378)
1 1      - (2000012    2495.04393289497)(2000111    -21.6983618062957)(1000000    18903.9207924682)(2000211    3778.39801168281)(2000101    5049.32629076115)(2000201    10727.0151650716)(2000002    26373.422339754)
6 22      - (1000000    32951.43213657)
11 22      - (1000000    7095.63065064573)(2000101    500)(2000002    19293.2140617388)(2000201    200)
4 24      - (1000000    32905.537544817)(2000002    7495.41517128549)
2 17      - (1000000    34979.0911750791)
4 25      - (1000000    32279.779783558)
21 2      - (1000000    32372.1970034743)
19 10      - (1000000    28175.8914067603)
26 10      - (1000000    14436.914005438)
22 0      - (1000000    31664.4281696082)(2000101    15354.4383841959)(2000002    7001.7584375313)(2000201    4465.69609769836)
2 18      - (1000000    34978.7165394344)
29 1      - (1000000    29391.081725459)
26 0      - (1000000    29437.6245370962)
28 1      - (1000000    27937.2681226816)
1 25      - (1000000    31986.721145647)
3 25      - (1000000    31040.9746567593)
24 0      - (1000000    27765.6941424399)
4 26      - (1000000    33758.7787645064)
18 11      - (1000000    28279.5634410648)
5 25      - (1000000    32049.5607231459)
22 2      - (1000000    31943.4992520398)
26 9      - (1000000    15128.4245026912)
6 20      - (1000000    32500.9777451745)
0 26      - (1000000    34016.9846825405)
1 20      - (1000000    34798.3654436314)(2000101    16772.9665275811)(2000201    6642.54413327009)
3 22      - (1000000    33910.0854849601)(2000002    5754.98069347706)
1 0      - (1000000    30993.4825281911)(2000201    5404.35060794568)(2000002    11320.6633768285)(2000211    6841.00837621355)
1 2      - (2000012    -356.173213778752)(2000002    20875.1328745061)(1000000    31791.0177967811)(2000101    19331.072831968)(2000111    13909.8753318606)(2000211    8954.47367153272)(2000201    18435.5195479427)
6 19      - (1000000    32713.2550712858)
3 19      - (1000000    34964.1869987385)
0 1      - (1000000    31510.6737101044)(2000101    7241.18668701102)(2000211    6735.0849329925)(2000002    12488.4935863118)
11 26      - (1000000    14467.8377214068)
19 11      - (1000000    17062.330658268)
5 23      - (1000000    31668.4817937401)
25 1      - (1000000    32229.9483710089)
23 0      - (2000101    22162.4235488229)(1000000    31526.9579202609)(2000002    17930.1684661583)(2000201    6014.4980176621)
23 6      - (1000000    30059.130927262)
18 9      - (1000000    18075.7690764437)
2 21      - (1000000    32307.0741201141)(2000101    5889.9486545414)(2000201    200)
27 0      - (1000000    33003.6879834212)
17 2      - (1000000    30602.2893110445)
25 10      - (1000000    15253.9926766454)
0 28      - (1000000    30427.5730513311)
1 19      - (2000201    11242.8986347638)(1000000    34666.7476426958)(2000101    7785.71754817459)(2000002    6139.24853787887)
5 26      - (1000000    29415.8538319827)
17 9      - (1000000    21422.6179712285)(2000002    6020.057393792)
22 5      - (1000000    30307.4422306251)
6 23      - (1000000    28766.2324463996)
19 9      - (1000000    11711.6864313174)
18 12      - (1000000    30828.6716780102)
18 3      - (1000000    31470.1467601443)
4 18      - (1000000    34950.241511323)
1 27      - (1000000    28320.9706377743)
3 23      - (1000000    30480.0697478559)
24 5      - (1000000    26914.9364386073)
2 20      - (2000002    19449.9142833517)(1000000    34847.0893755401)(2000201    11597.8420617172)(2000101    23917.4357157198)
1 3      - (2000111    7441.48305499236)(2000002    19381.0055948982)(1000000    31992.9657401362)(2000201    14699.187198296)(2000101    15809.265980499)(2000211    13348.4957856801)
24 4      - (1000000    34025.3934705512)
3 24      - (1000000    33666.512838078)
25 11      - (1000000    17180.6517207529)
24 7      - (1000000    20272.2166812268)
23 7      - (1000000    936.111009317892)
0 24      - (2000101    15737.8481170686)(1000000    17124.1085957605)(2000201    12474.9474546724)(2000002    33473.6966086149)
0 22      - (2000002    17836.4376692775)(2000201    14140.9152866866)(2000101    21079.7378702911)(1000000    30053.1112198372)
4 23      - (1000000    33374.2804922754)
0 27      - (1000000    32246.0465164145)
24 3      - (1000000    31830.3455393831)
6 18      - (1000000    28539.1073712018)
26 1      - (1000000    32417.307354751)
21 11      - (1000000    22394.9507484261)
28 0      - (1000000    29687.0981893652)
1 26      - (1000000    28664.5498482695)
3 0      - (2000101    28963.6534178761)(2000201    7610.65968895683)(1000000    5638.31980512207)
22 11      - (1000000    20986.1899821033)(2000002    3453.17286352577)(2000101    4127.29205266357)
1 21      - (1000000    32457.7017082763)
9 22      - (1000000    23815.9598880956)(2000201    14840.4184079573)(2000002    17808.955909696)(2000101    34664.5568793928)
4 22      - (1000000    33058.476037449)
6 24      - (1000000    32695.3565616343)
18 10      - (1000000    32777.2077450733)
9 21      - (2000201    7105.61851833519)(1000000    32522.9101619444)(2000101    14321.1121299046)(2000002    6750.2320265055)
5 27      - (1000000    31947.6633935181)
23 4      - (1000000    32448.4220880358)
3 20      - (2000201    13488.0802771799)(1000000    34539.0494401176)(2000101    19054.1330889692)(2000002    6370.91443960905)
1 18      - (1000000    34806.4497558105)
2 19      - (1000000    34847.6325628515)
4 21      - (2000201    22651.8835091002)(1000000    34758.3783091609)(2000101    27024.1381922003)(2000002    23483.4660482041)
7 18      - (1000000    27523.0828591411)
0 23      - (2000101    30033.8875382431)(2000002    17045.5041111621)(2000201    7496.95633455104)(1000000    22354.3635327026)
2 22      - (1000000    27572.6265955599)
27 1      - (1000000    28557.6603571068)
9 18      - (1000000    2233.00988639172)
6 21      - (1000000    33989.9333886966)
29 0      - (1000000    18011.8587622288)
22 4      - (1000000    29107.8330968715)
22 1      - (1000000    27520.0872892715)
1 28      - (1000000    31923.9591297182)
25 0      - (1000000    32613.382983559)
1 24      - (2000101    10042.7875598326)(2000002    6197.30510433623)(1000000    29284.1318722872)(2000201    7437.24985123788)
26 11      - (1000000    25662.6252115196)
1 17      - (1000000    34914.0367554722)
23 10      - (2000201    1579.48723313058)(1000000    12330.9882658339)
5 22      - (1000000    32391.6634578286)
0 20      - (1000000    27961.0479648483)(2000101    34295.6384016082)(2000201    11213.344867245)(2000002    6262.7908577336)
0 25      - (1000000    32285.2387107747)
7 19      - (1000000    32048.8763474738)
4 19      - (1000000    34733.5980359055)
6 25      - (1000000    33381.9259338016)
25 4      - (1000000    33171.3021341246)
0 2      - (2000101    1428.73607922283)(1000000    27750.2826054544)(2000201    16942.4340186245)
3 3      - (2000002    19006.3036018136)(2000201    6685.60324507269)
11 25      - (1000000    12163.9068963952)
4 20      - (1000000    34601.2696991594)(2000201    10847.5342913929)(2000101    6326.2404700154)
3 17      - (1000000    34454.6520665086)
26 5      - (1000000    27799.7304251605)
11 21      - (2000002    500)(1000000    21266.4398612257)
21 9      - (2000002    15511.4371789534)(1000000    28656.7087195062)(2000201    7324.89221178727)(2000101    15457.0333314044)
10 26      - (1000000    22199.2892198619)
22 10      - (1000000    12355.2636170623)
0 18      - (1000000    33886.7322812544)
20 10      - (1000000    28206.9574254215)
21 10      - (2000002    214.368039611417)(1000000    25401.7078956832)
1 23      - (2000201    10884.5364037044)(2000002    32809.6732529027)(2000101    22215.3769805627)(1000000    5886.96050719433)
21 1      - (1000000    30355.7425051132)
24 6      - (1000000    32712.4766933505)
3 26      - (1000000    27463.9524052275)
20 11      - (1000000    26243.2068849432)
27 5      - (1000000    22996.2022891614)
5 21      - (1000000    30081.0967767326)
25 6      - (1000000    19385.3515726332)
25 5      - (1000000    32150.1027678611)
22 6      - (1000000    20686.8831943618)
3 21      - (1000000    34569.2780701431)(2000101    23905.1575509952)(2000201    9945.52987129561)
10 18      - (1000000    21132.6764578116)
23 3      - (1000000    24626.8414169965)
23 5      - (1000000    20932.433861916)
25 7      - (1000000    16740.9319832326)
2 23      - (1000000    25156.8571203738)
21 0      - (1000000    23004.3557291082)
0 29      - (1000000    29138.2237932056)
23 11      - (1000000    13305.4437116661)
22 3      - (1000000    26348.5270608008)
0 17      - (1000000    34244.1503764345)
11 20      - (1000000    12629.5306666377)
21 3      - (1000000    24701.939873217)
8 21      - (2000201    3647.09629604717)(2000002    33086.8459145864)(2000101    12147.1351871264)(1000000    7605.53474227511)
23 2      - (1000000    30919.4456967695)
5 18      - (2000002    15578.9394970425)(1000000    19834.9260565641)
19 0      - (1000000    17497.1423793135)
18 2      - (1000000    30653.5293593236)
9 19      - (1000000    11203.4514104934)
27 4      - (1000000    15740.3222062599)
1 29      - (1000000    29010.0598207509)
0 21      - (1000000    27476.0316267617)
29 2      - (1000000    10843.1110321993)
12 19      - (1000000    6903.35630945736)
26 4      - (1000000    32665.3813760749)
11 18      - (1000000    24021.1555548189)
19 4      - (1000000    8001.12378095018)
1 22      - (1000000    27470.5296729472)
11 19      - (1000000    16089.2440789075)
18 4      - (1000000    22963.4935743217)
6 26      - (1000000    27110.4933636273)
22 9      - (1000000    7924.83803394041)(2000002    29279.0286215484)(2000101    6693.29999476194)
18 13      - (1000000    7072.71555671403)
19 2      - (1000000    9525.97013423788)
29 3      - (1000000    18347.9977317223)
1 4      - (2000002    6012.18070210005)
12 18      - (1000000    19540.0252803794)
25 3      - (1000000    21206.8468750612)
20 1      - (1000000    12804.3539070268)
17 1      - (1000000    16499.5269002899)
2 24      - (1000000    12312.8610081181)
23 9      - (2000101    18652.7493580528)
3 27      - (1000000    16082.876676597)
19 3      - (1000000    7278.91129965348)
20 4      - (1000000    15800.3798251565)
29 5      - (1000000    510)
0 19      - (1000000    32875.8786801082)
5 19      - (1000000    25852.1576275737)
10 21      - (2000101    12078.3222691646)
27 6      - (1000000    7577.83363875511)
5 5      - (1000000    7085.56325936782)
19 5      - (1000000    16877.356192456)
20 9      - (1000000    25434.6704727691)
21 8      - (2000201    7904.06037589401)
10 22      - (2000201    14002.7537834867)
18 8      - (2000201    300)(1000000    15313.9098965472)
8 23      - (2000201    7923.51720905116)
24 11      - (1000000    7653.67405790907)
21 4      - (2000201    8266.86153490941)
8 22      - (1000000    21925.2520281118)
19 8      - (2000101    24312.7505991257)
17 4      - (1000000    6013.56459782008)
19 1      - (1000000    5955.79265189207)
10 19      - (1000000    11206.3743659288)
20 5      - (2000201    200)(1000000    696.045600008374)
26 6      - (1000000    11145.8439257097)
4 28      - (1000000    6882.03469618687)
9 23      - (1000000    12040.9457189917)
17 3      - (1000000    12199.8331806332)
20 3      - (2000101    6635.58660721763)
3 29      - (1000000    6674.58365578479)
18 5      - (1000000    6727.32938821769)
17 10      - (1000000    200)
5 20      - (1000000    1378.17346423346)
18 1      - (1000000    1038.9391893252)
21 7      - (1000000    349.790615364397)

