422
0 0      - (2000002    25046.0799011305)(2000201    25561.1354274197)(2000001    27126.8044033526)(2000100    27135.7153585291)(2000202    25936.0393046832)(2000101    27122.4227027886)(2000200    26464.6682151977)(2000012    23684.3795863461)(2000102    26052.5732824954)(1000000    25924.5648465906)(2000211    25510.8312114119)(2000121    26359.7721429264)(2000111    25882.0995003616)(2000221    24409.6108531097)(2000022    25687.8918777182)
2 1      - (2000101    27144.4441740081)(2000002    24794.0678741932)(1000000    25434.2157310757)(2000202    23832.2820730844)(2000201    23578.7691677275)(2000200    23169.3641264705)(2000102    24980.2793675785)(2000100    24796.4264158128)(2000001    15275.9843303611)(2000211    13509.853943998)(2000012    17203.9998377823)(2000121    4941.82308632514)(2000111    11562.0062046942)
2 2      - (2000200    24918.8063603659)(1000000    25627.5642177588)(2000002    25565.767399302)(2000101    27123.6896707503)(2000100    26586.9632781221)(2000102    25098.1785911898)(2000201    25033.0198766917)(2000202    25031.9795750673)(2000111    16556.1083297279)(2000211    18478.3675319446)(2000001    19618.6527476983)(2000012    16802.9093146651)
0 6      - (1000000    14674.5238690109)(2000002    8670.23129105027)(2000201    2383.84856662875)(2000012    15222.2857457158)(2000111    26217.7116654269)(2000100    16051.9516053533)(2000202    8155.70294941462)(2000200    6695.23040062723)(2000211    14013.6791451085)(2000101    10578.2367178253)(2000102    13496.0920629091)
1 2      - (1000000    25518.3054385404)(2000002    24387.11004949)(2000201    24508.4363425866)(2000101    27144.5502755972)(2000012    19772.1704727615)(2000102    23026.2150454011)(2000200    24268.6631066645)(2000202    23791.0914733581)(2000100    25278.5075865623)(2000211    19521.7052629759)(2000111    16439.7107867027)(2000001    17651.5999628611)
3 1      - (2000201    23017.3143225411)(1000000    24310.4073147016)(2000200    25407.3473551425)(2000202    24414.9021065156)(2000100    25202.9882977683)(2000012    18142.6435300832)(2000002    23792.4222331927)(2000102    23763.6125108255)(2000101    27103.0198207812)(2000111    19022.9729497376)(2000211    20518.5645091545)
2 3      - (1000000    25348.053550422)(2000101    25742.2759326825)(2000102    24717.0566739215)(2000002    25376.5051810281)(2000111    21302.6042445412)(2000201    24200.8049213031)(2000200    24355.198550137)(2000100    27144.9914908502)(2000202    24272.9274310335)(2000211    23238.6031978383)(2000012    20171.3300336453)(2000001    12105.1129664411)(2000221    5188.40717565971)
3 2      - (2000101    25133.7982187469)(1000000    24248.239462411)(2000002    22274.0586511643)(2000100    27137.9646275002)(2000202    20996.5214408086)(2000200    22545.4528714103)(2000201    23221.0718910165)(2000102    21325.7123194498)(2000001    -460.446790922252)(2000121    5480.53684619697)(2000211    14374.2402329212)(2000111    17842.7445532279)(2000012    5277.4866505838)(2000221    7825.91911079473)
1 4      - (2000100    24197.098873078)(2000012    24097.1545217772)(2000102    23876.5798467323)(2000202    23197.8711609245)(2000200    23999.4993845519)(2000221    11783.3105931667)(2000111    27149.3235624051)(2000002    26655.1473403913)(2000211    24112.6493832548)(2000101    23961.0586078751)(2000201    24345.0454467607)(1000000    23476.4203504407)(2000121    12097.2239030466)(2000022    5029.71005640963)
14 8      - (2000102    6723.70690214395)(2000022    26332.6543116982)(2000002    6057.73712402416)(2000201    5081.21135220855)(1000000    8035.7924531509)(2000100    3704.90581203981)(2000211    4089.25687467176)(2000121    5271.87397833344)(2000202    9052.64330003526)(2000221    9758.94393026803)(2000101    8934.89618284816)(2000012    5170.10952028195)
14 12      - (2000202    23668.3699985969)(2000012    6422.32497227513)(2000201    15772.3527938557)(2000102    6119.08955457582)(2000002    9183.32633136284)(1000000    4689.88468389142)(2000221    4027.37256381065)(2000211    10295.049508489)(2000100    4427.50509596654)(2000022    9838.43819059953)(2000121    14561.3580119301)(2000111    12132.3777421445)
2 12      - (2000121    27799.1846743513)(2000101    12665.965663078)(2000202    12920.1415999576)(2000002    14284.7927278155)(2000221    13617.9542240798)(2000201    15788.1624327288)(1000000    12441.5481171296)(2000012    10667.3359502161)(2000211    14803.7361177182)(2000102    12692.6535482965)(2000111    10068.9245089411)(2000022    4457.65615419091)
0 4      - (2000111    27146.4752474392)(2000012    23885.8154645069)(2000201    22054.676251392)(1000000    22769.2334454759)(2000102    24240.334672126)(2000202    23486.2353267906)(2000101    22708.1610093207)(2000002    21405.6875319525)(2000100    25080.1114207655)(2000211    23725.1998361764)(2000200    23755.1485580501)(2000221    9440.47436675781)(2000022    10671.9655839086)(2000121    15029.0494021621)
1 3      - (2000002    25389.5324208103)(2000100    25158.2170289637)(2000102    23879.0939423174)(2000202    24205.4430024369)(2000101    27137.0313391069)(2000201    23216.5570858586)(1000000    24930.8040025033)(2000200    23622.2961461036)(2000012    21211.0706599638)(2000211    19841.1010854697)(2000001    11842.409208547)(2000111    21756.3244999211)(2000221    4449.87468671662)(2000121    4221.57174989207)
1 0      - (2000102    17780.8786344897)(1000000    23881.1800920725)(2000200    21315.7641241586)(2000002    15157.2975462819)(2000100    27119.9709631669)(2000211    9945.32739550358)(2000111    12451.6545408534)(2000221    11429.2277355716)(2000012    15489.4699190058)(2000201    18834.7836156935)(2000101    17241.0650433992)(2000121    8344.8414124351)(2000202    22466.0177658733)(2000022    12425.2367890258)(2000001    7337.79672093867)
14 10      - (2000102    14770.6628844528)(2000111    24383.2502137844)(2000121    14228.8000624098)(2000201    8804.02915235405)(2000211    13856.1157949862)(2000002    15236.8248120403)(2000221    5248.79673960806)(2000202    2699.87805354013)(2000101    9304.91935643406)(2000012    15562.5287047647)(2000200    3188.31428767793)(2000100    6537.1789992597)(2000022    9228.77706326205)(1000000    4061.16283238122)
9 0      - (2000202    9562.32210397003)(2000002    17839.2759892072)(1000000    18526.8760972979)(2000101    28109.9398414465)(2000102    16549.7835842676)(2000012    17947.3042610077)(2000022    12631.2865022727)(2000211    19275.4275844575)(2000111    10710.9456303589)(2000201    17385.2680441388)
0 3      - (2000102    24475.9373510098)(1000000    24915.4809925202)(2000201    24106.1544604477)(2000202    24571.0366751799)(2000200    23485.5195123635)(2000012    23978.3058093557)(2000100    25346.6447641958)(2000211    24946.8673626609)(2000002    23312.5007930933)(2000101    27140.5490337592)(2000111    24850.0433281738)(2000221    13157.4331279929)(2000121    11528.9584921012)(2000022    3856.54592522594)
2 0      - (2000201    22071.6787023877)(2000111    20891.6452902573)(1000000    24377.6083399004)(2000102    22639.5671549256)(2000012    16881.1128343159)(2000200    22259.4777063451)(2000101    23887.0262930985)(2000001    2271.05447547858)(2000100    27104.6242135193)(2000202    22745.6859490783)(2000002    23216.7694499071)(2000211    19878.8263443701)(2000221    10214.7873009306)(2000022    14227.33271092)(2000121    14269.3875516477)
9 17      - (2000202    8493.71348772353)(2000022    27479.9509288017)(2000121    6402.55009931349)(2000211    2457.78980251949)(2000101    9262.77378375275)(2000221    9207.40764899486)(2000002    16386.9330374336)(2000102    6044.77357388334)(2000100    8582.3092568815)(1000000    4240.96943811273)(2000201    8838.81971427618)(2000012    5426.98571973555)
15 12      - (2000101    8746.97183910794)(2000201    7318.26793605086)(2000102    10559.091902461)(2000121    27781.7130913843)(1000000    19192.2715105826)(2000202    14591.379624986)(2000022    5681.09356881559)(2000012    11678.6209453143)(2000002    8081.92296341235)(2000211    8813.58627482703)(2000111    12549.0340484649)(2000221    3453.70191992834)
10 14      - (2000101    7236.9872403117)(2000002    3144.10725198361)(2000211    7982.23519529388)(2000111    3216.48698663795)(2000022    25884.515681878)(2000201    2874.65483164859)(1000000    2222.52057299268)(2000200    1115.49851526126)(2000102    6134.65027621446)(2000221    7473.5912633292)(2000012    10714.8022684259)(2000121    4477.61317345998)(2000202    4480.73230552776)
10 1      - (2000102    27118.4263384446)(2000012    8189.64452459467)(2000022    13533.0016894905)(1000000    13817.6768148753)(2000202    6939.72100926725)(2000211    3867.82378896723)(2000201    7475.96616731326)(2000121    11677.0346132407)(2000002    12278.8618702635)(2000101    5984.91795644303)
0 1      - (2000202    23278.1120034135)(2000201    23432.8173680882)(1000000    25082.6400757667)(2000102    22017.7220774102)(2000012    19142.7173870141)(2000200    23234.4643132052)(2000211    24027.0349875535)(2000101    27151.0914035936)(2000111    19342.3626750846)(2000002    22838.2236791294)(2000100    21222.3278571263)(2000221    17729.9417376366)(2000121    16727.7893711626)(2000022    20616.1315890965)(2000001    4980.13772886729)
11 14      - (2000100    -500)(2000022    7445.43172563278)(2000101    3987.47324514284)(2000102    4876.08113034625)(2000012    26213.6929540729)(2000221    3613.32890322234)(1000000    6583.60140804444)(2000121    9727.98259435587)(2000202    3523.26722445332)(2000211    5084.43730588248)
17 9      - (2000100    -131.982908428641)(2000012    10212.3288246421)(2000202    7266.81140977933)(2000102    19045.0995437159)(2000022    11318.7680481687)(2000111    2581.95568818195)(2000002    6488.30802969903)(2000201    4911.03670017927)(2000221    5952.66228186074)
0 2      - (2000200    23915.4426935973)(2000201    24499.7233473681)(1000000    24854.3942031818)(2000002    24244.2026320303)(2000101    27147.8547842677)(2000202    24753.7355287279)(2000102    23741.8192870308)(2000211    24379.5435577146)(2000012    25374.7544052029)(2000100    24146.0510242386)(2000111    24630.686249179)(2000022    20243.081503404)(2000121    17202.6647378811)(2000221    20340.4541964501)(2000001    5001.21314481722)
13 8      - (2000022    -0.5)(2000211    7859.90975501438)(2000202    16741.6073824356)(2000200    2715.61887892056)(2000201    3880.52319487614)(1000000    4324.64548568251)(2000002    6185.68231087196)
7 10      - (1000000    3640.50527736473)(2000101    2778.88848375376)(2000102    24146.4213031471)(2000022    4746.14983618668)(2000012    2277.21557973187)(2000211    6005.2885388672)(2000121    4108.00059421061)(2000201    5514.17178000868)(2000221    7902.33151996472)(2000202    4381.78615537233)(2000111    5000.92994550157)
1 10      - (2000012    23053.5776961465)(2000102    18924.0261618292)(2000101    18288.8812983339)(2000201    20679.2227119814)(2000202    20699.2824032541)(1000000    28151.6551019278)(2000111    15657.0421149684)(2000221    18355.6691867063)(2000022    14799.9445538738)(2000002    22830.2195434337)(2000211    19283.8691787479)(2000121    18700.485343165)
15 10      - (2000101    10523.8134764733)(2000201    10298.1762615242)(2000022    26798.3414778795)(2000211    10487.8479973168)(2000002    1126.04862664749)(2000221    7661.66576687818)(2000202    5319.88635576631)(2000102    12358.7555307148)(2000111    7987.30903339987)(2000121    8358.75264672603)(2000012    14392.3870173704)
2 11      - (1000000    15735.2338447853)(2000012    19257.0549245196)(2000201    28080.4452812714)(2000101    15830.3993992004)(2000221    14610.1785768097)(2000202    13495.4089501649)(2000111    10931.5862525443)(2000102    23427.504686622)(2000121    14981.2077394775)(2000002    16309.3851396368)(2000211    10612.2834140728)(2000022    11069.4746957896)
7 14      - (2000202    3074.66091305937)(2000221    23263.589250074)(2000002    4307.03603903718)(2000111    5837.7636766378)(1000000    986.283376940378)(2000201    4960.72449557144)
4 2      - (2000100    22529.8347406267)(2000202    24055.0120359302)(2000221    21179.6915262217)(2000012    22983.6338256054)(2000101    18323.2704008525)(2000022    22511.4670586629)(2000002    22566.6329794022)(2000102    20147.301922654)(2000200    18242.6236592907)(2000201    23129.9265792756)(2000211    22072.8050779281)(2000111    22498.8110201461)(2000121    27142.8371456465)(1000000    20712.4011294674)
10 22      - (2000101    25324.6927203942)(2000201    5105.7920930814)(2000002    5043.48237296344)(2000202    4433.30673841305)(2000012    4480.56323998367)(2000121    6093.51666109995)
25 9      - (2000111    -63.4521494460707)(2000012    27256.0232473047)(2000221    510.201258758702)(2000121    1988.91722988063)(2000002    13582.4297321583)(2000101    6908.69544263591)(1000000    8451.97508142938)(2000202    3580.32115078453)(2000201    7750.49725391854)(2000102    6274.93791925249)(2000022    4685.95469927147)
6 12      - (2000012    24686.5045128111)(2000211    8248.4860321075)(1000000    10387.241923136)(2000111    7775.14441122713)(2000201    2460.70017740489)(2000221    1480.79049278558)(2000102    9427.28967821773)(2000121    8338.83260516819)(2000202    6111.47575843091)(2000002    7770.11688306466)(2000022    3726.92040879611)
2 14      - (2000121    7258.61576678249)(2000202    9676.68790425498)(2000111    8332.41241721244)(2000101    4155.27462204037)(2000102    6064.34749619336)(2000002    26006.8934094683)(2000100    2883.23317549383)(2000022    8046.59834812923)(2000201    6300.1092875366)(2000012    9171.80484653091)(2000211    4802.1641200523)(1000000    5395.88570026829)(2000221    5044.4218683431)
0 5      - (2000002    24789.2871587882)(2000202    24127.0908505276)(2000101    25180.1718513638)(2000012    22830.635145943)(2000201    24264.488521887)(2000211    23690.9199925649)(2000111    27149.8896050834)(1000000    24863.6097738342)(2000200    24309.8720325704)(2000100    24502.2958390415)(2000102    25422.1598121719)(2000221    20574.6393445857)(2000022    12841.8722120321)(2000121    16166.979420761)
26 11      - (1000000    16886.0694979384)(2000022    11613.0741478283)(2000201    14231.5624282218)(2000102    15423.0108719395)(2000012    20363.4931266277)(2000002    27999.0409925483)(2000111    10517.8170472744)(2000221    9963.34665860599)(2000202    12601.2784251496)(2000101    19596.9812513387)(2000211    13465.6284112229)(2000121    5678.6655222387)
0 12      - (2000002    28107.8537384471)(2000202    24044.7591444818)(2000012    28149.787150857)(2000201    24749.5114263321)(1000000    25859.7401146764)(2000111    25932.0516242592)(2000211    25620.4877976566)(2000121    25581.1471582317)(2000022    24338.0085384412)(2000102    25175.2573622203)(2000101    26370.2489918972)(2000221    23234.7148765406)
8 13      - (2000002    21718.26572282)(2000111    -0.43288)(2000101    6649.44988694833)(1000000    1529.03763857182)(2000201    5361.31717610969)(2000022    4923.89080135438)(2000121    3938.86905217599)
0 13      - (2000111    9924.9047416745)(2000022    13823.5633939617)(2000201    17787.2847140493)(2000121    10031.0857624439)(2000101    13081.7220094351)(2000211    13695.6511783754)(2000002    14016.8902122098)(2000202    14057.6375352042)(2000012    27261.2450294745)(1000000    16095.2540759124)
22 13      - (2000201    10910.570352461)(2000221    2533.96461276504)(2000121    5230.38581795496)(2000102    24036.3250658794)(2000202    8063.94963169766)(2000101    4675.41689080332)(2000022    5208.08796256262)(1000000    5760.74332724557)(2000002    4857.49225373241)(2000012    5188.16925502691)
11 22      - (2000111    1186.85480366284)(1000000    851.949440384721)(2000201    13701.9335277055)(2000202    25636.6444237349)(2000102    517.866765181677)(2000221    5624.26807419725)(2000002    9283.17782956512)(2000211    3227.26723138985)(2000012    6877.17427906856)(2000022    3677.60908918802)
1 11      - (2000202    27944.1340639666)(1000000    13701.8259841584)(2000102    15017.1083971687)(2000111    15468.3466603389)(2000201    14469.2566371989)(2000221    14707.5198707128)(2000002    24509.2742696449)(2000101    16222.0021016082)(2000012    16923.8289565791)(2000211    10256.8139639977)(2000022    8506.68116483631)(2000121    9683.0162085078)
1 5      - (2000221    20025.3996121788)(2000002    19407.2370354412)(2000201    15496.9937239307)(2000100    27145.6390546883)(2000022    17951.1130938935)(2000200    22016.5827425406)(2000012    22890.7009691474)(2000202    20238.438048085)(2000211    21245.9348099412)(2000121    21520.5794695989)(2000101    17445.9392189413)(2000111    21066.1234186641)(2000102    18079.9306566277)(1000000    17745.8585755966)
11 11      - (2000101    21621.560246145)(2000211    19932.2598286257)(2000022    28032.654645629)(2000111    21769.4767751269)(2000012    14454.3057308457)(2000221    20140.7074659624)(1000000    17892.2024996528)(2000102    18773.6551526968)(2000002    21861.7540276511)(2000121    22365.8340245374)(2000202    20150.5339038508)(2000201    19671.8315516484)
0 11      - (2000012    18267.510323492)(2000102    17285.3380958357)(2000201    28013.5696747471)(2000111    17471.5063098671)(1000000    17492.2453917198)(2000202    17851.2798125212)(2000221    13810.4081101221)(2000101    17039.0263417324)(2000211    16384.9856748594)(2000002    22299.6948479064)(2000121    8104.63022393699)(2000022    11154.5706817775)
11 12      - (2000022    28063.3311910554)(2000211    15727.7855973479)(2000221    14475.1278714424)(2000202    14204.7234662966)(2000111    19725.1646126648)(2000121    18770.1913516527)(2000201    11956.7957321345)(2000101    12924.4692148975)(2000102    11728.40099669)(2000002    18904.4224570286)(1000000    9733.27889752134)(2000012    17574.9238857)
6 11      - (2000012    8781.77089347341)(2000211    10493.7157819629)(2000022    15684.6239331851)(2000221    2375.04857654366)(2000002    11474.4745049479)(1000000    9703.32519232657)(2000202    14354.4438754789)(2000101    11258.1424583839)(2000201    25057.1738569969)(2000111    10322.6089797291)(2000102    11987.3679517808)(2000121    4341.8174384297)
3 10      - (2000101    28112.5246278002)(2000102    6372.638835145)(2000201    6250.96291483576)(2000221    13025.9419585802)(2000211    13126.8655516982)(2000002    9590.89274718706)(2000012    12262.5108106379)(2000202    9313.56790025532)(2000121    17499.1514287018)(1000000    11757.4688600428)(2000022    14016.2113602445)(2000111    4208.58692520663)
12 12      - (2000101    23935.8287278983)(2000102    24283.8121409291)(2000211    23260.4999676335)(2000002    24098.5658296991)(2000111    25200.3509572003)(2000201    23531.0494155348)(2000012    23386.7651247974)(2000022    28096.0353297876)(2000121    25656.762184751)(2000202    21913.4503032059)(1000000    21058.9366729681)(2000221    24655.9536928203)(2000100    2737.61212311157)
2 13      - (2000022    27501.9626940201)(2000102    15590.3353129572)(2000111    5138.06595344819)(2000201    14087.3600774825)(2000211    7586.48211827327)(1000000    8447.24282990838)(2000221    17383.5559281209)(2000121    13264.8014497301)(2000101    10227.8033524766)(2000202    4312.70861418264)(2000012    9976.49701503095)(2000002    5211.21966877503)
2 4      - (2000101    24418.6907139031)(1000000    22261.3792144753)(2000002    23543.3553451983)(2000102    19840.7391873834)(2000202    23139.1544657358)(2000200    23514.9373586877)(2000211    22524.5430479481)(2000221    13922.567439873)(2000100    24470.1224231515)(2000111    27147.8124732258)(2000201    22254.6995155302)(2000012    23878.4254409776)(2000022    9067.98193183209)(2000121    17164.230788603)
6 10      - (2000202    11505.6551835454)(2000102    7255.42253486832)(2000002    23780.9138205835)(2000111    1591.05802191288)(2000121    13269.0726668471)(2000201    2841.64506066726)(2000101    8025.39717646365)(2000022    4885.36403593115)(2000211    4464.03211412569)(2000221    4994.8058764835)(2000012    5130.82337987654)(1000000    3107.1449033531)
1 1      - (1000000    24955.9845281257)(2000002    21641.1984589577)(2000102    21541.7735490967)(2000101    27134.073489247)(2000111    18374.791198934)(2000211    13018.5255860115)(2000012    16259.1627730062)(2000200    20727.9245614526)(2000100    21125.6155291719)(2000202    20161.5499311412)(2000201    17449.6566456127)(2000001    4674.40733325824)(2000022    5083.22249092654)
24 14      - (2000121    -0.5)(2000002    21768.9095687483)(2000012    5431.11969423592)(2000022    6053.02324180015)
12 0      - (2000102    22496.1961974845)(1000000    25600.3556052468)(2000101    20925.9553922441)(2000201    23259.2249608116)(2000022    20902.9305963214)(2000202    21556.5937912576)(2000211    20936.9404209147)(2000111    20738.5195147326)(2000012    24384.9522149833)(2000002    27632.8401989549)(2000221    12052.5616311357)(2000121    13155.6971326743)
13 22      - (2000022    4122.53559470476)(2000221    10669.8134776755)(2000201    7351.45387516666)(2000002    8445.5787530267)(2000012    26096.8685788993)(1000000    11506.8978881821)(2000102    8569.1401915149)(2000202    959.924001199417)(2000111    13249.1967972513)(2000211    12287.398525151)(2000101    13205.5345751822)(2000121    10245.074635549)
0 10      - (2000101    28153.2434091061)(2000102    20677.719479334)(2000002    20314.8511748504)(1000000    24176.2856005812)(2000202    21971.3908339726)(2000012    20424.1680522488)(2000211    23794.9699327547)(2000201    23730.134407353)(2000111    24309.1567086357)(2000221    16344.4188493499)(2000022    20952.2854530735)(2000121    17024.7237928579)
9 21      - (2000211    9669.44174434241)(2000022    18562.3439280811)(2000002    27798.9759158596)(2000101    8550.32231572919)(2000111    18815.6493921361)(2000201    15161.2518128581)(2000221    5728.61037968985)(2000202    13302.1036144364)(2000121    13035.7182628322)(1000000    12037.5637065873)(2000012    16352.7366869854)(2000102    14278.163313806)
12 16      - (2000202    3957.42945403876)(2000012    27071.5588440146)(1000000    4522.69821388266)(2000200    1725.15905954332)(2000211    10972.2941336957)(2000221    9638.97566732845)(2000111    14952.0475854306)(2000101    11160.7436563817)(2000201    9088.0798485315)(2000102    5383.92109589047)(2000121    16487.8583359074)(2000002    11300.2086057474)(2000022    9245.6054198379)
22 10      - (2000101    4759.48307101743)(2000121    8960.45079605129)(2000201    5982.98807187456)(2000211    7034.40209629198)(2000022    27816.9011835031)(1000000    1594.1192662028)(2000111    9358.95044939818)(2000221    4211.32260862682)(2000012    14109.9527660394)(2000202    4888.49574095175)(2000002    5470.61283676306)
0 15      - (2000002    26046.197452455)(2000211    7076.04902440983)(2000022    9554.26411028377)(2000111    10666.3412899507)(2000101    9138.77207238925)(2000221    4859.52317225638)(2000012    9109.33213413261)(2000121    12229.825713518)(2000202    8401.76436663148)(2000201    13039.9180268965)(1000000    8258.42308590434)(2000102    8595.6225618396)
0 16      - (2000002    25567.2579786859)(1000000    2877.57465383348)(2000202    8796.81260881076)(2000012    6729.93226345136)(2000102    4508.62553735662)(2000221    5543.86148720464)(2000101    10232.2442445784)(2000211    5887.18317717669)(2000201    8728.04129822386)(2000022    4743.05035150668)(2000121    4465.40490786378)(2000111    5126.73721131721)
9 13      - (2000211    5308.0920177864)(2000022    25717.7289201231)(2000102    4180.77390010364)(2000201    14071.422548868)(2000202    8880.29171812489)(2000121    4491.46135967707)(2000012    5296.22679182767)(2000111    5315.55654593064)(2000002    5199.15865733912)
12 22      - (2000101    26205.0550617483)(2000012    1212.2253401345)(2000102    4848.1159540984)(1000000    8534.27856277048)(2000121    2992.46324722159)(2000202    4307.88296883521)(2000221    3613.56975502708)
1 17      - (1000000    819.469783065579)(2000002    7558.95755385866)(2000202    1213.14200534241)(2000101    22585.3944786752)(2000102    3704.34535449829)(2000111    4313.03154281784)(2000221    4278.21308087796)(2000012    4278.52329350924)(2000121    8141.4227297712)
11 17      - (2000121    373.92717071407)(2000202    7722.47008197871)(2000101    5385.48998026831)(2000211    10168.4117185384)(2000201    7058.310788161)(2000002    4165.23501538178)(2000102    24573.5850182029)(2000022    5158.67304098073)
9 22      - (2000022    10785.4998340196)(2000012    16851.4157130206)(2000121    27794.4951795586)(2000002    19261.678018982)(2000102    22530.4619075417)(2000202    14535.7994511091)(2000101    14559.9454838511)(1000000    11741.0892984225)(2000221    9547.91115731634)(2000211    8882.60274538259)(2000201    8004.74157222651)(2000111    7993.10223502993)
0 9      - (2000002    20475.7284615601)(2000202    18522.1680540461)(2000102    20766.8228009857)(2000012    21736.8658340168)(2000101    22889.2953683024)(1000000    23504.4810292775)(2000201    28130.5454282748)(2000022    20666.6292743464)(2000111    20493.6571483231)(2000121    10212.112920295)(2000211    14534.1687407352)(2000221    16856.8429199652)
10 23      - (2000022    14657.0398472926)(2000111    26778.7476343754)(2000211    8897.16437618166)(2000102    14783.5015829633)(2000121    1198.17303340574)(1000000    5457.08270820444)(2000202    5423.22599566349)(2000012    3631.16166803166)
3 3      - (2000002    17416.5443495803)(2000211    20850.8613068587)(2000101    22104.5339491467)(2000012    18963.1427690692)(1000000    17824.1660725954)(2000111    27146.273728971)(2000201    16759.6492912934)(2000100    18538.8099262152)(2000102    18225.9136262299)(2000200    19712.1853766383)(2000202    19638.4858900207)(2000121    10077.0644816943)
3 0      - (2000202    23115.159300505)(2000002    22438.7975335153)(2000012    23391.0325418769)(2000211    22310.7921359333)(1000000    24682.4965660457)(2000201    23764.3581721999)(2000101    23187.6104109235)(2000100    27127.6953088663)(2000200    23050.7968925859)(2000022    9264.96035718813)(2000121    5023.02302471482)(2000111    23856.8368368416)(2000102    22191.4600924468)(2000221    11015.2731308336)
4 1      - (2000101    27114.8924191726)(2000201    13352.1882193147)(2000111    19031.1676599175)(2000221    19143.7144154552)(2000211    19799.5315673545)(2000121    14375.661582769)(2000100    16584.9438096582)(2000012    20566.1529250787)(2000202    18887.9701680255)(2000102    16355.9346161564)(2000022    17385.7137956264)(2000200    20213.8941507326)(2000002    19184.371664921)(1000000    15578.2869380428)
4 0      - (2000200    16873.8542735181)(2000100    27153.5321950334)(2000102    22621.561595072)(2000202    23143.3034608953)(2000211    24617.8365516687)(2000111    23605.5270263624)(1000000    22880.9187143202)(2000201    18300.9717327446)(2000221    15221.2408116083)(2000101    23466.2439945407)(2000012    22655.9898116098)(2000022    19931.7977244384)(2000121    17697.6630936813)(2000002    22922.7809064908)
26 14      - (2000121    20931.9428171155)(2000102    24755.2404813632)(2000101    23798.7596096814)(2000111    24714.0000467022)(2000022    16530.9692067319)(2000211    21732.1590625041)(2000002    17645.4741021037)(2000202    19403.2826882024)(1000000    27884.9051094784)(2000012    24191.3850920645)(2000221    10122.8548427441)(2000201    25185.1036794422)
8 16      - (2000221    5034.03033478619)(2000111    5171.66201172932)(2000012    26553.7774055785)(2000100    4755.8173892537)(2000201    7007.51082810315)(1000000    6917.39028154986)(2000101    5384.08042631859)(2000211    5473.57329276089)(2000121    5283.03373211007)
14 21      - (2000101    6822.08477283685)(2000221    5931.24339096367)(2000022    27799.6841732934)(2000202    6315.15317106553)(2000201    9686.23940698626)(2000102    12583.7099753625)(2000012    8291.62786345912)(2000111    11821.2020461804)(2000002    11798.858965457)(2000121    7702.03637527204)(1000000    9107.75797418202)(2000211    8510.64717146137)
1 12      - (2000022    28082.1345695728)(2000012    9785.88080400475)(2000201    12151.3788737065)(2000211    12641.6288522253)(1000000    14523.8858428042)(2000121    10513.048792069)(2000102    8181.24479129856)(2000202    14394.9212182448)(2000002    14642.0324675538)(2000111    4400.52607033022)(2000101    16181.9976398972)(2000221    5937.00300808039)
1 15      - (2000201    14347.9126842792)(2000202    7154.94302620338)(2000002    26042.3110019344)(2000121    1956.797148764)(2000111    5584.59218723587)(2000101    15045.3518150869)(2000102    3440.59044993062)(1000000    5711.11747984722)(2000022    4598.19853077409)
10 24      - (2000201    26247.6359235919)(2000121    5863.60632519637)(2000002    3441.18345157476)(2000211    6120.90338884041)(2000202    10650.1488485276)(2000012    8636.26291009942)(2000102    11451.7953316804)(1000000    8768.87719020598)(2000101    8285.95613585174)
11 23      - (2000111    21163.1658254349)
24 15      - (2000012    673.039741956446)(2000111    -10.2701774085411)(2000002    2470.7814139562)(2000202    22558.1201743571)
26 13      - (2000002    28291.80235385)(2000022    5598.87426382652)(2000211    17701.7016277545)(2000101    18348.4181279707)(2000012    18693.9677096235)(2000121    5374.7017605261)(2000201    15041.1394449932)(2000202    9643.67012881285)(2000111    6754.12174824908)(1000000    16934.0023218129)(2000102    19520.7178576301)
9 24      - (2000012    27489.1826679594)(2000022    14699.8980199897)(2000111    14137.4447621019)(2000221    8336.86843182766)(2000002    11970.6865241027)(2000121    9049.30565276115)(2000202    10255.46392484)(2000201    5207.28840683842)(2000102    6126.5525533339)(2000211    4960.06486811108)
10 0      - (2000201    27365.3342998608)(2000102    15995.0544850091)(2000012    15180.4467639981)(2000211    5281.4294237845)(2000002    11502.6618174846)(2000202    13005.9930973125)(2000111    10665.9630933759)(2000221    5491.30917882482)(1000000    15647.6612987966)(2000121    4345.09330138432)
13 23      - (1000000    8384.109726058)(2000022    590.549795380735)(2000221    1891.24504323531)(2000201    24782.382027091)(2000202    7528.11524566678)(2000102    7248.21575923587)(2000101    5850.12411508065)(2000111    4186.5219815374)(2000211    9117.42079065646)(2000121    7392.58197160182)(2000012    5428.43175680895)
13 19      - (2000121    22061.180762742)(2000221    -500)(2000002    6166.49268071378)(2000012    3961.41647767527)(2000101    5159.28022380347)(2000022    5441.30970578338)
14 24      - (2000002    26453.3986346976)(2000012    6154.28662627575)(2000111    8936.30533966088)(2000202    11245.2742214558)(2000221    10273.3011462992)(2000211    15030.645633199)(2000022    10366.0936622521)(2000121    6500.54301990201)(1000000    11789.688332887)(2000201    8678.43236535002)(2000102    8651.38309099587)
26 12      - (2000102    19796.9113389659)(2000101    18842.5335173708)(2000111    19061.5010577217)(2000202    24661.5924971698)(2000002    27917.2998647358)(2000121    11316.9926146037)(2000201    22285.0547204121)(2000221    11924.354637274)(2000211    21944.6534780006)(2000022    16031.51495228)(1000000    21656.8559538892)(2000012    21272.7651391549)
12 23      - (2000102    6835.08905425643)(2000202    96.575584335674)(2000121    4848.77860658802)(2000101    7272.7500097695)(2000221    6612.01710820921)(2000022    9343.30173467916)(2000211    27384.9681094675)(2000012    6035.71256309598)(1000000    11514.5842203055)(2000201    4256.21179710414)(2000002    5368.03953488038)
16 16      - (2000111    -284.021628177458)
25 10      - (2000111    13596.9248786247)(2000211    13372.825548283)(2000101    20656.1572008381)(2000022    15989.4193840751)(2000012    27913.1266125239)(2000202    24317.6886119291)(2000221    2295.8076163795)(2000201    13789.8405875098)(1000000    24468.5810256681)(2000102    19397.7033875847)(2000002    17069.0885613713)(2000121    14511.792339598)
13 1      - (2000111    12907.9410852883)(2000101    13870.1966949968)(2000202    13934.3845737107)(2000211    18555.8746063258)(2000201    10702.9419980081)(2000022    18947.6046915213)(2000221    10959.0932155941)(2000012    28012.4586002784)(2000002    20719.9216961486)(2000121    4048.90799336791)(2000102    15958.507474385)(1000000    15002.6448295618)
25 15      - (2000101    11013.7425669819)(2000002    19824.3143396949)(2000202    2010.64275588738)(2000211    5796.95306172558)(2000201    12065.0369041747)(2000012    14974.3308472607)(1000000    27179.0943876243)(2000102    10467.0817157435)(2000111    4666.852504999)
12 17      - (2000012    26067.7162130365)(2000211    -230.955631859628)(2000221    2737.37232358716)(2000111    4447.49220573523)(2000202    8816.22518834462)(2000002    10271.6620978391)(2000101    6040.15076410769)(2000102    4609.25988809127)(2000022    4611.64485430436)
16 8      - (1000000    16028.411674422)(2000002    10507.3344743727)(2000202    9772.03165930933)(2000111    26626.8874631668)(2000102    7229.71966826038)(2000022    11125.3845111651)(2000211    7507.85030447531)(2000101    4512.1252335643)(2000100    4454.99474457266)(2000201    4378.79019723074)(2000221    4634.55245993393)
13 18      - (2000012    -107.066630444322)(2000211    21406.8127301777)(1000000    5656.04372783666)(2000111    3624.08690428963)(2000102    8038.40226488421)
24 12      - (2000102    8219.17729302059)(2000111    7724.8620428916)(2000202    11070.2162355928)(2000201    4414.78542081785)(2000101    9151.54037012405)(2000002    27508.1869168326)(2000211    2098.00071994125)(1000000    6978.39816103116)(2000022    14009.6121812958)(2000012    12194.7119024173)(2000221    6903.66107478972)(2000121    13155.0862917061)
7 11      - (2000022    4509.40754291475)(2000211    23949.4917069282)(2000101    6383.55560031602)(2000102    3952.8602483278)(1000000    7261.00463199216)(2000012    12290.5199908879)(2000202    8722.39951594971)(2000002    3551.82577549081)(2000221    4484.76289745524)(2000201    7400.43639649531)
0 14      - (1000000    13729.4148989238)(2000221    10748.4415783037)(2000002    8715.79301329045)(2000202    9379.56582631199)(2000211    17724.866710406)(2000101    25983.910090892)(2000022    7493.73679335128)(2000201    10747.4626093456)(2000102    16502.7092717658)(2000111    12399.5556971425)(2000121    4318.22731603625)(2000012    10038.8106096891)
11 1      - (2000201    27159.6096844394)(2000211    2148.23585395739)(2000102    12135.6804426882)(2000202    14176.4451664319)(2000012    15709.1783633056)(1000000    14315.7719288366)(2000101    10951.538038856)(2000121    5910.47185056338)(2000002    13201.6065448454)(2000022    11389.4518311784)(2000111    15506.0152706056)(2000221    16283.3565788151)
9 7      - (2000221    99.830279852382)(2000201    44.0584841766727)(2000012    24134.0439677323)(2000101    4358.95095991154)(2000002    4282.11559361402)(1000000    9444.80698574)(2000102    4541.18115225312)(2000211    9853.48797738876)
8 19      - (2000202    -500.16886)(2000002    22470.64741022)(2000101    -199.000944754968)(2000102    5071.58322368322)
13 0      - (2000102    11913.1724114825)(2000002    27775.2717049647)(2000101    17385.509296622)(2000111    19528.0219951012)(2000221    6910.96032724773)(1000000    14974.380570916)(2000211    17613.2702960369)(2000022    19647.8379437667)(2000012    19845.7744253997)(2000201    12224.9272155339)(2000202    16203.905617692)(2000121    7902.11654765493)
25 13      - (2000022    6452.82223037566)(2000211    27990.4322815891)(2000102    9186.12737757491)(2000221    9098.53789690366)(2000002    16673.2935342411)(2000101    10851.725191459)(2000201    16435.1633907055)(2000202    12032.9914488791)(2000012    15047.4989750832)(2000111    16468.2236507877)(2000121    5259.00064882166)
25 11      - (2000101    6251.98301598799)(2000201    26648.133526597)(2000002    9280.73327149915)(2000012    9338.07482727238)(2000211    5768.70690927524)(2000221    4073.84471817764)(1000000    5119.3476561331)(2000202    6149.86475856621)
12 1      - (2000202    16941.9953185715)(2000101    15116.635665716)(2000111    15531.6463173255)(2000201    20635.3452808392)(1000000    22259.9307452153)(2000002    27245.7102767048)(2000102    20127.8741220962)(2000012    28208.6006836474)(2000211    17905.116992952)(2000022    14830.9891029949)(2000221    15935.3647730229)(2000121    18150.846266376)
25 14      - (2000002    2525.76275768221)(2000202    25863.7483671179)(2000102    6153.42836394144)(2000012    5364.88350972036)(1000000    10282.9830755565)(2000101    4578.93610732712)
11 0      - (2000211    19619.4754759043)(2000002    27904.6103902944)(2000102    20786.1044463051)(1000000    24590.9215983203)(2000101    21535.615350135)(2000022    19849.3752300912)(2000111    15389.366471178)(2000202    20242.8094266884)(2000201    19640.7714366131)(2000121    15853.8781233341)(2000221    17524.7557229953)(2000012    22275.9914673076)
10 8      - (2000022    22000.0854648605)(2000101    1307.16507508314)(2000201    3831.65888226208)(1000000    1880.00409229128)(2000202    3056.89755689343)(2000102    3305.6829098878)(2000012    4217.22832740584)
14 16      - (1000000    24120.3865546303)(2000201    8568.77659223192)(2000221    9482.06224666324)(2000111    5530.83097208352)(2000012    5648.35535023286)(2000022    4565.03160593473)(2000102    9086.15132636473)(2000202    9571.51986469791)(2000211    5315.35994267096)
10 25      - (2000102    5339.65259637435)(2000111    27481.693925414)(1000000    14714.9151084532)(2000012    12464.6902735591)(2000022    13633.838234395)(2000201    14861.434603157)(2000101    19087.8892520614)(2000121    12290.1419939835)(2000211    15485.5120607753)(2000221    5605.15625059732)
12 24      - (2000121    7278.02505892429)(2000012    5873.44937497295)(2000101    9594.1981989991)(2000202    24710.4998788585)(2000111    10076.2214209366)(2000102    10208.1226469762)(2000211    8493.08507421398)(2000221    4718.7813463013)(2000201    4670.7378716919)(1000000    8999.87853235055)
16 12      - (2000202    6002.84686215586)(2000221    10054.3783043899)(2000211    24597.1939260664)(2000012    4148.53522201807)(2000111    13924.4460677358)(1000000    6494.5139795959)(2000102    4272.96921251403)(2000200    5883.2144799209)(2000101    8066.70675313607)(2000002    8884.21723778892)(2000022    5988.6770548496)(2000121    9970.6910857826)
14 1      - (2000101    5594.12115254296)(2000022    26127.5541863463)(2000221    2328.77876731117)(2000211    9227.57333859389)(2000202    9547.75262359583)(2000111    12688.7540023849)(2000012    3645.18855020148)(2000002    11543.7554138199)(2000121    4547.02512056025)(2000201    4722.77558877979)
13 21      - (2000201    22971.9473787182)(2000202    -144.972598065145)(1000000    9579.57434858171)
7 15      - (2000102    4383.59186418837)(2000111    26130.9472912677)(1000000    2732.20346822913)(2000201    2696.8943737412)(2000012    7522.63651563299)(2000101    6703.43488106138)(2000202    3716.21335369755)(2000221    5163.02501046829)(2000022    14894.7501017464)(2000211    6786.66268785446)(2000002    8859.90995876646)(2000121    5248.37416498999)
5 0      - (1000000    6549.35013781545)(2000211    25343.3665713801)(2000100    8653.3004051475)(2000201    1498.17089711509)(2000202    1601.64197504319)(2000121    4589.7101079269)(2000200    7865.36770318572)(2000022    9535.65344612862)(2000102    4445.67715623934)(2000012    8274.86817056191)
17 18      - (1000000    6650.23352306654)(2000201    8816.5968648488)
3 4      - (1000000    5180.47441005851)(2000202    10627.6924912231)(2000111    26586.2596356841)(2000002    6669.05140471093)(2000221    11737.3364338764)(2000211    12609.3102269173)(2000201    15761.0598470557)(2000102    4167.74401036107)(2000100    12945.7090214904)(2000101    7992.21786416903)(2000022    11629.1681374168)(2000121    11924.3881929528)(2000012    15837.1896758361)(2000200    7941.05799990814)
16 9      - (2000211    11572.1792580143)(2000221    10581.8865148425)(2000111    26737.7019152309)(2000022    14621.3698331614)(2000121    15863.7789950518)(2000101    12351.7979657264)(2000201    9272.16736835232)(2000002    5629.27568066764)(2000102    8179.52159889319)(1000000    7955.06547273997)(2000012    4932.1295603596)
9 23      - (2000002    8415.88013498221)(2000111    5636.47559340389)(2000211    24843.0075644137)(1000000    4130.69898490686)(2000202    4936.65388454624)(2000121    12432.5249594961)(2000022    9047.67607233932)(2000201    2497.79540591489)(2000102    10050.5870640254)(2000101    11466.3051826973)(2000012    11773.4614017531)(2000221    4786.41702710914)
6 13      - (2000211    8885.15108955985)(2000012    22720.4100909337)(2000111    6550.55970948232)(2000221    4857.41320434657)(2000201    5682.43035909224)(2000102    2507.21328524166)(2000022    12196.3226065356)(2000101    3822.52686339705)(1000000    13438.2143315748)(2000121    7559.06668314641)(2000202    7050.55269988943)(2000002    3077.54877517616)
13 26      - (2000002    4960.26948068845)(2000221    5060.66086784629)(2000012    4609.87153445658)(2000102    3714.05252281625)(2000022    26221.319411217)(1000000    3865.36995353861)(2000121    5363.00669616937)(2000202    5062.93415112179)(2000111    5835.18656614784)(2000101    4755.64825580471)(2000211    5231.18399507163)
14 0      - (1000000    3183.98091763145)(2000101    24754.5427794479)(2000221    1784.90795970629)(2000121    7366.15322413466)(2000201    9570.49463976059)(2000202    6792.0276625944)(2000102    7403.92946434447)(2000012    10263.1456512252)(2000002    12212.5053256583)(2000211    5476.54068359523)(2000022    4915.24319935721)
21 13      - (2000102    -394.972598065145)(2000101    23113.4781799285)(1000000    5204.35748114428)(2000012    4358.28682151215)
18 12      - (2000211    301.402296472331)(2000111    16264.1096811741)(2000002    5389.11629542626)
0 17      - (1000000    4209.75364923821)(2000022    5475.67880717432)(2000202    23209.4912411353)(2000102    9683.80902695875)(2000012    3049.80347848611)(2000111    7074.51216795635)(2000121    2694.76846696597)(2000101    16331.6109528999)(2000221    7687.59803973775)(2000002    4316.03321506973)(2000201    4126.77318810106)
25 12      - (2000002    10890.422834352)(2000012    27685.2390961638)(2000121    1291.21140711099)(2000022    8202.14769350078)(2000202    5894.24653539168)(2000102    4368.13353749339)(2000101    2887.33420232656)(2000201    16585.0307198825)(2000111    7929.77297700471)(2000211    3730.12359871032)(1000000    6099.22659884579)
24 13      - (2000102    -351.540114058541)(2000002    22119.0860839789)(2000201    4752.15142028984)
13 16      - (2000012    10809.3542666806)(1000000    12285.2897468582)(2000100    -0.5)(2000022    27747.9478784102)(2000002    10872.4027203536)(2000221    12921.6739786597)(2000211    11534.3440381632)(2000111    11668.813535692)(2000121    13735.0031000449)(2000202    7116.82670300207)(2000102    6000.4167625637)(2000101    12740.7848244915)(2000200    7310.1567492121)
8 25      - (2000002    27838.2644326148)(2000201    10177.9908053712)(2000101    13287.590589506)(2000211    8970.97778349334)(2000221    9762.74985047866)(1000000    8322.72636911645)(2000121    12327.3526818139)(2000022    8982.93799084497)(2000202    9155.95012793669)(2000102    11858.0562740179)(2000111    9911.88187466145)
15 22      - (2000121    4146.54417568648)(2000201    8128.67966258805)(2000111    26822.1349555457)(2000022    9678.35890497456)(1000000    5249.77984847291)(2000202    3251.77732575563)(2000221    2194.3714960613)(2000101    10177.0937365226)(2000211    7361.16932976089)(2000002    5225.22182499819)
16 17      - (2000202    -750.125)
2 5      - (2000211    16614.4360321746)(2000202    9705.20678858459)(2000002    13559.1711692176)(2000101    26764.4135996932)(2000100    12049.7354777926)(2000221    5497.3053628189)(2000201    14002.7104529947)(2000022    9882.19251230415)(2000200    11565.7902794771)(2000102    18425.4880547571)(1000000    18142.4871274374)(2000012    12833.1139874326)(2000111    13021.7617395661)(2000121    10838.5317892884)
7 12      - (2000012    1185.84157097628)(2000102    3094.97872091081)(2000211    5444.12939855532)(2000111    5804.87866991921)(1000000    3139.09738186997)(2000101    3147.28155616785)(2000121    6968.53568535365)(2000002    22138.1265383085)(2000221    5743.32376673107)
1 14      - (2000202    10976.6017267306)(2000101    1015.67681966331)(1000000    11600.9025083691)(2000002    26809.7730953839)(2000121    8073.70537259347)(2000211    9753.2800027806)(2000022    7470.7287249161)(2000221    5001.83690463321)(2000111    6810.53994478869)(2000201    12012.0118602638)(2000012    8770.7642212542)
1 16      - (2000111    14214.0838231924)(1000000    25030.4587841522)(2000102    10210.6482053727)(2000002    7399.48674155917)(2000012    7689.90790326339)(2000202    8562.32148343999)(2000121    4002.83926306499)(2000201    12874.1332354233)(2000022    5353.51517219685)
8 14      - (2000102    8462.3058614552)(2000002    5064.11073898993)(2000211    323.65322583711)(2000111    16481.9249049646)(1000000    4307.88296883521)(2000202    5108.19173936181)(2000201    4999.42183223923)
1 13      - (2000211    25795.9508321389)(2000101    8211.18208325119)(2000201    5521.33707554686)(2000012    10895.7053270283)(2000202    11885.3406351568)(2000022    15121.484154765)(2000102    3904.05237137211)(2000221    4097.78143720923)(2000121    5202.71339134884)(1000000    14094.2337481107)(2000111    5016.92324755739)(2000002    4499.82655697236)
14 20      - (2000002    26488.1256791352)(1000000    9334.15605308538)(2000012    3872.13445262723)(2000102    7960.94636956147)(2000022    4210.14871962724)(2000211    7849.65286447158)(2000202    5255.68962803414)
12 15      - (2000121    27943.3348724461)(2000022    13584.5032698101)(1000000    14076.1704375559)(2000211    17658.3096051608)(2000201    23573.7354186165)(2000111    15363.248690473)(2000101    11451.1015335751)(2000100    2540.86976694809)(2000221    13133.3063001024)(2000002    17906.7191039969)(2000012    18836.2864060012)(2000202    13731.6818080341)(2000102    11357.3547933458)(2000200    5143.52171926547)
2 9      - (2000002    28136.3613699769)(2000012    21179.5029912622)(2000111    17196.4655194662)(2000201    16612.515793693)(2000101    20149.9473807341)(2000202    20321.5422885239)(1000000    20617.7558198975)(2000102    19718.4346076239)(2000221    13552.1937377405)(2000022    16715.2914984566)(2000121    19624.118415782)(2000211    20553.3368372119)
9 20      - (1000000    4709.25084849635)(2000111    25701.9811287301)(2000201    4557.85337548152)(2000012    4833.28446210631)(2000102    4632.74997365893)(2000202    5437.0078374595)
24 10      - (2000101    8101.27686523666)(2000202    22186.2846461391)(2000111    7940.91473970628)(2000121    4401.30224693178)(2000102    4925.45241061899)
10 16      - (2000202    4587.23250139694)(2000002    26573.2412992021)(2000221    6033.36660525398)(2000201    771.319306600073)(2000111    9662.2281388754)(2000102    5981.95503118193)(2000211    6764.54309754121)(2000022    4012.49828446842)(2000121    10795.5536873635)(1000000    10894.9396795384)(2000100    803.633504482882)(2000012    5451.53678608724)
24 9      - (2000101    369.398834482974)(2000211    22438.2287221298)(1000000    4696.4684240274)(2000111    4459.53253465295)
14 26      - (2000111    9206.87353001903)(2000202    3041.16221607873)(2000121    3798.9260498021)(2000101    3786.21413408912)(2000022    21414.3111706107)
9 16      - (2000002    25706.9623556037)(2000022    2932.51771959753)(2000101    5768.56208038436)(1000000    11404.1435398525)(2000111    5792.16248480134)(2000121    4702.310632728)(2000221    4267.97876003007)(2000012    8636.47260375416)(2000211    9072.89357770122)
9 19      - (2000101    -500)(2000012    1929.65157356576)(1000000    5388.38900533678)(2000111    26319.4226334312)(2000121    11052.1394140303)(2000211    4691.83812083318)(2000202    4943.72171926547)
10 12      - (2000002    15304.7730426248)(2000102    9450.48301377443)(2000022    27904.9306700383)(2000201    10121.1479211041)(2000012    7855.30712751392)(2000111    14223.982355059)(2000121    18441.5066045076)(2000211    9112.00638991127)(2000221    6835.86397098935)(1000000    3201.30582760099)(2000101    10832.3867984979)(2000202    13261.5329843887)
7 9      - (2000101    -387.225988333938)(2000022    23269.8764984594)(2000012    2773.53279627561)(2000201    6777.18009323825)(2000221    3606.87685143993)(2000002    9953.21296196886)(2000102    6475.00262649393)(1000000    3552.52229927808)
12 7      - (1000000    10544.4889329773)(2000111    24053.9761895274)(2000202    2989.11886478348)(2000022    3039.66082727317)(2000002    11284.9558085505)(2000101    3672.22731974992)(2000012    3752.05447593699)(2000121    5388.48756547067)(2000102    5934.30302264667)(2000221    4365.66844632021)
10 6      - (2000102    410.07110332332)(2000111    6805.23618387666)(2000101    20503.375915409)
16 13      - (2000102    7490.3265303746)(2000121    26904.3400630426)(2000211    9746.60849133637)(2000111    5840.44343548841)(1000000    6933.95963092005)(2000101    12435.3391403791)(2000200    2749.00612977422)(2000022    8967.2954547553)(2000002    14966.9211456571)(2000201    12222.3350002309)(2000100    7388.86584717068)(2000012    12901.417565318)
16 10      - (2000022    5916.00640545246)(2000111    4642.19128787392)(2000102    9829.51064847169)(2000202    7380.38821270776)(2000012    27417.3547601277)(2000200    929.114529026911)(2000100    5090.50785332135)(2000221    7020.44076758355)(1000000    6748.97228295015)(2000201    7755.84687212866)(2000101    11528.217143756)(2000211    3898.35053755672)(2000121    5277.50649311758)(2000002    5942.0488321807)
12 25      - (2000201    16340.8945822943)(2000022    3101.31838264382)(2000111    3932.91796515815)
12 26      - (2000012    798.876699952329)(2000211    792.478426439328)(2000102    23466.5361454806)(2000221    3261.58997602088)(2000101    9075.25174066809)(2000111    5747.23959338056)
19 14      - (2000101    14556.3209907503)(2000002    4725.76793034658)(1000000    5463.27794687289)
5 15      - (2000101    13064.0642755835)(2000221    1610.31033384522)(2000202    2612.41912665249)
14 11      - (2000200    5003.21512785204)(2000221    10127.4513081899)(2000022    12811.4130545719)(2000202    13859.6993517706)(2000002    26045.9540652745)(2000111    12029.5503900379)(2000211    13737.8074610164)(2000012    9066.93821466098)(1000000    13231.5722704753)(2000201    14200.1021480101)(2000100    9281.55758655782)(2000121    13201.1137440259)(2000102    15684.1868103838)(2000101    11149.8624323069)
3 13      - (2000111    25783.1198854262)(2000221    11803.9318438759)(2000211    16254.4815945728)(2000012    11270.8308779892)(2000121    8370.44139951969)(2000201    7292.68359787022)(2000022    12200.8118376036)(2000002    8531.3359255478)
8 15      - (2000111    25938.3745332284)(2000202    7525.07215483693)(2000012    1381.25501624102)(2000200    3122.48991844104)(2000101    9006.15369633586)(2000022    3655.21935913327)(2000211    2862.74796194579)(2000221    3684.94460503297)(2000121    4220.53773106362)(2000201    7754.9118745103)(1000000    10418.4050483903)(2000102    8279.43853805716)
13 11      - (2000102    5193.78719536201)(2000002    26098.0685801081)(2000101    3119.15905891795)(1000000    14607.5146094766)(2000012    4458.4224919812)(2000022    10221.3311004895)(2000121    3839.40685242726)(2000221    8014.43997457373)(2000201    13013.7440942439)(2000202    4498.00850573964)(2000211    8265.40614886604)(2000111    9417.91618937609)
4 10      - (2000022    16050.1347238471)(1000000    28125.3163676676)(2000101    20235.8256564165)(2000201    17340.2144703366)(2000111    11487.210723038)(2000202    13599.498190134)(2000211    9884.82833161008)(2000002    11240.6562967538)(2000012    17554.9520494325)(2000221    8444.88135160841)(2000102    3923.87620247882)(2000121    14681.6379986975)
1 9      - (1000000    25902.0713826982)(2000211    20932.7567660724)(2000201    19608.5811842615)(2000221    5688.36736593337)(2000111    18125.3422958325)(2000101    19749.2559695343)(2000012    21989.6635578252)(2000002    22915.4769164787)(2000202    28147.5432089441)(2000121    14497.2795599568)(2000022    18690.0336657314)(2000102    21565.6730107147)
11 15      - (2000111    26967.8138250194)(1000000    361.710952916464)(2000200    271.133197494692)(2000211    8481.82403201928)(2000121    12602.1617042414)(2000102    5444.83817069997)(2000202    11423.5869882569)(2000221    17221.1844475496)(2000101    8724.0296115551)(2000002    11579.4899635953)(2000012    10879.3267637536)(2000201    10927.2057285365)(2000022    15088.1858031286)
11 21      - (2000111    9385.53964444121)(2000211    383.6736209885)(2000101    1286.67811805416)(2000102    6112.12263628256)(2000002    26058.6285143133)(2000121    3928.43938120667)(1000000    4680.45757028697)
11 27      - (2000111    -732.292489606279)
9 26      - (2000111    336.979163526234)(2000221    1798.96434571117)(2000121    4000.415883387)(2000022    4867.01742073741)(2000202    25268.4215364454)(2000211    5760.63884994399)(2000102    9021.05758462389)(1000000    4428.28454062557)
13 15      - (2000012    26786.2253770437)(2000200    5136.34708639817)(2000202    6132.67360127945)(2000022    8401.05714091076)(2000101    8087.30725918652)(2000102    4990.05688467926)(2000002    12381.3236264919)(2000121    10773.9052834636)(2000211    6263.03036173904)(2000201    9643.85035950226)(1000000    4742.5420589264)(2000100    10510.1839074282)
2 10      - (2000221    20135.0656084243)(1000000    28148.0315251474)(2000012    17269.5323486447)(2000201    15047.4679243042)(2000002    18846.6853697255)(2000202    20794.4195514361)(2000102    20838.1254983489)(2000211    15457.387026504)(2000111    19143.1566452423)(2000101    18040.2394749969)(2000022    19205.9255917961)(2000121    14398.5089435963)
3 12      - (2000201    10685.0371225304)(2000022    27154.4797219075)(1000000    4368.69099729169)(2000202    7654.30705530276)(2000111    3582.15814033398)(2000002    6782.93806159771)(2000101    4700.83269281095)(2000221    9958.64649265639)(2000121    12426.31570366)(2000102    4242.79609036849)(2000211    5017.66585780676)(2000012    5472.26706586123)
8 23      - (1000000    9451.39779101833)(2000121    27708.7473177058)(2000211    17704.9622642446)(2000012    23425.0399699319)(2000022    16717.8178107811)(2000201    14492.1523132551)(2000221    5760.53457466884)(2000202    8327.86688055842)(2000101    15779.0172565609)(2000111    16389.3728908156)(2000002    10969.3726880619)(2000102    12587.4850005169)
12 14      - (1000000    7364.99994106291)(2000012    25639.9332493604)(2000201    8658.39288084278)(2000111    13075.4958748152)(2000002    4431.65946474836)(2000221    2640.81295763958)(2000121    6635.96519341503)(2000202    3019.58648499994)(2000211    7113.15997724096)(2000102    11668.3189065194)(2000101    11758.0064999836)
9 1      - (2000012    28083.8728533248)(2000221    1624.01607495866)(2000202    6016.19817217842)(2000101    10991.9372908452)(1000000    18079.8018792863)(2000111    14058.1864314931)(2000002    10671.1182756786)(2000121    14334.9970726072)(2000201    14749.7290370618)(2000211    14220.7378316568)(2000102    9369.29899024172)
10 26      - (2000111    27899.31780048)(2000221    11925.5745627055)(1000000    17988.2073043522)(2000022    6883.54443385393)(2000121    17262.3202733474)(2000101    12367.7121387403)(2000211    17512.5822737556)(2000002    15455.1197429687)(2000012    9589.60366173549)(2000202    11582.3991416572)(2000201    12491.2437747523)(2000102    8706.02252016812)
7 26      - (2000022    27329.7366382661)(2000211    6593.80435347607)(2000012    10487.271252287)(2000221    19546.3651711074)(2000201    20473.1550680444)(2000102    11618.9705040136)(2000002    13658.6893715332)(1000000    8149.05983075111)(2000202    10000.7182475295)(2000111    7814.13893051789)(2000121    9184.74863646999)(2000101    9047.99076967713)
24 11      - (2000101    22962.132495004)(2000022    6265.8354985335)(2000211    1868.24353086662)(2000201    3359.93915471924)(2000111    3041.16221607873)(2000012    6868.36177607292)(1000000    9851.39148094506)(2000102    6197.69566139133)
16 22      - (1000000    26133.6857392)(2000012    1709.41274340893)(2000102    3617.15489127708)(2000101    5167.42888041614)
10 21      - (2000102    13414.416039866)(2000101    16137.7158970712)(2000121    13207.2134960669)(2000022    27895.8479841365)(2000002    14442.8108353314)(2000202    8954.10620572602)(2000012    6664.51436496529)(1000000    8136.10037717089)(2000201    9688.0632692855)(2000211    14732.5279902958)(2000221    8217.5159391431)(2000111    12031.2499016506)
15 23      - (2000012    26722.4006546719)(2000202    5566.20478332584)(2000102    5948.73586031549)(2000022    9674.14117542538)(2000111    5022.62056333312)(2000101    6415.09461510497)(1000000    4678.403367531)(2000201    8828.19928687645)
11 19      - (2000002    25023.8296188407)(2000211    5005.26883358599)(1000000    -500)(2000121    3872.87246855925)
10 9      - (2000002    22373.5328252567)(2000101    1398.36521843959)(2000102    6997.50141960581)(1000000    5787.90957120579)(2000211    3542.88665338739)
14 9      - (2000200    2314.23175882897)(2000002    25128.6826964435)(2000101    908.45895233558)(2000102    5437.27406641588)(2000201    1232.17472044697)(1000000    5918.9928176617)(2000012    5230.39003571989)(2000121    5279.78006576572)(2000221    11983.2582369302)
16 14      - (2000022    415.74477950379)(2000211    1575.28232602069)(2000002    20017.9866490734)(2000100    3030.11929336529)
23 14      - (2000012    13823.6311648624)(2000022    14528.4140025972)
13 24      - (2000202    25397.9552473614)(2000002    7066.28450067134)(1000000    1466.60306868121)(2000101    2201.92974193187)(2000121    5381.19452048431)(2000012    8802.37753088904)(2000221    4211.75837926466)(2000022    4766.92214392971)(2000201    5934.61096787584)
5 1      - (1000000    75.1462553426023)(2000211    -19.4388680990539)(2000201    23640.2956600489)(2000102    1219.37623323627)(2000012    11006.9523994047)(2000121    4405.88332677239)(2000200    7686.82122353023)(2000100    3984.05195469447)(2000101    16488.5490856344)
11 8      - (2000201    23122.5909738772)(2000002    6615.77857280509)(2000221    10538.1946216357)(2000102    9956.6315803804)(2000211    8929.5104182454)(2000022    4492.31526736466)(1000000    4190.55658639506)(2000121    3635.97700176135)
15 14      - (2000201    9359.55397623424)(2000002    2989.14940280001)(2000121    26859.4664104331)(1000000    18092.8975578267)(2000202    1681.0117330199)(2000102    2063.71001106878)(2000022    9370.7535665293)(2000012    9818.84925615566)(2000111    8771.3796192602)(2000221    4098.24890767881)
23 12      - (1000000    16297.5416371281)(2000111    3438.01488984938)
3 17      - (2000202    6008.46539552143)
6 9      - (2000201    8020.61647102416)(2000102    1702.16693543295)(2000101    21284.3646355808)(1000000    1808.57333125294)(2000111    2371.47828485014)(2000012    8926.07213955772)(2000022    5125.64571813669)(2000211    3105.81527271685)(2000202    7685.48095387009)
18 1      - (2000201    4725.63476851432)
8 24      - (2000022    5366.86937436254)(2000201    26910.5888182526)(2000221    845.632496113322)(2000002    9067.2669565467)(2000111    4077.56599272751)(2000211    5863.72086984914)(2000121    13519.2927751646)(1000000    4460.01993067913)(2000101    5322.41438354596)
15 13      - (2000201    3847.378831325)(2000002    8633.83550887896)(1000000    6518.80178188562)(2000012    26208.7430836759)(2000101    7019.68739154352)(2000111    8850.21796346037)
13 17      - (2000201    22297.877457487)(2000211    361.302159742053)(2000221    7441.66101642691)(2000102    5229.89835061853)(2000022    5216.45256536627)(2000002    4943.42806442065)
12 19      - (2000012    17870.1703029641)(2000102    3865.53501538178)
12 11      - (2000102    8080.56925820049)(2000101    24260.0526352721)(2000202    4721.22436469622)(1000000    9633.70638462883)(2000201    12101.7495771213)(2000111    14603.3065680503)(2000121    10569.1195446342)(2000211    3793.41626830009)(2000002    11838.415063388)(2000221    4026.77276576298)(2000012    5243.02255829553)
15 11      - (2000022    27096.0774746978)(2000221    1355.26853220982)(1000000    2059.58154465296)(2000101    4802.86342005458)(2000211    7461.42150642684)(2000121    3646.07068311204)(2000202    6124.63852339984)(2000002    13499.7996076584)(2000111    4739.92970644661)(2000012    11877.1908525932)
9 14      - (1000000    10618.3252686449)(2000201    21707.7610600546)(2000202    7737.20426534706)(2000101    1232.17472044697)(2000211    4714.60836893801)(2000121    5209.5646753186)(2000022    3554.99047109878)
7 24      - (2000202    23834.327360336)(1000000    4916.74541381231)(2000022    9468.59189789815)(2000002    5945.54332028129)(2000012    6189.43034717786)(2000221    5884.47192529507)(2000111    4366.37940686602)
3 14      - (2000111    24808.4291311693)(2000202    7624.79946880275)(2000211    3932.33328430595)(2000100    6563.5464741495)(2000121    7249.4193717172)(2000022    3684.6526509012)(2000201    8213.33878053447)(2000101    3586.52817108951)(2000012    4458.22085946352)(2000002    5237.95441530485)
17 8      - (2000022    1033.40118828994)(2000111    17997.0636690309)(1000000    3553.62287128852)(2000101    13016.2855842856)(2000102    5927.23025874625)(2000201    4485.58678600996)
9 27      - (1000000    23389.6112828415)(2000111    4546.21767836139)(2000002    4961.24974247085)
9 25      - (2000201    6408.37986997936)(2000012    5654.75048316573)(2000211    26672.0678500366)(2000102    5741.05470245806)(2000002    7793.29473238385)(2000202    10728.502434744)(1000000    10093.3102592839)(2000121    13381.0396235407)(2000022    8136.10959296404)(2000101    9035.98468685336)(2000221    11801.9609689452)(2000111    8717.0758722111)
7 13      - (2000211    17645.4070804697)(2000201    8576.55806438306)
13 14      - (2000201    17458.0465168241)(2000102    16959.0736957689)(2000221    14242.7331741656)(2000211    15287.491896933)(2000012    18531.7480836055)(2000002    21620.2226491947)(2000202    11194.1541543789)(2000022    27804.9945708918)(1000000    9989.4861018357)(2000121    17693.5861978056)(2000101    4377.76166859227)(2000111    15866.7763418385)
7 23      - (2000012    6552.48836389319)(2000201    1121.26168795985)(1000000    26006.9932264692)(2000211    7763.5714603659)(2000101    8044.72755629087)(2000111    4621.22822660166)
17 0      - (2000211    8299.70997412176)(2000101    3308.88778240587)
4 11      - (2000002    27542.393548958)(2000221    10007.4827516079)(2000211    17293.6967736773)(2000022    7020.79914333248)(1000000    5768.57194863995)(2000101    5978.93753892899)(2000202    5032.02867103816)(2000012    5750.79657060655)(2000111    7500.87267543208)(2000201    4759.8342476605)(2000121    9598.47676228279)
15 7      - (2000101    12052.8446508897)(2000201    2775.64592976399)(2000002    11690.68742964)(2000012    7664.90904865828)(2000221    7051.31290837401)(2000121    6628.14641069044)(2000111    26541.9545263282)(2000200    4295.21654081381)(2000211    7357.16996098411)(2000202    11591.8705160889)(1000000    4205.99160328182)(2000102    4975.34031344512)(2000100    4657.94432364155)
9 8      - (2000102    22703.5950764612)(2000211    3557.39660926299)(2000111    3386.1350769218)(2000221    8243.94781714657)(2000101    3857.095413096)(2000201    5523.10235835438)
12 4      - (2000102    7244.47879216261)
26 10      - (2000201    13056.1959779084)(2000022    4568.5233061064)(2000012    26224.781595704)(1000000    6414.10426934474)(2000111    7321.99078495916)(2000202    12875.951913503)(2000221    3351.21015386665)(2000101    14012.2364941324)(2000002    8027.08173032212)(2000102    5159.94578132408)
14 15      - (2000101    713.925185190492)(2000201    10006.2306714809)(2000111    27321.283133705)(2000002    16907.9480146351)(2000121    2297.00161483131)(2000102    12753.3418201185)(2000012    7952.55606761168)(2000202    12120.3208162992)(2000221    8067.80675604869)(2000200    1462.20439589981)(1000000    5752.71793203088)(2000211    4477.18656194712)
13 2      - (2000022    27743.7282449248)(2000002    2273.52627874995)(2000102    7282.20679099061)(2000211    13849.5093802239)(2000121    11777.5251864781)(2000101    7999.2430195928)(2000221    9150.78609995049)(2000202    4635.59282735831)(2000201    8467.79892360767)
14 7      - (2000221    1957.76650811091)(2000121    526.372801186522)(2000211    24957.0003826276)(2000002    2855.5861057923)(1000000    8100.16198567133)(2000200    2617.73952006832)(2000202    7548.24351681653)(2000012    5024.20256650403)(2000101    5976.11573020807)(2000201    4282.71911281817)
2 15      - (2000101    1055.37271777289)(2000002    23668.1720051992)(2000221    665.731319313185)(2000102    3314.93958492543)(1000000    2984.22683351017)(2000012    4795.10217062295)
16 2      - (2000211    3084.57824555048)(2000221    3454.49570920407)(2000121    3978.15732880195)(2000101    8051.51796026781)
13 10      - (2000002    -193.536629149791)(2000012    18731.1726354162)(2000101    2699.87805354013)(2000211    4811.58727930195)
15 8      - (2000200    8602.34765740397)(2000121    27137.3729098294)(2000102    5445.69440018211)(2000201    10122.7692009746)(1000000    7558.48174560094)(2000012    17149.6019377951)(2000202    9822.02009759918)(2000022    9621.04085763091)(2000100    6526.15364707317)(2000111    5937.4228025033)(2000211    9474.84670205555)
5 9      - (2000002    8266.46414105568)(2000221    1655.52388496164)(2000202    4077.42321084132)(2000201    19254.7423198196)(2000101    5162.65493689778)
6 20      - (2000002    1831.44099985299)
6 14      - (2000101    -500)(1000000    2067.70570449516)(2000121    23514.9653880054)(2000002    2737.80182174512)(2000221    4362.47058287804)
4 9      - (1000000    23758.1516425724)(2000101    5480.43920369536)
12 27      - (2000121    -416.890536064369)(1000000    2327.71835226024)(2000211    3405.88066327512)(2000022    19104.2134947064)(2000111    4885.24543231468)
11 7      - (2000201    5905.43339793092)(2000111    25569.5563052179)(2000202    3879.5406854395)(2000022    4364.69872666296)(2000012    5468.24346180088)(1000000    3558.77681009961)(2000221    5036.66230966391)(2000002    5315.90220988046)(2000101    5973.25297826301)
7 25      - (2000101    25162.7098961358)(2000022    4251.43503190687)(2000211    3532.2778757335)(2000111    3443.98275470277)(2000012    4881.02468124037)
12 2      - (2000211    4966.88747769816)(2000102    25976.1198807581)(2000012    6921.69804821669)(2000121    11817.1647089118)(2000202    3352.4110100123)(2000002    14894.9360524886)(2000201    12842.91936023)(2000221    5338.07160607392)(2000022    6101.67898556439)(2000111    8948.95256969748)(2000101    4556.90339312356)(1000000    4998.84838306706)
10 2      - (2000201    6358.9769391319)(2000101    28077.6977747159)(2000221    10388.4734912612)(2000102    3722.74535060586)(2000211    8906.00853638982)(2000022    5466.99841305924)(2000012    5760.96715005551)(2000002    9030.95603559599)(2000202    5451.58450436196)
13 25      - (2000211    2056.59264567095)(2000102    21406.5110091892)(2000022    4405.09334539508)
9 9      - (2000022    19880.6377716267)(2000111    1979.61751717534)(2000101    2030.67307788053)(1000000    1138.9067389275)(2000002    4808.19508597026)(2000102    3705.109237368)
8 12      - (2000102    -144.972598065145)(2000101    14122.7212021079)(2000211    3294.63568828009)(2000111    -0.33808)(2000012    3783.57602969044)(2000002    8914.10854327311)(1000000    4128.76980576667)
3 16      - (2000101    407.285160565617)
14 14      - (2000022    27414.0793851395)(2000101    4496.58375605563)(2000111    12206.0784038152)(2000211    9101.34561768252)(2000221    5454.64831516623)(2000002    5957.03191710748)(2000012    4124.77661282419)(2000200    3115.35469218746)(2000121    9857.79736882282)(2000102    988.08967323948)
10 19      - (2000012    25329.2417925182)(2000121    8644.03078738275)(2000022    4442.245139541)(2000202    3477.13928251614)
14 13      - (1000000    -625.591556411112)(2000102    24748.8314737122)(2000211    3986.85411244392)(2000022    5203.02191751424)(2000101    4311.5614967691)(2000121    5204.19515945694)
8 17      - (2000102    4444.12074213851)(2000012    4141.97956777412)(2000211    22583.0585244189)(2000200    3708.84881785744)(2000121    4475.17154591048)(2000202    4911.03670017927)
10 27      - (2000201    7645.24083502752)(2000111    4528.11809925342)
9 10      - (2000022    26405.4275676287)(2000121    6284.21105648011)(1000000    10164.5151756942)(2000002    7030.17634768212)(2000221    1828.30893409438)(2000101    4259.07179753693)(2000202    8362.10048668628)(2000201    15490.0071340585)(2000211    1819.13782103348)(2000111    5844.09041078687)(2000102    4391.59521235532)
21 9      - (2000202    8741.23888899183)(2000012    24126.9306044192)(2000221    3621.20655340703)
9 12      - (2000101    4215.71608692727)(2000211    22038.5544613871)(2000102    3320.62640778054)(1000000    4958.07726016905)(2000121    2945.89471583077)(2000221    3519.22113330556)(2000022    5423.87971504937)(2000012    8961.86839659594)
12 21      - (2000002    27586.9536582794)(2000202    9341.50797894456)(2000022    10164.7016774656)(2000211    4710.0141089566)(2000121    12243.8900414172)(2000012    14208.4271043549)(2000102    9146.73514033439)(1000000    7360.20248375567)(2000221    4217.89737518369)(2000101    5336.15367079014)(2000201    5248.60957404519)
14 2      - (2000111    24456.7115176845)(1000000    7693.478089595)(2000201    2047.32681096026)(2000202    2033.49200171986)(2000221    3313.81645523303)(2000211    4101.96646405079)(2000102    4562.3723770511)
19 11      - (2000202    4742.21682276984)(2000102    16502.3295224806)(2000201    4369.0147884619)
3 9      - (2000221    6188.7604204863)(2000111    11705.4160358189)(1000000    27490.073498118)(2000002    12347.7885753616)(2000121    8420.57737491776)(2000101    7687.72502119961)(2000012    3596.98385665653)(2000202    6618.64937717048)(2000102    5181.33633867779)(2000022    5147.06112056025)(2000201    12048.066809395)
10 10      - (2000111    16522.471857502)(2000002    17686.4591583797)(2000101    13262.3903355209)(2000012    19413.4448533825)(2000221    18002.135977209)(2000211    16781.8347904218)(2000121    27496.351058099)(2000202    14223.4943783431)(2000201    11826.2254982821)(2000022    18727.0886134528)(1000000    14395.198666083)(2000102    15342.5041260703)
14 17      - (2000202    17230.922001097)(2000221    6584.98992053387)
10 13      - (2000111    23747.6327761858)(2000121    5307.70691937441)(2000022    4382.4176763437)(2000002    5435.1823294535)(2000012    4417.61582343357)
12 3      - (2000201    9767.14233364232)
13 27      - (2000101    8785.45198469885)
22 12      - (1000000    4911.31563875905)(2000102    20937.4189184975)(2000101    5386.9509292439)
10 15      - (2000101    24878.2537458313)(2000121    3225.13417375164)(2000111    8038.62792243815)(2000002    8162.02671716562)(2000202    8273.00764858373)(1000000    8352.33425923406)(2000221    3537.66842250376)(2000211    4260.28485350559)(2000201    5395.17024790909)(2000102    5180.52449914457)(2000012    4221.27040198415)
3 15      - (2000101    867.068763904605)(2000202    2998.0090643517)(2000121    4362.0234660398)(2000211    19833.2365184438)(2000201    5592.06551569985)
19 12      - (2000111    18562.1977948387)
11 20      - (2000101    1596.73496193863)(2000022    24282.4694186848)(1000000    3392.86637958117)
4 12      - (2000202    12981.1318860618)(2000211    26930.964795044)(2000002    13219.9062043718)(2000111    9982.28634284932)(2000022    6218.91989942611)(2000221    3794.93435952314)(2000102    5117.81621654543)(2000121    5340.00832010022)(2000201    4248.27475539857)(1000000    5173.77083983096)(2000012    5342.41214520925)
12 8      - (1000000    1604.0394224673)(2000102    20674.6697211793)(2000101    5857.32959550312)(2000201    4494.76624616114)(2000022    5768.73622098737)(2000012    4744.20028628996)(2000211    4799.86141199232)
12 9      - (2000221    883.1736209885)(2000002    15953.2432758182)(2000111    3472.02651948364)(2000121    5546.65445395107)
13 12      - (2000002    22768.3105050798)(2000211    2962.3979639448)(2000201    6924.9243761304)(1000000    5402.40282345035)
3 11      - (2000121    27696.5254515445)(2000202    12452.8347144393)(1000000    15469.2054688624)(2000002    7168.76681700665)(2000102    12317.9462674402)(2000221    9789.5499217127)(2000211    12864.2123009667)(2000022    3675.01743060728)(2000111    8750.30213546312)(2000201    10065.4952112653)
17 1      - (2000102    10741.3035444339)
4 13      - (1000000    591.172317915212)(2000022    5065.66818372495)(2000002    26445.3344297046)(2000102    4978.59533389005)(2000121    7353.95447282006)(2000101    4590.66497228728)(2000012    9199.62186676798)(2000211    5604.35944039997)
19 13      - (2000022    12766.9796172151)(2000202    1530.30770364806)
12 10      - (2000101    26306.2788545481)(2000102    6560.69222345021)(2000211    12838.6330169989)(2000121    10746.171925138)(2000022    5867.4257104749)(2000012    4970.4378716919)(2000111    8974.12146249765)(1000000    5141.73953639517)
11 16      - (2000012    26241.6069662092)(2000221    5060.54043952593)(2000111    7236.20334404432)(2000022    14253.50062395)(2000202    5987.391936164)(2000102    13553.4505738889)(2000002    12642.128728132)(2000101    4843.49294295064)(1000000    11944.7040605551)(2000121    13478.7457620758)(2000201    6791.61934786627)(2000211    3886.78476315582)
8 9      - (2000002    24368.2366508913)(2000221    5665.05397376263)(2000012    11098.0628508233)(2000022    3674.07401713108)(2000202    3825.60930525822)(2000101    3235.18887387713)(2000211    3659.25379485546)(2000201    4763.24209349445)
11 2      - (2000002    27220.9425394972)(2000202    7535.84920230569)(2000201    3779.22387257692)(2000121    7268.05234170547)(2000211    3681.53602760263)(2000012    5527.59719624898)(1000000    5555.87408364936)(2000221    4519.50358815674)(2000102    5169.5912105416)(2000101    5190.06547704822)(2000111    5226.51817930044)
15 2      - (2000002    13024.3527578907)
12 18      - (2000101    1246.86603402537)(2000202    1398.36521843959)(2000201    22158.6163742415)(2000211    3897.50966908902)
21 11      - (2000221    7505.56212909689)(2000012    9432.46937926514)(2000202    3520.18737549088)(2000102    3426.96511747973)(2000002    27043.4338102858)(2000201    8449.18458209769)(2000101    5243.40258449073)(2000211    6182.63081895037)(2000121    5037.35239709879)
13 4      - (2000211    635.295129350786)(2000221    20725.581839441)
8 22      - (2000012    25834.2860362022)(2000221    11746.7785447623)(2000201    5678.93088755611)(2000111    2856.41971304995)(2000211    7768.49334028598)(2000102    4420.91448396793)(2000121    7760.81367562524)(2000022    9443.26093936588)(2000002    9159.95724622151)(2000202    5728.29337174352)
8 26      - (2000102    24341.0770924982)(2000111    4210.28397326975)(2000202    5607.23552620354)(2000012    5068.53504236641)
22 14      - (2000101    3103.27532957659)
16 11      - (2000100    118.017091571359)(2000012    26938.432304335)(2000121    11802.8628595169)(2000022    11194.6376043023)(1000000    6503.40338809448)(2000202    5540.71037394633)(2000201    5440.66772920122)(2000102    3901.16471992437)(2000101    4718.13055707905)(2000211    4793.14956854965)
15 1      - (2000202    10641.1690984078)(2000101    5435.5576354591)
9 4      - (1000000    10984.6907763541)(2000101    5767.35023604981)
17 10      - (1000000    15118.4346391778)(2000202    1270.838414024)
15 27      - (2000102    1286.67811805416)(2000211    16590.5761818278)(1000000    9612.94222374715)
9 15      - (1000000    1683.90708702802)(2000101    5684.06871468671)(2000022    26381.4244040775)(2000012    3484.1719112923)(2000211    3764.6436806655)(2000202    4115.84264220528)(2000200    6524.06705326868)(2000102    1205.45025672432)(2000111    5990.70838541128)(2000002    5986.22081405536)(2000221    5003.86528836155)(2000201    5287.30190816394)
16 20      - (2000012    24160.9821684624)(2000211    3017.0243725367)
9 2      - (2000022    16362.6196206815)(2000111    28053.6633968655)(2000201    5646.7085721675)(2000002    10282.6875282121)(2000102    2984.54062745954)(2000211    13942.8666860211)(2000121    4350.42791982888)(2000101    19461.0946529504)(2000202    8072.62982425154)(2000012    4032.1467868628)(1000000    4153.20713110442)(2000221    12204.1032846989)
2 17      - (2000012    20345.8054956676)(2000101    4693.09004153747)(2000111    7216.29967227157)(2000002    4999.57263925794)(2000102    4277.43018396039)
21 10      - (1000000    7305.52471600214)(2000121    24514.2262739715)(2000002    5728.47415762332)
10 11      - (2000101    15367.2838524631)(2000012    11786.9214736739)(2000202    11555.7968662006)(2000121    8881.32786803451)(1000000    10691.5572155131)(2000022    8352.16568460809)(2000002    14364.2870281248)(2000102    25171.8934221303)(2000221    16526.1898468417)(2000211    13748.0669000601)(2000201    5514.95450933043)
3 8      - (2000211    3821.56117889599)(2000102    5407.07995726084)
10 18      - (2000012    6838.75736220837)
10 20      - (2000211    16736.2107658503)
20 14      - (2000202    3681.34823637727)
11 26      - (2000211    2237.66630375284)(2000102    12902.8855567942)(2000201    4067.05579294917)
15 9      - (2000202    23676.4308179351)(2000002    10787.181877225)(2000200    8297.63089955619)(2000022    10590.2756231886)(2000211    5685.72653443451)(2000111    4567.40574649974)(2000121    12128.0770105112)(2000101    7533.00860646709)(2000102    9712.89347785357)(2000201    4416.47045503809)(2000221    5650.02285437044)
8 10      - (2000111    1998.29089483533)(2000201    19178.8884235357)(1000000    3678.38978712549)(2000012    5972.05755401548)
15 15      - (2000121    2071.18197996059)(2000002    2521.02776997879)(2000211    20000.4806042057)(2000111    4113.99906499112)(2000022    5415.72449898277)
11 9      - (1000000    469.634497795606)(2000102    20850.6372273141)(2000012    4505.80551881352)(2000101    3114.24541825499)(2000002    4115.07519960504)(2000211    5596.13779346669)
20 10      - (2000201    1325.1602249594)
17 3      - (2000022    2107.4399311225)
0 18      - (2000201    19940.8914204638)(2000002    4156.33769728138)(2000221    5024.82582693152)
23 13      - (2000102    10086.8813116976)(2000002    21423.3236371119)(2000012    7239.86870926213)(2000101    5561.5173809929)(2000111    4530.51854816109)
21 14      - (2000002    3849.82424435982)(2000101    23916.2391420815)(2000221    7541.64035661593)(2000211    -296.357419717191)(1000000    3514.49998527759)(2000202    4742.1076149244)(2000201    5005.91426314747)(2000111    5056.28959256986)
13 3      - (2000012    19456.7107515281)(2000022    3633.98112655451)
21 7      - (2000201    2162.50972773246)(2000101    12244.1090225638)
10 17      - (2000002    26623.7443542431)(2000211    6335.12527333892)(1000000    6975.6849430217)(2000102    9041.35213911637)(2000012    5853.56699747805)(2000100    4133.68363179484)(2000221    4170.40790353217)(2000200    3741.05854771308)
8 0      - (2000111    1975.51529600315)(2000012    5916.06799933536)
17 12      - (2000012    12523.6959945267)
23 11      - (2000221    5372.89637638348)(2000201    18377.9481238256)(2000002    3886.6441861889)(2000102    4373.76789399808)
2 16      - (2000012    23680.6590609275)(2000022    2210.0320952168)(1000000    2697.92007344133)(2000202    2518.2630710474)(2000102    5858.60388168701)(2000101    4601.56547282532)
23 8      - (2000102    24665.8262674949)(2000211    6666.81616206471)(1000000    4372.82581333802)(2000022    5221.19329734653)
15 3      - (2000012    5931.41688470189)(2000201    5482.86061798591)
9 18      - (2000211    1937.65933962311)(2000200    2375.12883164859)(2000002    17619.1965009518)(2000012    5204.85860049603)
15 20      - (2000101    22006.3925444934)(2000002    4019.97818208382)(2000102    6974.86760856258)(2000121    6136.25723781669)(2000201    4960.78675796675)
8 11      - (2000100    1555.65988993376)(2000111    1976.83669812923)(2000202    15280.3693577731)
23 9      - (2000102    16907.9931324576)(2000211    348.461092977252)
19 10      - (2000101    18357.7001335107)(2000202    4817.44563520444)
10 7      - (2000201    22682.952388778)(2000221    2372.92240804369)(2000002    2762.94005306701)(2000102    3398.58733262654)(1000000    9639.97105089186)(2000121    4681.623463259)(2000012    9096.46899505973)
7 16      - (2000221    314.129304318215)(2000101    8787.38003586139)(2000012    20441.7771180944)(2000102    3264.40063752072)
18 13      - (2000102    2038.16408130881)
11 25      - (2000221    6221.74713957691)(2000101    18433.7327442923)
21 15      - (2000012    1398.7134005774)
14 4      - (2000102    15091.1960723029)(2000002    4942.41399849047)(2000201    5560.51609502099)
22 16      - (2000221    1098.23411368609)(2000202    10968.2560510158)
13 7      - (2000022    22355.0392072112)(2000211    13231.6509344841)(2000202    4544.47386924581)(2000012    4554.10680173324)(2000121    3496.85407440045)(1000000    8788.42781299617)(2000201    5415.8337808567)(2000111    3347.22494320772)
9 11      - (2000221    21864.3693430036)(2000012    4465.48632298085)(2000002    5779.34701293418)(2000101    4373.90045962449)
21 12      - (2000101    2467.50213299813)(2000121    2762.07675405804)(2000012    23697.871838159)(2000002    4974.29476914623)(1000000    4747.53882152495)
17 14      - (2000022    2422.95445033)
11 18      - (1000000    20664.2882392117)(2000012    6148.18331710469)(2000202    4726.92775012602)
9 6      - (2000022    2052.64168891506)(2000012    24075.7758321482)(2000121    5465.01638540798)(2000211    5737.57937492576)(2000201    8970.32068366291)
16 0      - (2000002    12460.5860559068)
5 11      - (2000102    3027.72313550512)
5 19      - (2000101    4168.97855299088)
1 6      - (2000121    7112.56492706035)(2000022    5847.7993888612)
4 15      - (2000202    2181.71247161391)
14 23      - (2000102    1270.838414024)(2000202    7944.32095187638)
17 2      - (2000012    8663.62203263569)(2000211    4326.53546093539)(2000201    3048.9009978637)
4 3      - (2000100    21708.6076197395)(2000121    3258.22318160364)(2000012    4099.84127174424)(2000211    4217.87937295344)
14 25      - (2000111    2997.84036055676)(1000000    7689.51868767225)
5 17      - (2000002    8886.15754154462)
16 21      - (2000202    22998.3315871608)(2000101    5760.93963096002)(2000102    8248.17808611204)(2000211    4890.16436275075)
13 9      - (2000002    22553.4217645352)(2000022    3304.0035297672)(1000000    4849.93968400145)(2000211    6465.65855712547)(2000101    6918.72865140764)(2000102    2777.84877517616)
9 3      - (2000202    15619.5832222179)
23 7      - (2000102    1561.85480366284)
17 11      - (2000121    18694.7582524167)(2000012    5919.77863809412)
10 4      - (2000012    3489.77436260808)(2000022    19394.9973775296)
13 13      - (2000221    6044.87869929498)(2000012    8617.01649521705)(2000211    22742.7363770276)(2000022    5971.71298904281)(2000002    5260.98566496469)
15 26      - (2000121    3542.82102214356)(2000221    9386.93229917038)
16 1      - (1000000    13151.6390264251)
19 16      - (2000101    2530.17307788053)
8 8      - (2000022    3350.84968131436)(2000102    3405.0800860376)(2000101    13134.4857610461)
16 23      - (2000121    2601.81838264382)(2000022    3878.89268881095)(2000102    6138.40620029189)(2000221    3685.59997566753)
14 19      - (2000202    3550.433025806)(2000012    3923.79916743952)
14 22      - (2000012    18320.8508583999)(2000202    3723.0443201185)
14 3      - (2000202    6142.64746154082)
13 5      - (2000102    3574.51245271779)
15 28      - (1000000    4375.2804076329)
13 20      - (1000000    10107.6767133499)
8 4      - (2000022    4423.343447488)(2000002    17363.9313462821)(1000000    3952.88650735043)(2000101    4599.33294011146)(2000102    9020.2096697831)
18 2      - (2000101    11613.3187381222)
19 9      - (1000000    4049.99110178256)(2000012    10120.8859487572)
5 16      - (2000002    16097.7073130806)
4 14      - (2000111    16314.8187866071)(2000101    4659.79739759478)
18 5      - (2000211    5810.76799250505)
16 7      - (2000002    8081.81289191257)
15 4      - (2000002    5249.5309354566)(2000201    4700.75372463839)
11 6      - (2000101    5129.76556912061)(2000201    3578.60097664396)
8 2      - (2000202    9119.14754735116)
15 0      - (1000000    14888.127438768)(2000211    4619.47207939076)(2000002    4748.22154444904)
5 20      - (1000000    8905.83809235608)
16 3      - (1000000    18225.6469583155)(2000211    4999.89467506485)
23 15      - (2000201    5383.82572082033)
20 9      - (2000002    5510.18285649553)
15 16      - (1000000    10614.4832386183)
17 7      - (2000201    5490.21345130985)
12 20      - (2000211    19714.2727603179)(2000012    4814.78648913326)(2000111    5470.70428408766)(2000121    4965.86860636432)(1000000    4910.48253910438)
16 26      - (2000101    14841.3717559022)(2000201    5586.6119361752)
11 13      - (2000012    14267.7367207593)(2000111    4613.27249145668)
10 3      - (2000102    11033.934618359)
5 21      - (1000000    2986.52700567484)
8 1      - (1000000    3720.09930730126)
11 3      - (2000012    3688.73804988787)(2000111    14884.0373766781)
1 8      - (2000201    10295.3261803842)
18 10      - (2000102    14638.9492698107)
12 13      - (2000002    13617.4382434346)
22 9      - (2000012    16623.5996350091)
6 18      - (2000202    7554.9989209212)
23 10      - (2000101    8104.62870907838)
15 17      - (2000101    11463.4650490301)
0 8      - (2000002    14389.5840778476)
4 16      - (2000221    4273.57444790227)(2000022    12020.6094143044)(2000211    4798.59904824643)
4 19      - (2000012    4368.18539137516)
5 18      - (2000201    8139.98177861563)
5 2      - (2000211    15595.2529841751)
18 0      - (2000012    8305.00446403162)
8 27      - (2000022    14193.8624054939)(1000000    5824.2222516963)
15 21      - (2000022    16941.6452911056)(2000102    5348.39117011293)
2 8      - (2000202    12162.1192435067)
8 18      - (2000201    5187.35721414775)
21 8      - (2000111    5239.0180002123)
13 28      - (2000002    5472.89616968605)
4 18      - (2000101    5107.87855322309)
11 10      - (2000012    5772.42054915012)
16 4      - (2000211    11824.9466077806)
21 16      - (2000101    10026.8151955877)
11 24      - (2000002    9995.84463027092)(2000202    5428.18880742207)
5 10      - (2000101    6131.23614164584)
15 19      - (2000012    6169.17533676267)
11 4      - (1000000    13136.9399376047)
20 17      - (2000022    4429.44147902653)
1 18      - (2000202    4022.12487074248)
14 27      - (2000002    4991.80111106492)
17 5      - (2000201    5078.70971784414)
20 13      - (2000101    8858.00301624652)
18 9      - (2000022    5145.07886113979)
19 1      - (2000202    4750.36762057142)
9 5      - (2000102    5209.33449914162)
24 8      - (1000000    5645.74970158613)
18 11      - (2000211    192.67014607835)
22 7      - (2000012    549.267728110761)

