54
0 0      - (2000201    5621.24548436149)(1000000    5801.1916070805)(2000002    5813.79542456616)(2000111    5735.43709775573)(2000101    5543.06259143462)(2000012    5668.75616106042)(2000211    5733.18893549292)(2000121    5583.8484822576)(2000022    6000.72460668906)(2000221    5344.2305200491)
3 2      - (2000012    5391.18678443879)(2000221    5379.04045771601)(1000000    5779.8672405755)(2000201    5448.62803867997)(2000211    4735.96856512833)(2000121    5123.39813160713)(2000002    5161.2219232625)(2000101    5970.59184553778)(2000111    5994.84030414293)(2000022    4827.65411539969)
1 2      - (2000201    5371.92834431773)(2000002    5837.09609279155)(1000000    5999.22413573914)(2000101    5736.53332152775)(2000111    6001.16503643995)(2000022    5722.0306894121)(2000221    5737.92908972875)(2000012    5705.03135011067)(2000211    5306.20415856423)(2000121    5819.97888103347)
1 4      - (2000211    3841.80104374132)(2000121    5215.46547068039)(2000201    4387.58829349151)(1000000    5688.86423446422)(2000002    5364.00026572744)(2000111    6026.46904198896)(2000101    6001.56810193297)(2000012    5525.62960310771)(2000022    3465.00192905179)(2000221    3893.73008629418)
0 2      - (2000121    5664.04439662749)(2000211    5008.36911626767)(1000000    5947.1487686)(2000022    5784.42931690659)(2000201    5191.1430880732)(2000101    5338.50249150645)(2000012    5474.34983289595)(2000002    5546.56886093975)(2000221    5696.88650830488)(2000111    6000.59611611675)
1 5      - (1000000    5697.3279029798)(2000002    4952.90743041079)(2000121    5164.26457579034)(2000201    5038.19108964829)(2000101    5995.155186431)(2000211    4210.26070266325)(2000111    4203.75830598163)(2000221    2243.01962785514)(2000012    3658.71875982398)(2000022    3222.71494207009)
2 1      - (1000000    5978.34300915914)(2000121    5777.34269410064)(2000201    5180.02863594659)(2000002    5645.94985612752)(2000221    5676.76387229473)(2000111    6000.59039782387)(2000211    5328.69920160421)(2000022    5713.25511804585)(2000101    5777.83442371002)(2000012    5760.02990419107)
2 0      - (2000012    5697.29513759194)(2000201    5505.52666306033)(1000000    5945.40734443397)(2000211    5150.83833432155)(2000101    6005.7479992756)(2000002    5375.48192126791)(2000022    5832.97160396274)(2000121    5712.37432413751)(2000111    5999.9784150994)(2000221    5801.93405926294)
4 0      - (2000211    4803.37891029427)(2000101    5980.94904564286)(2000012    5485.98960281443)(2000201    5140.83194885649)(2000002    4984.6890316071)(1000000    5815.04707484272)(2000111    6011.25058293701)(2000022    5023.52582754056)(2000121    4802.60371467053)(2000221    5316.39710798266)
3 1      - (2000211    4766.05131063699)(1000000    5940.79737546436)(2000111    6002.45609608973)(2000002    5245.69672211949)(2000221    5755.71748084083)(2000201    5352.47578004202)(2000101    5986.60440289931)(2000022    5528.5924698937)(2000012    5671.76443821603)(2000121    5470.38334740206)
2 4      - (2000211    4487.80735330409)(1000000    5633.81239595079)(2000201    4646.63186739555)(2000121    5460.60099789717)(2000221    4446.87864253541)(2000022    3914.74065534842)(2000002    5131.39031526906)(2000111    5985.4682752957)(2000101    5934.94048965484)(2000012    3902.2204450062)
1 1      - (2000201    5215.78938607594)(1000000    5944.61029074327)(2000101    6006.51411484459)(2000002    5708.68583825651)(2000022    5796.22291732857)(2000211    5180.84539252369)(2000111    6001.37936829383)(2000121    5563.13336586054)(2000221    5702.61368588695)(2000012    5813.59073079326)
3 4      - (1000000    5709.74838812532)(2000111    6013.91005722465)(2000012    5059.05527381686)(2000002    5467.43858688223)(2000211    4057.24074502937)(2000121    2298.22582501195)(2000221    4798.14568361735)(2000101    5884.6457296414)(2000201    4606.67082887181)(2000022    4271.0458305074)
3 3      - (2000211    4351.88610438406)(1000000    5741.7012551591)(2000002    5873.46858396635)(2000022    4084.10483232087)(2000012    4142.59159251275)(2000111    6010.42770116198)(2000101    5167.05863888181)(2000201    5388.0240049548)(2000121    4311.22440290442)(2000221    2376.11411218494)
0 3      - (1000000    5824.20953311925)(2000121    5598.59550914194)(2000012    5589.96101568115)(2000002    4979.22643911669)(2000111    5998.09908997827)(2000211    5065.22064472165)(2000221    5547.40427213076)(2000201    5093.19425552143)(2000022    5358.70283053289)(2000101    5997.48423309108)
0 4      - (2000002    5108.84524446949)(2000201    5078.88736421832)(1000000    5716.89090517277)(2000211    4967.07455111971)(2000221    5225.75042127973)(2000101    5973.60477880181)(2000012    5310.37117185133)(2000111    6004.79262437556)(2000121    5493.42463890704)(2000022    4969.73670112358)
0 5      - (2000022    5303.08972930204)(2000211    4730.17840957401)(1000000    5235.61025665639)(2000111    6005.30150517888)(2000012    4739.23800154993)(2000101    5897.54220180869)(2000121    4537.55392724706)(2000221    4405.20780731502)(2000002    4762.19498980605)(2000201    4997.01831888865)
4 4      - (2000101    5336.87491815694)(2000211    3593.75289632172)(1000000    5771.15650704906)(2000012    5344.9310521946)(2000111    5183.70690026797)(2000002    5032.51254602289)(2000022    4276.11090181881)(2000221    5122.63693662331)(2000121    5977.32465011878)(2000201    5422.65869066811)
5 0      - (2000221    4568.31335374243)(2000101    5880.31570574467)(2000002    3967.45735345697)(1000000    5708.42021714256)(2000111    5995.70511605328)(2000201    4840.92956900259)(2000012    5271.04036659738)(2000121    4063.7152689304)(2000211    4490.97022903884)(2000022    4973.22180981855)
2 2      - (1000000    5891.35064063022)(2000121    5834.9395614636)(2000221    5717.07085268224)(2000201    5884.86714459202)(2000012    5574.20249778473)(2000101    5739.2462503243)(2000111    6000.1966112467)(2000002    5518.30365831501)(2000211    5293.56072365011)(2000022    5710.33224440016)
1 3      - (2000201    5071.3041604787)(2000221    5404.81913421682)(2000101    5945.43441946948)(1000000    5845.06172308141)(2000022    5063.2654363868)(2000012    5505.8372607975)(2000111    6005.24559817809)(2000211    4844.45099558108)(2000002    5172.16506772551)(2000121    5096.71850987764)
3 0      - (2000002    5643.72899181639)(1000000    5960.97374247477)(2000121    5606.2721009468)(2000211    4779.10944434152)(2000111    6001.57739218834)(2000012    5586.44226740721)(2000101    5696.36165890822)(2000022    5728.68439391578)(2000221    5799.48542999229)(2000201    5347.25563112402)
4 2      - (1000000    5770.47879713313)(2000111    6004.80799054054)(2000101    5830.51790884972)(2000221    5323.73725823827)(2000012    5563.87243253314)(2000211    4819.83921100254)(2000002    5149.74877478554)(2000022    4730.30495123633)(2000201    4692.54795898572)(2000121    5021.70624382071)
0 1      - (2000211    5231.64372872831)(1000000    5924.0882442243)(2000111    6000.49457742645)(2000201    5537.158437568)(2000002    5569.64158500639)(2000101    5851.53055031376)(2000012    5711.42086993227)(2000022    5643.4580329643)(2000121    5784.41326371036)(2000221    5884.49168936188)
1 0      - (2000101    6000.87475659221)(1000000    5997.46751597261)(2000221    5713.74015988115)(2000002    5375.14955471654)(2000201    5521.87316559181)(2000121    5796.85696634072)(2000211    4885.70687048098)(2000111    6001.05516272616)(2000012    5824.7786295095)(2000022    5728.34228125247)
2 5      - (2000121    1825.92916006053)(2000002    4576.87852448624)(2000211    4078.1256486417)(2000221    3054.77808556412)(2000012    3001.89885773103)(1000000    5270.58003967553)(2000022    3943.84035390844)(2000201    4187.36087005263)(2000111    4481.93152753852)(2000101    4032.73858623827)
4 3      - (2000022    6003.30744213747)(1000000    5559.45064705343)(2000002    4993.18456484822)(2000201    5218.74520614838)(2000121    4558.14967193762)(2000111    5274.19893880592)(2000101    5378.82464229057)(2000012    5157.41099330765)(2000221    4089.61665871494)(2000211    4525.4038003211)
4 1      - (1000000    5912.72546714398)(2000211    4507.93474638482)(2000111    6011.6013136456)(2000101    5333.39080070399)(2000002    5689.61079158901)(2000221    3913.83521121651)(2000022    5373.73787210667)(2000121    2951.71488076191)(2000201    4929.19110473545)(2000012    5000.72295143026)
2 3      - (1000000    5714.05456249008)(2000201    5024.20168819917)(2000012    5128.2865707369)(2000002    5060.29211812232)(2000111    6013.00987188883)(2000101    6006.05258520001)(2000221    4063.90159131881)(2000211    4365.80188836176)(2000022    5106.96797119989)(2000121    5100.61107419315)
5 2      - (2000121    4424.57264140783)(2000211    4461.8695668224)(2000002    4469.30241488031)(2000111    6004.32384743522)(2000022    3672.45538309316)(2000101    5845.54047158976)(1000000    4448.45726700531)(2000221    2895.0364424266)(2000201    4315.04554201296)(2000012    3487.03661699826)
5 1      - (2000211    2500.84411540556)(2000101    5882.7564172748)(1000000    5275.62789651451)(2000121    3983.51075708467)(2000012    5373.61323349712)(2000201    5105.94320124632)(2000022    4441.27028741957)(2000002    4468.8064395956)(2000111    3923.73029200302)(2000221    4692.23017213091)
6 1      - (2000012    5287.6701589581)(2000002    2299.8091822804)(1000000    580.881930611642)(2000221    3472.83175568697)(2000211    55.3969403707042)(2000022    5973.59746470631)(2000101    2384.01192352199)(2000201    3285.52561965225)(2000111    3733.8264866261)
1 6      - (2000121    5861.83508998649)(2000211    1597.94656987497)(2000002    1078.99085159677)(2000221    2677.40072502001)(2000101    4341.48402966762)(2000012    3663.08177838883)(2000022    1526.29543254532)
3 5      - (2000121    1712.08700529856)(2000111    5942.17968428852)(2000101    406.384905636827)(2000012    2141.1793687673)(1000000    5060.18902704938)(2000221    2976.63178574461)(2000211    1855.68096136701)(2000002    3687.02896625695)(2000201    1246.5332405207)
5 6      - (2000211    -432.578993434288)(2000221    3245.14087528166)(2000111    5583.49849407322)(2000101    2414.63910697919)
6 6      - (2000022    3247.4808566143)(1000000    4757.15420772763)(2000012    1147.86145310918)(2000201    1712.49780627391)
5 3      - (2000201    5157.38933080379)(2000111    5995.75032958781)(2000022    4944.78658152519)(2000221    4080.30732792275)(2000012    4872.30975956314)(2000002    3776.28004289712)(2000121    1615.8321423191)(1000000    3473.81421887061)(2000211    4337.45560747547)(2000101    3238.77408909001)
6 0      - (2000012    4767.92773546718)(2000201    1996.0635547799)(2000002    4200.27999440513)(2000101    5934.45075250058)(2000221    4299.90790885875)(1000000    2729.89468892339)(2000121    2842.55562822774)(2000111    4278.54086538131)(2000211    1898.8985209634)(2000022    2408.82295460547)
6 2      - (2000201    1117.60518750153)(1000000    1560.19826176626)(2000221    1910.38722993975)(2000012    5852.10599783478)(2000211    1939.46088543637)(2000121    3012.16836539339)(2000111    2705.99200884226)(2000022    1203.03130045235)
0 6      - (2000101    5978.85658323321)(2000121    410.700205738357)(2000211    1115.89465916727)(2000002    85.1955936747906)(2000221    3444.44148516379)(1000000    3625.7066859991)(2000201    3168.01799676514)(2000022    4532.09717607791)(2000012    3184.64722198759)(2000111    1653.04777569772)
6 5      - (2000022    2228.79498902864)(2000221    342.639425596193)(1000000    4545.00813628574)(2000201    937.640285721305)(2000111    2169.41589179006)(2000012    5646.29488839515)(2000002    2119.49238463227)(2000101    2708.15850035047)(2000211    1375.71550676469)
4 5      - (2000022    177.111394287848)(2000012    1693.91107950082)(2000101    5439.11984630013)
0 7      - (2000211    4533.90864458192)(2000012    1541.65607189119)(2000022    1666.29044650595)(1000000    1366.59044650595)
5 4      - (2000101    5953.68219696856)(2000121    2324.74833849818)(2000012    2236.31968831981)(2000022    1611.37521759727)(2000211    2067.59957753306)(2000201    2685.16943195931)(2000002    2944.3669166502)(2000221    1529.55751260399)(1000000    988.242715284624)
5 5      - (2000201    -223.749092985142)(2000211    3819.11221836787)(2000012    1572.34642816222)
7 5      - (2000221    470.341643241728)(2000201    3667.82833150134)
7 4      - (2000022    3399.91010835485)
6 7      - (2000121    3221.81558978755)(1000000    1187.14582679658)
2 6      - (2000012    2522.50105654823)(2000221    1183.93278778219)
6 4      - (2000121    1613.34885677238)(2000002    1766.1777948153)(2000111    5605.97092919996)(2000211    1864.34961031097)
6 3      - (2000201    3537.76283904149)
7 6      - (2000002    4103.52486327393)(2000211    937.624993838136)
7 7      - (2000002    3569.65471145157)
5 7      - (2000101    1183.25025912346)

