377
0 0      - (1000000    13934.2724716264)(2000100    13463.4263362272)(2000211    13520.0790560843)(2000202    13663.0735864989)(2000022    10557.814129808)(2000111    15109.7948121393)(2000221    13602.1936518585)(2000012    13317.5231672206)(2000200    13515.3459465673)(2000201    10646.2869781434)(2000002    15097.1679334213)(2000102    13704.2837914233)(2000101    13649.026152519)(2000121    13467.7812600155)(2000001    12549.9980527544)
1 2      - (2000100    13348.7460299741)(2000202    13418.4628617526)(2000002    13823.1497098006)(1000000    13118.3077016134)(2000101    12780.6858349646)(2000201    13499.2628668013)(2000200    13326.6057009074)(2000001    13438.5518545255)(2000221    10770.5461317821)(2000211    13602.7167028293)(2000121    13196.9871918213)(2000012    13743.9725177197)(2000111    13002.8810651222)(2000102    13356.425749561)(2000022    13817.3593221598)
2 2      - (2000202    13685.5111688983)(2000201    13133.3274589047)(1000000    13414.4985640474)(2000101    13798.6503477331)(2000102    14009.0917717143)(2000001    13885.4654762891)(2000200    13675.8595360227)(2000221    13802.845205577)(2000022    10031.6005091403)(2000111    14198.0518304557)(2000002    14021.7671056674)(2000121    13879.8024864774)(2000211    13625.3725978255)(2000100    13698.2005653532)(2000012    14178.0222614191)
2 1      - (2000200    13784.0105116413)(2000201    13826.5439262478)(1000000    13413.0023473308)(2000202    13414.2938748402)(2000102    13685.8993382977)(2000111    14073.8082897032)(2000002    14123.8946310798)(2000100    14339.1447848601)(2000012    14088.5685354107)(2000211    14046.9547821638)(2000101    12476.2965112907)(2000001    13896.9917185608)(2000022    13121.8120631045)(2000121    13937.9073205075)(2000221    11399.3644646777)
0 1      - (2000002    13872.4657656122)(2000100    14277.2729510534)(2000200    13693.6122185252)(1000000    13630.9390851595)(2000101    14490.8514669052)(2000201    13814.7726588393)(2000121    14514.1835414564)(2000211    14279.1120956262)(2000202    13771.4998050669)(2000102    14388.2970982702)(2000111    13426.7201211617)(2000001    13457.2630453611)(2000022    14137.1217188792)(2000012    14355.276332905)(2000221    13653.6682632999)
1 0      - (1000000    13468.3000039244)(2000202    13695.0256330479)(2000001    12672.9579037544)(2000201    13425.937619274)(2000102    13781.5387960942)(2000002    13846.6872920735)(2000111    14230.9715365492)(2000200    13576.2874923554)(2000022    13956.3118257838)(2000211    14172.8429799115)(2000101    13312.7582591301)(2000100    13554.495731518)(2000221    13857.8099327182)(2000012    14379.2838319575)(2000121    10928.9409852789)
1 1      - (2000201    13812.5238349437)(1000000    13626.5560154393)(2000102    13769.3530247158)(2000200    13912.9104741776)(2000101    13914.1841237564)(2000002    13690.3481889846)(2000121    13753.0600223732)(2000221    13975.1192162457)(2000100    13270.5405569005)(2000022    12708.5535819155)(2000001    14561.4817381131)(2000111    13957.8168686982)(2000012    13791.1771529076)(2000202    13745.6524768696)(2000211    14203.1099278745)
3 2      - (1000000    13571.2689602345)(2000200    12693.964892277)(2000001    14094.2280438452)(2000101    14817.2122228473)(2000002    14314.4947229154)(2000111    11262.6626198358)(2000012    14346.4823284352)(2000202    13933.0155262274)(2000221    14652.6480020248)(2000022    13307.1581385942)(2000201    13571.669517633)(2000102    13959.2655721504)(2000211    13114.7128828438)(2000121    11843.8777141928)(2000100    14497.7609791545)
2 0      - (2000202    14158.3067628469)(1000000    13442.9176261334)(2000121    12352.7321229917)(2000001    13880.0636718513)(2000022    13626.8724321177)(2000102    13446.8086456913)(2000201    13614.7793626843)(2000221    10001.8003054468)(2000101    14336.373355613)(2000111    13834.0476647671)(2000100    13833.6505055262)(2000200    12950.5711326249)(2000211    11002.9733750007)(2000012    13759.2294757928)(2000002    13838.1172198418)
0 2      - (2000002    14000.7274566787)(1000000    13419.2493586216)(2000202    13935.7132209175)(2000101    14272.6401655288)(2000111    13880.3989965127)(2000102    13701.1169336959)(2000022    13333.5769308935)(2000201    13611.9093549968)(2000100    13880.6687521581)(2000200    13326.7679164569)(2000221    14166.5253045954)(2000121    13209.0793076252)(2000012    14023.034019388)(2000211    13788.5095511557)(2000001    14038.3985396578)
4 1      - (2000211    14124.6582205642)(2000102    14408.773241476)(2000200    13265.3248080806)(1000000    13503.1831737716)(2000121    13653.9367146737)(2000101    13230.840433904)(2000001    14602.5653055663)(2000202    14391.9333656333)(2000002    9467.55310268718)(2000100    14383.3875425775)(2000201    14289.3290785858)(2000111    12339.8024282893)(2000012    14568.767086093)(2000022    12750.2915360157)(2000221    12247.1649691722)
1 3      - (2000201    13618.5909141998)(2000202    13503.9487282647)(1000000    13410.8809661167)(2000211    12715.5684458855)(2000111    13542.0848693277)(2000012    14584.1467013106)(2000101    13719.8755345774)(2000121    13362.1154080518)(2000022    12336.6408815037)(2000102    13628.9428528221)(2000002    13079.9043290564)(2000200    13780.7701233546)(2000221    13331.336628685)(2000001    13776.3570288482)(2000100    12511.2012043051)
0 3      - (2000101    8840.19497090075)(2000100    14457.6896654063)(2000200    13903.2154275082)(2000202    14123.1626958014)(2000201    14145.1857352438)(2000002    14359.8233367361)(1000000    13499.5501587115)(2000102    11053.7839114675)(2000001    14076.0037521465)(2000022    14660.0153442821)(2000111    14684.644632025)(2000211    12125.4155163349)(2000012    14166.3387610967)(2000121    14496.5451062007)(2000221    13595.3766259607)
3 3      - (2000102    14042.8809397041)(2000002    13775.9762401135)(2000100    10394.5969787709)(1000000    13569.5801672683)(2000202    14128.0916685633)(2000101    11373.9553309298)(2000001    13839.8535522467)(2000200    13759.5578112896)(2000121    14393.1823950163)(2000211    14696.8560615102)(2000201    13906.9214989814)(2000022    9077.27459360374)(2000012    11571.5680009824)(2000111    14737.282261858)(2000221    14783.7720269688)
3 1      - (2000002    13939.2593629243)(2000012    13730.363548295)(2000022    11083.5625025993)(2000101    14245.6958559027)(2000102    13394.0292145805)(2000201    13023.1534764276)(2000100    13954.9684237643)(1000000    13441.8932714329)(2000202    13013.5744638784)(2000111    14262.9197932245)(2000221    9272.02591694098)(2000200    14032.5805184991)(2000001    13976.8915408245)(2000121    14196.0911848364)(2000211    14374.4418434707)
4 3      - (1000000    13836.6904896264)(2000100    14162.15913185)(2000201    14136.6229207718)(2000102    14266.9282382506)(2000200    13983.5429142615)(2000101    13795.4264845623)(2000022    8019.54303878283)(2000211    11736.7789089936)(2000001    1173.5100768984)(2000111    14549.5017335727)(2000002    13942.7556719122)(2000012    10361.1241540422)(2000202    14057.2262567181)(2000221    4417.37356561589)(2000121    13261.9691188525)
4 2      - (2000102    13663.9930347308)(2000200    13921.9120078261)(2000100    14560.4883906001)(2000201    14420.8588568038)(2000101    15271.3956752194)(1000000    13578.1068091122)(2000202    11412.4538472458)(2000121    8784.42985812856)(2000221    14393.4883709934)(2000111    14701.470751159)(2000001    14127.440569256)(2000002    13708.4658774758)(2000211    13358.3918254454)(2000022    9855.22426542267)(2000012    9987.59779760248)
2 4      - (2000202    13955.0754267865)(1000000    13662.388381673)(2000101    14685.5435724954)(2000022    626.637175941395)(2000111    13004.0944068199)(2000201    13919.7092033915)(2000012    13676.0241883024)(2000200    13558.1223079608)(2000002    12597.5354759473)(2000100    13920.5564952585)(2000221    7954.04107647995)(2000121    6094.10549062066)(2000211    13144.0258376965)(2000102    13633.3439375707)(2000001    11759.2438061126)
2 3      - (2000102    14168.0899864446)(2000100    14433.2347944521)(2000002    14024.4710826877)(2000101    14063.9095651478)(2000200    14120.06537818)(2000022    13045.6026147977)(2000201    14234.8152886851)(2000111    13433.9830198873)(2000202    13886.9471182123)(1000000    13506.390465272)(2000211    12251.7550899852)(2000001    14397.3142481037)(2000221    13083.9950684404)(2000012    13602.1128835475)(2000121    14056.489372649)
0 4      - (2000102    13908.7358824356)(2000002    14651.0130283359)(2000022    11934.9680188642)(2000211    14206.8860022693)(2000012    11974.8898561772)(2000101    11667.2126896854)(2000100    14507.3687707826)(2000201    14282.3569411613)(1000000    13443.8697667389)(2000200    14225.9059831336)(2000202    14224.2993254788)(2000001    11733.8065143593)(2000221    12534.1366393761)(2000111    13450.5619850465)(2000121    8280.32405122631)
3 0      - (2000101    14436.2893448128)(2000221    14157.315562403)(2000200    13701.7993834378)(2000002    13119.3473871493)(1000000    13413.1615161372)(2000100    13849.5252920421)(2000102    13968.8856349573)(2000201    13952.7026177282)(2000202    14130.5441345389)(2000001    14360.8516892815)(2000012    13415.5881110064)(2000211    13545.6412540864)(2000111    14310.8854758361)(2000022    11331.0548654377)(2000121    13587.2236379814)
4 0      - (2000221    12917.6177543392)(2000022    12451.7704186101)(2000101    14468.853547971)(2000012    14232.0531863621)(2000121    11009.7420106238)(2000211    13772.8348245619)(2000100    13461.8520455503)(2000002    14497.7905404713)(1000000    13626.0006385765)(2000201    14430.8604689118)(2000202    13897.5268767297)(2000102    14513.8860339017)(2000200    14359.8467232616)(2000001    12193.9072812168)(2000111    13858.3684299826)
5 0      - (2000200    6988.8564689084)(2000022    3222.15458536183)(1000000    13847.6441344876)(2000101    10502.3482897113)(2000201    14504.6307526902)(2000002    11700.5046654036)(2000202    12521.6508953624)(2000102    7378.63755092731)(2000100    7929.11856442224)
5 2      - (2000100    314.565844772407)(2000101    14641.5792125402)(2000102    940.402476279266)(2000201    6348.2323219222)(2000200    10874.827152248)(2000002    11564.9531829655)(2000202    4902.88632256695)(1000000    13703.7681792306)(2000012    9458.41435994684)(2000001    5744.21556583303)(2000121    6707.40845530034)(2000221    6604.6511329961)
4 5      - (2000101    10515.5461438962)(2000002    14888.3228584692)(2000102    7312.77826326183)(1000000    12232.3507715362)(2000202    1474.90988183615)(2000111    7350.99659493431)(2000200    6479.90716650459)(2000121    4586.31953707505)
5 3      - (2000101    11633.1846003261)(2000201    9217.21722204184)(2000102    12208.918880915)(1000000    14630.7864619154)(2000111    1907.98880769442)(2000012    6138.47685200631)(2000002    4209.92677910657)(2000200    6585.15786167145)(2000202    11182.1145870467)
6 4      - (2000201    9496.37590939103)(1000000    10363.3387611278)(2000202    11352.7933227789)(2000100    1219.59069898603)(2000200    5571.22905247933)
1 4      - (2000022    6876.50146730923)(2000201    13965.0796270619)(1000000    13394.1530367652)(2000002    14048.725128678)(2000102    14075.8893643506)(2000012    11428.6086128215)(2000111    10565.7369850158)(2000200    14080.2209525025)(2000101    12779.2610257005)(2000100    14414.3922283615)(2000001    14330.4746725028)(2000121    12763.1755103737)(2000211    14044.7036931115)(2000202    13792.9829274053)(2000221    11848.0402531814)
3 6      - (2000211    7155.3449496737)(2000002    -57.4868741794214)(2000200    12898.7219497082)(2000201    7636.96148185201)(2000100    4183.50738515806)
3 4      - (2000100    13470.951279892)(2000200    14158.7039306672)(2000121    2317.21162639055)(2000201    13671.4469856124)(2000012    9878.37357103317)(2000022    815.314142595234)(2000202    14017.5707958501)(2000102    12716.4639206729)(1000000    13479.0023025963)(2000211    13410.1628779145)(2000002    13781.4102186508)(2000111    12189.2558327484)(2000001    13967.7167646927)(2000221    5665.24380698346)(2000101    11269.2002972686)
4 4      - (2000022    315.245791632976)(2000002    10494.3354598111)(2000201    8060.39609572656)(2000100    12737.90298961)(2000102    8575.14509212607)(2000001    1283.62536012146)(2000202    10350.3896480178)(2000012    5819.59192561986)(2000200    14315.7405895435)(2000121    5222.79341292854)(2000211    4546.98286036846)(2000101    13056.9628877013)(1000000    13018.0516185958)
0 5      - (2000002    11853.6308153897)(2000200    10174.8628952482)(1000000    13589.4970920123)(2000201    13208.5846315968)(2000100    13571.2644024972)(2000102    12922.8948895216)(2000202    13799.5638458505)(2000101    9250.80325893853)(2000111    6711.16695018143)
6 6      - (2000201    8225.21116118072)(2000101    17124.8999948311)(2000121    8197.31868588987)(2000200    8197.33648588987)(1000000    287.329524823512)
5 5      - (1000000    9764.33670713578)(2000200    88.8518197607395)(2000201    4208.39387373934)(2000101    10279.8323638318)(2000102    4669.7470079986)(2000002    8396.98063483715)
6 3      - (2000002    12753.2472375883)(2000202    951.457338918306)(1000000    1227.10884034968)(2000102    4296.98982074921)(2000221    7418.00446910019)(2000111    4605.68188466707)(2000012    4527.4627632089)
2 9      - (1000000    15674.2052489642)(2000221    15711.3189400354)(2000211    15643.0986251095)(2000202    14838.9204304214)(2000022    15818.9990165646)(2000002    14822.5243899645)(2000100    1215.59341841184)(2000101    14969.0347296094)(2000201    15196.865323783)(2000111    15218.2678689895)(2000200    4712.7095510202)(2000012    15767.0109331764)(2000121    15052.7172586058)(2000102    15696.8109461469)
11 1      - (2000202    15263.4803121813)(2000102    564.584398719156)(1000000    4765.28118436449)(2000012    6233.94661516154)(2000100    6896.64926329933)(2000101    4044.49368048638)(2000022    8749.50339405235)(2000111    2548.90268199005)(2000200    4679.49685833843)(2000221    3057.78657496508)(2000002    2587.90836521047)(2000121    3713.01614551681)(2000211    7016.03418096757)(2000201    4001.23035120575)
9 2      - (1000000    4056.62149663594)(2000101    14293.5411930542)(2000202    3667.20793122615)(2000002    15923.8955891449)(2000211    11198.9114001015)(2000200    4580.49566247979)(2000001    1852.21611776439)(2000102    6788.13472800469)(2000100    7764.75611453351)(2000201    7891.71304056759)(2000221    11297.7127337871)(2000012    10949.2514500277)(2000121    8263.5598308589)(2000022    12282.1163978243)
0 9      - (2000201    15135.9662557699)(2000100    14775.0148365064)(1000000    15606.5096529877)(2000202    14799.0253901303)(2000121    12876.5744070115)(2000200    9956.73885876367)(2000001    6394.53621233697)(2000012    15689.2575340898)(2000101    15670.4155724137)(2000211    15684.1150802164)(2000022    15774.0770199955)(2000002    15679.5014147615)(2000221    12611.459492123)(2000102    12665.6644547243)(2000111    14812.3383512653)
1 14      - (2000201    11618.3980690808)(2000202    10947.1330251528)(1000000    10839.312492648)(2000001    4413.87740058435)(2000200    831.619321135235)(2000101    12404.5696303672)(2000100    4802.00634905895)(2000002    14973.7454718906)(2000102    9535.8687621227)(2000022    9584.95075096591)(2000211    15434.5068261498)(2000012    12469.2767866112)(2000221    15034.4423051475)(2000121    11973.2550591791)(2000111    10717.0759700793)
2 8      - (2000101    11078.909370603)(2000200    213.25103615906)(2000202    13822.5056430836)(1000000    14598.8451639633)(2000001    -0.397333333333333)(2000002    12368.2490053768)(2000012    11657.3794367124)(2000221    15135.8651437582)(2000111    12250.5779388005)(2000211    14767.0409435181)(2000121    11816.2258421651)(2000201    14837.1729523542)(2000022    8788.9194462863)(2000102    14837.681525528)(2000100    5491.29773468475)
0 14      - (2000102    13740.6900597954)(2000002    9533.22791228997)(1000000    14364.2696660952)(2000202    8277.51477422424)(2000100    4504.86621949699)(2000200    4837.60329292927)(2000201    15858.1883639109)(2000101    15861.3099510648)(2000001    3321.66625075602)(2000111    14266.6407978476)(2000221    3359.29300199723)(2000012    15834.1237828765)(2000022    11344.7861881048)(2000121    8971.07057432109)(2000211    7965.14747030492)
0 13      - (2000002    8359.37747254134)(1000000    12704.5470146732)(2000202    14209.4871071291)(2000100    5038.07470138346)(2000001    654.643213053513)(2000101    14681.4475071164)(2000102    13906.3782193612)(2000201    15327.8971976786)(2000022    13245.2252985085)(2000111    10533.7451991183)(2000200    5675.2447331616)(2000211    2535.69241066178)(2000221    11406.5638654406)(2000121    8562.88906289404)(2000012    12169.5644641284)
0 12      - (2000102    15246.6135141739)(1000000    14557.1637856851)(2000202    15500.7030271141)(2000201    15499.4278170698)(2000101    15460.3958734345)(2000002    15256.7396578326)(2000200    1884.79319123909)(2000121    15228.7991955338)(2000211    15418.2037492109)(2000100    10457.2716466976)(2000022    12584.2748008785)(2000221    15105.2015382917)(2000111    14964.0356594664)(2000012    12491.8817324016)
2 11      - (2000001    929.925619418892)(1000000    11361.3386745651)(2000002    14382.3015685711)(2000201    13966.7006481948)(2000101    12604.1067704488)(2000211    13441.3513682731)(2000012    15698.4803633858)(2000121    9413.12659054322)(2000111    12472.6348661591)(2000200    2784.91947675988)(2000102    9984.48846023598)(2000202    12689.036566845)(2000022    10229.5490178217)(2000100    8289.7744109441)(2000221    3969.95569614648)
2 14      - (1000000    16575.7338492391)(2000102    10175.6142979694)(2000101    16572.2847312401)(2000202    16248.3476199109)(2000201    16297.29143938)(2000002    14124.2223798237)(2000100    -101.560467941897)(2000200    667.617590620925)(2000211    14204.374473207)(2000022    12714.8828223891)(2000012    7463.89012224454)(2000121    9139.22028422611)(2000111    8269.58040173725)(2000221    11306.684238544)
13 1      - (2000202    6231.18396191014)(1000000    16158.8682938882)(2000100    5173.39454964776)(2000002    5752.75143823305)(2000211    1690.80355602364)(2000200    2517.54585677365)(2000102    2989.23643490633)(2000111    7905.89866540462)(2000101    4813.50449804748)(2000001    3060.96924589113)(2000012    3034.82278307829)(2000201    5648.73242899901)
1 9      - (2000100    9000.72780090773)(2000201    11756.3911746244)(2000101    15818.6016462903)(2000200    6249.25114237217)(1000000    12400.8972226293)(2000102    15757.7047336599)(2000002    15830.3910444933)(2000001    4275.41361160344)(2000202    12908.5824306594)(2000012    13981.2442689129)(2000111    15824.9194282372)(2000221    15829.5191526353)(2000211    14151.8376817653)(2000022    15836.9151775199)(2000121    12412.7581223407)
1 13      - (1000000    12785.8463325941)(2000202    15130.8176401219)(2000101    8576.07833541232)(2000100    2115.13059635411)(2000002    12663.6587712262)(2000201    10629.8301234571)(2000200    3967.63237684612)(2000102    14876.2240302129)(2000221    11937.0548110444)(2000121    9745.40860418258)(2000022    6645.00897885562)(2000001    3199.63371431129)(2000012    10360.015640587)(2000111    14824.9154772178)(2000211    9282.09773489961)
3 9      - (2000002    14756.1351209646)(2000100    1446.54839832405)(1000000    -142.672225909851)(2000102    7648.05360977227)(2000012    12816.8215664509)(2000202    12939.7397006701)(2000211    13401.6748947908)(2000201    14230.8322617163)(2000121    9434.98983051115)(2000101    7940.70318551207)(2000022    5810.11315029129)(2000221    5556.91126798493)
3 10      - (2000101    972.202742788971)(2000102    14187.0206654825)(1000000    10156.1581813054)(2000022    8726.58077334622)(2000012    8889.75467616609)(2000202    7716.54220279785)(2000111    5156.29646191137)(2000121    4339.6924603297)(2000002    4529.63965499256)(2000201    4160.2743264633)
0 15      - (1000000    13551.0974611159)(2000202    3193.54412413583)(2000101    1958.9769841102)(2000211    9900.28093824694)(2000012    12280.4203969613)(2000102    5643.90203759214)(2000201    15644.5210049508)(2000022    11723.1846701203)(2000002    12857.9070549396)(2000121    8396.31142512209)(2000111    4749.26886630066)
5 9      - (2000101    28.0930762734465)(2000200    14791.4580374697)(2000202    9093.48722860145)
2 12      - (2000102    7308.90659358062)(1000000    4318.23966946197)(2000201    11034.4031831779)(2000100    2557.38936953158)(2000101    9183.96599390636)(2000200    444.553781488265)(2000002    12308.3664029029)(2000221    10529.3932943729)(2000202    14698.3137939473)(2000111    12296.920697242)(2000211    7895.98072443256)(2000012    4110.34923385976)(2000121    7507.58212234462)
14 1      - (1000000    15800.9182241125)(2000100    1558.31576088447)(2000102    10064.6613622282)(2000002    3352.69799897408)(2000001    3287.39586522817)(2000101    6302.02155525808)(2000022    5478.0359542729)(2000201    1284.4433864319)(2000200    5148.96901302883)(2000221    8027.11268425839)
10 2      - (2000100    5381.17299232877)(2000201    12127.3016721408)(1000000    5808.49822086932)(2000200    1320.94297130131)(2000101    3512.66195399239)(2000202    5334.24027411149)(2000211    3377.61075249989)(2000022    2743.1225827239)(2000111    3227.23435177177)(2000221    13769.2061390847)(2000121    5364.40446709293)(2000002    4606.07579106107)
13 2      - (2000201    15305.2290481625)(1000000    9876.84353962409)(2000200    2199.95473982671)(2000100    3738.0156347455)(2000101    2949.84249024985)(2000221    1916.31131354605)(2000002    2687.86261848936)(2000202    10861.0906786236)(2000001    2442.84610440472)(2000102    2361.36464242784)(2000121    8222.12886762146)(2000022    4507.16513100684)(2000111    4664.94300140349)
14 0      - (2000022    542.30602221224)(2000102    10780.7096733909)(1000000    5028.68190473162)(2000200    939.706701935271)(2000002    12656.4866023806)(2000201    15370.2161493364)(2000001    1172.95111918406)(2000111    4284.9001200014)(2000012    2052.18105278439)(2000100    1305.82615877541)(2000211    8163.26711820864)(2000202    5639.97741135615)
13 0      - (2000102    8542.70470551009)(1000000    7313.59249741467)(2000201    14862.3722690784)(2000001    378.823917299285)(2000211    2116.3950631127)(2000111    2102.29475444717)(2000202    3036.36409167676)(2000002    7292.94685735688)(2000101    5206.62430225413)(2000121    7021.74913404445)(2000012    10917.7146221591)(2000022    10151.3657913165)
1 11      - (2000201    10216.1891896755)(1000000    13993.8182187655)(2000102    13391.1445872561)(2000101    14400.4706777145)(2000002    11254.8505823406)(2000100    4713.1591070358)(2000211    14781.6433647216)(2000012    15365.9671629922)(2000202    13145.5360651428)(2000022    11396.2545309587)(2000001    3598.01358628451)(2000111    14868.7373454492)(2000121    7248.81267180645)(2000221    12193.2251174074)
10 0      - (2000202    6742.90148339298)(1000000    11254.1417431502)(2000111    5387.44459012907)(2000012    15635.4373641082)(2000102    3123.04178430796)(2000100    4264.88344831276)(2000002    5462.34592926801)(2000101    3110.26291175314)(2000201    5908.20132436106)(2000200    3263.91447638497)(2000221    7141.94486781595)(2000121    8121.46145740268)
3 12      - (1000000    14389.38361541)(2000101    15532.9093384343)(2000012    6006.57830927071)(2000111    554.445948962018)(2000022    6612.31727699539)(2000002    3726.29559122159)(2000121    11310.3329548584)(2000201    8082.16302150829)
0 8      - (1000000    14157.8960302183)(2000100    4618.71197501096)(2000101    12935.5762738558)(2000002    12566.6993112054)(2000102    5244.04625403555)(2000200    8905.19504995844)(2000001    1011.35061715682)(2000201    15386.8713696254)(2000211    14742.9311662829)(2000221    15004.3718757066)(2000202    5428.44723040537)(2000111    15156.6780312683)(2000022    16255.2493187203)(2000012    13680.0094709865)
4 14      - (1000000    -500)(2000202    -750)(2000102    16695.2441004669)(2000100    658.219672001773)(2000201    16726.7593195498)(2000022    1589.48298650913)(2000012    4706.57665560413)
1 10      - (2000200    11106.6273110855)(2000102    15504.9934455784)(2000221    13854.161915513)(1000000    15516.4227108401)(2000201    15501.142757805)(2000101    15373.7771979487)(2000002    15518.3996531462)(2000100    10793.1653310035)(2000211    15318.1789129379)(2000202    15509.5514569956)(2000022    14879.0946000764)(2000012    15719.3749737536)(2000111    11061.7689637964)(2000121    14651.335026287)
4 11      - (2000202    5132.3836722032)(1000000    7947.65395183631)(2000100    -471.832438771385)(2000201    616.335143328692)(2000101    17603.2638626975)(2000211    7119.39549350805)(2000221    9098.3685625848)
0 10      - (2000001    5421.52792436302)(2000200    3652.95313935111)(1000000    5762.08818424536)(2000002    13818.3999811091)(2000121    13622.4352676074)(2000100    5304.86198431566)(2000012    15940.9395726649)(2000101    9252.74696649554)(2000201    15675.4113809546)(2000102    15712.2646890642)(2000202    15920.1165941742)(2000111    15927.7945849922)(2000211    15938.6950928031)(2000221    15840.9746490321)(2000022    15931.9237998245)
12 0      - (2000201    9783.57870039017)(1000000    14490.3680948713)(2000202    13646.3522968053)(2000211    6009.42587535089)(2000102    9763.4879505393)(2000200    4166.84375806548)(2000001    2644.42500562033)(2000101    11172.4256021706)(2000111    12401.4413161827)(2000002    10781.3596882356)(2000100    3224.79229443774)(2000022    3161.56637688751)(2000221    3507.27063563697)(2000012    7855.04375478732)(2000121    4063.47406269937)
10 4      - (2000200    864.280305093786)(2000101    4744.9628006931)
4 10      - (2000102    -659.969564623285)(2000100    31.3094507351442)(2000221    5898.4310420185)(2000012    12263.0378756202)(2000202    6324.73216644881)(2000111    8932.73568409386)
4 9      - (2000001    596.844904565187)(2000200    279.821117738091)(1000000    5128.72046979429)(2000202    745.61611538604)(2000022    3808.03240981171)(2000012    4328.67318531137)(2000221    11851.274526175)(2000002    13164.375557558)(2000121    4567.16202619077)
1 16      - (1000000    12308.5556170149)(2000100    5343.40977159511)(2000111    12249.4560591253)(2000211    9741.10632849521)(2000101    11556.5135402432)(2000102    16549.8538511377)(2000002    8381.01420673432)(2000201    4715.67738902513)
4 12      - (2000200    -16.7060475384347)(2000100    -0.442666666666667)(1000000    16922.6967094545)(2000002    5831.23804285717)(2000101    15658.9253501298)(2000111    7467.30716945497)
2 13      - (2000201    14848.1565687755)(2000200    -809.309432697843)(1000000    11809.1384390007)(2000111    11236.3260619485)(2000100    4334.35442102419)(2000002    4532.68063996193)(2000102    5918.66578852254)(2000202    8238.69068240808)(2000101    6609.50049748117)(2000211    717.30650348941)(2000022    13507.4411218724)(2000012    10916.1847756311)(2000121    4485.04066501683)
14 2      - (2000100    254.14883064373)(2000202    10990.7962841338)(2000002    3056.98163877855)(1000000    8242.04201870322)(2000102    15236.5201719271)(2000221    4705.15901796048)(2000111    9259.69134613573)(2000200    1128.37019768752)(2000001    2395.98376198386)(2000121    8359.60679963642)(2000022    2317.71962352837)(2000211    14366.7443636522)(2000012    8157.83569323038)(2000201    8293.37479862694)
4 13      - (2000200    1046.97925500486)(2000002    783.462248867433)(1000000    9857.88950585333)(2000211    8331.28428524895)(2000012    15995.040774921)
4 15      - (2000002    152.17640730616)(2000201    5634.04292839564)(1000000    16704.5836121148)(2000101    7121.75802022891)(2000202    8663.36864092416)
3 13      - (2000201    7574.50108459063)(2000001    649.29524232307)(2000200    5025.74847156514)(2000202    6142.35291253788)(1000000    10434.7480398147)(2000102    15897.3020337612)(2000121    6077.66284287392)(2000101    5979.45383842677)(2000221    8560.85941579335)(2000002    13459.6635302144)
11 0      - (1000000    13826.0758856043)(2000101    7477.99993130375)(2000211    144.471650829804)(2000102    5909.59289461623)(2000202    5102.95952169512)(2000001    3293.57921369715)(2000200    2001.45851812015)(2000012    8309.70101644772)(2000111    5195.34465075946)(2000002    8481.6250636154)(2000201    3456.63357889707)(2000022    10164.8349235305)
1 12      - (2000101    14087.6423481306)(2000202    4623.72113290069)(2000102    10966.3768277173)(2000002    12795.4956295058)(1000000    10362.9074896078)(2000100    5566.15850040788)(2000001    1157.43062813156)(2000200    4870.74441841862)(2000012    15281.0346056672)(2000221    10068.9027612433)(2000211    12990.5280506554)(2000201    14217.7920694931)(2000022    9480.52405524861)(2000111    9423.85383776617)
0 6      - (2000201    16395.6463332596)(2000121    1575.80100162273)(2000200    4881.16593617866)(2000001    7970.96536217066)(2000100    5523.80222423607)(2000002    5417.03188600706)(2000101    13.5465381367233)(2000211    7832.79581766839)
9 0      - (2000202    12240.4568684559)(2000002    14957.9681125845)(2000101    13096.9625749249)(2000201    13565.0621264832)(2000211    13214.0086672506)(2000200    2456.17868937311)(1000000    12274.8726130864)(2000111    14524.3954095223)(2000012    13153.8446341998)(2000221    6616.00443249831)(2000121    14928.945441348)(2000022    9058.77241263116)(2000102    4061.60711227347)
11 2      - (1000000    5587.03275486379)(2000111    8010.19003970903)(2000012    15598.8631704402)(2000100    1947.70264099162)(2000201    1499.77144252678)(2000202    11183.345560049)(2000002    7341.84168514573)(2000022    2405.33510758535)(2000102    4278.86419055238)(2000221    6227.54769787089)
12 1      - (2000202    2713.1065483221)(2000211    8964.437854306)(2000102    4837.5471150232)(2000012    549.156323131385)(2000200    1534.40581999628)(2000001    4777.18773703755)(1000000    13619.8887176371)(2000111    1422.52898733337)(2000022    1499.96183902043)(2000002    5803.40215011401)(2000201    6903.50370893257)(2000100    1579.82772509969)(2000101    5030.68510598756)(2000121    3527.41988141725)
12 2      - (2000101    9447.38052838674)(2000200    3088.27760689208)(2000002    5857.04340201886)(2000211    4604.46536293084)(1000000    4260.15409491707)(2000201    8900.2646850528)(2000111    4914.17463731726)(2000202    2441.08401817324)(2000100    2656.84941546882)(2000102    14575.6561337723)(2000121    3801.69998280251)(2000012    7364.70591952853)
4 8      - (2000100    987.185126671883)(2000001    266.003700735144)(2000200    -500.221333333333)(2000211    10988.0393162359)(2000101    10005.5952890782)(2000201    7286.31427167766)
2 7      - (2000101    16599.7117786529)(2000201    3401.53576892407)(2000002    3138.35253269656)(1000000    7453.28671507581)(2000102    7186.46136542773)(2000111    6915.58373029452)(2000202    6100.63538907399)
1 8      - (2000002    11057.5503129245)(2000102    7783.81286724664)(2000200    3026.14076256148)(2000202    15126.9629266104)(2000101    9341.94817626188)(2000022    15873.5723731348)(1000000    12138.8986651139)(2000111    15575.1242012692)(2000201    12198.2766844035)(2000221    8414.82176446047)(2000121    7504.70582721104)(2000012    13090.3876998957)(2000100    13890.5883894032)(2000211    15118.7420686773)
1 7      - (1000000    8319.63791878473)(2000101    3652.21896213324)(2000211    11243.8777471569)(2000202    10712.3767805077)(2000002    7724.52501494891)(2000200    7192.92356645192)(2000102    8276.49930696438)
2 15      - (2000200    -495.67735470568)(2000102    1712.00234560414)(1000000    9450.93495692956)(2000221    882.627493720589)(2000201    8651.051866534)(2000100    132.703183700905)(2000202    9458.47177894041)(2000002    11476.0016956799)(2000001    2461.80234560414)(2000101    13058.0196447166)(2000012    11282.0449842938)(2000211    15821.5036962603)(2000111    14593.7500509999)
10 1      - (2000200    8076.74656348204)(2000202    7468.55461339268)(2000100    887.873239217945)(1000000    14651.3412832311)(2000001    6420.10565677117)(2000201    2776.49733686111)(2000111    11226.2719334969)(2000002    7002.01346668955)(2000101    3685.69651370558)(2000012    3742.09415361618)(2000022    9482.2921078738)(2000102    5410.97857036202)(2000211    9252.17296583863)
0 11      - (2000101    13091.5053553686)(2000200    3090.87982869461)(1000000    14625.0191919113)(2000012    12730.4611447521)(2000102    2661.7716591295)(2000001    4535.31649617883)(2000201    13492.6267278037)(2000111    15060.2165090713)(2000002    14797.5371754636)(2000100    6355.44010013951)(2000022    3427.92776187498)(2000211    14520.2270227143)(2000221    13617.6867950263)(2000121    7594.21505913325)(2000202    13475.892663953)
7 3      - (2000001    73.9738225455372)(2000100    5657.50700240674)(2000102    862.79041885418)(2000101    1683.92581775408)(2000121    5738.86554483425)
2 10      - (2000201    14021.0924478157)(1000000    14866.181881913)(2000002    14817.6421384815)(2000202    14746.1772587496)(2000101    14878.9685504953)(2000100    8075.61332427055)(2000012    13635.9322011468)(2000111    15478.6597847966)(2000022    15410.0045407559)(2000102    12776.7944822592)(2000200    10230.7624738659)(2000211    15028.814523425)(2000221    14574.7920054533)(2000121    15484.9663659393)
9 1      - (2000200    2764.83331256763)(1000000    3653.49889244499)(2000201    13458.5879453139)(2000202    11710.2357811408)(2000101    11930.2067418771)(2000102    4700.94032823783)(2000002    14741.4293791904)(2000100    6918.50446910019)(2000211    5305.5622382878)(2000111    11692.8977783181)(2000022    13086.0513021112)(2000221    5615.78637214774)
3 14      - (2000201    -12.5223186308457)(1000000    16255.6155988034)(2000012    2129.35404153089)(2000101    6371.57714333512)(2000200    3362.38518038551)(2000102    8633.41218642871)(2000211    8218.92927850916)(2000111    8290.42743965119)
13 4      - (2000002    5882.06565001765)
2 6      - (2000022    930.949615264507)(2000012    3009.34354008098)(1000000    14266.0242158823)(2000102    1105.56615566754)(2000201    1703.98336026702)(2000101    5701.49750267947)(2000100    1857.93406344315)(2000200    9358.59903552831)(2000002    2781.23424932449)(2000202    3806.43635412098)(2000001    11508.3162457203)(2000221    7607.5035200259)
0 7      - (2000102    12532.0451134156)(2000001    1118.07734987515)(2000100    1211.64506824117)(1000000    711.94373490784)(2000202    5229.54726383141)
4 16      - (1000000    -217.707800640422)(2000201    4895.42354255779)(2000102    2436.28893629678)(2000211    7150.66462926078)(2000101    8453.10596035778)
3 11      - (2000202    -3.52419874578396)(2000201    4210.40712986222)(2000221    7222.14604245851)(2000121    14604.3537759135)(1000000    9746.03723717918)(2000101    14713.9592298221)(2000102    10436.0192414075)(2000022    8927.06530603371)(2000002    5493.57806885016)(2000012    4429.46643855324)
12 3      - (2000202    15225.606288234)(2000101    5036.96676948645)(2000211    4898.20261614482)(1000000    4847.90767300383)(2000102    4578.23867233928)
1 15      - (2000202    1866.50326325732)(2000201    6060.63512267062)(2000102    15828.9654883776)(2000101    14805.9679999266)(2000211    7616.87320344671)(2000121    7643.11067518445)(2000111    9126.96198892551)
1 5      - (2000221    548.784642666667)(2000102    1539.11639051525)(2000200    9222.91231417204)(2000002    15810.1317834267)(2000201    11546.793428275)(2000101    10852.0393578333)(1000000    13400.8366482014)(2000111    2514.27932283857)(2000100    8178.83232916386)(2000202    3262.48070842753)(2000001    4894.53528857326)(2000211    7374.01907578554)
8 0      - (2000111    700.169793721548)(2000121    1433.30000101259)(2000202    13406.5187216208)(1000000    2088.36055669489)(2000100    7255.80770529802)
9 3      - (1000000    409.951460488063)(2000102    273.300973658708)(2000101    13453.5319978548)(2000111    3997.20562635828)(2000221    4080.35760032409)(2000201    4035.62482872813)
3 8      - (2000101    9031.59536128413)(2000201    4677.08786668045)(2000221    9118.60297410678)(1000000    7399.23731762492)(2000121    12677.8557151483)(2000202    14350.8529759754)(2000211    9932.64392476231)(2000102    14790.0199679461)(2000111    8545.11840793539)(2000012    7947.38128950885)(2000002    15573.094948285)
1 6      - (2000002    10746.5659120902)(2000211    1314.61451938571)(2000001    4256.46148365495)(2000201    5327.97782605807)(2000100    2759.4821196374)(1000000    12193.2198315008)(2000200    4858.33692295223)(2000202    10940.4406561989)(2000101    7256.81063229507)(2000221    7816.04175590407)(2000102    9439.1400245034)
6 2      - (2000201    5074.99741062922)(1000000    14930.4187539366)(2000100    3859.56715855078)(2000202    5400.95451988643)(2000002    10729.6354839355)(2000102    4880.943717261)(2000111    7234.31622491508)(2000211    5468.69608899753)
5 1      - (2000201    6530.75958811659)(2000102    11025.2453619222)(1000000    14185.7798599223)(2000101    11919.603658221)(2000100    14586.5485616117)(2000221    5365.39894274825)(2000211    7946.94502610041)(2000200    5720.23061335563)(2000001    6678.79189289505)(2000202    13891.5493798954)(2000002    12494.4568153784)(2000121    7958.00202616345)
2 17      - (2000201    5987.37295393064)(2000001    609.63291748992)
10 3      - (2000101    12542.3832854504)(2000022    4664.68834670828)(2000201    4096.35440233413)
2 5      - (2000211    6305.26927837899)(2000221    2374.48875032616)(2000202    5008.54667399058)(2000001    4103.98601888004)(2000101    11820.7395657085)(2000102    6000.26350804217)(2000022    3451.67412272318)(2000002    13987.337490829)(1000000    13285.3467319026)(2000100    14563.5116854306)(2000200    10973.3686445132)(2000201    10354.1368629477)
2 16      - (1000000    5971.0826561219)(2000200    862.695915429175)(2000111    17711.8790859366)(2000201    12112.4034696391)(2000101    8881.80792056338)(2000221    9124.75871847634)(2000202    5670.98089687986)
3 15      - (1000000    11938.6649765854)(2000022    3331.02002680281)(2000012    12060.4739656482)(2000221    12420.2052936799)(2000101    14992.7014362535)(2000102    13847.7504937011)(2000211    9082.54963828284)(2000002    4379.88672509382)
0 16      - (1000000    15504.4716124433)(2000111    5415.5778795057)(2000201    11676.8712095169)(2000102    8659.75167663548)(2000002    8012.02987479857)
3 16      - (2000100    6107.01837852599)(2000022    6201.58196888203)(2000101    14760.0168528565)
5 4      - (2000001    16086.8812112859)(2000102    8735.37929664998)(2000002    12983.4071038827)(2000202    3605.91825780285)(1000000    13753.6551432724)(2000100    8342.57384256229)(2000201    2959.60481280078)(2000111    10796.1948647065)(2000101    7826.84234154779)(2000200    7312.80734510727)
15 2      - (2000111    13201.7129249942)(2000002    4724.00399696369)(1000000    8051.36983289638)
3 5      - (2000202    7515.30902323161)(2000002    14010.0253840275)(2000201    10700.6634489112)(2000100    13070.3750098638)(1000000    13287.4856393535)(2000001    6085.05444973309)(2000200    603.035123678033)(2000101    9431.56731595084)(2000102    9174.72618412795)(2000111    7749.46994715205)
6 1      - (2000102    3756.66865465794)(2000201    2664.60841252315)(2000100    7554.46262512017)(1000000    8122.5166925298)(2000200    15332.0018534793)(2000211    7550.57434215517)(2000002    13957.1289073275)(2000202    7594.7898120209)
15 0      - (2000022    3470.72199385963)(2000101    15087.5141354518)
6 8      - (2000001    1792.42689000414)(2000002    14900.8976041296)(2000202    8240.77714233083)(2000121    10252.9887452213)(2000022    8812.19187156939)(2000111    5131.27348400063)(1000000    13386.6412645236)
6 5      - (2000102    15657.5436418254)(1000000    555.215233196574)(2000001    8089.98633239922)(2000202    8588.60334347463)(2000100    6877.3770865867)(2000111    8440.02377623753)
6 0      - (1000000    2659.52504877775)(2000002    13238.7461915229)(2000100    3083.99400502785)(2000102    4106.18188466707)(2000111    6602.62994161529)(2000202    5539.67260262817)(2000101    5112.9701197574)
3 7      - (1000000    2807.63240981171)(2000211    3430.10658494416)(2000202    2743.86949737793)(2000002    14299.6153671505)
5 6      - (1000000    16670.1560861388)(2000102    11573.6278864454)(2000001    8362.02468406555)(2000100    14288.5531718859)(2000202    13402.4184192308)(2000002    8281.64186915076)(2000200    7678.28080653812)(2000101    8147.62452408317)
9 4      - (1000000    8235.55415526928)(2000211    4111.66844235293)
13 3      - (2000211    14863.1429626189)(2000002    4691.29357835767)
5 13      - (2000211    9851.44994871519)(2000101    3084.89008401132)
4 6      - (2000101    16301.8240212531)(2000100    9780.4611952844)(2000201    13007.691682848)(2000200    9294.4580628008)(1000000    10167.1093242135)(2000001    7535.33626391146)
8 1      - (2000002    15498.5363792734)
16 0      - (2000012    12493.9484769927)(2000101    4957.53622599921)
7 6      - (2000002    15021.0531555895)(2000201    10257.4167206202)(1000000    13504.5092000867)(2000101    8084.28350429968)(2000102    6710.07278441514)(2000221    12077.7506813095)(2000022    10864.2698498711)
11 3      - (1000000    15029.6252081627)(2000111    4759.39878222435)(2000101    4654.05600099053)
8 3      - (2000221    13875.7169481906)(2000211    9379.79623776572)(2000101    3992.14071154078)
7 5      - (2000100    5635.78184477868)(1000000    16088.6797686453)(2000002    8079.95497119634)
7 4      - (2000202    5549.79688256281)(2000201    9075.14532384422)(2000002    13886.6560167236)(2000221    4160.26315959091)
7 2      - (2000012    15333.8746132831)(2000121    -300)
15 3      - (2000002    15066.2774334369)
4 7      - (1000000    6349.59759551363)(2000101    13945.6287303088)(2000200    8261.15231321838)
7 9      - (2000100    14611.3418085153)(2000002    11008.6524991488)(2000012    7451.57002533439)(2000101    10903.4486400619)(2000221    8063.42765033436)(1000000    13536.9505823608)(2000201    4711.34171490705)(2000211    4304.18613342759)
8 7      - (2000202    13470.0146362009)(2000102    8010.17562551951)(2000221    9749.68412742646)(2000100    9514.51208674651)(2000022    7400.47776121615)(1000000    13668.6859255478)(2000201    9559.20656821323)(2000200    4579.38388035778)
9 9      - (2000200    12812.7780297459)(2000201    13199.2034189211)(2000100    12960.8310266418)(2000002    12797.7047533363)(1000000    12910.2930945518)(2000202    12534.4628720181)(2000101    10077.8258841092)(2000102    11483.7256829027)(2000211    7246.78106367879)(2000221    10986.3951445796)(2000012    10863.2696107953)(2000121    4533.31206332342)
9 10      - (2000101    14317.7033517246)(2000001    8626.03066541228)(2000200    13353.082911562)(2000002    10965.4022270669)(1000000    13477.2891758627)(2000102    12894.1635759556)(2000111    8315.65680551576)(2000201    10816.3566536291)(2000100    9019.76521645888)(2000202    13311.4901682925)(2000012    12633.8883381761)(2000221    9172.53549336556)
11 12      - (2000002    10017.3887175652)(2000001    7297.15941681268)(2000101    14865.0987468262)(2000100    7447.34385918384)(1000000    7189.78846768565)
11 11      - (2000202    -1375)(2000002    7756.41939135253)
14 13      - (2000202    13726.7720142342)(2000200    13695.2790230118)(2000001    13578.0811707335)(2000102    13346.1768216052)(1000000    13404.0620593784)(2000002    11452.3023164273)(2000100    15120.1132956634)(2000201    14118.5607849004)(2000101    13698.8729225578)
12 12      - (2000001    14171.7215190773)(2000101    14185.5729655837)(2000202    13087.3263957821)(1000000    13297.2760100119)(2000201    14119.9387565911)(2000100    15140.7021413526)(2000002    13942.9443420297)(2000102    13284.7396005259)(2000200    14056.4810840318)
14 11      - (2000100    15549.3590595896)(2000202    16953.2672845473)(2000102    16488.1229253134)(1000000    16075.3902431928)(2000101    17198.8308839005)(2000201    17927.5537111556)(2000001    17251.2198657042)(2000002    17595.1202402189)(2000200    17517.5032161015)
14 12      - (2000102    13030.9347197549)(1000000    13344.086325204)(2000100    13781.4402578875)(2000101    13769.8766427674)(2000001    11227.5581973068)(2000201    14439.1302004986)(2000200    13959.0190734156)(2000002    14156.3871524171)(2000202    13517.2140912443)
7 10      - (2000001    7264.08985690509)(2000202    13553.7301228755)(2000111    7903.62568004255)(2000101    10286.4386526894)(2000100    7641.09496311956)(2000102    7563.44761476246)(1000000    11325.7103955922)(2000012    4271.1871508435)(2000002    4502.8584817485)
10 11      - (2000202    13638.1183588464)
9 12      - (2000201    11068.2316118646)(2000100    6775.6263009672)(2000101    6730.5139754239)(2000102    8321.59411276786)(1000000    13596.908240951)(2000002    10723.8624988371)(2000111    4134.4625935772)(2000211    7222.5110647749)(2000202    8556.21597888743)(2000200    4170.49871278088)(2000001    3774.63075485745)(2000221    1861.95404480312)(2000012    4273.15182546067)
11 15      - (1000000    10753.3301968779)(2000101    16095.1141251424)(2000202    16112.1434518933)(2000200    16063.0678163812)(2000201    14040.5400642326)(2000002    14051.3201930391)(2000001    15478.5222525551)(2000100    14953.3021196252)(2000102    8175.95317542242)
10 9      - (1000000    13908.8394180609)(2000101    13533.8530876597)(2000202    12114.3826503817)(2000102    13068.8395771585)(2000100    14532.0473836598)(2000201    12139.8377105401)(2000002    13196.8909517869)(2000200    12066.0418911373)(2000111    11039.9176103305)(2000211    10262.3557703543)(2000012    4418.9498528423)(2000001    4059.61421509794)
13 9      - (2000202    13513.2047323647)(2000102    13120.4888462535)(1000000    13497.8845308169)(2000101    13118.7851101983)(2000100    14256.8322230426)(2000200    13612.1740361271)(2000002    13240.4024119598)(2000201    13575.1551970924)(2000001    13963.3702667683)(2000221    1750.37501193864)(2000022    5250.00007154286)(2000211    3899.29860544562)(2000121    4317.02508251052)
15 11      - (2000100    14297.0715194459)(1000000    10839.6823963197)(2000002    17616.3250841965)(2000202    12955.1080808122)(2000101    13971.0886342962)(2000001    14291.3883623724)(2000102    15090.6047870654)(2000201    9097.3564182392)
14 9      - (2000101    13586.7363744539)(2000102    14121.390493174)(1000000    13688.7763120745)(2000100    12771.7975183783)(2000200    13698.6373564682)(2000202    12456.7498743943)(2000201    13589.8251823204)(2000002    12865.8996092831)(2000001    14315.9786723587)(2000221    4164.94170010137)(2000012    10458.8811830024)(2000211    4360.5827507686)(2000121    4290.58366191262)
10 14      - (2000101    15628.2566184574)(1000000    14808.1342445751)(2000002    15690.4445805163)(2000102    14702.5272656511)(2000202    15457.7913277087)(2000200    15625.6319102798)(2000100    15844.7940137641)(2000001    13513.8970518392)(2000201    15498.0690468704)(2000211    4000.31086928985)(2000022    4376.5861492249)
7 11      - (2000101    14261.3843205776)(2000111    -0.5)(1000000    11251.4898134313)(2000002    7163.9314800165)(2000202    10742.962457885)(2000102    4342.5633510753)(2000121    3937.16364064352)(2000200    3981.52577783223)
12 15      - (2000202    12667.2470105464)(2000200    14004.0017744316)(2000100    13436.9469517643)(2000001    10655.1708365446)(2000101    14156.6339480847)(2000002    12206.6083398668)(1000000    12790.0217800263)(2000201    14641.7068918972)(2000102    7469.61796814141)
11 17      - (1000000    11830.6583566012)
15 14      - (1000000    13198.4429232884)(2000101    14392.4801340002)(2000100    14238.3198295986)(2000102    12305.1727114477)(2000202    13358.2519661439)(2000001    14147.7938411432)(2000200    14505.8615523474)(2000201    14007.5220453739)(2000002    13969.7459786096)
9 11      - (1000000    12272.4826974019)(2000101    11943.3578058993)(2000202    10630.9781889802)(2000200    10177.7936845083)(2000002    10844.0252716363)(2000102    13246.9623952585)(2000211    7986.67639730266)(2000221    5370.23116298272)(2000100    7936.39022884211)(2000201    7358.76808297426)(2000012    8698.1391302372)
7 13      - (1000000    13533.0689312137)(2000102    3814.77708519736)(2000002    -0.3)
16 12      - (1000000    14376.5417248132)(2000201    15240.0627390361)(2000202    9936.73933519157)(2000001    3843.98862610932)(2000002    10711.5501026006)(2000101    8078.62920615325)(2000100    5039.56392843275)(2000200    4589.71249908061)
14 10      - (2000201    14086.6622829311)(2000001    15297.0443356013)(2000200    14357.308310912)(2000100    14027.5421926248)(2000102    12683.7819081288)(2000002    14012.5602169408)(2000202    14125.0616417001)(2000101    14269.2345784139)(1000000    13404.1419044011)(2000012    9554.29268800587)(2000022    4471.16711135598)(2000111    7337.58660392342)(2000221    4258.14919184925)
13 8      - (2000200    13265.8246558514)(1000000    6724.7814242544)(2000202    1307.79792557304)
10 8      - (2000002    13308.7487503895)(1000000    13146.3380633218)(2000201    8134.34096626178)(2000012    8314.85303580623)(2000202    3897.99206888599)(2000111    7610.05069876091)
10 10      - (1000000    13004.8782577016)(2000200    13512.9003031171)(2000100    14320.1881278694)(2000102    13042.1567434235)(2000101    13417.8841405047)(2000202    13448.2502462016)(2000002    9569.38827024494)(2000201    13491.3011099852)(2000221    5359.75870498846)(2000121    5666.09416942793)(2000012    3500.94331563907)(2000111    4839.07679070261)
8 12      - (2000100    14096.6558579932)(2000201    4103.3649440038)(2000012    13881.7871036168)(2000211    10334.2256570441)(2000002    8815.41120253733)(1000000    4772.08139282219)(2000202    3988.6499136952)(2000121    4591.1504174272)
15 13      - (2000102    13227.0828580723)(1000000    13644.5062133392)(2000201    14337.4757456123)(2000001    11820.4918559109)(2000101    4814.26019688617)(2000100    11748.0725465619)(2000202    9629.23021338699)(2000002    10262.8394003832)(2000200    13009.1882508638)
9 14      - (2000201    13786.3946773528)(1000000    13603.2934234453)(2000200    13722.7643009145)(2000100    11355.7964073946)(2000001    14230.7354745884)(2000202    13584.0850138644)(2000002    14218.8551534252)(2000101    13838.8778484484)(2000102    12257.7546991721)(2000211    3259.57620513971)(2000012    3650.07090158789)(2000111    4292.32102511018)
6 12      - (1000000    12819.0301330034)(2000101    4108.71651748211)
8 9      - (2000101    14485.5492094588)(1000000    13037.6275742671)(2000002    11894.0629652753)(2000201    7772.17713073911)(2000121    5218.31751998572)(2000102    4750.15436921643)(2000202    6967.24634182498)(2000100    4461.42067778683)
10 7      - (2000101    13214.025564846)(2000202    11189.628780772)(2000012    7740.19404442014)(2000200    8869.48653121544)(2000102    8869.49413121544)(2000211    -0.3)(2000022    4975.72564213889)(2000111    3803.00006122952)(1000000    10958.9273170914)(2000100    3602.60754924564)
15 10      - (1000000    13671.2738947004)(2000102    11732.4462324143)(2000100    7731.40498825271)(2000201    14356.0556482782)(2000001    11910.9466161394)(2000101    13697.198268434)(2000200    12015.7251573275)(2000002    12750.4430051983)
10 15      - (2000002    14554.5628476817)(2000200    12980.5908260656)(2000102    13930.1526779827)(2000101    13899.7072158763)(1000000    11429.7193325876)(2000001    12055.8239056498)(2000202    13067.1655991334)(2000100    8225.31891903861)(2000121    3644.94116328426)(2000211    1452.69600947904)
16 11      - (2000100    16305.4018915951)(2000201    13805.6034529608)(2000200    13289.925004607)(2000101    8078.35130211442)(2000202    4961.92990370656)
11 18      - (1000000    12417.9078922362)
11 16      - (2000201    16318.6891107882)(2000001    11509.5294768036)(2000200    13347.1177355687)(2000100    15136.4008782864)(2000102    7618.15760483322)(2000202    10995.3344924552)(2000002    7327.63253926251)(1000000    7559.18030877932)
12 7      - (2000202    -875)(1000000    13854.8891868148)(2000200    9004.96879775242)(2000211    4265.11054119861)(2000201    4133.05053853753)(2000100    4516.4874795883)(2000101    4378.46868482711)
16 8      - (2000200    13588.0247322915)(2000202    3700.42326391068)(2000012    3869.21009798346)(2000102    4320.88896246917)(2000100    4620.62336246917)(2000211    3815.81113120046)
12 8      - (1000000    8332.42851407193)(2000202    13023.8818711326)(2000211    5455.99670191137)(2000022    4534.02267524291)(2000201    7123.18009890079)(2000001    3910.33568178372)(2000102    6946.96036011489)(2000200    6881.53309553114)(2000100    3378.0314945742)(2000111    3986.67314554159)
8 11      - (2000100    14008.6917474839)(2000202    10325.7041325841)(2000200    7763.51673851497)(2000101    4416.09027796016)(2000102    6728.40065473688)(1000000    11743.2093101607)(2000201    3570.6287296465)
9 13      - (1000000    14038.671280679)(2000002    12470.4889651422)(2000200    7598.53800946202)(2000202    11639.8368343822)(2000012    7349.6687943013)(2000111    4521.21009197237)(2000211    6841.47097687145)(2000022    4279.13136307734)(2000101    7915.58755369881)(2000102    9194.84916862444)(2000100    4300.61676444069)(2000201    3989.05561075446)
11 7      - (1000000    12587.480355253)(2000202    8043.31572268515)(2000211    10881.461352839)(2000111    5650.06447105438)(2000100    8260.74895689184)(2000001    4660.89344923008)(2000102    3665.44553234982)
6 11      - (2000012    14192.4944375351)(2000200    12632.293973317)(2000102    7253.5131991129)(2000211    7349.94727141999)(2000221    4299.85153968574)(1000000    4289.11330068039)
11 8      - (1000000    13134.7822000896)(2000201    -500)(2000211    7164.1767800165)(2000200    9012.85913309325)(2000001    6835.19885795114)(2000111    8500.70366460279)(2000012    4480.34121604736)(2000202    4483.11434032163)(2000100    4231.66394415137)(2000002    4437.13588906021)
9 8      - (2000101    14593.7343403071)(1000000    13093.5134801337)(2000002    11146.9565675432)(2000012    11971.5220287798)(2000202    8800.63854490907)(2000221    7941.37606019373)(2000001    4335.65161390887)(2000201    4469.56495042118)(2000211    4616.40091796862)(2000022    4004.73687716784)
11 9      - (2000200    9950.6178727049)(2000202    12600.8240227945)(2000002    13477.7763440966)(1000000    13469.050129575)(2000101    14318.5440117602)(2000102    12501.3969936531)(2000100    10680.6587375756)(2000012    8222.18300103789)(2000221    8289.87804522377)(2000201    6272.2835856641)(2000111    4204.09269475833)(2000121    4518.84421592997)
9 17      - (2000100    6484.74262062965)(2000001    -500)
8 13      - (2000101    14898.1670380582)(2000002    3865.99680501708)(2000201    6562.07326185097)(2000100    4388.23403459549)(2000202    4425.1621004507)
13 12      - (2000102    14182.3818550435)(2000201    14215.9335761939)(2000200    14368.4686966591)(2000101    14066.8119896918)(2000202    14288.5043826763)(2000001    14375.5872049574)(1000000    14025.6428421835)(2000100    14594.6810534596)(2000002    14316.9330975944)
14 8      - (1000000    2889.84450813369)(2000002    13724.7777908041)(2000200    13839.5933822784)(2000102    7526.42199611415)(2000201    12636.0178346314)(2000101    8188.51890726377)(2000100    7285.56268946448)(2000001    4148.43712781326)
12 13      - (1000000    13740.3952891932)(2000001    13910.6537100095)(2000102    13010.9481848422)(2000201    13982.6683834066)(2000002    13981.6366333519)(2000101    14045.5339729486)(2000202    13279.6747581841)(2000100    13990.832836103)(2000200    14433.2349603051)
13 13      - (2000200    13676.0927146812)(1000000    13283.3316592344)(2000100    13619.3219030564)(2000101    14020.8840454409)(2000202    13268.7104396822)(2000002    14225.7660602354)(2000001    13966.861363861)(2000102    13003.1965502575)(2000201    14534.6532963591)
7 15      - (1000000    13571.7007206503)(2000202    8212.83766810005)(2000101    12824.2532199875)(2000002    8382.63840489484)(2000200    8633.43601754012)(2000102    4458.37263598291)
8 14      - (1000000    14259.6775256039)(2000202    7669.84376403017)(2000102    11587.9243907573)(2000200    13948.0084645748)(2000002    10193.6552336441)(2000101    8299.07956092442)(2000121    2343.3105860279)(2000100    4165.71999185714)
13 14      - (2000200    13448.1850790586)(2000100    15114.3760519195)(2000201    13028.9337833021)(2000102    13316.6834760158)(2000001    13852.6292225615)(1000000    13256.1384465607)(2000101    12796.4634141915)(2000002    13602.0657318929)(2000202    13497.3802091133)
12 9      - (2000200    12189.1012824174)(2000102    12527.0506452554)(2000202    9620.91419564618)(1000000    12247.4841413335)(2000002    9801.88738608113)(2000221    8913.54752602692)(2000201    11470.735343578)(2000100    14382.8988709222)(2000101    4580.58427715462)(2000211    4294.50008170761)
12 14      - (2000101    14008.3302917147)(2000201    14677.3385183434)(2000001    12733.1090366553)(1000000    14325.133795539)(2000100    13990.2197256394)(2000102    12862.9876960567)(2000002    13483.2925086706)(2000202    11876.0294105741)(2000200    14560.2728802114)
13 7      - (1000000    14159.2531913458)(2000100    4229.55335544329)(2000002    4425.86670227248)(2000201    3774.63075485745)
15 8      - (1000000    12440.7967117389)(2000202    14383.4202121194)(2000002    12309.9395816943)(2000001    12699.6416942549)(2000201    9413.83103562097)(2000101    14512.3813093732)(2000200    14007.6913609493)(2000102    11804.6942134089)(2000100    7892.09625850626)(2000211    4309.79483627685)
6 14      - (1000000    14107.6420488284)(2000200    4214.53787609189)(2000201    4048.50665667863)(2000002    4401.91939197677)
14 7      - (1000000    14436.2317808681)(2000002    8594.223313705)(2000102    9701.67021375428)(2000221    4184.10433937244)(2000121    4316.12954546996)
14 14      - (2000002    14081.2817501746)(2000102    13177.4340555356)(2000200    14473.86309307)(2000202    13572.8573883479)(1000000    13412.9920654308)(2000101    14230.0732772535)(2000201    14230.3480813251)(2000100    14121.1296063113)(2000001    14164.5489420417)
10 16      - (2000202    13932.0083827009)(2000201    12098.0277933239)(2000101    14287.7939280259)(2000200    14889.4913077863)(1000000    12970.7818750153)(2000100    7850.33333330954)(2000102    7882.43960437887)(2000001    12437.591072751)
6 13      - (1000000    13260.0201985927)(2000202    3663.25151347011)
1 17      - (1000000    4588.60623014045)(2000022    15218.7187331986)
6 16      - (1000000    -500)(2000211    7663.53139682524)
5 11      - (2000111    11654.244371832)(2000100    8187.49836029484)
7 12      - (2000100    8016.4252881119)(2000002    13610.0209374018)(2000202    6837.11922359333)(2000200    3994.70102032164)(1000000    387.880701131831)
11 13      - (2000100    14908.8703238358)(2000201    17185.615375006)(1000000    16739.1405529976)(2000102    14911.223938503)(2000101    17308.5402869837)(2000200    17076.0850420552)(2000002    17035.3466572673)(2000001    17237.6817681054)(2000202    16001.0759965301)
11 14      - (2000001    17523.1452293078)(2000200    16868.9589159101)(2000202    16208.0058800766)(2000101    17519.8807498875)(2000100    17450.8433852087)(2000201    17566.9136393753)(2000002    16427.1113438242)(2000102    15400.9146880415)(1000000    16433.503702682)
3 17      - (2000002    6488.82171323802)
15 9      - (2000101    14412.0296008432)(2000102    14166.3234502998)(2000201    13100.568847789)(2000200    12208.7453870659)(2000100    8138.59559137726)(1000000    14192.33613461)(2000001    13556.6318241313)
15 1      - (2000012    10897.5204600353)(2000201    7974.38762148036)
13 11      - (2000202    16071.5340711003)(2000102    16120.8461490638)(2000002    16614.4576466012)(2000001    16216.3765744398)(1000000    16048.7579132099)(2000200    16567.0524713676)(2000101    14879.8542500586)(2000201    16726.5216074034)(2000100    15623.2789958234)
5 10      - (2000012    15664.4257338998)(2000211    7343.9275033157)
8 6      - (2000211    13914.0110936676)(2000102    11892.6951502281)(2000221    7619.77241858301)(2000121    7538.51070174187)(2000101    8058.59832044862)(2000002    8741.98279437125)(2000012    3615.03136045032)(2000022    4458.91621502207)(1000000    12917.3119240623)
13 15      - (2000201    14017.2356085561)(2000102    13329.621979515)(1000000    13548.2048772826)(2000202    13757.4215383114)(2000002    14070.0314662432)(2000200    14482.5057918306)(2000100    13352.9673811541)(2000101    13332.6321565636)(2000001    13396.4623114676)
9 7      - (2000201    14347.7748693972)(2000012    8577.89414815082)(2000202    8568.05240341531)(2000200    10847.0945009264)(2000102    10576.8625678418)(2000111    7949.52387732464)(2000002    4188.08177892428)(1000000    13453.1074683799)
13 10      - (2000202    15534.9086823401)(1000000    14763.9814415056)(2000001    16616.8647232116)(2000101    16080.9186185441)(2000200    16652.2656895748)(2000100    16046.9681817374)(2000002    16243.5828240313)(2000102    15563.6004339093)(2000201    15799.2625495845)(2000022    4763.9127720426)
15 12      - (2000201    12543.7090775523)(2000202    13818.2802651048)(2000002    10633.7761963753)(2000200    14439.9913674825)(2000101    13629.6607604315)(1000000    11951.0509913807)(2000100    4964.28055851719)(2000102    7404.937594489)
10 13      - (2000102    14836.2834738219)(2000202    13246.257883817)(2000200    13540.3923392612)(2000101    7754.75294574117)(2000001    7754.82094574117)(1000000    13786.5880571529)(2000201    11210.3143678895)(2000002    11295.3624275704)
5 14      - (2000221    8041.86825911827)
0 17      - (2000111    10616.7285153814)(1000000    8459.14193190512)
5 16      - (2000022    3893.48016609055)(2000201    7150.41462926078)(1000000    15389.0489574853)
8 10      - (2000002    13950.1059159125)(2000101    6830.13087606025)(2000100    10482.5592924592)(2000121    8470.27355393873)(1000000    13283.7170391308)(2000201    4298.73945521447)(2000211    8273.704527257)(2000200    6745.92829034656)
9 15      - (2000200    14406.2934078663)(2000100    7745.46174139648)(2000002    14399.2443175408)(2000202    7739.25924442014)(2000001    12059.0340945483)(2000101    13350.2279474815)(1000000    14228.6998103917)(2000102    4195.07877667304)
4 17      - (2000201    8293.74045938199)
8 8      - (2000200    13127.9722394176)(1000000    13331.7077005938)(2000211    5454.65585911681)(2000202    3524.36571163638)(2000002    4400.80173572817)
6 10      - (2000012    13924.5112494447)(2000111    13183.22786731)(2000002    7505.25127365057)(2000101    4826.33386175286)(2000022    5498.04950416369)(1000000    9332.72443024915)
7 8      - (2000211    14278.8715959948)(2000102    4241.05927912665)(2000101    11590.7554324346)(1000000    13451.6817205675)(2000202    6709.87594669371)(2000201    4061.90579127346)
5 12      - (2000102    12652.786898868)
7 1      - (2000012    15771.1953675999)(2000211    8093.60864923899)(1000000    7715.63716563959)
13 16      - (2000100    14431.2626254571)(2000202    9119.76700655546)(2000101    13601.2399068757)(1000000    11850.670168973)(2000002    7991.42610873026)(2000200    10079.7931418682)(2000102    10106.7497669999)(2000001    9281.47399647349)
9 6      - (2000121    14776.268194841)(2000111    7659.7036544181)(2000100    8160.78408610051)(2000200    12185.4186485919)(2000102    2711.49434566327)(1000000    6957.59768755142)(2000002    2160.79974591802)
12 16      - (2000201    15067.5803063147)(2000102    14420.3867343834)(2000202    10747.0555966095)(2000100    14171.7932508525)(2000200    12282.227368166)(2000101    14224.08331886)(2000001    15218.6515822069)(2000002    13196.0129525487)(1000000    4015.71411505076)
8 2      - (2000002    15641.3203067547)(2000102    8705.88222656423)(1000000    5148.83843325828)(2000022    4452.73724667335)
9 16      - (2000001    17325.8902658059)(2000201    12988.3865149209)(2000200    10683.9125822625)(2000100    12242.993116152)(2000202    7620.26697820381)(1000000    9606.20803932507)(2000002    14479.0628118504)(2000102    11410.807611091)(2000101    8449.88483572994)
10 6      - (2000211    13983.3138675088)(2000202    7810.34400430437)(2000200    7754.07867928373)(2000100    5552.10012630778)
8 15      - (2000202    12639.5643195606)(2000201    12040.560601188)(2000102    13945.7235789609)(2000002    12378.6822908113)(2000200    12565.4213935843)(2000001    8299.14756092442)(2000101    8299.07956092442)(1000000    8909.66918248703)
8 5      - (1000000    15801.7757129506)(2000201    12781.7756649898)(2000022    5434.32892053476)
11 10      - (2000201    13852.6593739006)(2000200    7792.79822941824)(2000101    8242.22936634782)(1000000    9698.54337958089)
8 16      - (2000201    15203.8730259869)(2000001    13517.716425877)(2000100    12862.2146871886)(2000102    11131.1480124504)(1000000    8418.92326749744)(2000101    14064.2404926445)(2000202    10974.9897537621)
7 7      - (2000100    14579.9229444876)(2000201    7098.1629324035)(2000102    8052.93891297319)(2000200    8479.53960258253)(2000202    8178.13151097867)(1000000    13550.4609156922)(2000012    5616.21025378397)(2000002    4117.45169215651)
14 15      - (2000200    14456.9455841982)(2000100    13494.4063102307)(1000000    12983.5588079213)(2000002    13514.686728401)(2000102    13236.578326215)(2000101    13532.3359136538)(2000001    13974.5980734342)(2000201    13881.1084802994)(2000202    12957.2457534929)
5 7      - (1000000    14610.30780249)(2000100    7594.73028393453)(2000101    7081.69802160409)(2000111    4017.7784806114)
16 10      - (2000002    14852.6014553315)(1000000    12831.3096479333)(2000101    7331.8809284096)(2000200    9816.76042907274)(2000202    11176.4532775766)(2000100    7455.72542361202)(2000102    7450.13618245746)
16 9      - (2000100    12052.8174216444)(1000000    11157.1812239924)(2000201    9000.09066152484)(2000002    3975.27914846019)(2000101    4679.35944388973)(2000111    7074.70971404717)
5 8      - (2000100    11842.0960166902)(2000101    8025.95406460463)
5 17      - (2000102    8678.00331142407)
2 18      - (1000000    8479.82061614438)
7 16      - (2000002    13756.9094182408)(2000001    12684.416240744)
6 7      - (2000022    7549.79162150518)(2000211    15152.2198541252)(2000201    4807.6970134941)(1000000    10885.2947745882)
15 4      - (2000111    14725.519630263)
11 6      - (2000201    13850.0447972992)(2000111    5032.74683598487)(2000022    4854.9591675259)(2000202    3671.01069802942)(2000211    4463.41801416899)
10 5      - (2000201    8327.929443466)
12 6      - (1000000    13752.7149778153)(2000201    4068.44452143392)
16 14      - (2000202    13670.2032807516)(2000002    13534.3710375829)(2000001    11817.502130836)(2000201    14784.2916123241)(2000100    14027.97701776)(2000200    13780.1724195464)(2000102    8698.37459072291)(1000000    10622.2116516659)(2000101    13386.5716924415)
3 18      - (2000101    8926.67676515455)
14 16      - (2000001    11989.1863471599)(2000102    9018.20663532404)(2000200    10184.6318154035)(2000202    8982.71153487779)(2000002    4575.69824137815)(1000000    6867.84341403699)(2000101    14437.2446126854)(2000100    12091.8050098274)(2000201    7182.59970487823)
6 9      - (2000200    8643.749841811)(1000000    13636.3248185227)(2000121    9114.1697569832)(2000202    4622.46840640216)
16 15      - (2000102    11242.2847502552)(2000101    14609.8117395816)(1000000    10326.8135430573)(2000202    7018.51056080861)(2000200    12043.5481067953)(2000001    9377.01131639688)(2000100    4242.32301807054)(2000002    11001.4693078206)(2000201    7311.27911689663)
15 16      - (2000200    14327.4758751326)(2000100    4304.68945210216)(2000102    6816.29174851987)(2000101    4098.10944818878)(1000000    4329.82180482976)(2000002    4244.10292761235)
16 13      - (2000002    9363.11178748267)(2000101    14515.9462244317)(2000202    7165.78990195295)(2000100    11100.8024094835)(2000201    9554.73933844121)(2000200    10225.3743252024)(1000000    9227.88435716884)(2000102    3518.77794308362)
1 18      - (2000211    5876.69481364048)
0 19      - (2000121    11054.5868920968)(2000111    4331.37108135539)
15 6      - (2000101    -300)(2000201    4371.92650214226)(1000000    10659.3754817371)
21 2      - (2000202    11517.0033339397)
0 21      - (1000000    14183.9858736899)(2000201    -300)(2000022    4574.57381187036)(2000102    4160.89172082355)(2000211    4248.5294160645)(2000202    4138.34411306326)
2 23      - (2000022    11357.0411371643)(2000221    5544.40342076737)(2000101    7537.09508084661)
21 0      - (2000102    5158.85613565006)(2000202    4777.88997203199)(1000000    4604.57734804341)
21 1      - (2000012    9080.22881147394)
2 21      - (2000211    12182.7253453392)(1000000    4162.15635309928)
7 14      - (2000101    13893.3816162894)(1000000    8049.21301397654)(2000100    4070.99943122973)(2000002    3771.23623122973)(2000201    3885.26843143889)
0 24      - (2000022    12286.3937027285)(1000000    12465.8672391933)(2000201    11706.0939519455)(2000202    10990.2996329181)(2000002    8631.28831269935)(2000102    15506.6573020719)(2000121    11585.5624740669)(2000101    10027.1958658122)(2000012    9137.49325092141)(2000211    12876.1105998989)(2000221    8689.32927924595)(2000111    11473.0272444723)
2 19      - (2000102    10019.8782860669)
1 23      - (2000022    11023.6992609713)(1000000    4786.11667121889)
4 21      - (2000111    10053.5081380431)
7 0      - (2000101    2855.70458296704)
1 19      - (2000012    12375.5252887601)(2000111    4631.84239704679)
2 24      - (2000202    14976.9720488623)
0 23      - (2000201    14379.1202000078)(2000102    1625.79605104633)
16 1      - (2000201    7548.11284736493)
22 2      - (2000202    4705.39385391312)
3 21      - (2000002    7560.78439939568)
0 22      - (2000221    5874.20083232578)(2000111    5536.84708883494)(2000211    4647.56450181187)(2000012    14896.6217876012)(2000201    4024.88077334715)(2000202    3953.93968206019)
14 4      - (2000202    9036.12698981186)
1 21      - (1000000    13484.9519091168)
3 24      - (2000012    14167.4209574006)
0 20      - (2000201    11859.7886150314)
1 20      - (2000202    7851.73743070016)(2000101    4680.99098268231)
3 23      - (2000121    5396.93276783428)(2000022    5305.39385391312)
1 25      - (2000102    5416.42489177046)(2000111    5948.83467459212)(2000012    15163.4685465889)(2000022    13394.2021373972)(2000202    10805.695217477)(2000201    9943.85169260351)(1000000    12899.8349204137)(2000121    8535.45710196496)(2000211    5085.83287700107)(2000002    5121.47912485985)(2000100    4924.84377705237)(2000101    4827.23805440577)(2000221    7662.15585157727)
26 1      - (1000000    11348.4416274326)(2000111    4226.88460654985)(2000221    4764.20155025417)
1 26      - (2000101    3277.00104884968)(2000012    14829.4822709512)(2000022    8740.5048890666)(2000121    7516.49871427333)(2000111    3472.87942121273)(2000211    7361.14825751048)(2000201    4627.48000000099)(2000002    2470.36624658078)(1000000    8037.39752230893)(2000221    4681.93796609926)
0 25      - (2000111    9540.73628428734)(2000002    6520.27712557203)(1000000    10116.9977151877)(2000201    12137.6759840348)(2000102    8361.46688106598)(2000221    11805.2852579513)(2000101    7824.85487046353)(2000012    2510.76457735139)(2000202    8772.09699589875)(2000211    15207.3457288036)(2000121    5735.55421252302)(2000022    7689.59373197441)
14 3      - (2000211    11763.5837787975)(2000201    4662.6562520382)(1000000    4649.76178832961)
1 27      - (2000202    7409.4902514578)(2000012    14943.6743413671)(2000211    5035.08961919721)(2000102    4628.82272187828)(2000221    4464.50155025417)(2000022    2892.64267924489)
2 26      - (2000002    11554.5195706515)(2000012    7969.79042871959)(2000201    4164.51884272596)(2000111    15152.5252316239)(1000000    8437.32528297646)(2000211    8425.64971815986)(2000101    7982.54574487544)(2000022    4628.10540237996)(2000221    4993.00258187781)(2000102    4533.14010244005)
2 25      - (2000002    15232.3927307369)(2000102    7841.12852845228)(2000022    12477.0721404884)(2000012    8034.3014222548)(2000221    10129.0388189822)(2000201    4602.66446749314)(2000121    10343.9361853969)(1000000    1608.54878676029)(2000200    3991.96181942136)(2000101    4746.15110887809)(2000202    4183.59614085711)
0 26      - (2000202    15328.6830693459)(2000101    9081.38031188756)(1000000    9316.9961677671)(2000111    3498.86008497946)(2000121    7996.59305469114)(2000002    10758.6362725188)(2000012    6389.94285480168)(2000102    6849.6047524779)(2000201    9006.66608851022)(2000022    5121.31088745375)(2000211    4680.66042312661)
2 20      - (2000202    4477.9763957535)(2000002    5650.76124216632)
4 22      - (2000202    9148.36869972073)
3 27      - (2000002    13225.8758344028)(2000101    10017.1674458023)(2000211    4352.40456293557)(2000111    3763.0166953662)(1000000    4412.57209315905)(2000102    4482.37668134241)
0 27      - (2000102    15416.8576933612)(2000200    4576.62445764024)(2000121    5157.94870255743)(2000201    3814.02525852927)(2000111    5015.41500920827)(2000002    3350.15207059365)(2000221    4162.42137245717)
0 28      - (2000121    13867.4840890656)(2000002    5187.31996121017)(2000101    4643.14043058999)(2000211    7642.05442178078)
3 22      - (2000022    5052.79377526352)
3 28      - (2000121    7996.6698672803)(2000211    2348.43707848912)(2000002    7523.00799859281)(2000101    4788.93546194306)(1000000    14344.9775476217)(2000022    7943.21520487343)(2000201    3467.63097263267)(2000111    4428.22301566214)
12 4      - (2000201    11137.7474796609)(2000101    5221.51904622218)
2 28      - (2000100    3052.78996761026)(2000111    14398.8495382282)(2000102    7973.55337620517)(2000211    3986.89829111331)(1000000    8139.49556042005)
3 26      - (2000002    15059.5482129873)(2000012    4550.26313416289)(2000221    4672.52147269791)(1000000    4857.73811159193)(2000100    3167.93097263267)(2000211    4527.06493286391)(2000121    4651.18233829003)(2000022    5022.72441251217)(2000201    7130.26658611594)(2000202    4182.85033264919)
0 18      - (2000121    5243.46823489813)
15 15      - (2000202    13323.4457982148)(2000102    12660.4979841771)(2000101    12547.2782424204)(2000002    13353.3849155858)(2000201    14484.7478458269)(2000200    11441.9728217622)(2000100    13033.4112576463)(2000001    12658.5319172419)(1000000    12638.6390671984)
25 0      - (2000121    10719.9705421162)
1 22      - (2000102    11049.3665322394)(2000202    4273.59776645658)
13 17      - (2000101    4968.7838870346)(2000001    10582.551232482)
2 22      - (2000111    9024.48241445572)
15 7      - (2000200    10545.3484550563)(1000000    12538.1835876389)(2000002    4024.85612407142)
4 20      - (1000000    4379.96702081631)
0 29      - (2000202    9109.53061212812)(2000201    3114.84006264663)
1 28      - (2000211    14268.9577879382)(2000111    4222.60797191463)(2000202    7994.72924298212)(2000022    5549.70007154285)(2000121    4146.04134771475)
3 20      - (2000211    7614.81360612046)
3 25      - (2000201    15043.1073913848)(2000102    4222.60797191463)(2000202    5179.72903449978)(2000211    4197.00853896613)(2000022    5115.70743088159)(2000111    3913.43250134)(2000002    5137.90743174551)(2000101    3354.21447900802)(2000100    7754.74607038276)(2000121    2510.7820908487)
1 24      - (2000111    14183.1095745782)(2000012    4904.0164268354)(2000102    4347.12400759445)
1 29      - (2000022    14057.997058164)(2000111    1761.96024969773)
4 23      - (1000000    8065.25813344002)(2000101    4104.50662689973)
2 27      - (2000012    14703.7504513798)(2000111    8686.2286941492)(2000221    5428.0287515118)(2000102    4621.03447681035)
17 12      - (2000100    13802.3200044544)(2000102    3599.70447102509)(2000200    4288.90021723811)
12 17      - (2000200    13786.6384124608)(2000100    4501.00001141046)(2000102    4201.16081141046)
24 0      - (2000221    8276.70147443622)
12 10      - (1000000    12894.895796888)(2000002    3979.08014344262)
26 2      - (2000221    9310.98898205394)(1000000    2511.73440233367)(2000012    4959.22483751226)
10 12      - (2000001    -300)(2000221    7870.01514763069)(2000202    12676.4507670226)(2000100    2360.76774428921)(1000000    3328.80294604579)
14 17      - (2000201    7617.58224353432)
2 29      - (2000002    14674.9416889873)
17 13      - (2000001    11878.5405379719)
13 6      - (2000201    13757.7471348515)(2000211    4163.17784258161)(2000001    3875.95999339807)(2000202    4289.11330068039)
27 1      - (2000012    4475.36631297599)
16 7      - (2000101    7495.36925936864)(2000002    3910.33568178372)(1000000    4267.45760340519)
16 16      - (2000101    13842.4574889112)(1000000    4123.29251969714)
29 2      - (2000221    5051.55581250931)
26 0      - (2000201    4734.45568472008)
15 17      - (2000001    11323.469279474)
17 15      - (2000001    13318.0150978983)(2000202    4342.2555955138)(1000000    4137.92636681561)
17 14      - (2000102    11279.7775911237)(2000002    4000.18326391068)
25 2      - (2000211    8217.56207652352)
6 15      - (2000211    4241.90143097758)
17 16      - (2000200    13947.4379840554)
24 2      - (2000221    1404.05035063977)(2000202    7315.9238539787)
16 17      - (2000100    13496.8140099133)(1000000    4033.79366447503)
17 0      - (2000211    4599.21116281853)(2000202    4789.41501243426)
16 6      - (2000111    7289.85451173936)
16 3      - (2000202    4678.08259391077)
11 4      - (2000201    8090.00238459818)
9 5      - (1000000    4167.34094011074)
12 11      - (1000000    6693.49407112233)
23 2      - (2000102    4291.76375232977)
14 18      - (2000102    12232.6423708625)(2000100    4465.24697950399)(2000201    4465.58777950399)
17 6      - (2000022    10726.5459853146)
5 15      - (2000100    4231.89740886703)
4 26      - (2000102    4391.35098244862)(2000211    4833.59288888905)
4 24      - (2000002    4071.41380140057)(2000202    9526.53594925951)
16 2      - (2000102    6349.93091955425)
14 6      - (2000102    3827.32414045546)
4 25      - (2000102    7545.77556442006)
19 15      - (2000200    10894.6660529303)
17 3      - (2000201    4633.03422669557)
25 1      - (2000211    752.934627254608)
25 3      - (2000121    4815.56320673823)
19 2      - (2000202    152.361904690696)
18 1      - (2000012    153.667842093222)
18 2      - (1000000    154.22219657751)

