260
24 12      - (2000101    9204.81224957755)(2000201    9189.67415017932)(2000002    10210.7293183953)(1000000    9187.96425161666)
0 12      - (2000121    6306.03800784478)(2000201    7320.94381157006)(2000111    6590.51691482469)(2000221    5346.21032573609)(2000012    10016.0530081271)(2000002    2045.87012331507)(2000211    5220.54142020609)(2000101    5679.81443170367)(1000000    3888.41137030567)(2000022    10211.8716845963)
22 0      - (2000012    9178.12411882688)(2000111    9776.53357414193)(2000201    9892.75029556617)(2000002    8933.33917747235)(2000211    8637.19726381768)(1000000    10214.3269818478)(2000101    9722.22068212549)
2 2      - (2000002    -395.464631564562)(1000000    8358.58638256009)(2000201    1241.69520773802)
3 1      - (1000000    9048.59927562487)(2000201    -395.670796122575)(2000101    4298.27927568465)(2000002    3477.62940119642)
2 3      - (1000000    8870.58733407273)(2000101    4224.22475176285)(2000201    3916.77148645388)(2000002    3845.30678158489)
24 0      - (2000211    9862.51632587946)(2000101    9299.22560356452)(2000111    10133.9675631154)(2000201    9538.17366277522)(1000000    10209.3466597243)(2000012    9055.66168436675)(2000002    9106.86428257459)
0 0      - (2000101    10210.1826693457)(2000201    9753.56863706147)(1000000    10193.1650664742)(2000002    9466.27442096502)(2000111    10212.3510960466)(2000012    9150.17439366065)(2000211    9125.38974120729)
3 23      - (2000111    7116.39332837408)(1000000    10215.3863101379)(2000002    8187.37036815247)(2000211    6763.0912625749)(2000201    8474.01746099791)(2000101    8853.68462187524)(2000012    7011.2736861081)
1 21      - (1000000    10218.1447098814)(2000012    8209.16868348286)(2000002    9578.79765971763)(2000201    9006.23716171911)(2000101    10197.025329854)(2000211    9584.76717197132)(2000111    9397.43099737308)
21 1      - (1000000    10196.6692532984)(2000002    9425.19425413852)(2000101    10203.5396103822)(2000201    9023.6836690567)(2000012    7417.57617365717)(2000211    8209.48755959723)(2000111    8008.96961047047)
13 8      - (1000000    9877.25513485876)
8 12      - (1000000    7590.33480230271)(2000101    5353.29985482911)(2000201    5547.72487244226)
12 18      - (1000000    5318.95733354734)
0 21      - (2000211    9843.1695263977)(2000101    10121.6532000334)(1000000    10215.3358616335)(2000002    9402.77625732771)(2000201    10037.1098730242)(2000012    8922.55311474933)(2000111    9978.00921573574)
23 4      - (2000002    9311.53503877104)(1000000    10218.3505763732)(2000101    10163.7863404264)(2000111    8763.42294585368)(2000201    9486.75389578651)(2000012    8508.5987318644)(2000211    9299.49998797319)
24 4      - (1000000    10208.5482503924)(2000002    9371.93243295129)(2000101    10208.115736754)(2000201    8845.8666425358)
15 11      - (1000000    10317.2000296972)
18 0      - (2000201    9202.49657340976)(2000211    8408.20432958806)(1000000    10211.9022465051)(2000111    9134.93589630394)(2000101    8948.17530326652)(2000002    8027.50376946505)(2000012    7537.53178978947)
25 2      - (2000002    8741.98287276977)(2000201    9901.65420566692)(2000111    9660.65379238227)(1000000    10217.4284784083)(2000211    9065.75621156491)(2000012    8738.94780568585)(2000101    9369.82698557687)
26 2      - (2000002    7519.08730389327)(1000000    10206.2235348137)(2000101    8052.02077375646)(2000201    7313.96865294428)
22 3      - (2000002    8977.53492403736)(2000101    9562.96408843821)(1000000    10235.5774433731)(2000201    9473.13957558576)(2000012    4329.08629713037)(2000111    1794.74253599974)(2000211    3223.68208639439)
12 9      - (1000000    10095.173706038)
18 9      - (1000000    8662.59918003555)
10 13      - (1000000    10357.6765176912)
4 0      - (2000101    3972.48583342914)(2000002    2800.77668319914)(1000000    9202.16885626428)(2000201    4083.82530545112)
19 0      - (2000012    8470.93968303193)(1000000    10212.2834215184)(2000101    9024.02619377389)(2000002    8544.30885853617)(2000111    9293.76792779158)(2000201    8474.71297140833)(2000211    8871.05126702802)
3 4      - (1000000    4842.02471917499)
23 2      - (1000000    10220.4826226049)(2000201    9930.7830885)(2000012    8365.55571531035)(2000101    10204.5867657305)(2000002    9189.69822128147)(2000111    7913.10267365671)(2000211    7881.89081956399)
14 10      - (1000000    10367.2244347179)
13 12      - (1000000    10210.1441407943)
10 14      - (1000000    10320.9263802492)
11 15      - (1000000    10357.8043540819)
22 4      - (2000002    8777.17538360873)(2000101    10182.7014661878)(1000000    10205.5018068078)(2000201    9221.35263159102)(2000012    8255.78124442669)(2000211    8147.1844299419)(2000111    9157.75710565044)
12 12      - (1000000    10204.0140434746)
0 4      - (1000000    9818.14738681853)(2000101    4419.74099360881)(2000201    6211.64259374798)(2000002    5113.80473317649)
26 0      - (1000000    10216.057364665)(2000201    4729.93452883443)(2000002    7254.93054418842)(2000101    5622.36294083221)
4 1      - (1000000    8465.82318977841)(2000201    3041.09630428866)(2000002    3071.25845421162)
16 5      - (1000000    10306.2064354734)
24 2      - (2000002    9131.59200803999)(1000000    10200.5321435958)(2000101    10185.7852982055)(2000201    8689.43693218986)
15 14      - (1000000    8302.39258095776)
3 0      - (2000002    6173.72059299971)(1000000    9106.92390383197)(2000101    5159.4488048748)(2000201    3603.72402962968)
8 8      - (1000000    6684.32345175936)(2000201    2827.5225541231)(2000101    2507.55608064973)
3 3      - (2000101    2221.56635437449)(2000002    5567.80814563588)(1000000    9211.83298128413)(2000201    3638.80143943512)
3 2      - (2000002    6575.7387767146)(1000000    8932.293705642)(2000201    4410.27035131359)(2000101    3817.88856388749)
1 4      - (2000201    5733.89590424469)(1000000    9313.36772791412)(2000101    3268.2578281402)(2000002    3724.8192287765)
20 0      - (2000201    6307.50310217061)(1000000    10078.1896055085)(2000101    4124.63203669621)(2000002    5217.15990408147)
19 1      - (2000201    4680.8343787545)(1000000    10236.5603962691)(2000101    8419.74016513265)(2000002    6888.64140213591)
16 16      - (1000000    5491.18578631233)(2000101    1265.42625464133)
11 7      - (1000000    9396.29133782325)(2000101    6362.78826039555)(2000002    3411.67344762594)(2000201    2078.02616098567)
7 10      - (1000000    8444.88421887341)(2000002    2129.65403345899)(2000101    2309.16460461552)
10 6      - (1000000    9450.916400675)(2000201    2002.88844975527)
7 12      - (1000000    8863.44422152083)(2000201    249.519960403442)(2000002    3213.25432737155)
20 1      - (2000101    9341.84278935762)(1000000    10211.5806653758)(2000012    7637.9905613212)(2000211    9263.12896215045)(2000002    8952.92651365444)(2000201    8305.26781444872)(2000111    8819.76116268886)
14 18      - (1000000    5229.02725845141)
11 11      - (2000002    8799.58287062675)(2000101    10271.4747449706)(2000201    9771.80751946742)(1000000    7907.23628884884)
4 16      - (1000000    10243.1152443386)
1 18      - (2000201    8616.183802237)(2000111    6935.80581083671)(2000012    6441.48068732387)(2000101    7178.42310366657)(1000000    10190.6421899639)(2000002    6275.76236517016)(2000211    5563.50973728412)
0 2      - (2000101    6478.03799041068)(1000000    9294.08597507634)(2000201    5627.88335134157)(2000002    5672.83384190504)
11 10      - (1000000    7842.28358176078)(2000101    10143.4223256158)(2000201    6964.17022409568)(2000002    8222.12368593745)
7 13      - (1000000    9468.30745787979)
8 9      - (1000000    3520.2625242878)(2000201    7546.48718019393)(2000101    3110.78294615602)(2000002    355.567847211247)
13 7      - (1000000    8985.11688854142)
22 2      - (1000000    10183.4338213133)(2000201    5805.23565434864)(2000002    5966.43636706789)(2000101    3936.33027378466)
10 9      - (2000101    435.119755097378)(1000000    8089.05800646445)(2000201    5895.80811336984)(2000002    3284.88071513269)
25 3      - (2000002    6582.54072985979)(2000211    7205.7531469198)(2000201    4583.04499182397)(1000000    10181.3103763941)(2000012    5129.2955764611)(2000111    7783.38467102029)(2000101    5405.94214500281)
7 8      - (1000000    7445.86552859388)(2000101    456.862303689243)(2000002    2347.84076686345)(2000201    1974.4232707244)
14 15      - (1000000    7694.38202185491)
5 15      - (1000000    10338.3128867772)
13 14      - (1000000    6524.85510756437)
15 8      - (1000000    6551.47692184818)(2000002    1727.34843299095)
2 0      - (2000002    1027.52006941147)(1000000    8380.62721017918)(2000101    2110.09951535721)(2000201    1235.61531291306)
9 13      - (1000000    10323.8733190143)(2000201    2409.0462881416)
11 14      - (1000000    10213.5324798063)
10 17      - (1000000    5898.00290874514)(2000201    1949.05470797289)
16 6      - (1000000    10115.7945925414)
9 7      - (2000201    6452.71830561219)(1000000    4958.27763198134)(2000101    4264.94228412826)
1 19      - (1000000    10154.1588899208)(2000201    7165.96082936304)(2000002    7731.29058315378)(2000101    7420.82103826982)
16 9      - (2000201    2616.68796325231)(1000000    7213.65160888658)(2000002    1752.57931143767)(2000101    1985.9931237579)
8 6      - (1000000    8211.21593535857)
17 12      - (1000000    6480.40177368385)
18 1      - (2000211    9935.78198110695)(2000002    5577.28150863097)(1000000    4457.96004623835)(2000101    6911.66464022318)(2000201    5095.02661519819)(2000012    5676.96133445128)(2000111    3275.76480368944)
2 4      - (2000101    1479.86963177485)(1000000    8320.51169403627)(2000201    1474.42021232713)
13 10      - (1000000    10176.2473682629)
25 1      - (2000101    10045.4297598737)(1000000    10103.3957299404)(2000002    8635.48166879164)(2000211    9316.31321495558)(2000111    8189.91058255945)(2000201    9390.03810167269)(2000012    8274.53359310406)
11 6      - (1000000    9118.92675103228)(2000101    1733.96131693155)(2000201    2003.00851645784)(2000002    4812.06382605111)
12 7      - (1000000    9213.4107365153)(2000201    4188.01813978951)(2000101    1901.79676668484)
8 11      - (2000002    2016.98992321111)(1000000    6963.43823988316)
5 14      - (1000000    10352.021103742)
10 10      - (2000002    9991.15800638757)(1000000    5032.88465287031)(2000101    5201.88380743797)(2000201    5863.50746124057)
9 17      - (1000000    6542.41021233278)
2 1      - (2000002    1606.98325491094)(2000201    1459.9888312494)(1000000    8326.15749503986)(2000101    1169.43964028655)
7 7      - (1000000    7123.58822496268)
17 5      - (1000000    10319.4909456929)
8 7      - (1000000    6330.78452174959)(2000101    3872.37564266951)(2000002    2982.85140527907)
16 11      - (1000000    7240.39251407867)(2000201    1588.57789108809)
11 17      - (1000000    4217.63485984354)
14 14      - (1000000    8273.80618515701)
10 7      - (1000000    6782.35944811274)(2000002    1937.68776614887)
12 17      - (1000000    7171.30075975337)
11 5      - (1000000    7266.20109469047)
9 19      - (1000000    8859.8791610154)
17 17      - (1000000    4391.10603135685)
11 19      - (1000000    5741.6673451488)
17 11      - (1000000    5891.37636747178)
6 13      - (1000000    8254.31257994938)
16 8      - (1000000    7436.95036268186)(2000201    2065.06491691746)
13 18      - (1000000    7564.91937517757)
13 15      - (1000000    8664.99587354546)
8 13      - (1000000    8229.14676766755)(2000002    3229.34183949813)(2000201    3296.21274861678)
7 14      - (1000000    8751.59560798122)
7 11      - (2000002    6866.11083877305)(1000000    9765.01748463001)(2000101    6403.0297784014)(2000201    4458.49064544774)
21 0      - (1000000    10202.6893891666)(2000002    864.031253203848)
18 11      - (1000000    3951.25545850189)
16 14      - (2000201    806.066389798648)(1000000    5805.99752723368)
7 16      - (1000000    153.640933942001)
9 8      - (2000201    8597.42033392029)(1000000    -644.960886883611)(2000002    2606.44346683994)(2000101    2880.72181947804)
12 8      - (1000000    8770.19251396563)(2000201    4798.7020216092)(2000002    1525.87877322703)
15 13      - (1000000    8538.31766799786)
9 16      - (1000000    5829.51020973151)(2000002    2370.87890468838)
17 10      - (1000000    5646.56998653291)
0 3      - (1000000    7796.82763389905)
17 15      - (1000000    4061.30839363235)
6 9      - (1000000    7706.95661950495)
15 6      - (1000000    10177.348205732)
18 15      - (1000000    6089.65864192842)
18 18      - (1000000    413.257986175727)
5 10      - (1000000    10020.1266870665)
8 18      - (1000000    8117.1941464529)
11 18      - (1000000    6202.6196067686)
8 16      - (1000000    7267.92793543742)
16 10      - (2000101    1775.52766987228)(1000000    6224.47135238021)
16 13      - (1000000    5318.34981993266)(2000101    1207.00239368895)
6 10      - (1000000    9582.47018146144)
14 8      - (1000000    6772.83930556649)(2000002    1771.02682758037)
10 19      - (1000000    8163.24482264025)
8 17      - (1000000    7232.05238088713)
13 9      - (1000000    10228.2105211472)
18 14      - (1000000    5900.99415055818)
1 2      - (2000101    2167.03959744196)(1000000    8735.20714744297)(2000002    1252.48227717001)
14 5      - (1000000    10138.0582300189)
14 17      - (2000002    274.709049706937)(1000000    673.65796011874)(2000201    3387.75514133934)
8 10      - (2000101    6074.80701202595)(1000000    5249.80112862032)
18 13      - (1000000    4297.22518244934)
6 11      - (2000101    990.834698840337)(1000000    9076.05825860867)
6 16      - (1000000    9912.83582713777)
8 14      - (2000002    2074.47245929138)(2000201    838.164032164473)(1000000    7810.9264452311)
10 11      - (2000002    4849.54774550588)(2000101    10327.2070233257)(2000201    6017.94818010569)(1000000    5801.47670538116)
7 9      - (2000201    783.895078527238)(2000002    838.164032164473)(1000000    4941.17985480221)(2000101    2887.38676839872)
1 3      - (2000101    2117.28195458681)(1000000    9245.45127895145)(2000002    2517.70546799812)(2000201    2807.38724232815)
4 14      - (1000000    10282.9779652842)
6 12      - (1000000    8592.82912016068)
14 11      - (1000000    10320.5179703744)
4 15      - (1000000    10331.1847214624)
4 4      - (2000201    5068.27828912653)(1000000    4457.13959072724)(2000101    2200.74063960286)
15 16      - (2000201    153.640933942001)(1000000    2890.90227672995)
17 13      - (1000000    6460.66154432411)(2000101    1645.06022324068)
13 6      - (1000000    9968.11429897248)
13 17      - (1000000    6192.17379263147)(2000201    1956.34352300186)
4 13      - (1000000    10366.2528290157)
17 4      - (1000000    10547.5250792376)
10 8      - (2000101    5675.69138316461)(2000201    1823.98814425819)
12 6      - (1000000    9580.95368900967)(2000101    2078.02616098567)
3 24      - (1000000    9910.08037630447)(2000002    4673.18111906097)(2000101    4543.31872530239)(2000201    1649.7798834348)
5 16      - (1000000    10286.0060759179)
18 12      - (1000000    4733.42948440587)
18 10      - (1000000    7088.45871690835)
8 15      - (1000000    6786.46497588531)
19 10      - (1000000    7218.5165021651)
10 15      - (1000000    10159.2301628255)
15 10      - (1000000    9995.19285364644)
14 13      - (1000000    6372.4729394394)
5 17      - (1000000    10075.7544970564)
1 1      - (2000002    1472.47601762007)(1000000    7182.05485213374)(2000201    2237.11062829556)(2000101    1776.70199751239)
12 5      - (1000000    10111.7391409827)
15 15      - (1000000    6912.524503952)
15 5      - (1000000    10492.4762661491)
6 8      - (1000000    7048.00230020814)
4 2      - (1000000    7585.58219380014)(2000201    3252.72658763056)(2000002    1920.39646032932)
18 8      - (1000000    6701.20685639186)
19 12      - (1000000    2804.05393854311)
19 9      - (1000000    7010.83914624165)
15 17      - (2000002    3392.85080360115)(1000000    2459.13061634277)
8 19      - (1000000    5875.30621804783)
12 10      - (2000002    4036.05383820234)(1000000    8005.34305229075)(2000101    3796.88225992002)(2000201    1826.57419259454)
16 15      - (1000000    3415.57257359163)
17 6      - (1000000    10258.3242255561)
12 15      - (1000000    8650.52489386728)
1 0      - (1000000    8807.84178975479)(2000101    3312.34523453163)(2000002    2700.61616482911)(2000201    3271.64056349111)
6 18      - (1000000    10474.5059060183)
16 18      - (1000000    5985.3296704713)
7 15      - (1000000    3641.3900481873)
14 6      - (1000000    10198.8154402012)
11 12      - (1000000    7617.68175111627)(2000201    1758.48880623826)(2000101    1994.46233064041)
18 6      - (1000000    10117.6660452863)
11 13      - (1000000    10538.5212491202)
4 23      - (2000101    9944.55462524024)(2000002    2316.7223280585)(1000000    4798.93033664962)(2000111    1594.6545027365)(2000201    3281.98614912117)(2000012    3738.87536273387)
9 14      - (1000000    10156.0967689158)
13 5      - (1000000    9637.37688783161)
6 17      - (1000000    9115.36731511606)
17 8      - (1000000    7266.2576584537)
9 18      - (1000000    8014.47176251993)
13 16      - (2000002    466.682065179027)(2000201    2086.2288237176)(1000000    3742.39231459491)
16 12      - (1000000    6243.89160260175)
11 8      - (1000000    9271.08888782259)(2000201    1949.55273379523)
19 11      - (1000000    4809.55620994428)
9 6      - (2000101    939.850586239614)(1000000    6127.5326353089)(2000201    1514.3020421583)
4 12      - (1000000    10062.62057905)
9 9      - (1000000    7352.07535446879)
12 14      - (1000000    8214.1154912094)
14 16      - (1000000    4776.83554567889)
15 12      - (1000000    7332.12930954)
13 13      - (1000000    1854.64368106076)
3 5      - (2000101    2880.84654027904)(2000201    1270.30954904036)(1000000    4624.87592122649)
17 9      - (1000000    6765.97866324116)
5 4      - (1000000    3832.86627282578)
10 12      - (1000000    8400.33663336814)
14 9      - (1000000    9489.35251712616)
6 14      - (1000000    7916.67045741623)
9 10      - (1000000    6080.04894038111)
2 6      - (1000000    5322.56535789315)
14 12      - (1000000    6134.33606601326)(2000002    1629.84324791217)
5 13      - (1000000    8636.62049452866)
2 5      - (1000000    5342.13441423867)(2000101    1264.07611913699)(2000201    1811.71412451633)
9 11      - (2000201    5613.68926844579)(1000000    1887.16813029482)
19 14      - (1000000    2097.29401025804)
17 14      - (1000000    6590.87079109549)
10 16      - (1000000    6049.45690704468)
6 15      - (1000000    8872.76506915817)
4 17      - (1000000    9548.89667246003)
9 15      - (1000000    4344.12945953691)
5 11      - (1000000    9019.61554063229)
14 7      - (1000000    7399.17909732987)
15 9      - (1000000    5024.72281528117)
10 18      - (1000000    5071.55531326529)
12 16      - (1000000    5350.52846393812)
11 9      - (1000000    9597.18628738393)(2000201    4450.51942908675)
15 7      - (1000000    2831.37733425016)
13 11      - (1000000    4726.5181263912)
11 16      - (1000000    6336.63610596827)
17 18      - (1000000    2360.18457858396)
0 5      - (1000000    1250.63367533912)
9 12      - (1000000    9244.12774582753)
1 6      - (2000201    1245.88170151942)
4 5      - (2000002    1392.72768827875)(1000000    6174.689776143)
3 6      - (2000101    1345.86719675381)
4 3      - (2000101    1362.04496956454)(1000000    1362.04496956454)
18 5      - (1000000    5435.29548182303)
5 3      - (1000000    2325.04363409692)
5 12      - (1000000    5236.83936236952)
4 11      - (1000000    4274.61022968452)
17 19      - (1000000    3198.74698313007)
16 7      - (1000000    1996.41050842288)
15 18      - (1000000    2354.12529386177)
11 4      - (1000000    4087.04930091735)
5 9      - (1000000    1351.27135232079)
12 11      - (1000000    1248.46125403462)
0 6      - (1000000    1655.60370652168)
1 5      - (1000000    1781.36466790683)
7 19      - (1000000    111.842994191744)

