522
10 21      - (2000100    8979.07503966651)(2000101    8470.52248233033)(2000001    8802.80921126437)(2000002    8902.22810035388)(2000200    9751.11495373228)(2000202    8915.87109000806)(1000000    8663.94236730741)(2000102    8561.50292039904)(2000201    8649.73503664943)(2000012    5295.24480548013)
0 0      - (1000000    6851.80135865182)(2000101    8154.8299688163)(2000202    3812.98074853905)(2000200    427.153557142439)(2000102    5665.75347738131)(2000002    7741.5932356083)(2000201    1455.25047950427)(2000001    6054.82694857292)(2000100    9729.08385368936)
22 1      - (2000002    6486.32874458801)(2000200    4877.4714076468)(1000000    8105.90144018022)(2000101    9699.06137789481)(2000100    8432.61134585267)(2000102    7842.17617367634)(2000201    7352.93989066859)(2000001    6060.16800129395)(2000202    7834.62895277212)(2000012    6444.62455434656)(2000211    1055.10313522966)
11 21      - (2000200    8398.26565970791)(2000100    9737.80138483854)(2000102    8459.02360645948)(2000202    8608.2782798314)(1000000    8956.15644326516)(2000002    8641.48529342879)(2000101    9116.06486417731)(2000201    9115.01853723809)(2000001    8614.81518297399)(2000012    7850.92277361136)
0 26      - (1000000    -2240.29399978868)(2000202    -3065.56047137857)(2000102    -4025.7956127261)(2000201    -2140)
22 2      - (2000101    9823.62613735663)(2000100    8537.61427214455)(2000202    8449.46077302889)(2000102    8330.03457212966)(2000201    7811.21231796019)(1000000    8473.45160049432)(2000001    6270.04249655144)(2000002    7576.5837041133)(2000200    4557.06908257785)(2000012    10459.2578807934)
1 26      - (1000000    -1175.61015972749)(2000202    -300)
24 28      - (2000002    -1611.20500868776)(2000200    2322.65830044592)(2000100    317.571283873957)(2000001    2286.78754749304)(2000201    8334.54223717809)
24 24      - (2000102    7678.95595550698)(2000202    7844.69134938241)(2000200    9499.29080729253)(2000002    8329.10051750163)(1000000    7298.36801450265)(2000201    5902.61209934116)(2000100    8312.22053649125)(2000101    8195.07091651145)(2000001    5663.91934730274)
21 2      - (2000200    7652.78799838962)(2000100    6219.6650568952)(2000002    6974.97591276617)(1000000    7878.39813761882)(2000001    7743.87311556905)(2000202    8790.22671748796)(2000012    10484.8282442641)(2000102    7484.36270875107)(2000101    7677.75713655995)(2000201    7582.72972778433)
10 28      - (2000002    -1131.95633532464)(2000012    6080.25475817292)(1000000    -19.4786306839143)(2000102    1566.1200415903)
14 28      - (2000012    6477.26130994981)
12 21      - (2000102    8129.1929091825)(2000001    8904.83754554201)(1000000    8344.20831041345)(2000201    8256.80316186933)(2000202    8596.33933359464)(2000012    8520.34126911292)(2000100    8287.75030937411)(2000200    8316.64857754538)(2000101    9699.2536988941)(2000002    8557.50038747639)
17 1      - (1000000    7479.69174127887)(2000201    6028.09914442447)(2000202    7244.44676469489)(2000100    6733.08867176678)(2000001    4016.88733243588)(2000200    4057.4079077946)(2000102    7270.69166556641)(2000002    5856.96193983458)(2000012    3669.71067208716)(2000101    9941.75865592508)
0 21      - (2000001    -630.384427744776)(2000202    -7.89790717379083)(2000101    1607.26957382231)(1000000    1313.91407096186)(2000100    4927.4407661913)(2000201    -218.201607966508)(2000102    1863.27192193975)(2000200    -4489.67327130212)(2000002    5326.38262753116)
2 26      - (1000000    -1172.93636359405)(2000200    -700)
17 2      - (2000100    6306.58521589069)(2000001    6322.4578653851)(2000002    7945.95345507775)(2000101    9876.33693320059)(2000202    7465.22801553319)(2000201    6746.66877364169)(2000102    6905.51398152076)(2000200    3636.4301504316)(2000012    524.198326854895)(1000000    7171.41661146613)
10 19      - (2000102    9669.02795966116)(2000002    8537.61762405094)(2000202    7852.41012229332)(1000000    8781.57449223924)(2000001    8310.02841163536)(2000201    8458.96184360525)(2000101    8724.16250905659)(2000200    8514.60135291259)(2000100    8412.45032683488)(2000012    5689.20022779211)
24 4      - (2000201    4660.6230378143)(1000000    4963.3293224833)(2000102    2863.03705475056)(2000100    4349.9704025177)(2000202    2946.24352786961)(2000001    1626.80681371419)(2000002    3803.72053534019)(2000200    4135.94180553773)(2000101    8141.30018152072)
2 22      - (2000102    8833.97149647535)(2000001    6733.43924530125)(2000201    8560.21933389875)(2000200    7503.26656752138)(2000202    8969.61129414089)(2000101    10224.5022045516)(2000100    8502.12867514474)(2000002    7767.47237866168)(1000000    8129.6227772262)(2000012    10289.8565345226)
20 3      - (2000201    2855.65363312867)(2000101    4346.44373941594)(2000202    2922.22638875869)(2000200    -2799.88500363237)(2000001    1923.50188702961)(2000100    4312.61942054513)(2000002    2305.42392581394)(2000012    989.911732789259)(1000000    3821.53145340426)(2000102    1970.1230500708)
28 11      - (2000002    7702.57854342029)(2000201    -677.848011032257)(2000101    1380.06250109281)(2000202    1121.47887046987)(2000012    1331.94930452529)
23 4      - (2000202    4792.32846567077)(2000002    2274.18498299873)(2000102    4961.77810961298)(2000101    7819.30418885356)(2000200    1537.80178658129)(2000001    4448.71902032974)(2000201    4259.89786871912)(2000100    6977.67528751798)(1000000    4970.32582553727)(2000012    1978.51808846422)
12 24      - (2000100    5855.80214146096)(2000101    4939.61575828231)(2000201    4282.00465663302)(2000002    8324.2754145053)(1000000    6304.7599391421)(2000001    5575.98140832534)(2000200    5673.35800975751)
10 22      - (2000202    8687.83488084809)(2000001    8836.93105934041)(2000100    9767.1617298175)(2000201    8770.18796046148)(2000101    8521.70423692847)(2000002    8626.66581416763)(2000102    8678.50827257121)(2000200    8607.19884677266)(1000000    8959.54578467692)(2000012    6559.96976796055)
20 4      - (2000202    3367.80355060816)(2000002    -907.036193506079)(2000200    -4965.15876004747)(2000001    2254.29850287162)(2000101    3222.38116489198)(2000100    6984.20879497978)(1000000    2282.09670122404)(2000102    1303.79067445332)(2000111    1870.72074561254)(2000201    2233.4159334844)
23 5      - (2000002    328.855397163957)(1000000    -1653.52211040856)(2000102    -1507.24131364091)(2000202    3114.3966666308)
24 5      - (2000002    3878.41673334084)(2000001    -1875)(2000202    -1875)(2000012    -1000)(2000201    -1176.83831838353)(2000200    -1994.06525045826)(1000000    -1364.20862598381)
4 23      - (2000001    -188.167927225049)(1000000    482.607595719626)(2000100    7878.68787547761)(2000202    1608.81965385992)(2000102    2132.18786266086)(2000200    2256.7872511779)(2000101    5131.93303044961)(2000201    1942.59437295601)(2000002    382.938591403352)
0 25      - (1000000    2812.12601821668)(2000002    -2328.85677028008)(2000001    -1570)(2000102    -2610.05245182256)(2000200    -300)(2000201    4940.64454577257)
1 22      - (2000202    7438.94770285129)(2000100    7174.38813294022)(2000101    9687.70780260961)(1000000    7205.25509024122)(2000200    5775.10385156554)(2000002    5874.76976379874)(2000201    6755.16497131193)(2000001    5997.15694542895)(2000102    7048.26801387318)(2000012    5873.06033788751)
2 19      - (2000202    8504.34234148189)(2000102    932.247091311046)(2000201    -750.7398)(2000002    -803.544886802201)(2000200    -500)(2000101    1760.86623035486)
1 18      - (2000012    2347.43456442018)(2000001    1029.59026935098)(2000202    1289.07629979487)(2000002    2740.87975005981)(2000201    3617.85029438804)(2000101    8713.90815630853)(2000102    2896.67049264419)(1000000    2849.78848814028)(2000100    2029.26674262788)(2000200    1472.82109729475)
3 9      - (2000101    6393.76499812315)(2000001    10691.7844709937)(2000100    6824.92553225443)(2000200    6593.54903171522)(1000000    6969.31224112004)(2000201    5759.982203449)(2000002    8928.43626120311)
22 0      - (2000001    2884.36416727157)(2000101    9707.72828227354)(2000201    2495.0749011162)(2000200    226.062318269768)(2000012    3585.92791738776)(2000202    1227.16113549639)(1000000    2400.24574435863)(2000102    1091.91975552372)(2000100    1788.83933249461)(2000002    3273.63319409306)
0 20      - (2000002    -1882.8125)(2000001    -478.065780377306)(2000202    -746.577880474759)(2000101    -806.699606348738)(2000201    651.575697249368)(2000102    -1316.6501120817)(2000200    -600)(1000000    67.8399783739476)
20 0      - (1000000    1462.70194622473)(2000202    3374.32317180903)(2000102    2651.85862300769)(2000100    721.92107178114)(2000001    0.244730729464209)(2000101    7004.72029260678)(2000201    -1246.45244007998)(2000002    1620.88571017442)(2000012    -142.193615248399)(2000200    -390)
26 25      - (2000100    5011.97213418728)(2000101    3985.21439216177)(1000000    8531.40004694306)(2000001    7135.78947571584)(2000002    6308.02568303928)(2000201    6091.53916548663)(2000200    3695.84038100615)
26 6      - (2000012    -1573.44586658032)(2000101    6344.29548091661)(2000001    -2511.48733524265)(2000100    1393.46685350562)(2000200    -727.697103531725)(2000002    -14.1075769861433)(1000000    1928.08431028991)(2000201    -1853.6746125125)(2000202    885.741388979401)(2000102    575.039274198871)
17 25      - (1000000    1739.20914983623)(2000201    3948.69069257507)(2000002    7769.10286044369)(2000101    1641.2206620975)
27 14      - (2000002    4399.77808943643)
17 6      - (1000000    -2138.57302039488)(2000202    -1995.3125)(2000001    748.944916981849)
15 27      - (2000201    2658.06389255306)(2000101    854.138265717021)(2000202    -404.60369958742)(2000102    8140.57508092721)(2000002    4702.58029241323)(2000012    1166.81485888509)(1000000    2235.565103261)
19 14      - (2000012    7749.32190617674)(2000201    2065.30190066708)(2000102    1385.41923380358)(2000101    910.552462269794)(2000202    1491.61323921138)
29 25      - (2000201    956.990013179647)(2000200    -792.406683053974)(2000002    3949.14483448593)(2000001    1033.94820220705)(1000000    2076.95101848412)
28 4      - (2000200    -1732.09868638927)(2000101    -1750)(2000201    -1319.96113551591)
25 0      - (1000000    -1604.48914352028)(2000102    -1000)(2000202    -600)
0 22      - (2000201    1434.85947769811)(1000000    -1500)(2000002    1642.69215903609)(2000202    1924.80367353864)(2000101    7928.61834983506)(2000100    721.927113430797)(2000200    -2187.39625623479)(2000001    146.517023719759)(2000102    2031.36524161232)(2000012    -179.245694014093)
1 25      - (1000000    -1253.53022192933)(2000102    -830)(2000101    -1830.92857800976)
28 15      - (2000202    6330.82090184479)
26 7      - (2000002    -1787.5045407533)(2000101    5713.68899934291)(2000100    -676.389350006815)(1000000    -1000)(2000001    -1000)(2000102    659.625213354846)(2000202    750.168017249821)(2000012    1365.1733400486)
28 24      - (2000100    469.155109305141)(2000200    -1460.85208926066)(2000002    3522.00821777665)(1000000    1295.32536538246)(2000201    8492.91016890697)(2000101    3001.40472320613)
26 10      - (2000102    1333.18435383046)(2000101    1817.97505815843)(1000000    1464.28954655469)(2000012    9528.21134851867)(2000201    3545.14161974653)(2000002    1245.9694224079)
12 19      - (2000100    8426.58609478454)(2000101    8149.91149263957)(2000201    7987.14698992249)(1000000    8263.15021943002)(2000001    8470.23795469626)(2000202    7786.84609088285)(2000002    9679.28175284617)(2000200    8637.92588244254)(2000102    8693.22350735373)(2000012    6064.84604428791)
18 0      - (2000201    7646.38976591721)(1000000    8202.16255481797)(2000102    9171.17126393243)(2000101    8282.66568984852)(2000001    6495.52267960822)(2000002    7766.22706995813)(2000200    4584.56400103043)(2000012    10111.6613494346)(2000100    7714.06751184419)(2000202    8163.59617154699)
6 23      - (1000000    -500)(2000001    -55.1748318649148)
25 7      - (2000001    -374.05203849078)(2000202    1558.67688081493)(2000201    -2164.28943207867)(2000102    1629.71423117876)(2000200    -4596.99051849055)(1000000    12.8559042160069)(2000101    1072.68593134379)(2000100    7887.85298695133)(2000012    -1102.05829429463)(2000002    318.000039829418)
26 5      - (2000002    -1527.97123197499)(2000001    2228.59700323386)(2000102    -1375)(2000200    -1495.23313880365)(1000000    -829.681492264795)(2000100    -1750)
22 5      - (2000201    -2073.51443348709)(2000102    -54.9374170666111)(2000200    -1371.80956424845)(2000101    -1000)(2000002    1339.78941649898)(2000100    -684.269870819838)(2000202    -1250)
26 27      - (2000101    1511.7081164624)(2000001    2253.38478106603)(2000201    1012.70692422109)(1000000    8429.77930617236)(2000100    264.702276084935)(2000200    1918.57781765193)
21 16      - (1000000    2071.11842899264)(2000101    324.06317446935)(2000102    286.516473172163)(2000202    7096.6343877424)(2000002    2060.35980746928)(2000012    1832.6913325056)
17 0      - (1000000    5433.76377420442)(2000200    1432.23345871871)(2000002    5915.1379581511)(2000102    4936.77695594663)(2000001    4453.90116022789)(2000202    3093.80147915048)(2000101    3953.46236819456)(2000100    7613.44093575156)(2000201    5313.32193504757)(2000012    9123.63926250687)
27 4      - (2000200    -2084.06016791121)(2000202    -2750)(2000102    -2051.32796730855)(2000002    -642.054757506319)(2000100    1872.83465652324)
23 7      - (2000100    8737.5161449623)(2000101    550.201224845974)(2000202    1200.35509119646)(2000002    1599.30057652912)(1000000    1641.1539855765)(2000201    553.379630167508)
25 4      - (2000202    -2250)(2000200    426.206055029447)(2000101    7911.20824720958)(1000000    -497.802159184702)(2000002    3989.7035670962)(2000201    724.648619164643)(2000001    1408.40019441347)
1 27      - (1000000    -3270.93776551551)(2000102    -3605.17483940853)
17 3      - (2000100    4631.42909987131)(2000200    1785.70120177607)(1000000    4026.8507353464)(2000002    4127.25436896671)(2000001    2548.93434030725)(2000202    3344.02609026496)(2000102    3075.52405088297)(2000101    9640.46140901007)(2000201    2799.05166482926)(2000012    1960.82862594239)
18 1      - (2000200    2613.25388928471)(2000201    7419.06168634333)(1000000    7349.3954379245)(2000001    6901.06883819104)(2000102    6654.93064818501)(2000002    7363.91504644857)(2000101    7333.13031577498)(2000202    7264.47854858771)(2000012    7312.84125823748)(2000100    7691.57117513514)
27 10      - (2000101    914.074966111638)(2000202    5851.66117525821)(2000102    215.237258292653)(2000002    2750.47112025096)
3 22      - (2000102    7069.78933790367)(2000002    5746.3849713363)(2000200    1883.0277241383)(2000001    4109.58572366472)(2000202    6671.28012988869)(2000101    9405.68529328294)(2000100    4962.97250346876)(1000000    6822.10734898552)(2000201    7538.22129158979)
19 1      - (2000201    4188.04592094541)(1000000    2970.24498957244)(2000001    -1359.375)(2000200    -4593.00008026913)(2000102    3345.96208869507)(2000101    6497.41489241763)(2000100    -1139.56599621292)(2000002    3303.18955692835)(2000202    3278.09649008827)(2000012    1615.77104277083)
19 0      - (2000102    3824.02873510033)(2000200    -1916.015625)(2000201    4690.55344773042)(1000000    3669.38898352268)(2000101    8879.23361410169)(2000202    4545.05429310045)(2000002    3671.92266733353)(2000001    521.569231069324)(2000100    3966.1542459995)
29 24      - (2000201    5243.48529332486)(1000000    2126.3818456637)(2000101    1112.88364688428)
4 28      - (2000102    -2125)(2000002    -1384.42858513832)(2000001    -1812.5)(2000202    -6483.39456902833)(2000100    887.134517768603)(2000101    -131.484846028228)
2 21      - (2000201    8083.31621876404)(2000200    7456.72542853874)(2000102    9038.40104905465)(2000101    7514.74614946599)(1000000    8711.64577005335)(2000012    10429.6279164371)(2000001    7401.92633185522)(2000202    8658.93694631756)(2000002    7084.85052851485)(2000100    7037.68529467494)
12 20      - (2000202    8456.67328986414)(2000201    8412.8037163577)(2000101    8615.6125365925)(2000100    8458.27371218181)(2000002    7636.43461380595)(2000102    8502.34254163815)(2000200    9738.06446972953)(2000001    7860.59889390459)(1000000    8497.52161071219)(2000012    1774.07006129176)
28 0      - (1000000    -2418.49566965776)
19 5      - (1000000    1192.15944183771)(2000201    -30.6225653996098)(2000001    -2503.95925108544)(2000200    -6663.69808254107)(2000100    417.268536526181)(2000202    1335.4258422004)(2000111    5755.79090953549)(2000211    142.725117447033)(2000102    4119.23582043779)(2000002    15.1516401623289)(2000012    567.62370336332)(2000101    1510.70196025222)
25 6      - (2000101    3673.13768369397)(2000201    -1999.8779296875)(1000000    1422.0371306325)(2000202    2138.4271331619)(2000100    8049.0784667552)(2000001    -270.865345327212)(2000012    -516.098359837671)(2000102    399.339905998989)(2000002    2766.29976448269)(2000200    -160.858138803653)
0 18      - (2000101    8735.03910128832)(1000000    2650.06903585485)(2000002    2693.94563965087)(2000100    3001.30671918124)(2000201    2689.10056120435)(2000202    3843.35297006901)(2000200    1259.03233448839)(2000001    4283.1359182105)(2000102    2939.87454578461)
15 19      - (1000000    1771.22100469288)(2000201    2889.76633012224)(2000012    9670.38679469269)(2000202    1751.59886238339)(2000002    833.596635015531)(2000101    1055.65584189462)
4 14      - (2000001    9998.40925911974)(2000100    10707.4656735283)(1000000    9899.05720500875)(2000200    9630.54997200437)
23 6      - (2000002    -1823.49585593685)(2000012    -510.608785404294)(1000000    -139.039012019483)(2000001    -2375)(2000201    -2250)(2000101    3678.69378734786)(2000100    -471.999976172235)(2000202    671.470971823062)
28 10      - (2000201    -1023.33913868988)(2000202    -949.228129620723)(2000012    463.423501726168)(1000000    -922.884943559553)(2000101    2347.44973986853)(2000102    7462.36175682373)
11 19      - (2000002    8194.94283798847)(2000101    8090.81835680629)(2000202    8084.17682750271)(2000102    6661.18148167699)(2000200    8041.95882974784)(1000000    7840.97937946465)(2000001    7597.2661900362)(2000100    9597.9684139627)(2000201    7715.99825877351)(2000012    2048.57707476107)
18 2      - (2000202    2949.07808723702)(2000102    4256.11390074651)(2000001    4126.84849279068)(2000200    277.246081694667)(2000002    3792.12741440892)(2000101    9712.86918267057)(2000100    5485.25776352142)(2000201    2935.02517028961)(1000000    5437.67158480903)(2000012    2131.06377322671)
22 3      - (2000102    6375.47566588829)(2000202    6705.51422753198)(2000012    6745.19911494928)(2000100    6587.2234977171)(2000101    8266.79099810901)(2000201    6155.18052114791)(1000000    6602.74738634748)(2000002    5612.10627371501)(2000001    6059.91917062183)(2000200    4033.907812957)
15 26      - (2000201    -1720.10466835076)(2000002    3394.357165345)(2000102    8370.29140573965)(1000000    2979.23510173779)(2000202    2541.4420171606)(2000101    2165.90636763587)
0 24      - (1000000    -2476.89209645462)(2000002    -1839.54895317173)(2000102    -5508.10801039125)
19 3      - (2000101    3393.92958762163)(2000111    1243.28369448813)(2000001    847.080782239379)(2000102    2229.15564686003)(2000012    -750)(2000002    2490.4302068182)(2000200    -1771.99431643438)(2000100    7018.72651117734)(2000202    420.50576921253)(2000211    -752.989536704279)(1000000    2775.57172142024)(2000201    3086.03537966307)
24 27      - (2000001    2179.46450048086)(2000200    5279.44541765488)(2000002    5513.26082757711)(1000000    4292.24233115896)(2000201    8354.26743170025)(2000100    5075.57374007685)(2000101    1308.77840775352)
19 4      - (2000002    239.663174221075)(2000201    322.756435664196)(2000001    301.334441997655)(2000012    1576.91639044989)(2000202    3438.53490514503)(2000211    -1565.25872877055)(2000102    1018.67850364213)(1000000    1162.91119477316)(2000200    -5263.27337030817)(2000101    2819.83446363353)(2000100    7098.04935207383)(2000111    5878.50816926541)
19 2      - (2000200    -3445.01711338737)(1000000    -863.896126643322)(2000201    33.6156617869)(2000102    705.599655161803)(2000202    -133.090627525781)(2000100    803.764270603958)(2000101    5226.15324094517)(2000001    657.987120981735)(2000002    636.883704947181)
22 6      - (2000101    -1500)(2000102    -2021.00405794079)(1000000    -1667.00811588157)(2000201    -1299.09281182741)(2000200    -1562.5)
22 4      - (2000202    -1818.99792576784)(2000201    -1640.18225195373)(2000002    -1658.01005018676)(2000001    -287.430873118746)(2000200    -2426.52809350545)(2000102    490.809979483825)
26 26      - (2000001    6776.69979267699)(1000000    5349.53541017755)(2000101    5985.60501832819)(2000200    6171.9002903133)(2000100    6054.20311329449)(2000002    6855.5515309609)(2000201    8349.67226168612)
20 6      - (2000201    939.359061855308)(2000111    1646.45072395097)
23 8      - (2000100    9103.40117259359)(2000200    966.238289528311)(2000102    1571.52872547677)(2000202    965.988001908912)(2000201    1095.48388700082)(2000002    6029.18754452297)(2000001    2159.65787806161)(1000000    1131.6258959528)
18 26      - (1000000    2623.9601650856)(2000002    7846.0980027896)(2000201    1853.65652155064)(2000101    1259.97765796789)
0 28      - (1000000    -1813.17526745642)(2000002    -955.3084149276)
24 23      - (2000200    2937.85739605361)(2000001    2472.47925945076)(2000002    2142.30962775962)(2000201    3696.54390739245)(1000000    8288.06202464213)(2000101    -53.2112691303645)(2000100    3112.26576830669)
11 28      - (1000000    -451.477639938499)(2000002    -1015.69721039019)(2000012    6487.97975451588)(2000202    674.07059380111)
10 20      - (2000001    8297.12206139858)(2000202    8644.30167199318)(2000100    8334.70744930814)(2000201    8420.71824680507)(2000002    8399.06922735836)(2000200    7827.31143250575)(1000000    7799.45862285871)(2000101    9701.12058646482)(2000102    8723.74318662212)(2000012    3688.1887762941)
20 5      - (2000211    -1518.6884665783)(2000101    5697.30105790536)(1000000    -965.511486611033)(2000202    799.241647804186)(2000200    -5090.45407065714)(2000201    -854.295965843134)(2000002    -403.661636964003)(2000102    1052.47206797572)(2000001    316.274024145022)(2000100    715.267104340198)
26 0      - (1000000    546.77729066884)(2000201    2343.69201026002)
23 2      - (2000200    2327.76830546879)(1000000    4331.08911458084)(2000102    4256.40037108425)(2000101    8809.16400953124)(2000100    3502.62756049942)(2000001    2803.22769042999)(2000201    4308.58913113861)(2000002    4546.37979581946)(2000202    4659.84013185989)(2000012    2837.03328707851)
21 1      - (1000000    5155.83905673726)(2000002    5584.41004397814)(2000100    5818.92606172)(2000200    2034.65389820556)(2000202    6614.32160755995)(2000102    8546.48020812507)(2000101    5101.48416623753)(2000001    5397.5229676557)(2000111    559.15054559428)(2000201    6237.75414555917)(2000211    -430.827323851524)(2000012    6570.94227374021)
25 1      - (1000000    -2288.82057590115)(2000002    -1976.86123740218)
2 18      - (2000100    2210.52761022722)(2000101    3396.71619497202)(2000200    962.688632800609)(2000001    614.145267304265)(2000201    1992.83549935863)(2000102    2785.50247617104)(1000000    8485.88109705517)(2000202    3619.06133164617)(2000002    1237.85991817868)
4 10      - (2000100    5078.07005974291)(2000200    4351.18879817364)(1000000    3550.99538691727)(2000201    3956.48806671708)(2000001    10653.4910588857)(2000002    8083.84878979125)(2000101    5961.16018229394)
2 13      - (1000000    10514.1661659869)(2000100    8415.44269414233)(2000200    6277.68587786129)(2000001    7594.93635335789)
25 27      - (2000001    8265.1886056999)(2000100    5225.57186445578)(2000002    3912.72830473364)(2000201    5690.39410468894)(2000101    5605.20319656401)(2000200    3932.94084140419)(1000000    4169.48318249562)
22 7      - (1000000    -1500)(2000102    287.361256540778)(2000201    2107.84873882207)(2000100    9034.74853592814)(2000101    897.863740975627)(2000001    1116.97440685805)
3 28      - (2000002    -254.310248552597)(2000202    -2609.99799861727)
21 3      - (2000202    5170.18034368581)(2000001    1119.92654516568)(2000102    4123.65384023985)(2000201    2214.71583200317)(2000002    3740.54098608647)(2000101    3326.94560014159)(2000012    8992.43707958787)(1000000    6711.76113722918)(2000200    -1830.92857800976)(2000100    2412.40592203289)
11 20      - (2000002    8134.13791913753)(2000101    8314.72613279834)(2000201    8716.2570655345)(2000202    9704.15298817105)(1000000    8407.91470479924)(2000100    8135.72701612858)(2000200    8289.24789650825)(2000102    8092.62608238137)(2000001    8369.76329219526)(2000012    2640.78596977414)
25 5      - (2000001    -3750)(2000002    1097.23598173736)(2000202    -1461.10551768927)(2000102    26.7321298077543)(2000200    -1500)(2000201    -1282.30440083201)(2000012    -224.750467577013)(2000100    6390.19400266132)
21 5      - (2000102    -843.503646917745)(2000202    -2000)(2000101    2250.87851595186)(1000000    -511.014433487095)(2000201    -500)
21 11      - (2000001    3088.93103007293)(2000100    4608.96424500555)(2000202    1024.2959805661)(2000012    -657.922373400778)(2000101    2433.60108004588)(1000000    3739.18413859059)(2000102    9502.15169997172)(2000201    4335.50157654843)(2000002    2296.58283966666)(2000200    3384.04621598157)
21 0      - (2000100    5413.04695490362)(2000002    -961.859138372535)(1000000    1648.39742135631)(2000111    -0.9864)(2000101    1603.49755264574)(2000200    -2451.70056674887)(2000001    302.13542911661)(2000102    -122.06898692025)(2000202    2596.16330687616)(2000201    3706.31703213144)(2000012    4924.69085366727)
5 21      - (2000101    -1075)
5 23      - (2000100    1223.457925362)(2000102    44.6915850724)
27 3      - (2000100    1969.19170337976)(2000002    -1593.75)(2000101    -688.184279295617)(2000001    446.180386787012)(2000102    -160.858138803653)
18 5      - (2000202    -1653.39757817437)(2000002    204.838293390783)(2000200    -1470.89116403076)
12 26      - (2000002    -858.352396282327)(2000012    922.420088714941)
28 25      - (2000001    1843.76722336147)(2000200    -920.531252372575)(2000100    713.613685871901)(2000201    -223.350646900396)(2000101    8844.89749540051)
17 4      - (2000002    827.938157933869)(1000000    -1102.95568422289)(2000200    -328.648355217018)(2000202    -1918.2113054502)(2000201    2224.48818238)(2000101    9237.14757166926)(2000001    1734.87848129427)(2000102    3096.51391495318)(2000100    1682.21906472846)
24 7      - (2000100    6009.77841160331)(2000101    1256.68842876331)(2000102    1129.84972309667)(1000000    950.486989609278)
14 16      - (2000201    -954.452806629622)(2000002    1228.09741423568)(2000200    -970.425341195814)(2000101    -593.90812982734)(2000100    5385.52309584987)
12 11      - (2000201    -807.657236571761)(2000002    -550.102912473047)(1000000    1484.17613809334)
27 25      - (2000101    8168.24367564688)(2000200    4837.42820421058)(2000002    2024.92219461935)(2000201    2473.30544573429)(2000100    2134.87464375551)(2000001    2485.65141687845)(1000000    1810.51735549338)
25 26      - (2000101    6503.05342769191)
13 14      - (1000000    -50.440492955176)(2000100    2521.37427035162)(2000001    8125.18089276186)(2000200    621.39307323012)(2000002    2083.21838627812)
18 24      - (2000200    -1016.591038526)(2000002    -137.102015513076)(2000201    2241.49828569229)(2000101    -147.693367720652)(1000000    5915.09091655728)
27 11      - (2000012    9495.6510685287)(2000102    -615.617624260804)(2000201    -650.240502591553)(2000101    194.080618119465)(1000000    470.874107048139)(2000002    1569.41349927838)
25 28      - (1000000    339.918240339919)(2000002    2724.73373749492)(2000101    4171.22273362787)(2000200    8487.41718065677)(2000201    2437.46920901252)(2000001    948.692953726083)(2000100    3338.53143311432)
26 15      - (2000102    -1042.18926675456)(2000202    6887.39420281507)(2000201    2385.09700280314)
2 23      - (2000100    6539.53375706476)(2000001    4136.66385208389)(1000000    5509.26003599336)(2000200    4269.2102929707)(2000101    9412.63221443513)(2000102    4948.10063253613)(2000201    4778.76105645535)(2000002    3419.44223333151)(2000202    5857.36909403655)(2000012    3931.30166841121)
12 28      - (2000202    1718.97844970055)(2000002    -886.947534821145)
24 3      - (1000000    -2819.66318086624)(2000001    -2139.32636173248)(2000100    3070.46565402921)(2000102    707.822946787219)(2000012    166.345645098453)
3 13      - (2000100    9742.42915337189)(2000200    9354.06191010422)(1000000    9285.8077741082)(2000001    10725.2956095194)
4 8      - (2000101    4962.88412762513)(2000201    7000.28899452936)(2000200    6356.65673916708)(1000000    5832.47692307842)(2000001    10658.7135270214)(2000100    5070.03226464695)(2000002    8478.67689191557)
23 3      - (2000200    628.300802891287)(2000101    9187.27267086084)(2000001    3363.19787993819)(2000002    1898.90232647566)(1000000    3926.89998078996)(2000201    -1110.12984024083)(2000100    5258.47465000488)(2000102    4814.92121187439)(2000202    2185.06450229246)
22 12      - (2000102    -1191.2706330638)
20 2      - (2000201    3267.07757117488)(2000001    -1409.42421288678)(2000100    2088.6554518951)(2000002    4297.72724672913)(2000102    4243.86871033729)(1000000    5452.67582353992)(2000012    7733.33263075416)(2000202    3203.64414991384)(2000101    3719.15863419686)(2000200    -1071.6)
4 9      - (2000001    7418.59933417103)(2000201    3913.54653583435)(2000200    6356.75684313962)(2000101    3950.80461464283)(2000100    5321.10819652035)(2000002    10634.9954364065)(1000000    6908.94323357724)
23 24      - (2000001    282.970078373145)(2000100    3296.697041037)(1000000    2419.0717448421)(2000200    8728.69300048346)(2000101    3516.25471198729)(2000201    3043.5620633135)(2000002    3186.19174319656)
14 19      - (2000101    3568.71532907695)(2000102    535.904076428583)(2000202    1524.4474272284)(1000000    1271.64505437638)(2000002    1364.28990589314)(2000012    9809.23221779934)(2000201    3656.99490885317)
5 11      - (2000201    4081.90352929404)(2000101    -668.044434733869)(2000002    10406.4924718849)(2000100    4309.49444481983)(2000200    3235.48814968336)(2000001    4724.4655041183)
3 14      - (2000200    10701.5904125682)(2000100    10164.84881598)(1000000    9796.31052742749)(2000001    9485.1642042335)
21 4      - (2000102    -1440.39153245041)(2000201    -1327.03397658718)(2000101    2612.79367920667)(2000202    -1256.72682535375)(2000001    1143.95814709185)(2000002    1430.36360052645)(2000200    -2782.616062484)(2000100    6898.13391003403)(1000000    2667.98275225339)
1 14      - (2000200    8114.36073917015)(1000000    10553.4048512921)(2000100    5416.20539522889)(2000001    7422.51181820125)
24 8      - (1000000    -300.155840837365)(2000202    755.929789755556)(2000002    1554.48548366151)(2000100    9689.9353182608)(2000102    1530.59262693643)
19 15      - (2000202    -828.107161117442)(2000012    9307.91010044287)(2000101    125.321109840805)(2000002    4019.48638097978)(2000102    1236.33200274235)(2000201    1101.36701618676)
8 25      - (2000100    -806.027389598141)(2000012    -500)(2000101    886.513772666279)
24 18      - (2000101    727.100011206394)(1000000    5507.02863205335)(2000200    1464.74589405697)
20 29      - (2000100    1039.07909342908)(2000001    1118.98000089927)(2000002    10152.2442690965)(2000201    3920.73494266495)(2000101    2541.59610208248)
10 11      - (2000201    1656.28078531875)(2000001    -467.076022307725)(2000002    814.474581020895)(2000100    3756.12903822691)
15 25      - (1000000    2598.20198368801)(2000101    -358.420925113807)(2000002    -292.865576851558)(2000102    1335.61421169125)(2000201    6972.59217674024)
15 21      - (2000012    8459.98141749392)(2000102    1268.97417225748)(1000000    2782.59957851895)
24 6      - (2000201    -1343.75)(1000000    -1543.60925851352)(2000200    -804.193138803653)(2000102    -1271.99171187371)(2000101    7699.73160750382)(2000002    -1000.1724379642)(2000012    679.881574161819)(2000001    -383.332937147467)
26 14      - (2000002    612.982739266368)(2000102    5389.47507523253)
26 1      - (1000000    -2015.81145813693)(2000101    -6598.28319029859)(2000102    -300)
27 27      - (2000201    1041.1130352467)(1000000    136.241193713216)(2000200    7149.33915697067)(2000101    2224.75164355416)
14 27      - (2000101    1734.6908488055)(1000000    3619.50408661303)(2000002    1621.66142111837)(2000102    3319.67227290902)(2000201    2626.63828406799)(2000202    2662.66958218627)(2000012    9171.04225743616)
27 15      - (2000012    8803.81149828233)(1000000    1143.68541781591)(2000102    2127.22694323491)
21 6      - (2000102    -1000)(2000201    -1000)(2000002    -786.666626953725)(2000001    176.804169296833)(2000202    -246.95874921095)
29 29      - (2000001    6159.56134770633)(2000101    1784.59382155233)
26 28      - (2000101    8538.47042055161)(2000002    1636.98068244369)(2000201    1865.16070631786)
13 21      - (2000202    -554.594490874716)(2000101    -531.085959307269)
16 19      - (2000101    7214.16828032463)(2000202    -886.111420678256)(2000002    1283.53686603881)(2000201    1321.67520674053)(2000012    1537.68686613322)
15 18      - (2000202    2386.28964395779)(2000102    4847.53826316326)(1000000    2514.69135905356)(2000201    3032.95545990608)(2000002    4460.53440593213)(2000012    9965.51045905764)(2000101    4390.84606693152)
2 20      - (2000100    -316.996863393403)(1000000    8157.34845356101)(2000002    221.11063569437)(2000101    2473.6330983059)(2000102    3135.95260789004)(2000201    1558.81133657137)
11 10      - (2000201    1010.51243421336)(2000100    1487.2767481618)(1000000    4758.74361183368)
14 21      - (2000202    520.943894420419)(2000101    26.7843767941714)(1000000    2820.22089505356)(2000012    7998.14332276273)(2000002    1052.49230445665)(2000102    2570.4104196631)
17 5      - (2000201    -1977.34315794882)(2000001    -530.231016823337)(2000100    -720.433884648253)(2000002    -237.047832733844)(2000200    -1526.69650831674)(1000000    -600)
2 28      - (2000102    -500)(2000002    -61.4044320986347)(2000202    -600)
27 24      - (2000200    746.937583693424)(1000000    4115.06927455845)(2000201    5384.994811692)(2000100    3297.5272594745)(2000101    1176.35194936622)(2000001    4481.96706604326)(2000002    8437.87016114406)
27 28      - (2000200    -592.165306605928)(1000000    -492.235455160063)(2000201    4209.35959401642)
0 27      - (1000000    -1944.53733449251)(2000101    -1172)
23 23      - (2000100    538.651902718322)(2000201    7841.63385477153)(1000000    754.290858158692)
4 7      - (2000001    10692.3632708691)(1000000    5160.06948911578)(2000101    4566.47155236236)(2000100    6471.07195194935)(2000200    5946.09703560444)(2000002    6264.17816176775)(2000201    4998.61298327221)
4 11      - (2000001    10622.2979187631)(2000002    6329.50049971549)(2000101    3245.88257155056)(2000201    6303.46026832912)(2000200    4948.9030788816)(1000000    5471.94116024412)(2000100    5384.14192312759)
1 10      - (1000000    443.191840368788)(2000002    10797.0416929434)(2000100    1736.15566459536)(2000201    2092.31936242895)
0 19      - (1000000    -1152.00181806789)(2000100    3660.89421168929)(2000101    8698.87345003761)(2000002    -582.494395794297)(2000201    1173.22605043699)(2000001    1161.77243977631)(2000102    1399.30617487805)(2000202    1098.20465159849)
28 1      - (1000000    -10710.5851049454)
3 8      - (2000101    5882.41844282929)(2000201    4953.44274711084)(2000100    5691.31274845963)(2000001    7080.23858511515)(1000000    5720.20426064813)(2000002    10658.8561466634)(2000200    6153.56514993167)
3 12      - (2000200    6927.95022422772)(2000001    10532.787098673)(2000100    5679.31331970564)(1000000    6706.39236524798)
9 5      - (2000101    4743.14960895329)
23 28      - (2000002    -994.887638099587)
20 1      - (1000000    2727.46250796705)(2000102    4441.47659128796)(2000201    3292.05300865305)(2000002    3045.62097945852)(2000101    8435.958646428)(2000202    3396.30850164153)(2000001    1433.60119315442)(2000200    288.322338824026)(2000012    1991.5311393936)
2 14      - (1000000    9774.5997684964)(2000100    10690.077720191)(2000200    9193.35422283939)(2000001    9956.97661218984)
3 7      - (1000000    6560.39502288983)(2000200    7423.66029932974)(2000100    6056.46875826027)(2000002    7731.96901743311)(2000201    6724.98869678126)(2000001    10588.9918950768)(2000101    5164.16462400228)
3 21      - (2000012    8707.44520817719)(2000202    4247.94452762181)(2000201    3488.91099212936)(2000100    527.560104016112)(1000000    2677.04026078488)(2000002    5674.13309656364)(2000200    448.469018104432)(2000101    1168.52038802883)
9 1      - (2000201    5391.64837637497)
3 10      - (2000200    6481.18323943418)(2000002    9166.07315472254)(2000201    6454.05584617112)(2000101    6808.66185769907)(1000000    6136.83331436408)(2000001    10699.7800308689)(2000100    7224.06825662909)
10 27      - (2000102    3846.31900999151)
3 23      - (2000200    3711.13971254185)(2000202    3969.27415790157)(2000100    9373.61767305466)(2000201    4232.79133051647)(2000002    4850.4493866267)(2000101    6933.50052094211)(2000001    1208.47633652198)(1000000    3827.12240273476)(2000012    9429.09154737133)(2000102    2548.94610558379)
16 20      - (2000002    -11.9409805731395)(2000202    2712.43682119322)(2000012    9080.5050180084)(2000201    1332.45526560537)(2000102    1635.49467500352)
16 21      - (2000202    1124.18698296974)(2000102    -970.330460164976)(2000002    674.08743226816)(1000000    7403.25612540628)(2000201    3031.70039157923)(2000012    1797.8433857807)(2000101    1527.08056120771)
5 10      - (2000100    832.981185190438)(2000001    10557.7242506642)(1000000    1403.60483784431)(2000201    3812.61052805908)(2000200    3825.65350249252)(2000101    4342.7256255431)(2000002    1840.88845886863)
14 2      - (2000200    10505.7985230564)(2000001    3059.69957435527)(1000000    7946.51873531556)(2000100    5564.28097614784)
2 27      - (2000200    -1029.91826255526)
0 14      - (1000000    10684.0117582981)(2000200    5362.10374462315)(2000001    5084.85738654879)(2000100    6275.36597460074)
1 20      - (2000102    1746.27096909225)(2000201    -465.481841968875)(2000101    -6.34779357731662)(2000001    -28.9991121476846)(2000002    -114.765674688871)
25 29      - (2000201    -345.60351047252)(2000101    6430.12093561616)
14 10      - (2000002    87.7775917193721)(2000101    1987.01703261527)(2000201    7042.69787888194)(1000000    992.496058493583)
27 20      - (2000200    -674.521878235269)(2000101    1382.90195559408)(2000100    6573.49475537895)(2000002    2130.5417790761)
2 9      - (2000100    3762.85914526548)(2000201    1911.88134518287)(2000101    2052.95221167268)(1000000    264.253834909281)(2000001    10696.0072638766)(2000002    2253.78200786443)
18 29      - (2000001    2066.11674445699)(2000201    7901.35689619203)(2000101    3423.86977966198)
10 15      - (2000101    1990.50230527115)(2000201    1356.60725743611)(2000002    7058.15270583807)(1000000    2257.65985256866)
26 12      - (2000002    -786.341259994764)(1000000    2991.99312641113)
14 20      - (2000201    5528.14191792677)
27 26      - (2000001    4190.32353603139)(2000201    3490.4386470543)(1000000    8573.68678846368)(2000002    5303.33241808731)(2000100    5448.17820441312)(2000200    3743.13849461603)(2000101    2943.37513031114)
4 27      - (2000201    -2759.20587005906)
24 22      - (2000100    4892.76551368668)
18 25      - (2000002    7181.96055868861)(2000101    1250.12132480899)(2000201    1392.90847633132)
11 11      - (2000101    4728.2755204272)
21 21      - (2000201    8287.14418638354)(2000002    5627.93190603693)(1000000    2351.8962850433)(2000101    2731.64542671191)
14 1      - (1000000    10312.6568308856)(2000200    1452.21328770803)(2000001    3985.5556586945)(2000100    2731.69633905622)
25 2      - (2000200    -1000)(2000001    -750)(2000201    -1000)(2000100    -457.212493199958)(2000102    -1125)(2000002    -543.722333710912)
19 16      - (2000101    2792.43401026888)(2000202    3491.78547959123)(2000201    7083.03663126161)(2000102    1085.17587355956)
24 17      - (2000201    5530.66056840864)(2000101    1498.19280716153)
28 26      - (1000000    1411.54913170169)(2000201    7214.54185213685)(2000200    1218.30245205206)(2000101    1635.83402213436)
18 15      - (2000002    2916.40412313149)(1000000    3373.97033490554)(2000102    1525.92839023024)(2000201    7744.34062455347)(2000101    423.313858532303)(2000202    2701.07471644161)
0 9      - (2000101    4040.89929569862)(2000201    8979.01998445904)(2000002    4917.81868829965)(1000000    3065.14632777329)
21 26      - (2000002    9604.64523858811)(2000100    2132.09605855903)(2000101    1742.15630481007)
14 15      - (1000000    160.497966994249)(2000101    47.9539653316109)(2000100    -712.419191314006)(2000002    4896.63835827064)(2000001    1970.65437496283)
1 21      - (2000001    -408.748185689982)(2000102    8540.00237634034)(2000201    2435.18260056859)(2000012    226.952940742009)(2000002    2471.65642481595)(1000000    2734.1902920155)(2000101    2362.93459797677)(2000202    2852.33437816348)
14 3      - (2000001    10237.9469625672)(2000200    4831.09304892595)(2000100    1716.13438202619)(1000000    1364.04072123824)
13 2      - (2000100    9759.25152600103)(1000000    1831.3467571255)
24 19      - (1000000    5732.55952737393)(2000201    -632.077722755346)(2000200    2142.56158929017)(2000002    2222.26329315883)
29 18      - (1000000    6619.52766896184)(2000101    2796.78684323942)(2000200    305.89878812927)(2000001    2113.07485349034)
5 26      - (2000100    286.279716205589)
2 11      - (2000001    8207.06398498919)(1000000    1672.50955728924)
0 12      - (2000100    10515.1834652614)(2000001    3570.75303670338)(2000200    1615.25356766766)
2 8      - (2000101    8256.09058159152)(2000001    2108.29904493643)
27 0      - (1000000    -3979.74261688943)
18 23      - (2000201    887.680106995753)(2000002    2278.98183014989)(1000000    6931.4743850418)(2000101    1082.3078852392)
27 5      - (2000101    3691.22229938353)(2000200    -2635.83769669095)(2000201    -1875)(2000202    -1983.02831656128)(2000002    -300)
15 4      - (2000100    10639.5964215135)(1000000    3654.05124127615)(2000001    3371.03599760943)(2000200    1672.47261880071)
9 4      - (2000101    8292.12953514895)(2000100    1367.05135047099)(2000200    1409.93640675391)(2000002    2342.31982548003)(2000201    1514.53884553213)
4 24      - (2000200    2678.5309706154)(2000100    8872.20412937562)(1000000    4663.2500664283)(2000102    487.831889608135)(2000202    -66.5055275519126)(2000002    1587.36399430879)
2 10      - (2000001    10297.9231507886)(2000200    2331.81609160411)(2000101    595.917599990615)(1000000    4421.85564790871)(2000100    5274.70665414596)
15 20      - (2000002    3731.13807919875)(2000102    7746.62016309648)(2000202    688.825710224)(1000000    1159.34458830109)(2000201    2493.95097342791)(2000101    3773.9117386684)(2000012    2220.10938861361)
19 29      - (2000002    9986.91759140216)(2000100    3244.99560980464)(2000001    546.212327294379)(2000101    2709.98379867732)(1000000    3849.22176149613)(2000201    4220.06095988744)(2000200    2794.94181533041)
5 9      - (2000101    -524.551278204161)(2000100    7908.69191435003)(2000002    1703.4533998212)(2000200    4164.39734110393)
29 20      - (1000000    7558.22988284136)(2000101    1384.66744799355)(2000200    1280.71242164731)(2000201    3182.16191982622)(2000002    1813.17680463254)(2000100    1701.89795006695)
26 11      - (2000002    -307.721459064053)(2000101    1312.3492646964)(2000202    2622.8240315694)(2000201    1262.07512114275)
10 1      - (2000002    8782.34274992944)(2000201    2538.09374172596)(1000000    1725.21425166739)
0 17      - (2000100    3015.8908801443)(2000202    1060.82129175536)(1000000    1263.0287854177)(2000102    1355.12935628831)(2000101    9352.77572773289)(2000001    3278.06116346769)(2000200    243.958452247804)(2000201    3773.69789492386)(2000002    4009.45769510199)
23 0      - (2000101    -1000)
26 4      - (1000000    -1750.5)(2000001    407.610795103269)(2000101    5275.64598861288)(2000102    203.416646361857)(2000100    1158.08613189359)
28 12      - (2000101    -558.05835923782)(2000102    1664.016723844)
7 24      - (2000002    359.830729547956)(2000001    -1031.45645)
5 14      - (2000200    9362.11852089171)(2000001    2735.53244185666)(2000100    1823.68829457111)
10 14      - (2000002    5157.57955120546)(2000101    -3.54641561922176)(1000000    2130.28910079846)
11 15      - (2000101    5888.29143319462)(1000000    1082.98185032233)(2000002    2070.77382167155)
0 8      - (2000201    355.31516556762)(2000101    7563.49253194052)(1000000    1817.37652514877)(2000002    1700.56706428242)
8 4      - (2000101    1017.76056170918)(2000201    338.683088267815)(2000001    10519.1208831134)(2000100    957.224230944016)(2000002    1749.8880588738)
26 3      - (2000102    -700)(1000000    -1151.84117401181)
19 6      - (2000200    -2527.58741970426)(1000000    353.88700881513)
22 21      - (1000000    1837.18598913597)(2000002    6973.95260013872)(2000101    1063.57616705937)(2000201    1910.57423136447)
26 21      - (2000101    1451.57633492898)(2000001    3873.13790449533)(2000002    9824.79630721477)(2000201    1736.30849287857)(2000200    1293.47977783986)(2000100    3406.49775639634)
23 18      - (2000101    463.486674644457)(2000201    6873.06257737798)(1000000    2699.02659208017)
15 15      - (2000100    -760.916849218068)(2000001    5115.12605396474)
1 13      - (1000000    8571.3629720237)(2000001    3065.88327082063)
6 10      - (2000200    1022.92620226578)(2000002    10629.4304497599)(2000100    1302.10571231052)(1000000    1565.99084159766)(2000101    1759.80563324843)
13 15      - (1000000    -93.6563720296364)(2000002    1680.66408182925)(2000001    5346.99512974231)(2000101    1542.52923474322)(2000201    1454.14138717248)
4 26      - (1000000    -500)
9 15      - (2000201    5929.95054155424)(2000002    1199.49371879923)(1000000    1442.55095509236)(2000101    1085.50873586139)
14 26      - (2000202    6123.12953620718)(2000102    1719.13103059814)(1000000    1919.13088420326)
16 26      - (2000202    1593.95836743986)(2000102    3337.42807665005)(1000000    1866.63861305473)
10 26      - (2000101    3903.23036512749)(2000202    1561.04441516607)(2000201    2138.55177718826)
3 20      - (2000200    -1359.375)(2000101    5872.80156617472)(2000102    453.163574264189)(2000202    1159.01039140387)(1000000    137.150690289765)(2000201    855.06897442774)
3 27      - (1000000    -2500)(2000101    -1631.84117401181)(2000201    -1440.625)
7 4      - (1000000    1159.15234419974)(2000100    -50.8979981118343)(2000001    10243.4119977924)
8 0      - (2000201    5227.87699667333)(2000101    4422.0410297195)(1000000    9324.85326840813)(2000002    3093.59657889079)
10 0      - (2000101    8618.1377674353)(2000201    983.489564666456)(1000000    899.009684277725)
12 0      - (1000000    9753.1961873565)
25 8      - (1000000    -500)(2000001    -803.544886802201)(2000201    -1210.77328583957)(2000101    -875)(2000202    -68.610567396624)
14 23      - (1000000    1407.87766442962)(2000101    6680.67738529563)(2000002    2428.18614677658)
20 15      - (2000201    7754.44135768915)(2000012    1639.59891904248)(2000002    1773.60387328974)
13 13      - (2000201    2927.29384829931)
28 23      - (1000000    104.344559712191)(2000001    4988.39620389501)
28 20      - (1000000    3787.68229985266)(2000100    2447.36370019947)(2000002    10555.4000565295)(2000201    2987.91703513614)(2000200    3178.26349189)(2000101    2859.63482507985)
17 24      - (2000201    7150.63177196207)(1000000    2321.96037851714)(2000002    856.718958384282)
8 11      - (2000200    933.193079845522)
29 23      - (2000201    -899.961959056035)
25 18      - (2000002    1013.80208809154)(2000201    -388.113933805354)(2000101    2369.53788784319)(1000000    8202.42371997118)
12 8      - (2000001    4787.91844997723)
14 4      - (1000000    10115.2094874885)(2000001    3421.36603933718)(2000200    6984.33079866312)(2000100    2203.50900201545)
25 19      - (2000101    5604.0154463454)(2000201    -490.440006259954)(1000000    1376.49699250402)(2000200    1692.48016050401)
9 0      - (2000101    8834.40064948693)(1000000    3920.31222903497)(2000002    3231.06151553554)(2000201    3100.50477202829)
14 18      - (2000002    2751.87297248093)
12 22      - (2000201    246.583360783555)(2000100    125.360891191647)(2000202    125.438691191647)
20 16      - (1000000    3027.37822671093)(2000012    9065.51795967506)(2000102    1286.83047466411)(2000101    1190.26578714563)(2000002    1896.79460378173)
26 2      - (2000002    -2499.61618612994)(2000201    -976.25)(1000000    376.879361784477)(2000200    -124.624127643105)
22 26      - (2000002    9390.62002088756)(2000001    330.17686778099)(2000101    4180.23381748332)(1000000    1709.95710033611)(2000200    1709.95710033611)
5 28      - (2000001    -1876.76105520428)
28 18      - (1000000    -110.816132020714)(2000201    3062.72726532335)(2000101    697.850857145564)
21 28      - (1000000    1218.51580599837)(2000002    10317.5155678635)(2000200    2669.39823737442)(2000201    1519.71347179799)(2000101    2677.06442310944)(2000100    1372.29140996628)(2000001    1588.46926871484)
14 25      - (2000201    515.050731378593)(2000012    4177.79951162356)(2000101    1192.1979869836)
29 17      - (2000001    -382.478438162499)
19 20      - (1000000    1561.35585994313)(2000101    7162.59520090038)(2000201    2812.42203282263)(2000002    1256.33631385288)
23 1      - (2000102    -1008.04236609358)(2000201    -462.33944058085)(2000001    5735.13504854173)(2000200    17.0256416724517)(2000202    362.763457651149)(2000002    1157.2600930468)
19 24      - (2000101    7239.99949005671)(2000100    6292.51304160272)(1000000    2295.64053041086)(2000201    1077.43970923528)
10 9      - (2000101    1880.43794767889)
1 7      - (2000101    797.291863821022)(1000000    1840.76370974717)
11 4      - (2000101    580.144160999473)(2000001    8399.27102253521)
24 2      - (1000000    -800)(2000001    -961.920590206651)
18 6      - (2000101    -926.070617788466)(1000000    -218.189130672106)(2000100    2751.7407794781)
15 9      - (2000002    2241.31054992702)(2000201    7420.83029568875)(2000101    2801.62413617126)(1000000    934.900992490837)
8 9      - (2000201    -206.136535382387)(2000100    2319.92426352655)(1000000    69.8748782170046)
16 14      - (2000201    -275.3051849011)
13 12      - (1000000    3168.72395066071)
2 12      - (2000200    10487.8278758384)(2000001    4264.43522626654)(1000000    1785.46004697591)(2000100    3174.09660096125)
21 12      - (2000201    1987.5027470958)(2000001    5043.19526844169)(2000102    4749.61904582306)(2000101    4757.04200961562)(2000202    4174.47395411794)(2000200    9614.55658693342)(2000100    6725.74393996948)(1000000    4922.38851966417)(2000002    3220.77783419537)
4 20      - (2000101    -509.327109639075)(2000100    3594.90436433221)(2000202    -750.25)
21 27      - (2000001    6942.69797206244)(2000201    2668.67968992433)
19 23      - (2000002    4835.36066439781)
9 2      - (2000101    2797.22589730195)
19 22      - (2000101    1701.04496126857)(1000000    2102.74379034316)(2000002    5107.31948086359)(2000201    2383.14421138455)
29 10      - (2000201    58.9501717266991)
15 28      - (2000012    6668.00853323141)(2000201    1711.09033621648)
13 26      - (2000102    858.815408576439)
26 20      - (2000100    4798.14820066333)(2000101    904.170183965259)
13 4      - (2000001    10036.6734652214)(1000000    3460.24290418403)
22 18      - (2000002    4676.65462299684)(1000000    1330.34281496738)
4 22      - (2000100    -632.347101925411)(2000200    -300)(2000001    1212.4391954758)
19 25      - (2000201    6503.00489102474)(2000101    2286.51393268036)(2000002    1661.56875133143)
4 25      - (2000100    4279.50395326874)(2000001    -1375)
23 19      - (2000201    7583.60517062678)(2000101    -70.9297723471066)(2000001    1024.79431886403)(2000200    1714.50929436272)
21 14      - (2000102    3835.45068218518)(2000202    932.51578001308)
11 14      - (2000002    782.308114132625)(2000101    2657.83388316126)
22 23      - (2000002    4116.78692019714)
19 10      - (2000102    7118.43542162893)(2000202    1579.26538309843)(2000100    1573.23688578732)(1000000    3561.19449796676)(2000200    3463.55496857374)(2000001    1251.4000290846)
3 11      - (2000101    7019.93550093916)(2000100    2094.19174399337)
1 17      - (2000002    -81.8843400900998)(1000000    -56.6709331864978)(2000100    5194.41357692388)(2000101    9948.94484742714)(2000201    2040.20823730836)(2000001    1660.14430839622)(2000202    1521.27667797644)
8 1      - (1000000    4373.76574448962)
3 19      - (2000101    5508.85416591703)(2000002    777.508946290032)(1000000    2483.84092864908)(2000201    513.243494606267)
0 11      - (2000201    2046.13087413366)
11 22      - (2000100    6145.65094899675)(2000200    919.028371680353)(1000000    2310.88828690997)(2000201    2026.18013101742)(2000101    2026.24745101742)(2000001    2028.58184569387)
16 10      - (2000201    361.352682701236)
9 9      - (2000200    2505.31047197349)
14 22      - (2000101    5909.96426853181)(1000000    674.380249753916)(2000201    575.896898387819)
19 19      - (2000101    6696.11320005675)(2000201    3111.51452572801)
9 11      - (2000200    -559.136454270871)
8 15      - (2000002    1625.45148912798)(1000000    34.0130140944455)(2000201    6246.9797932194)
28 19      - (2000200    2366.82680654763)(2000001    8151.35874138844)(1000000    3099.85471384028)(2000100    3315.65491097963)(2000002    1638.45255871047)(2000201    1314.89216926575)(2000101    1122.19729618422)
22 16      - (2000102    4236.05287670725)
18 19      - (2000101    3064.67973039693)
4 19      - (2000102    615.237865975995)
2 17      - (2000200    -461.87489367102)(2000202    -500)(2000101    6128.249845699)
19 27      - (2000101    3250.41555479037)
21 29      - (2000001    7338.44986686203)(2000201    1593.11399501058)(2000002    2035.19008316205)(2000100    1381.91166430155)
6 9      - (2000201    8086.86172017747)(2000200    1215.43272331037)(2000001    2055.62298292653)(1000000    1521.86833069484)(2000100    1638.07423583819)
8 3      - (1000000    4564.13354312835)
20 25      - (2000101    2634.55032782369)
14 0      - (1000000    6322.7222316)(2000001    2024.52503082887)
4 13      - (2000001    10359.6171787624)(1000000    3952.67174521241)(2000200    4210.49315683568)(2000100    6312.39626267363)
19 21      - (1000000    6915.84593134173)(2000002    1660.21645683271)
26 19      - (2000201    2373.64559774942)
29 1      - (1000000    -500)
25 15      - (2000102    4596.73727702915)
3 18      - (2000002    6625.28646097999)(2000200    -500)(2000101    509.411581461828)(2000100    628.559860083984)(1000000    2156.45001055067)(2000102    1450.77376720309)
13 3      - (2000100    9036.94004975255)(1000000    1910.11606181649)
15 10      - (2000201    1374.73147968557)(1000000    6929.15945721243)(2000002    301.981617982928)
21 18      - (2000012    3462.4320224028)
20 19      - (2000201    6417.48773188291)(1000000    261.806415336293)
16 27      - (1000000    91.5072163939741)(2000012    3942.05014831898)
29 19      - (2000101    2699.12147841909)(2000001    7695.92151229263)(2000002    3674.74366209171)(1000000    1582.94085202599)
14 9      - (2000201    2945.92796013149)(2000002    1045.91821852334)
13 1      - (2000200    2669.9308437932)
9 28      - (2000002    4434.12386031334)(2000012    2042.55095509236)(1000000    1106.28573228415)
22 24      - (2000200    5679.9551338183)
5 24      - (2000200    -1687.5)(2000201    -1875)
26 18      - (1000000    7457.15272865072)(2000101    1065.33380309057)(2000201    2567.74041934527)(2000002    1202.47180818573)
0 10      - (2000200    2219.40878004392)(2000101    4118.01316812898)
12 2      - (2000001    7222.51856472711)(1000000    2054.15084085074)(2000200    1992.57879205092)
27 21      - (2000101    3670.36188389395)(2000001    7744.82619880646)(2000100    1575.78885109509)(2000201    1540.28111533817)(2000002    1466.59312966514)
20 28      - (2000002    9556.2163332261)(2000101    2412.6956671797)(2000100    1189.19605036337)(2000201    1446.35034339145)
24 15      - (2000201    1635.6724851842)
21 15      - (2000202    938.724816849109)
8 12      - (1000000    822.845069301487)
16 0      - (2000002    3219.01761315596)(2000012    3147.31603220975)(2000200    749.93932899042)
11 8      - (2000101    1684.94223396579)
5 8      - (2000101    7571.67821931335)(2000200    4299.5845182266)(2000100    1492.02765230473)
27 16      - (1000000    1490.37006867384)
11 0      - (2000002    3781.29572575642)
25 17      - (2000101    2581.25214134675)
18 28      - (2000002    3728.70588781436)
1 28      - (2000101    -800)
3 25      - (2000102    -1500)(2000200    -821.139226726567)
22 14      - (2000002    3438.4490475267)(1000000    1426.09483741778)
18 22      - (2000002    4953.42819176419)
18 18      - (2000201    2817.95935659515)
21 23      - (2000200    1036.57570010666)
24 29      - (1000000    7715.7258934625)
12 10      - (2000001    2275.8552749086)
0 13      - (1000000    6579.78364217069)
22 19      - (1000000    2820.26661193595)
28 3      - (1000000    -500)(2000102    -500)(2000101    -300)
1 12      - (2000100    7166.84959987679)(2000200    2207.00359627769)
20 20      - (2000201    998.080253308681)
18 14      - (2000002    957.224230944016)
26 16      - (2000101    5353.34588497505)
18 3      - (2000102    -1000)(2000202    -971.426898384937)(2000002    1172.94988084552)
11 12      - (2000101    996.002821951892)
14 5      - (1000000    7666.86637087812)(2000100    1506.05893909202)
6 12      - (2000002    3788.46079258032)
22 15      - (2000101    705.043564665788)
26 24      - (2000100    6019.4990020947)
23 25      - (2000001    1730.66866510105)
25 3      - (1000000    -500)
11 9      - (1000000    1017.84010806964)
21 7      - (2000002    4628.52733487055)(2000101    357.359375473726)(2000001    -183.308407385823)
11 1      - (2000100    1575.41203087071)(1000000    1963.23688568103)
22 27      - (2000002    4784.73999122067)(2000201    1088.71518334537)(1000000    1088.71518334537)
3 26      - (2000002    -1572.5)(2000202    -1163.02831656128)
7 23      - (2000202    -500)
19 11      - (2000202    8370.88525985657)(2000002    1369.9418965691)(2000201    2825.92238059577)
8 5      - (2000201    4570.72187073345)
24 26      - (2000100    4427.99839979104)(2000200    1739.16924799057)
16 15      - (2000201    1390.29734517217)
20 10      - (2000100    5366.03145924)(2000202    1687.21967260171)(2000101    3692.90900647755)(2000200    2732.78270496265)(2000002    4104.23840899759)
17 20      - (2000202    2324.13251100792)
21 22      - (1000000    2266.95878959503)
6 26      - (2000201    -2262.89780636305)
27 2      - (1000000    -731.002046575981)(2000200    -600)
0 15      - (2000200    6603.74630941486)
19 28      - (2000101    7740.7559662318)(2000200    1264.38476873922)(2000002    1558.54358883433)(2000201    1361.16489865475)
1 19      - (2000002    3682.43739748603)(2000102    460.300088662561)(2000101    1081.4413462202)
6 22      - (2000102    -1000)
24 0      - (2000201    2203.98017016865)(2000101    7723.53286305868)(2000102    1019.46017922)(2000200    -559.887238292932)(2000002    2074.60293573661)
14 14      - (2000100    4123.02822316146)
20 7      - (2000201    -1062.5)
14 13      - (2000001    2478.14506147887)
26 13      - (1000000    2305.15807395148)
5 19      - (1000000    758.285870433692)
7 25      - (2000012    3510.44944968966)(2000200    -493.75)(2000102    164.211448122606)
4 21      - (1000000    -300)(2000102    2495.58087571479)
11 5      - (2000101    1665.90262129628)
6 21      - (2000202    -300)
20 11      - (2000100    1443.48813373834)(2000102    8739.02633372742)(2000202    3423.09107902309)(2000002    3624.63378739376)(2000101    1436.03247751981)(2000200    1381.11885379027)
28 21      - (1000000    1175.09224690345)(2000201    1250.15664225908)
15 23      - (2000101    1993.8636182725)
12 14      - (2000200    2492.73385484191)
22 20      - (2000101    3976.15064321787)(1000000    791.010822713288)
5 20      - (2000002    -615)
25 21      - (1000000    4489.1294115062)
10 5      - (1000000    3703.21832634764)(2000101    1893.04856719008)
20 27      - (2000200    5870.97851265228)(2000100    1202.11979490851)
20 21      - (2000201    2411.95343335694)
11 2      - (2000002    6414.58909411816)
18 4      - (2000100    2689.51043799119)
21 25      - (2000002    4720.79615558975)
25 16      - (2000101    2911.92769765787)
6 11      - (2000101    1107.921286087)
25 25      - (2000002    1275.67252902546)
5 25      - (2000001    535.475769859841)
11 27      - (2000202    4818.02617532976)
13 23      - (2000002    1196.15737755647)
2 7      - (2000002    5426.40999919737)
28 5      - (2000101    -300)
18 16      - (2000002    3702.44253488372)
20 14      - (2000102    1024.40276986906)
11 18      - (2000102    5233.7994731015)(2000202    1742.47138215404)
12 18      - (2000001    4556.47753538785)
25 14      - (2000202    3447.13344153242)(2000002    1722.46244572162)(1000000    1508.87875243785)
18 27      - (2000001    2782.62330321424)
16 22      - (2000201    1271.34328676636)
23 17      - (2000201    3418.09292822317)
1 9      - (2000200    1474.50645150964)(1000000    1637.90010153073)(2000201    4833.28973954655)
3 24      - (2000201    705.58024455085)
16 9      - (2000101    1270.34344825176)
27 19      - (2000201    1610.8820784877)
9 6      - (2000100    1247.05575322128)
5 27      - (2000201    -531.442498639992)
9 3      - (2000200    1522.73225944627)
26 22      - (2000201    3758.90917510954)
10 4      - (2000001    7119.05629737085)
7 5      - (2000100    1475.46705379738)(2000001    6171.05658538799)(2000101    2212.63511925299)(2000002    2808.50784937613)
19 26      - (1000000    2614.65604159954)
8 2      - (1000000    1945.51167850789)
27 23      - (2000100    3220.12863709019)
28 2      - (1000000    -300)
1 23      - (2000100    -300)(2000001    547.596129860512)
13 19      - (2000102    2245.53431861442)
8 24      - (2000101    1247.37646276448)
26 23      - (2000200    1408.55149454401)
14 24      - (2000101    1283.5299620343)
10 23      - (2000200    1683.27341763056)
16 18      - (1000000    5058.60936458413)
13 10      - (2000101    2956.09886857121)
10 18      - (2000102    6917.21707456775)(2000001    1513.61373960771)(2000002    1748.89205905742)
21 20      - (2000201    3567.90004044781)
15 13      - (2000100    1549.43839531262)
6 19      - (2000101    -300)
9 21      - (2000201    3498.64779326619)
10 2      - (2000002    5205.44277244057)(2000200    1446.42895115316)
16 24      - (1000000    2185.22424087568)
11 26      - (2000012    2616.53900199608)
7 3      - (2000100    3912.27870086854)
21 17      - (2000201    1231.2979282689)
1 8      - (2000101    5111.61276426893)
27 18      - (1000000    1329.24295210331)
15 22      - (2000201    2473.89151561054)
19 18      - (2000002    1291.3634850035)
11 3      - (2000101    4713.07143003511)
25 22      - (2000201    1465.66429420531)
20 24      - (2000101    2477.55848041902)
20 26      - (2000001    1782.71373342898)
11 16      - (2000102    1677.75689641652)
22 13      - (2000001    6494.49372476001)
27 6      - (2000102    -360)
25 23      - (2000001    1658.22655919285)
17 29      - (2000101    1679.92012282781)
1 11      - (1000000    699.188728236004)
7 1      - (2000002    408.174678262529)
10 6      - (2000002    320.846694577931)
23 22      - (1000000    423.900190092691)

