574
0 0      - (2000201    14551.5384392123)(2000002    15217.9722823685)(1000000    15121.8005383849)(2000101    15888.7457732912)(2000001    14899.9425958401)
0 26      - (2000001    9255.62077451412)(1000000    8146.22039289246)(2000002    10253.2714509439)(2000101    14613.4094178371)(2000201    7814.94387739382)
1 26      - (2000002    16010.0157231949)(2000001    14276.1083671918)(2000101    12906.3559330928)(1000000    15527.3942146882)(2000201    13194.7147001943)
28 2      - (2000201    6879.35637369278)(2000002    5731.46046865458)(1000000    6550.35390590672)(2000001    8429.6800382377)(2000101    15771.6011443332)
5 0      - (1000000    1562.97887620355)(2000111    11092.0970778516)(2000101    8982.3055162054)(2000001    10866.4710732066)(2000012    16063.2851857633)(2000002    14472.1885231511)(2000211    7192.26417228713)(2000201    6112.75973743109)
1 25      - (2000002    10590.719267699)(2000001    11730.9828862165)(2000201    9710.55670816684)(1000000    14619.1275504954)(2000101    11007.6883430251)
24 1      - (2000002    8345.65200467921)(1000000    1534.57789473501)(2000201    1441.48966747158)(2000001    3092.65733608008)(2000101    14606.1587684204)
24 0      - (2000201    13521.200986087)(2000002    16013.2932894658)(1000000    15362.5226423266)(2000101    14197.1887443062)(2000001    15344.7901042914)
0 13      - (2000101    7161.03401461222)(2000002    5443.96215932471)(2000201    174.665990656799)(1000000    -1866.99860178682)(2000211    5541.21294893135)(2000111    7983.57636088512)(2000012    11237.0706760446)(2000001    1455.20538627683)
12 18      - (2000111    1680.56968441288)(1000000    1190.03595603063)(2000101    -968.938)(2000201    -301.796340353365)(2000001    12553.6752348574)(2000002    653.490055546769)
8 0      - (2000012    8610.1298965092)(2000201    833.89628333525)(2000101    6767.35662987198)(2000211    4372.10878968011)(2000001    14832.29943117)(1000000    -100.932180719439)(2000111    5610.83824458407)(2000002    479.35508177346)
22 15      - (2000111    15334.9523076772)(2000012    14082.7089710365)(2000002    15665.9552046605)(2000201    15117.4703358766)(1000000    14548.9094005764)(2000101    15369.0273443184)(2000001    16288.4931338146)(2000211    13492.9427735898)
1 17      - (1000000    16455.6334486195)(2000201    12489.6693575012)(2000001    10186.6746133474)(2000101    12470.8870012063)(2000002    5761.99870572497)
12 26      - (1000000    16709.4734160223)(2000201    5401.82306917068)(2000002    2460.64194767096)(2000001    2817.65332797838)
1 16      - (1000000    16827.6140165303)(2000101    1937.24005377067)(2000002    2236.94562873326)(2000201    6941.89303059237)(2000001    4777.76138566561)
11 2      - (2000201    4007.17848940006)(2000012    16314.202786007)(1000000    2060.85689767945)(2000002    8865.47166564045)(2000211    -91.1426428232959)(2000001    7648.08872575614)(2000221    4242.79435359875)(2000111    8596.36719530348)(2000101    6690.52903558698)(2000121    2594.93893586998)
9 5      - (2000111    2910.88728890047)(2000201    678.315242686469)(2000101    8763.68987442827)(2000001    4992.4690604199)(2000012    16284.19953347)(2000002    13267.7994653752)(2000211    7907.33053116608)(1000000    2785.85732376744)
12 4      - (2000111    12644.3280407969)(2000201    10665.2390495683)(2000001    11672.2708495932)(2000101    11178.7651204901)(1000000    10493.3926859206)(2000002    14012.3207913777)(2000012    16386.5504140034)(2000211    3467.59849611242)
13 0      - (2000211    5563.11613142139)(2000111    8689.91332922427)(1000000    -1867.01406166646)(2000002    5123.55440769501)(2000012    13772.4938462599)(2000101    9063.35103862362)(2000201    1398.76314888568)(2000001    2441.79771474578)
0 12      - (1000000    -1867.01408664338)(2000211    5390.5321692054)(2000001    739.458271331146)(2000201    302.97093774358)(2000111    10149.5487682139)(2000101    10466.9107628971)(2000012    14381.0233175212)(2000002    6579.34707107938)
10 1      - (2000201    -890.085067798955)(1000000    -1855.09793552526)(2000001    732.110969477399)(2000211    5047.40489289284)(2000121    15153.2583119163)(2000221    8103.68685647125)(2000002    4290.18604136748)(2000012    16104.6061480187)(2000101    10770.1426969757)(2000111    12953.1325590918)
6 0      - (2000101    8972.25252273813)(2000211    9709.66333832058)(2000012    16181.2401404736)(2000001    14154.5047295347)(2000111    14637.0641857101)(2000201    7212.94833300937)(2000002    13709.2128206443)(1000000    4124.98167204238)
4 13      - (2000201    4662.57234068496)(2000111    4563.92609422869)(2000001    6145.23234877395)(2000101    1625.38530119374)(2000012    15956.5229085683)(2000002    6326.35670783439)(2000211    2254.37526055652)(1000000    6339.48220678438)
0 24      - (2000101    16332.7117969678)(2000001    10365.2871403373)(2000002    7741.2644426862)(2000201    10105.3580449436)(1000000    13816.4129228975)
7 3      - (1000000    55.1052169820997)(2000002    9066.61161587653)(2000201    1585.54855088276)(2000101    7980.01355819043)(2000012    16453.9089648747)(2000001    2388.18022912284)(2000111    6498.08416115576)(2000211    5391.34789858038)
29 23      - (1000000    2095.49510503339)(2000001    -1035.38806666175)(2000111    10200.4901037383)
14 14      - (1000000    9639.08113293155)(2000111    8262.03029378772)(2000211    5282.79077940599)(2000012    10596.0539589227)(2000201    7190.03206493308)(2000001    6595.20727608034)(2000101    11178.9530616555)(2000002    16291.9932776314)
0 27      - (2000001    14304.6626301537)(1000000    15980.3744849589)(2000101    13595.3386621899)(2000201    11350.8366398018)(2000002    13463.2916820212)
3 28      - (2000201    7754.85576208533)(2000002    10595.7728833379)(2000101    16187.6003964263)(2000001    3512.58059083115)(1000000    5558.85080937168)
9 4      - (2000101    7980.18855881179)(1000000    1017.58537701207)(2000012    16473.6272757861)(2000201    -337.143004967103)(2000111    2465.50841042362)(2000211    7153.94230048631)(2000001    4466.07167743008)(2000002    13108.2318766704)
2 10      - (2000221    5464.94410978705)(2000012    12000.7429718223)(2000111    6167.5259938606)(2000002    2723.97156189313)(2000001    1212.04016883024)(2000121    15652.183251999)(2000101    8102.62593877829)(1000000    -1330.43952190949)(2000211    3684.08846390244)(2000201    -1473.88159259173)
13 4      - (2000012    15866.3875917853)(2000001    10688.4583792382)(2000002    10991.3112683886)(2000201    9773.11626156378)(2000101    10454.3674716024)(1000000    10120.8597391442)(2000211    2578.65964544465)(2000111    11666.4773103613)
26 15      - (1000000    15185.0260114136)(2000101    15510.5983355538)(2000211    10626.5846007434)(2000111    14486.8220331305)(2000201    14804.3988741917)(2000001    16444.3763237194)(2000002    15632.3056657364)
18 12      - (2000211    -937.5)(2000101    12045.2353297482)(2000001    1537.563567407)(1000000    -300)(2000111    2863.41671198909)(2000201    2805.1121716112)
25 2      - (2000101    14728.7579162613)(2000001    14191.3530028684)(2000201    11871.9240292684)(1000000    14595.5146621056)(2000002    15998.7555185842)
23 29      - (2000201    -1081.00885140915)(2000101    -1312.5)(2000002    3669.32923415562)(2000111    -1068.26770281831)(2000001    1580.2323697195)(1000000    473.155135368448)
0 25      - (1000000    8570.89377703024)(2000001    14605.9159393053)(2000002    9058.3159219499)(2000101    11309.6224816523)(2000201    7927.72587963815)
10 9      - (2000201    1395.61271781756)(2000111    11417.3749271941)(1000000    291.972230919627)(2000211    6421.83245375855)(2000101    1121.58623388669)(2000012    3114.6192416269)
21 14      - (2000001    12886.1539345629)(2000002    15612.4061901892)(2000201    13016.9840484104)(2000211    12341.8362281489)(1000000    13884.4457477551)(2000101    14345.604083629)(2000111    15729.3009979822)(2000012    10938.1402659334)
22 1      - (2000002    15053.5881287783)(2000101    16087.2870883004)(2000001    3050.3135462555)(1000000    15575.8526176894)(2000201    14366.9266460844)(2000211    3299.7222113857)(2000111    2533.93834119304)
28 24      - (1000000    387.108090906344)(2000211    5773.18447520755)(2000001    -630.220884702312)(2000111    -500)(2000101    2760.90987113577)
13 2      - (2000012    16436.5557943271)(2000101    5269.35656993528)(2000201    9922.5759422422)(2000111    11464.0438118)(2000211    3865.70834042601)(2000001    8814.34980988575)(1000000    9635.82245469513)(2000002    8566.79405968871)
27 16      - (2000001    16392.5087306304)(2000201    14828.6494757623)(1000000    15967.8773443628)(2000002    13935.3227447521)(2000101    15275.6503442662)(2000111    10811.16931202)(2000211    7627.34298644594)
2 25      - (2000002    15358.7196495415)(1000000    15636.0367696456)(2000101    15234.1692286731)(2000001    15376.9236493596)(2000201    13161.1641775132)
23 2      - (2000101    15614.3211638568)(1000000    15827.7203418264)(2000001    5921.96772432942)(2000002    16313.4339852539)(2000201    13896.1615732863)(2000211    -300)(2000111    6831.3632550862)
0 7      - (2000101    4126.72151012903)(2000211    4458.01165001283)(1000000    1059.96866303581)(2000201    3315.48312551289)(2000012    16143.0436591655)(2000002    6515.41575211758)(2000001    8885.50874952371)(2000111    8782.43097693416)
11 25      - (2000101    9490.80123220186)(2000002    8124.84095121858)(1000000    16637.2256791041)(2000001    6048.65189227319)(2000201    7036.22878207002)
0 18      - (1000000    16416.4739342115)(2000201    13013.8105564535)(2000101    15573.5236898635)(2000001    12787.2194715326)(2000002    12744.0370190677)
25 1      - (2000201    7967.29948519413)(2000101    15805.6855402903)(2000002    9874.09164392686)(1000000    10848.857333804)(2000001    10374.3817619857)
22 16      - (2000012    14255.978194718)(2000211    13206.603063127)(2000111    15930.2103390814)(2000002    15730.6292474412)(2000201    15200.3529756418)(1000000    13735.6800128598)(2000001    16289.1538501456)(2000101    14615.5366405015)
6 18      - (1000000    13397.3573362937)(2000001    7001.2977244885)(2000002    11025.7321690347)(2000101    16456.7879911952)(2000201    7230.75443484345)
12 3      - (2000101    7974.0299145897)(2000211    1442.98547205068)(1000000    9568.78077381162)(2000111    10818.4749730317)(2000001    10130.4567321492)(2000012    16476.9757072009)(2000201    8052.79396725128)(2000002    12027.1758114745)
11 17      - (2000001    1700.69334028934)(2000201    4924.2519745038)
7 4      - (2000101    11130.7186533519)(2000002    14474.5797014249)(2000201    856.843684102565)(2000111    2448.07373315419)(1000000    1399.16173664683)(2000211    10152.3008557274)(2000012    16354.5552050187)(2000001    5686.01074352341)
13 14      - (2000012    16115.4825504519)(2000101    9300.64425107087)(2000201    9642.76923807141)(2000002    11803.9616522923)(2000211    6617.43108081655)(1000000    6585.40790949118)(2000111    10746.6460646747)(2000001    2559.58470635)
1 22      - (1000000    12559.092471154)(2000001    12050.411427899)(2000211    2940.70562978787)(2000101    16074.3490853068)(2000002    11474.4200249854)(2000201    10594.1850167018)(2000111    12256.0538823015)(2000012    3044.35955722492)
7 0      - (2000012    16153.9180796092)(2000211    7950.79203420274)(2000111    14538.7777851361)(1000000    2058.81553008161)(2000201    9449.28412932057)(2000001    14700.8569175167)(2000002    13884.7852818635)(2000101    12205.7701096247)
1 21      - (1000000    15603.5758304231)(2000002    13420.9677392252)(2000201    10549.8603632512)(2000001    12717.555066306)(2000101    16369.3555246127)(2000111    3702.84797241234)(2000211    3651.02952990355)
26 1      - (1000000    15374.9164277789)(2000101    15535.3326064842)(2000201    12707.0383682651)(2000001    16195.5743156702)(2000002    15075.3399473918)
1 10      - (2000001    1814.64972652222)(2000211    6500.61454531092)(2000221    7144.7926623602)(2000101    6170.7831019271)(1000000    -1449.99044566178)(2000201    -1859.73248834564)(2000111    9321.97385336551)(2000012    16027.568362446)(2000002    1256.86760253592)(2000121    12240.3736102529)
4 28      - (1000000    4728.36620319472)(2000002    14835.6704985947)(2000201    4743.50767479758)(2000001    5098.48867105429)(2000101    3345.33235293271)
25 26      - (2000101    4117.9977638406)(1000000    1885.45247814125)(2000201    12678.9111439952)(2000001    1334.58688390135)
2 21      - (1000000    16249.8425486868)(2000101    16420.2542602922)(2000002    13912.7478500369)(2000201    12344.4846785587)(2000001    9478.02959653618)(2000111    2064.07176579597)(2000012    2484.38791069366)
12 2      - (2000002    13672.6574370855)(2000012    16365.6785315702)(2000001    10996.8996333762)(2000201    10461.533426935)(2000211    5587.94579813172)(2000101    8800.75359244157)(1000000    10179.5483780748)(2000111    8084.11852447765)
10 22      - (2000001    5547.9029985656)(2000111    6823.0626291726)(2000002    2328.07382233258)(2000101    14641.1199015574)(2000211    4783.23418825)(1000000    4109.48353341213)(2000012    3687.79793367689)(2000201    2469.5825901471)
25 25      - (2000002    -1440.72174974597)(2000001    1393.13188154297)(2000201    3699.70144317173)(1000000    10061.4631162911)(2000101    3034.12193173202)
2 26      - (2000101    15751.8761021594)(1000000    5330.11366867593)(2000002    7423.70358028567)(2000201    3545.03908375994)(2000001    5210.85458021547)
9 2      - (2000012    16466.6064824701)(2000101    8485.59132608018)(2000002    9964.11578036595)(2000211    4057.47647453046)(2000111    1549.80851429666)(2000001    6282.06788208133)(2000201    1750.02000934397)(2000121    543.058258316652)(1000000    1387.51399967962)
23 13      - (2000002    14527.1410015832)(2000201    16152.0010337803)(1000000    15909.387288042)(2000111    14554.4327787022)(2000101    16376.7605377414)(2000211    12266.76852546)(2000001    9676.65155065212)(2000012    13620.7601890741)
28 23      - (2000001    -865.955986496229)(2000111    10252.1379056989)(2000101    -1000.74640447699)(2000211    -74.9829790967957)(2000201    573.624235794184)
26 0      - (1000000    15718.914221895)(2000201    13415.8729341827)(2000001    10221.698092315)(2000002    14647.5041449555)(2000101    13458.7444440001)
15 13      - (2000111    2857.36032284736)(2000012    14500.2797392547)
22 14      - (2000201    14089.8062261792)(2000111    15442.4345713239)(2000101    14130.3308714747)(2000002    15151.9568004316)(2000001    16298.348472517)(2000211    13752.6262555916)(1000000    15270.5410075438)(2000012    13126.2779591561)
6 23      - (2000201    4091.31221327312)(1000000    12628.6965790043)(2000001    3746.36165871498)(2000101    2708.22093991818)(2000002    2256.83061406959)
3 27      - (2000001    4104.85879858901)(2000002    8272.60463004011)(2000101    16217.8575734551)(1000000    10845.9477573315)(2000201    8594.76226497615)
25 0      - (2000101    13713.463531056)(2000201    8069.85249802371)(2000002    9209.92801331785)(1000000    8985.01795548322)(2000001    8731.38884125999)
6 20      - (2000201    3764.02974575927)(2000101    14594.3112669028)(2000002    -562.949100494792)(1000000    8236.03494599494)
13 3      - (2000101    10652.0888558188)(2000211    4985.60344395536)(2000111    9246.51099320808)(1000000    10915.6828060739)(2000201    8888.64746976204)(2000002    12245.9882614881)(2000012    16522.0598702635)(2000001    11435.0203908116)
10 0      - (2000221    8081.68626344118)(2000201    -1633.83017489189)(2000002    3406.01103873619)(2000101    11108.5708509765)(2000211    7946.52990685796)(2000111    7669.85945990079)(2000012    16139.0381361957)(2000121    15000.578987574)(2000001    1847.20669626152)(1000000    -1867.0134918135)
5 2      - (2000001    9245.03291304447)(2000201    6995.27949285591)(2000211    4903.08342498025)(1000000    2961.10698918612)(2000111    10699.761800373)(2000012    13335.962884978)(2000101    8660.7965631579)(2000002    16004.3132110288)
11 18      - (2000012    11269.3211595962)(2000111    -500)(2000201    1894.29239264428)(2000002    -98.5412683825587)(1000000    412.194102176585)
2 22      - (2000201    12245.1759610583)(2000002    15125.7152707828)(2000101    16486.9593233626)(1000000    15372.0761156574)(2000001    9047.08647183953)(2000211    2144.91112185736)
4 24      - (1000000    15887.5199992405)(2000002    2065.76519067183)(2000001    6678.53871754051)(2000101    14231.3209646859)(2000201    4750.08994549642)
5 1      - (2000002    12302.1835757972)(1000000    2284.83169412775)(2000211    5534.18976099196)(2000001    9071.51475683851)(2000111    9295.96930627636)(2000101    10238.9769464158)(2000201    8089.95038765812)(2000012    16166.6400957663)
23 12      - (2000101    16150.1094139826)(2000211    14909.9207278194)(2000111    16096.0834894147)(2000201    16087.4139179535)(2000002    16013.5834654101)(1000000    16050.1728650241)(2000012    15818.1010571958)(2000001    12389.6705329251)
12 5      - (2000101    10256.5206301038)(2000111    9175.85838315319)(2000001    11386.8282476821)(2000002    11809.9927723705)(2000012    16392.6278180488)(1000000    10418.2237280879)(2000201    9379.12192319994)(2000211    3988.4816664808)
20 1      - (2000201    15337.348392233)(2000002    15927.0942932584)(2000101    12547.6940201923)(1000000    16186.975447486)(2000001    6787.22846035703)
24 12      - (1000000    16417.7705726775)(2000201    16337.4701367492)(2000002    16449.3482513709)(2000101    16390.5181318751)(2000001    11495.7322710989)
3 23      - (1000000    16311.0493005943)(2000002    9997.94197175073)(2000201    4345.99534680348)(2000101    10899.3920680577)(2000001    6536.56836647471)
6 24      - (2000001    5535.53423111111)(2000201    5648.46410425622)(1000000    7620.52666505613)(2000002    2000.86090876832)(2000101    16025.0425599047)
0 21      - (1000000    15196.520892295)(2000101    16463.836907668)(2000201    12154.7515507114)(2000001    11776.194366)(2000111    12862.817684619)(2000002    14371.7853893253)(2000211    3424.94368091748)
10 2      - (2000111    11264.4878394935)(2000002    5213.96001309561)(2000201    -705.174754573213)(2000001    3798.43296957592)(2000221    6084.00286934558)(2000211    4928.26112310307)(2000101    8064.42516221024)(2000012    11724.5801277658)(1000000    1100.93925098088)(2000121    15464.1020820669)
8 4      - (2000201    2388.82279677932)(2000012    16354.199371059)(2000101    10962.0918221941)(2000002    12710.7695161966)(2000111    669.027614682293)(1000000    1444.64521470448)(2000211    9255.62239582034)(2000001    8503.19769152904)
5 3      - (2000002    15175.3257398932)(2000101    3030.00243146897)(2000111    1149.87796570432)(2000201    1181.78807966313)(2000211    1623.49380329697)
21 0      - (2000002    16305.1334020268)(1000000    16242.2285007003)(2000101    16217.7140943333)(2000201    16082.1485827759)(2000001    6977.29033634153)(2000012    2885.49599701296)
10 25      - (2000101    15855.7427499866)(1000000    16608.0071718766)(2000002    15881.4074385215)(2000001    9620.29634101391)(2000201    14162.3527740432)
23 3      - (1000000    16849.362329003)(2000002    8706.24209344057)(2000101    6052.19056330522)(2000201    6555.94397167828)
7 1      - (1000000    998.636916917859)(2000111    7031.6907132865)(2000101    6786.82577098852)(2000201    4915.67643265412)(2000001    9823.08634592337)(2000211    5557.30751271949)(2000002    8183.27303829615)(2000012    16133.8769451772)
1 19      - (2000201    15936.191179942)(1000000    16324.8188460073)(2000001    14331.2788723928)(2000002    16210.7400598995)(2000101    16201.3079057891)
24 29      - (2000001    -42.5538105372353)(2000101    4365.10107976143)(2000211    1772.27826109529)
10 23      - (2000001    6211.76583458134)(2000111    3818.53645911136)(2000211    2330.84767749854)(2000201    2896.5158483498)(2000002    15165.4543800462)(2000101    5286.5831026163)
5 18      - (1000000    15168.8288920019)(2000001    8800.88804032057)(2000002    11210.9190157575)(2000201    5597.44867274758)(2000101    8805.1549754218)
6 1      - (2000201    7253.28062447273)(2000211    5798.03735552892)(2000012    15380.1356271719)(2000001    13292.541509966)(2000111    14541.396227204)(2000002    16002.9386917951)(2000101    13395.7961182337)(1000000    2933.38488909281)
3 29      - (2000001    -937.5)(2000101    15782.5415363695)(1000000    -1208.1442177258)(2000201    6495.70745323625)(2000002    2179.45963098051)
22 26      - (2000211    -782.516123944795)(2000201    6661.24235289966)
14 22      - (2000001    15227.506165622)(2000111    14870.9362341881)(1000000    14973.1123401769)(2000002    15264.007589298)(2000211    14873.4010364362)(2000101    15878.567769742)(2000201    14569.6179800332)(2000012    12430.6665620899)
0 17      - (2000201    11775.2547703016)(1000000    16327.1531004531)(2000101    12409.2794343117)(2000001    12109.6665590686)(2000002    11411.8795718546)
13 26      - (1000000    16427.2602299189)(2000101    13205.8901242419)(2000201    11293.2273370886)(2000001    12739.1289537762)
12 27      - (1000000    15992.7063730414)(2000002    -27.2942618132583)(2000101    190.036352098074)(2000201    953.448961438793)(2000001    3829.69006377961)
4 23      - (1000000    16392.9662029313)(2000001    11521.1539582307)(2000101    12460.5503137214)(2000201    7227.80744200896)(2000002    4130.96018913634)
5 25      - (2000002    5376.14514285202)(1000000    9808.85845194734)(2000101    16641.426594442)(2000001    4247.62877882692)(2000201    4750.48874853912)
21 15      - (1000000    3230.81494048566)(2000201    15824.9156946482)(2000211    2709.21797397746)(2000101    4608.04276953805)(2000001    7545.71067597253)(2000002    5400.94747764803)
2 28      - (2000001    4693.95548496111)(2000101    15916.6225952928)(2000002    5775.0283084238)(1000000    8036.16164485302)(2000201    1649.24478476533)
14 18      - (2000211    -500)
9 1      - (2000121    5477.37110246902)(2000002    11422.6393516559)(1000000    248.871472137491)(2000111    4125.25587818627)(2000201    -148.37707525976)(2000101    5493.51174881646)(2000012    16343.1141231387)(2000001    1038.81580902807)(2000211    4530.75489860424)(2000221    1442.92494455048)
27 4      - (2000201    1016.70790886682)(1000000    4540.89839385841)(2000001    4663.44162218765)(2000101    14811.5251647309)(2000002    2584.16693512631)
10 21      - (2000211    3418.91375042324)(2000012    14452.9306541156)(2000101    3303.254155147)(1000000    7687.96461727062)(2000111    9370.38175234385)(2000001    12098.5072735252)(2000201    5472.19853714679)(2000002    7286.79705624974)
1 24      - (2000201    521.948168906893)(2000101    14789.1428079952)(2000001    1556.05546280087)(1000000    -303.338467854658)(2000002    2473.30365281315)
28 3      - (2000002    4432.17776465155)(1000000    7008.48644187834)(2000201    2719.88523603289)(2000001    6544.52090728086)(2000101    15022.3889602363)
19 15      - (2000101    14539.0897736882)(2000201    202.502841219214)(2000001    2858.38931263846)(1000000    848.387476466562)(2000211    2108.05814383554)(2000002    2124.47829121917)
3 24      - (1000000    8615.65612633654)(2000101    16501.2988577014)(2000201    9103.53608078942)(2000001    7331.2083581244)(2000002    10594.4525959262)
3 26      - (2000101    14897.135194915)(2000001    4959.70140391573)(2000002    5931.65835441311)(2000201    1679.05612460934)(1000000    2158.33500369137)
4 22      - (1000000    16824.065520637)(2000101    8213.47662046681)(2000201    5610.3277684359)(2000001    7918.20084801609)(2000002    189.508072245159)
21 2      - (2000002    15664.166382757)(2000201    15819.6845681592)(1000000    16121.8328855881)(2000101    14833.6627185351)(2000001    9142.51684366672)
4 8      - (2000211    2231.94057542371)(2000001    777.439512868324)(2000201    -1268.44748973267)(2000111    -875)(1000000    -404.618374431345)(2000002    7287.55103377661)(2000101    5867.32300071644)(2000012    16382.3617738471)
10 14      - (1000000    -858.845006495553)(2000002    1427.35450816688)(2000101    -955.714480982616)(2000201    425.053150320749)(2000012    11097.0802136968)(2000211    2212.38114094575)(2000111    1927.03246101745)
26 22      - (2000001    2171.19567809166)
8 2      - (2000002    5963.84148890587)(2000012    16298.8955561693)(2000111    5631.59138441751)(2000001    3090.99326257492)(2000211    2485.54424785248)(1000000    -429.473899878535)(2000201    -923.344618843656)(2000101    3397.02081593146)
2 23      - (2000101    16427.9228203588)(2000002    14965.8388663484)(1000000    14548.6630176825)(2000111    16239.8741041963)(2000001    7654.36200577029)(2000201    11086.8653318722)(2000012    13910.4768902612)(2000211    2709.98991911728)
5 8      - (2000111    1630.19197710357)(2000001    3833.15953763588)(2000201    -233.027507547549)(2000211    1472.14410792853)(2000101    2712.56026136293)(1000000    -876.415375875166)(2000012    16460.6762583874)(2000002    8936.89809200907)
26 16      - (2000001    14845.7565830781)(2000201    14520.3907654084)(1000000    16322.4336491912)(2000002    14962.0228847915)(2000101    15516.0797504223)(2000111    11515.7732904301)(2000211    13023.860050202)
3 21      - (1000000    16148.0899188538)(2000201    14608.9480093758)(2000101    11613.2001800846)(2000002    14274.3244306926)(2000001    7543.7975358234)
5 22      - (1000000    8816.36684551809)(2000001    3044.12233133928)(2000101    2473.30584994616)(2000201    2843.54297191128)
15 14      - (2000201    6870.32850396878)(2000002    15997.2353709715)(2000012    4063.98741346957)(2000111    9664.28728903984)(2000211    -106.499397841274)(1000000    3800.02528883975)(2000101    5698.47610138417)
3 8      - (2000111    -989.0625)(2000001    2879.18498699815)(2000101    10211.3500899499)(1000000    1379.7581176993)(2000201    472.248175515815)
13 22      - (2000002    5627.31402806349)(2000111    2797.9646344959)(1000000    15250.9402356655)(2000201    5881.99108882805)(2000101    8373.81300232817)(2000001    10416.1172571083)(2000012    11175.7674014251)(2000211    1088.47172002111)
5 19      - (2000001    8016.94518220202)(2000201    8780.59831364907)(1000000    13298.353232366)(2000002    7106.28648005329)(2000101    16484.1448467275)
22 27      - (1000000    -937.5)(2000101    5120.2385165732)
3 10      - (2000201    -1154.25352166266)(2000111    3053.91233497699)
1 13      - (2000012    13145.6059963404)(1000000    -1864.47852888016)(2000101    7443.85094848262)(2000001    684.533656707592)(2000111    6107.54442373468)(2000201    760.294980343693)(2000211    5440.54170517064)(2000002    6182.71048476036)
17 17      - (2000002    16137.5848817251)(2000001    2906.48437828674)(1000000    6618.29752151123)(2000101    7548.00666875319)(2000111    3349.00331340372)(2000201    4066.18601115227)(2000211    7685.3762155913)
19 17      - (2000211    5281.74131418314)(1000000    8309.33262479001)(2000002    15894.3198006747)(2000101    7249.91588467029)(2000001    7505.28663086119)(2000111    6375.94819574306)(2000201    4361.40758436555)
5 21      - (2000201    -689.891204501688)(1000000    14884.5437698244)(2000001    -288.726447731106)
9 3      - (1000000    785.43760838129)(2000201    1478.1917265418)(2000211    7599.70541908022)(2000111    2708.67099587328)(2000002    13051.0450394508)(2000012    16601.0371793655)(2000101    7108.58820764225)(2000001    1000.16056461147)
26 23      - (2000002    -880.220884702312)
11 26      - (1000000    16673.9839315308)(2000002    2616.30735969787)(2000001    3055.9803451008)
2 17      - (1000000    16767.4012449667)(2000101    6539.71106121389)(2000201    7042.48777427111)(2000001    2592.98789227478)
4 18      - (1000000    15701.3186137861)(2000001    10436.2895901746)(2000101    10870.3890512998)(2000201    7517.91360093877)(2000002    5963.0831220598)
4 27      - (2000001    833.119908644709)(2000201    -5.61092810960295)(2000002    4323.43321535266)(1000000    14051.1765669885)(2000101    1766.91549679505)
13 10      - (2000201    4634.24969277256)
17 12      - (2000211    9391.17792529908)(2000201    958.103731247793)(1000000    2002.25007457519)(2000111    560.208767629163)(2000101    2808.5872738621)
24 28      - (2000211    -1208.16793223092)(2000111    9095.46874770809)(2000002    -527.413399724813)(2000101    1848.01444354568)(2000001    572.656679886577)(1000000    -177.617598543094)
19 5      - (1000000    10816.5353450282)(2000201    -1342.10672998059)
4 25      - (1000000    7562.35898897774)(2000001    -98.5412683825587)
20 0      - (2000001    30.1914548471327)(1000000    15933.6197779074)(2000002    16030.7817429784)(2000201    15787.4156876612)(2000101    15374.0730631261)
12 25      - (1000000    16572.7784811327)(2000001    7775.06820992767)(2000201    14267.232674661)(2000101    12598.0982981166)(2000002    12641.1585350693)
24 5      - (1000000    9920.38191586902)(2000101    3246.15022266933)(2000201    2769.53819123789)
1 6      - (2000111    7246.58296519453)(2000201    1052.10394658528)(2000101    10275.2486463497)(1000000    740.379443373753)(2000001    8120.18822018886)(2000211    1440.94747410955)(2000002    16005.3892615273)(2000012    5865.43353971556)
9 10      - (1000000    -844.97961259828)(2000211    13884.3414287042)(2000002    -945.331327053469)(2000111    2211.72614002262)
13 18      - (2000211    -880.220884702312)(2000001    -500)(2000201    -750)(2000111    2543.35337193669)(2000002    9736.88069282618)(1000000    2825.68309124299)
16 14      - (2000002    -1413.23094765048)(2000101    9070.41478758337)(1000000    -875)(2000001    1557.13023750295)
18 17      - (2000001    6371.55745887185)(2000211    4727.59927866599)(2000101    14747.0383773876)(1000000    7598.50397847165)(2000002    9307.04023614631)(2000111    2637.18201778146)(2000201    5055.39349768593)
5 7      - (2000111    980.164816331665)(2000002    9299.12120016763)(2000012    16361.5468040615)(2000201    705.008267692662)(2000211    2415.87874701989)(2000101    6897.0158591119)(1000000    -608)
11 27      - (1000000    16766.5992727527)(2000201    2898.82263395172)(2000001    2936.83899307296)
11 1      - (2000002    996.774349489754)(2000012    16170.6915232715)(2000211    3813.24984040883)(2000111    7733.11783444257)(2000221    2248.51191070214)(2000101    6895.40115278486)(2000001    1251.10496364271)(1000000    -1697.59578309034)(2000121    8779.11701148801)(2000201    -1637.49980456178)
4 7      - (1000000    -1391.53370416818)(2000111    515.822177081584)(2000101    468.714117414403)(2000002    16059.7642100114)(2000211    692.864248760701)(2000201    930.092435801666)(2000012    8684.4588869578)
23 0      - (2000201    4207.5776144511)(1000000    11051.2316522016)(2000211    1879.39694640926)(2000002    15388.5078688406)(2000012    11337.4151373946)(2000111    10843.5986129077)(2000101    9815.11452437854)
0 5      - (2000001    6679.60942563247)(1000000    -208.835166616484)(2000012    15993.1404437118)(2000111    2299.72100026212)(2000201    1037.49560858923)(2000002    6783.18917798115)(2000211    1535.96808745937)
14 13      - (1000000    2079.85571215845)(2000201    -496.273782064498)(2000111    -560.136142793472)(2000211    1313.29456108839)(2000101    13307.7785353838)(2000002    7664.35096118348)(2000012    6283.5546819636)
6 21      - (2000001    1672.91531400599)(1000000    12416.2644014894)(2000101    15198.3117174476)(2000201    3745.82125120547)
22 0      - (2000111    12952.4331028528)(2000012    11367.1969626606)(2000201    13973.2126360239)(2000211    4371.51462413627)(2000101    14866.9645264969)(2000002    15551.4780487775)(1000000    14187.7708295152)(2000001    4954.41360702328)
5 17      - (2000002    10104.6106120932)(2000201    8100.04097953732)(1000000    10398.0120362117)(2000001    4697.78792483218)(2000101    16528.3723647978)
27 1      - (1000000    2512.68302078882)(2000002    9670.90643190735)(2000001    2797.56006928031)
19 14      - (2000101    14268.8518912797)(2000001    4609.09269131901)(2000002    3692.0316632699)(1000000    2772.94136485122)(2000211    4239.12384333472)(2000201    1849.52705725812)(2000111    1897.30428523961)
21 1      - (2000002    15408.3156872237)(1000000    16120.4827454144)(2000201    13519.7793996306)(2000001    10607.2827992245)(2000101    15434.7483918093)
3 22      - (2000101    12039.1619738347)(2000201    11997.2910981056)(1000000    15694.0907628515)(2000002    9388.69417569076)(2000001    4670.46908926628)
25 16      - (2000001    16330.6142648521)(2000111    10557.3776459866)(2000002    15699.3289882798)(2000101    15093.5534501198)(1000000    14201.3203771883)(2000211    7136.27382635695)(2000201    15508.4668664173)
20 3      - (1000000    16935.2487408102)
16 17      - (1000000    5461.11987433891)(2000002    7229.40055700338)(2000111    3853.44966602373)(2000001    12683.9149954331)(2000101    7293.77650180488)(2000211    2879.70071803504)
16 18      - (2000002    15218.4330558319)(2000001    6592.59453475558)(2000101    2986.82258856991)(2000111    2565.36267518034)(2000201    5499.95170948614)
0 22      - (2000001    5709.521992075)(2000201    7964.05868685816)(2000211    2037.82176613739)(1000000    12712.3835694758)(2000101    16431.5748298006)(2000002    9968.79780328938)(2000111    5705.17656530343)(2000012    9334.46019447745)
20 18      - (2000001    -968.987086666667)(2000111    -500.2444)(2000002    14491.9438287314)(2000101    6722.69257191946)(2000201    3190.10228981506)(1000000    7587.95173331975)(2000211    1596.03649836547)
24 2      - (1000000    5124.74960923475)(2000002    2722.00218602974)(2000111    4680.57161830589)(2000101    16078.1231293443)(2000201    -300)(2000211    1766.05655364558)
25 15      - (2000001    16383.114300195)(2000101    13819.5874379629)(1000000    15544.2882578357)(2000201    14288.9681576421)(2000111    10165.8634974414)(2000002    13092.2995263726)(2000211    4780.63938365647)
2 19      - (1000000    16605.4162538612)(2000201    12155.486995833)(2000101    13215.1842673704)(2000001    11102.5127404185)(2000002    12132.3806700332)
19 12      - (2000101    -474.567416557723)(2000002    12152.0923185227)(1000000    3992.56557981431)(2000111    4798.48077416135)
2 20      - (2000201    12946.8851415872)(1000000    16145.8417824374)(2000002    14137.0160432541)(2000101    14806.8692473183)(2000001    8380.87003297743)
13 27      - (1000000    16467.2752966769)(2000201    11045.9056109598)(2000001    10160.4034734589)(2000101    9869.74662003615)
2 16      - (1000000    16176.3145389724)(2000001    13714.6563320406)(2000101    15426.9696866852)(2000201    9260.90545252491)
10 15      - (2000101    -693.267702818306)(2000111    -630.220884702312)(2000002    1505.37345005405)(2000201    10771.0578065211)
16 16      - (2000101    6530.37171654692)(2000201    6050.074911413)(2000111    7715.8835861061)(2000211    6676.15072729616)(2000002    9532.78044569549)(1000000    7939.3604528847)(2000001    14543.2499276338)
5 23      - (2000201    1472.29587114685)(1000000    14609.6076718351)(2000001    2035.0525979123)(2000101    5797.11563725804)
23 1      - (2000101    16474.1564930929)(1000000    15089.2363794678)(2000012    12472.8527869983)(2000001    -998.618131574491)(2000002    14023.046191714)(2000201    11905.1861908105)(2000111    14343.1885619728)(2000211    5370.04526672185)
19 18      - (1000000    5691.04918088602)(2000101    2724.66485458167)(2000111    409.589989676359)(2000201    1269.15276366605)(2000002    15043.3258786432)(2000001    6745.05980085331)(2000211    806.849178379945)
8 5      - (2000201    320.943138751327)(1000000    97.5952273316652)(2000211    3836.83731732285)(2000111    2963.49973120595)(2000001    5678.33623139257)(2000101    8730.53249299386)(2000012    16605.3222826321)(2000002    9860.46585937502)
6 22      - (2000101    3277.09463798743)(1000000    11909.4257772059)(2000001    2755.13648423572)(2000201    3540.33010023583)
27 28      - (2000101    1938.88879020906)(1000000    14256.0279562036)(2000002    4635.62790268926)
0 19      - (2000002    15853.4649134717)(1000000    15850.2481830299)(2000101    15860.4550570146)(2000201    15911.067901797)(2000001    13886.8549589386)
23 28      - (1000000    784.221392981055)(2000111    11560.2149165821)(2000201    2254.84791380375)
3 16      - (2000001    9928.34832754283)(2000201    8892.81730730047)(1000000    16129.240515332)(2000002    1669.97916471153)(2000101    9429.52385636972)
3 19      - (1000000    16699.4879995398)(2000201    9781.33522958554)(2000002    9156.61058012682)(2000101    10953.0458843624)(2000001    9225.10647366662)
19 0      - (1000000    15940.3446756871)(2000101    14975.5984289792)(2000002    14002.3601664878)(2000001    3374.27513128883)(2000201    14244.3552132147)
9 0      - (2000012    16192.89223906)(2000101    9502.72694995392)(2000001    8901.71754354671)(2000201    5108.55550649673)(2000211    2578.66335272985)(1000000    1120.36819488196)(2000111    2515.46311109999)(2000002    8416.62449125847)
27 3      - (1000000    5229.35010243764)(2000001    2249.22604717943)(2000002    6971.85458955498)(2000201    4688.94802213916)(2000101    14997.9501303807)
8 3      - (2000012    16377.3196613581)(2000101    9665.22669744493)(2000111    2244.98760538043)(2000201    1681.50466692978)(1000000    -123.914400377655)(2000002    12043.6614491012)(2000211    8377.27072071812)(2000001    5575.25715582047)
11 9      - (1000000    -1099.6771715071)(2000111    -1038.33466083809)(2000002    12820.9102352172)(2000101    -341.138782034439)(2000211    -1006.44452901559)(2000012    5521.44328763555)
1 18      - (1000000    17047.3000891588)(2000101    11492.8725418761)(2000001    9226.79540127728)(2000201    8473.37586579614)(2000002    10256.4636401604)
12 12      - (2000201    -867.014086650647)
22 12      - (2000012    13546.1471620033)(2000002    13447.3384344238)(2000111    16474.5669518497)(2000211    11815.6241110514)(1000000    8316.41216262594)(2000101    12304.1671196021)(2000201    10801.1781812512)(2000001    6242.76661656377)
27 2      - (1000000    -888.727451131648)(2000101    11726.5826499829)(2000201    2012.63375734275)
3 7      - (2000012    14459.4695478544)(2000002    -182.328596237147)(2000101    2297.42795873786)(2000111    2500.76459472779)
13 23      - (2000101    16459.0584487414)(1000000    15112.0654715469)(2000111    11313.9452203475)(2000211    11482.5887970902)(2000201    14673.5235606319)(2000012    10379.0881042992)(2000002    14561.574166723)(2000001    4978.10776456014)
22 3      - (1000000    16925.1040202625)(2000201    3693.77205210435)(2000101    3061.97801965977)
22 2      - (2000101    12487.9051341776)(1000000    15965.3605564584)(2000001    2787.0566298805)(2000002    14261.3030469008)(2000201    14187.6397013522)(2000111    4653.66351805577)
21 3      - (1000000    14750.8934359976)(2000201    3441.14033467477)
19 1      - (1000000    16548.6483753281)(2000101    814.706868186786)(2000201    2670.95300012435)
13 9      - (2000101    6257.74794793786)(2000111    2042.52105043869)(2000211    3243.1209468205)(2000002    -543.732979096796)(2000012    10835.8964800675)(1000000    1818.79623585298)(2000201    3334.66708488957)
12 24      - (1000000    12073.4694567035)(2000101    5545.79508145877)(2000002    6606.74613069627)(2000201    6950.86401777838)
0 6      - (2000002    15984.3169303216)(1000000    -30.87273914952)(2000201    4064.52757191335)(2000111    2634.51977356469)(2000012    7359.23189978596)(2000001    3399.19465734408)(2000101    6690.92920056141)(2000211    3479.71595877452)
13 24      - (2000002    11662.0848010558)(1000000    16466.5726548538)(2000211    5131.70098293308)(2000111    1950.9228190444)(2000001    4274.64613889581)(2000101    12864.4149612678)(2000201    11644.4374415049)(2000012    2220.61524619209)
3 20      - (2000002    10202.6471470895)(2000101    12947.0297678765)(1000000    16400.8166950473)(2000201    8725.04592527261)(2000001    6814.18431094653)
6 4      - (2000101    1450.28936547762)(2000211    -839.877930657624)(2000111    1659.71518767965)(2000002    15273.535366136)(2000012    5557.2940615778)(2000201    1090.27490783177)(1000000    -373.402817330129)
4 2      - (2000012    13951.6771516717)(2000002    2925.26560984159)
1 20      - (1000000    15987.7136749239)(2000101    12871.7472352883)(2000201    12744.2745188203)(2000001    8359.91389575056)(2000002    6923.83494213387)
4 19      - (2000101    11246.605100973)(1000000    15639.4768114611)(2000001    8987.72920154327)(2000201    6894.12700511196)(2000002    7803.21803606453)
4 20      - (1000000    16456.9048002123)(2000201    5960.24269081595)(2000002    9478.47175886016)(2000101    8577.44590261894)(2000001    3220.72470072095)
26 14      - (2000002    12506.8400297769)(2000001    16442.4400288608)(2000201    11018.2014037549)(1000000    14446.9472844928)(2000101    12837.2896117996)(2000111    6631.870724767)(2000211    4818.21307191037)
14 12      - (2000002    10521.2284160301)(2000101    709.421009742886)(2000111    2746.93054639597)(2000012    3140.89906649006)
2 27      - (1000000    -25.004508791583)(2000101    11576.0838329379)(2000001    1766.16602117412)(2000201    3500.75732084889)
12 14      - (2000111    4669.34395627596)(1000000    1175.99964229233)(2000012    15660.3800327305)(2000211    1794.945808159)(2000101    3153.62106967841)(2000002    6234.99626583243)
19 20      - (2000201    3261.09486425758)(2000211    2597.43513734465)
12 29      - (1000000    16496.9208120893)(2000201    -250.488226666667)(2000101    7958.8048620297)(2000002    5139.76480924949)
22 28      - (2000002    -737.723913402204)(2000211    -544.265274627949)(2000111    11271.7197197472)
27 0      - (1000000    12438.4018987391)(2000201    12372.9782146324)(2000002    14328.7865707773)(2000101    16015.252903123)(2000001    13682.3482300007)
1 28      - (2000001    9440.8396996574)(1000000    -938.437294357824)(2000101    2031.42279513122)
6 19      - (1000000    9265.10158857777)(2000001    6935.89942467225)(2000101    16489.4066080019)(2000002    6513.45885902591)(2000201    7081.52262544168)
1 7      - (2000211    -801.372848923213)(2000101    -1312.5)(2000001    -1031.99527462607)(2000002    15348.8400808428)(2000201    1339.01937433801)(1000000    -500)(2000111    1944.64584666076)
11 10      - (2000101    -1053.53781040689)(2000111    92.8355187707529)(2000002    4761.42900420396)(1000000    1266.71905319343)(2000211    -630.220884702312)(2000012    13597.2780990727)(2000201    1636.35511448266)
11 11      - (2000012    14241.3687212328)(2000101    -853.163001303755)(2000201    -1039.90155422746)(2000002    3428.25305829849)(2000211    2621.59274540733)
11 4      - (2000001    8854.25016540873)(2000211    3209.93413336904)(2000201    6339.40339246976)(2000012    16455.6115731893)(1000000    8536.98195050012)(2000111    8113.94675193915)(2000002    11089.3062551701)(2000101    6102.14266056404)
10 10      - (2000111    -1244.83378288715)(2000002    -166.321946200942)(2000012    13503.8229736389)(2000211    730.124089186661)(2000101    2983.7298356531)(1000000    2431.22357106539)
21 19      - (2000101    3869.56507283115)(2000201    397.122269764043)(1000000    7305.79362485411)(2000111    3232.9395089778)
15 18      - (2000211    -50.045334456536)(2000101    518.366838317678)(2000002    1647.25851926799)(2000201    7956.57315402241)(2000111    14049.4112292419)(1000000    2615.57106835562)(2000001    2965.09405617105)
1 27      - (2000201    6078.62067655723)
15 17      - (1000000    4948.73347638721)(2000211    3664.26944948731)(2000111    5100.64712545528)(2000101    14919.3955329881)(2000001    6000.17384153262)(2000201    4811.18566901935)(2000002    7367.84367719714)
28 22      - (1000000    -968.75)(2000101    4443.38542569605)
19 13      - (2000101    3149.42225456618)(2000002    14981.0173698599)(2000111    4232.21512133105)(1000000    5394.24695476149)(2000001    5425.55434309202)(2000201    2056.15332991464)
27 22      - (2000111    2471.11847477181)
9 11      - (2000002    1334.68780166057)(2000211    -596.707080071176)(2000111    13363.5770338651)(1000000    3341.16717402147)(2000101    3439.88301585321)(2000012    2538.83111190538)
5 9      - (2000012    16472.5235199265)(2000111    -351.323316613784)(2000002    10054.9545378108)(2000211    364.483967732544)(2000101    5592.66874467855)(2000201    11.4882499814544)(1000000    1296.45841443427)(2000001    1098.70366174747)
13 13      - (1000000    1859.48008726755)(2000012    14871.3105708595)(2000201    -288.537486832686)(2000111    2653.47019129088)(2000101    2758.18144366765)
10 20      - (2000111    2262.60698899261)(2000201    3604.75982116739)(2000001    6819.37686369398)(2000012    15450.3700582109)(2000002    2340.59511581805)(1000000    -630.220884702312)(2000211    2756.24950431698)
21 20      - (1000000    6843.9373203854)
3 17      - (2000201    11878.3000627293)(1000000    16765.6926770658)(2000001    12749.7744974393)(2000101    9978.03341550256)
20 14      - (2000201    -410.979182774884)(2000101    5022.44270738777)(2000211    -935.269537725941)(2000001    10913.6639397393)(2000002    3588.71988338827)
27 15      - (2000001    16505.8049559131)(1000000    14329.7689688641)(2000002    10615.648223307)(2000111    6943.9803818328)(2000201    9889.87581674791)(2000101    12907.6860404774)(2000211    6166.02442394964)
17 18      - (1000000    14250.0600116917)(2000211    1608.32884585489)(2000201    1354.38443485637)(2000001    1907.91769369276)(2000101    7438.58216258101)(2000111    2410.34539656822)(2000002    2999.32563448646)
9 9      - (2000211    1401.6460871619)(2000012    11666.5643663509)(2000002    -945.331327053469)(2000101    1977.21113200668)(1000000    3792.0248422251)(2000111    4483.4448644586)
19 10      - (2000211    3732.35003494896)(2000002    -316.189066742281)(2000201    5412.2319748259)(2000101    14208.7443855168)(2000111    2952.07710917893)(1000000    3115.58154367928)(2000012    5111.50822634101)
13 17      - (2000001    -908.198955970962)(2000002    12985.5940230449)
29 24      - (1000000    -863.001382801214)(2000211    -302.200631126982)(2000002    5938.45539034072)
22 29      - (2000111    3684.34925520881)
17 13      - (2000211    -1213.02130856133)(2000201    1493.86073254187)(2000111    9483.8181698626)(2000001    2676.4380930777)(1000000    3009.37804671492)
21 11      - (2000002    14305.2338982354)(2000101    -500)(2000201    1567.36240132366)(2000111    5088.860146303)(1000000    2326.20974201626)(2000211    2860.36310973055)
8 1      - (2000001    388.185546363721)(2000002    16151.3837926772)(2000101    3913.38394270424)(1000000    -249.459820920095)(2000211    1085.07105811187)(2000012    6604.5868879972)(2000111    2537.32893326897)
20 10      - (2000101    6652.14663635537)(2000111    8758.34544049915)(2000002    5541.48723839318)(1000000    6056.56154215174)(2000012    16111.439417694)(2000201    2035.65072690784)(2000211    3218.77383225864)(2000001    4066.75744589185)
1 23      - (1000000    8887.88182531333)(2000101    16545.5113594147)(2000002    10103.9256170673)(2000201    6400.27935102971)(2000012    11550.155280699)(2000001    -27.6973751190435)(2000111    12747.7269325321)(2000211    -93.4625984784768)
0 16      - (1000000    16797.4559322674)(2000101    2992.4275313717)(2000001    2678.17975563138)(2000201    3221.51931978495)
21 13      - (2000101    7685.83711054233)(2000111    8924.71989723298)(2000201    7686.19031785114)(2000001    16003.8317411273)(2000012    7962.19754763162)(2000002    8697.40391712332)(2000211    7506.88638814733)(1000000    8442.68005758118)
28 15      - (1000000    15929.6166024683)(2000001    10043.5054130404)(2000101    7970.96583997644)(2000201    6351.81609057509)(2000002    5535.4583326742)
17 0      - (1000000    16898.5891311189)(2000101    1176.68284484156)(2000001    5177.06633956004)(2000201    5886.50080748988)
16 1      - (1000000    15032.5491536202)(2000201    3408.28366349034)(2000101    3154.38692401872)
19 3      - (2000201    476.332991435526)(1000000    16189.0649853426)
22 4      - (1000000    15664.4491628046)(2000201    3692.27304910002)(2000001    4765.22389452886)
2 12      - (2000211    -975)(2000201    3663.9073931977)(2000012    14742.7101283984)(2000001    4242.3976890627)(2000002    4540.15773522687)(2000121    962.495375283454)(2000111    2765.36473034282)(2000101    4652.34027070828)(1000000    2501.98309245031)
2 18      - (2000001    9593.2658192724)(1000000    16816.0781833576)(2000201    4571.70952561199)(2000101    8176.06208617177)
27 12      - (1000000    15264.6125682977)(2000002    5528.98251436486)(2000201    3513.97698003831)(2000101    2873.8216962999)
26 2      - (2000101    14594.4006394424)(2000201    1039.52117416788)(2000002    3358.75331840312)(1000000    69.7114758207352)(2000001    -1484.41231700852)
26 4      - (1000000    -1707.69889807979)(2000001    1381.9076575204)(2000002    8841.78026544492)(2000101    3363.56666445564)
25 14      - (2000001    16463.6169815795)(2000002    15069.5731357234)(1000000    15738.012898031)(2000211    12043.0478276622)(2000201    14330.3947168165)(2000111    8321.23424354837)(2000101    14298.972277028)
11 0      - (2000002    7042.80268966238)(2000211    -220.589831175578)(2000201    2402.74483909236)(2000101    1693.04720613968)(2000111    -500)(2000012    2968.50839352909)
26 28      - (1000000    7587.3229914228)
11 3      - (2000211    5396.05166407949)(2000111    12117.6362961318)(2000101    7408.74760180924)(2000012    16448.23759207)(2000201    8375.25718799793)(2000002    12018.4561922686)(2000001    9936.67382205079)(1000000    8559.17454053377)
26 13      - (2000001    7811.40794748298)(2000201    7366.62885512968)(1000000    16377.039922853)(2000101    7009.45831595932)
10 4      - (2000101    334.029244238391)(1000000    -246.849661157256)(2000002    14888.3940545749)(2000201    173.191571997203)(2000211    -774.066265410694)(2000111    1646.33890521205)(2000012    2894.35112084971)
29 22      - (1000000    282.284184333938)(2000211    -1747.82868738484)(2000201    6567.56413834012)(2000002    2471.39182572595)(2000101    3051.25353512681)
6 2      - (2000211    494.118676485604)(2000101    3347.06551214972)(2000001    15503.1847163689)(2000201    3978.75580909749)(2000012    4455.18944728336)(2000111    7221.52929337335)(2000002    6752.12188277769)(1000000    -123.205123718516)
18 0      - (1000000    16828.0404104498)(2000201    5347.26484576594)(2000101    2570.3290015822)(2000002    5877.82164291929)
4 16      - (2000001    16143.5664610117)(2000002    2987.08885543581)(2000201    9313.25585587848)(1000000    7351.00067129477)(2000101    6965.90344500487)(2000211    1214.8639140979)
0 10      - (1000000    -1135.3260969516)(2000002    2478.87201818625)(2000012    16065.5724920801)(2000211    -362.950495434811)(2000101    6065.81630948989)(2000111    6169.90121732121)(2000001    494.300129055746)(2000221    1097.50975687223)(2000201    1461.44814554804)
14 21      - (2000201    5733.26156537471)(2000001    15755.9921174591)(2000002    2669.18746012792)(1000000    3508.73963751173)(2000101    2670.8043208812)
21 26      - (2000201    -531.428181454363)
3 12      - (2000101    -1125)(2000002    2811.17274806348)(2000001    315.716519514134)(2000211    -750)(2000111    7671.00585239732)(2000201    1966.569021614)(1000000    1325.68420466062)
3 18      - (2000101    13257.379452562)(2000001    12287.1861820343)(1000000    16613.975768256)(2000201    11042.3113733437)(2000002    2737.44406462887)
25 11      - (1000000    12976.324024815)(2000101    2346.70572964223)(2000002    3189.86620701851)
3 13      - (2000001    3250.37331158769)(2000201    2773.91268710511)(2000002    11467.4232006917)(2000111    -202.271061071846)(2000101    1526.2183054731)(2000012    4705.89442253108)(2000211    1315.35496265818)(1000000    1803.57313909069)
1 11      - (2000201    -937.5)(1000000    7640.80250331842)(2000001    -510)
24 13      - (2000001    10623.054774148)(2000101    16242.9987852874)(2000201    10459.9300451975)(2000002    7310.33449555879)(1000000    10786.1502793384)(2000211    4231.80675259373)(2000111    5191.45426916331)
4 29      - (2000001    104.344144178631)(1000000    5465.30705008831)
15 1      - (1000000    16202.6579967988)(2000001    1505.37607553675)(2000201    2695.41478148639)
28 1      - (2000201    1500.61261169444)(2000001    5464.1498855465)(2000002    10639.1593748483)(2000101    5157.67344806751)(1000000    5396.50293617014)
7 5      - (2000101    514.483093198539)(2000012    16256.8296074904)(2000211    250.591879860481)(1000000    -129.256549800082)(2000002    4705.23960715952)
10 3      - (2000211    2157.68295695945)(2000111    4683.55883460611)(2000012    16456.1054745054)(2000101    5212.69889692384)(2000002    7084.25370210424)(2000001    -122.342683924238)(1000000    729.337697425569)(2000201    1350.06848017552)
10 11      - (2000211    -282.617489062941)(2000101    1402.2244095172)(2000111    14409.7627511067)(2000201    1777.2244095172)(1000000    2244.92526449547)
5 12      - (2000001    3487.93306780049)(2000012    15882.4129801129)(2000002    5399.87001109546)(2000101    374.276730843982)(2000211    1174.94969804334)(2000201    2334.60884648054)(1000000    3790.12528405497)
19 16      - (1000000    14024.6391714459)(2000201    -121.196970874269)(2000002    1902.37455027207)(2000001    18.9941809852904)(2000111    5337.75616644222)
21 21      - (2000101    4441.9416052027)(1000000    13897.2309456309)(2000001    7779.3972279941)(2000201    4938.3709551142)
26 3      - (2000002    2782.09699032148)(2000201    1538.68431031685)(2000101    10931.6842275037)(2000001    2385.97164398382)(1000000    3570.34172688949)
5 20      - (1000000    15627.9730939559)(2000101    4064.7286412716)(2000201    3549.6200703012)(2000001    7353.99586972473)
0 20      - (2000002    11961.2161871739)(1000000    16165.9606811015)(2000101    11861.5034968106)(2000201    10453.1942255635)(2000211    1720.97080260135)(2000111    3650.86616727043)(2000001    3037.03686285484)
5 24      - (1000000    12517.308328927)(2000201    3883.0784983933)(2000002    1591.41143910711)(2000001    658.400471758095)(2000101    3117.59716269808)
22 23      - (1000000    7302.37866625907)
16 15      - (1000000    12691.1870822294)(2000101    -294.204854774158)(2000201    -179.127406271407)
15 26      - (2000002    8470.87567352447)(1000000    10152.8835506462)(2000101    3150.38873690804)(2000001    16593.5294430292)(2000211    4508.04652751359)(2000111    5177.40960586245)
28 12      - (1000000    14461.79099351)(2000201    1455.01558694613)(2000101    3352.47769200309)
24 4      - (1000000    16310.0887892651)(2000002    4028.40602726897)(2000201    3237.79345985011)
2 11      - (1000000    3420.99731814965)(2000012    16240.977965216)(2000211    2607.10823474506)(2000002    3779.68764635066)(2000201    2773.63199240833)(2000101    4663.12815548776)(2000001    4675.2466095081)(2000111    5780.02123826946)(2000221    2391.75759135098)
20 4      - (1000000    16111.2193899219)
18 3      - (2000201    3451.50510349825)(1000000    14858.7589259382)(2000001    6826.47473651535)(2000101    5847.24055952733)
4 17      - (1000000    16484.7362201969)(2000201    7918.45864514495)(2000101    10152.5697856662)(2000002    414.105868093727)(2000001    6887.65482175868)
23 23      - (1000000    11937.9892913108)
15 27      - (2000201    6791.34789082831)(1000000    12845.9115488362)(2000002    16098.758213796)(2000101    3201.6727459933)(2000001    6352.97589499276)
6 3      - (2000111    532.581517148403)(2000001    5326.18866338072)(2000101    1523.11736436212)(1000000    38.853813563044)(2000002    15221.8140505032)(2000211    4075.3951917034)(2000201    213.292435482237)(2000012    7433.64274208294)
2 9      - (2000101    11970.8818306443)(2000111    2447.54366945234)(2000001    1336.9418088863)(2000211    2986.53394710398)(1000000    -1354.70542127371)(2000221    1253.60973000782)(2000002    5305.87741936137)(2000012    2999.03669074833)
5 10      - (2000101    -1675.09496516808)(2000201    -1825.68674945957)(1000000    -1217.12449963971)
18 13      - (2000002    11792.7211205964)(1000000    2975.3040605201)(2000001    3884.73861586225)(2000211    2560.76916191635)(2000111    2373.53551763128)
7 7      - (2000211    -750)(2000001    10367.7021963007)(2000101    -500)
1 5      - (2000002    4227.45915352378)(2000111    1847.02071077482)(2000211    -375.35292)(2000101    -70.4294172357926)(2000001    2591.70664014461)(2000012    16065.7849896115)(1000000    1648.21366045372)
18 16      - (1000000    972.148092080776)(2000201    663.730900042365)(2000002    13245.5192225203)(2000101    1674.41250609362)(2000211    3913.15765866412)(2000001    2356.24168466165)
0 9      - (2000101    5183.56393624368)(2000111    1702.69524157569)(2000012    16171.7376528473)(2000211    657.050773346703)(2000001    3774.48039721398)(2000002    3712.52108452542)(2000201    1101.80727442489)(1000000    -337.453373391998)
25 3      - (2000002    -563.974416221104)(2000101    10851.7889316519)(2000001    -227.466719552032)
4 9      - (2000201    -1412.84337472979)(2000002    14189.1865037674)(1000000    -29.6183744313454)(2000101    1426.82617734081)(2000111    -200)
14 27      - (2000001    546.784134408933)(1000000    14564.0331666867)(2000101    1327.45695388076)(2000201    8187.13808457766)
24 14      - (2000001    16420.6933428008)(2000201    5594.35226307403)(2000101    7688.51198161377)(1000000    9257.06833771823)(2000002    6294.89937925191)(2000111    2172.69726419602)
23 5      - (1000000    8945.54915280242)(2000101    331.369558291416)(2000001    1799.96860265435)(2000201    2548.67482641238)
0 23      - (2000201    1454.98229601553)(1000000    7997.39315841285)(2000101    5325.02496708598)(2000002    15273.6484542409)(2000111    2581.42204473639)(2000012    2482.69712246411)
18 14      - (2000211    -507.745659723504)(2000002    11130.9476927328)(2000201    -363.963046214276)(2000111    2407.42857266845)
24 6      - (1000000    6157.04133207506)
25 13      - (2000001    3324.97664918932)(1000000    5782.74978140752)(2000201    15087.7326586294)(2000101    2785.81029521251)(2000211    2267.09650296671)
17 11      - (2000101    3348.1215851197)(2000111    11106.3269995615)(2000012    3178.50932431829)(2000211    3301.93767202613)
6 6      - (1000000    8237.57684413634)(2000001    2300.1903555389)(2000002    3003.56233803654)
15 0      - (1000000    13400.7618037302)
22 11      - (2000002    4638.93365326443)(1000000    1357.5647887378)(2000201    2034.35598844966)(2000211    2990.53807246934)
4 12      - (2000111    2197.23693076072)(2000002    5147.66025892968)(2000012    16316.6371411278)(2000001    -426.697780651878)(2000101    7857.29561436724)(2000201    2824.6129150011)(2000211    4064.57621906996)
16 11      - (2000211    2441.19560930336)
16 26      - (2000101    3905.07015041166)(2000002    16547.4326979064)(2000201    13623.4863736587)(2000111    5735.7932538601)(1000000    8886.92639931925)(2000001    7022.79058500441)
14 26      - (1000000    15721.605239748)(2000201    5081.21501938545)(2000001    1572.85008459884)(2000101    9671.1318987541)(2000002    9539.82798521814)(2000111    2624.33112714561)
11 23      - (2000111    10343.8660588484)
24 11      - (1000000    11934.184937425)
21 22      - (1000000    11891.0085397295)
20 11      - (2000002    8081.60251024733)(1000000    1263.99745255459)
27 14      - (2000101    15560.4080937803)(1000000    2948.0947666422)(2000001    3374.48578384154)(2000201    2750.01798007384)
26 12      - (2000201    6699.87718694811)(1000000    16490.4874426498)(2000001    3855.79070733211)(2000101    8669.89585283883)(2000002    3199.81639230276)
22 5      - (1000000    12271.5967072064)
19 19      - (2000111    -589.395753405176)(2000101    1505.57180703449)(2000002    754.556171331286)(1000000    8260.34537553798)(2000201    2618.96382062124)
28 27      - (1000000    2294.19245271326)(2000101    12492.3639754116)(2000002    3326.95779825554)(2000201    2894.27953133108)
28 19      - (1000000    2054.7684216112)
23 11      - (2000211    7200.94797875671)
23 22      - (1000000    10503.7877932059)
14 28      - (1000000    13741.8548450765)(2000101    1251.68205988068)(2000201    2678.19124113782)
18 18      - (2000001    1629.2321147012)(2000111    1831.35286040026)(2000211    1705.55591423443)(2000002    15347.3557601795)(2000201    5189.46011130303)(1000000    1895.31345781337)(2000101    2327.82663234764)
14 24      - (2000012    1405.45887870511)(2000201    11648.8952288539)(2000002    16166.8544254051)(2000211    2055.57319977988)(2000101    11270.1539989517)(1000000    9313.51593919312)(2000111    2645.10012477777)
7 8      - (2000001    -233.041404637363)(2000111    -704.301494968924)(2000002    5970.28503274475)(1000000    1752.27028092144)
15 22      - (2000002    -150.595499641356)(2000211    2709.87212732933)(2000001    15202.0439599974)(2000201    3059.89647398911)(1000000    2941.58762729894)
26 26      - (1000000    13249.9774465032)(2000201    4455.24339762298)(2000101    2739.18637430643)
16 25      - (2000101    -370.264828517638)(2000002    3315.36709891298)(1000000    15158.0901487034)(2000211    6075.94030770482)(2000201    4920.12224861235)
18 15      - (2000001    684.649274414338)(2000211    5331.63307981527)(2000101    5233.48911837675)(2000002    12376.1511013226)
12 23      - (2000002    16333.3089025321)(1000000    5052.72672619028)(2000111    7647.80818859915)(2000101    8649.73082652837)(2000001    1743.25737684289)(2000201    2145.32736636466)(2000211    1964.03824121922)
25 27      - (2000101    2284.72307829055)
11 20      - (2000111    10667.6155522581)(2000211    2679.00932431829)(2000101    3084.06527840794)
11 24      - (2000201    6813.25196198042)(2000101    16325.6651410126)(1000000    5140.68476579281)(2000001    3240.65199960873)
6 17      - (2000002    579.30945362036)(1000000    2798.74304511524)(2000211    5263.20543971539)
1 8      - (1000000    -500)(2000012    6398.5389411436)(2000001    1028.21991429724)(2000101    2128.48862149075)(2000201    -928.215253340793)(2000211    419.962125411092)
4 21      - (1000000    17069.6326496529)(2000001    676.68407697202)(2000101    1713.44309022687)(2000201    2751.36531751045)
11 29      - (1000000    16432.4542411071)(2000201    3576.88680908685)(2000101    6411.05110720759)
23 4      - (1000000    15113.6473515438)(2000101    2517.08004837331)(2000201    4147.41030353577)
22 21      - (1000000    14778.7213736832)
18 1      - (2000101    4313.9911295273)(1000000    14561.8448509294)
22 22      - (1000000    2618.90453604043)
1 29      - (1000000    -252.544967588863)(2000101    3362.37884637149)
1 4      - (2000211    -550.773904796427)(2000201    4045.72537549347)
24 3      - (1000000    9012.217447686)(2000201    13548.366767799)(2000101    16256.9312012106)(2000002    8823.59244322622)(2000001    2397.79554847743)
16 0      - (2000001    2503.86676446949)(1000000    15843.63511015)(2000201    7310.93105573674)(2000101    5459.21806100297)
3 11      - (2000001    -425.97348564839)(2000211    -1019.95077711373)(2000012    15395.1549298666)(1000000    1556.19974688571)(2000201    -29.6183744313454)
15 15      - (1000000    4889.13262109019)
24 15      - (2000101    -107.996867220772)(1000000    4642.85068237341)(2000201    12981.8790153859)(2000002    1812.25463078607)
13 15      - (2000012    9019.71525938412)
0 8      - (2000012    1569.11665864373)(1000000    -500)(2000111    2560.72594040819)(2000002    576.840415713424)(2000001    13130.6010015001)(2000201    2631.50012661272)(2000101    2248.79473537808)
19 2      - (1000000    16842.4642649336)
14 17      - (1000000    -856.430506681586)
14 23      - (2000201    10829.1551930491)(2000002    4958.76051423873)(1000000    12010.3919210001)(2000111    7825.48839466394)(2000101    7286.19516396523)(2000001    16351.5979891241)(2000211    3973.00020574725)(2000012    3201.31073829821)
23 14      - (2000002    16119.6600184479)(2000201    13024.7829776544)(2000101    8026.78179932829)(2000001    2673.67016826106)(2000111    5302.51553526456)(1000000    8349.19400514099)(2000012    3814.61932733651)
22 17      - (2000101    11515.5431099767)
20 20      - (2000101    2026.99400111916)(2000001    10231.3692289384)
4 11      - (2000012    743.225195126743)(2000002    11549.5205741504)(2000101    -876.567948528933)(2000211    -500)(2000001    1336.34991971314)(2000111    1625.83122515493)
17 6      - (2000001    6765.24095144047)(2000002    6133.79514100307)(1000000    3202.56815222844)
15 2      - (1000000    7529.13472260335)
27 24      - (2000002    -243.312623944795)
17 15      - (1000000    3340.30342378327)(2000101    12243.5465635873)(2000002    2216.88288836214)(2000001    2777.38834231404)(2000111    1892.40626153553)(2000201    2091.99023527265)(2000211    -177.617598543094)
21 23      - (1000000    7636.5881030139)
19 6      - (2000001    -352.03883655076)(2000201    7688.48407131945)(2000101    3283.61831411827)
17 14      - (2000001    73.4363085934593)(2000101    -806.130229205036)(2000002    14183.9663969719)(1000000    3155.28566019246)(2000211    2384.5738316675)(2000111    2755.80847181069)
27 13      - (1000000    15057.3127740153)(2000201    2385.68469726335)(2000001    2713.51452975098)(2000101    5859.51522050945)
14 25      - (2000002    7526.08842577234)(2000201    7550.03232992186)(2000001    16257.039054187)(2000101    11220.2733815316)(2000211    4592.42080329382)(1000000    7525.362448109)(2000111    2690.72624561603)
28 28      - (1000000    14152.297898193)(2000201    1829.74995785827)(2000101    2487.67900295124)
2 24      - (1000000    7989.84477480755)
17 16      - (2000201    2847.33733506114)(2000002    3924.10836987243)(2000101    11415.9424710549)(2000211    1555.33536390905)(1000000    2337.29944226258)
20 19      - (2000111    -968.75)(2000001    -238.313941573344)(1000000    -289.830243149227)(2000002    11129.5916752328)(2000211    2810.26080506983)
28 0      - (2000001    6221.1447026119)
17 19      - (2000002    2692.66575286934)
20 15      - (2000101    11902.6796191713)(2000201    2126.73984933577)
15 16      - (2000111    157.247501463545)(2000211    147.937719182775)(2000002    5262.67589643218)(2000101    2435.78575930681)
16 3      - (1000000    7276.80963711468)
18 6      - (1000000    8712.18301769606)(2000201    2970.33014403394)(2000001    2879.14441805158)(2000101    3313.35702261206)
11 28      - (1000000    16012.4167095819)(2000101    3363.99347693607)
7 20      - (1000000    -658.082035724826)(2000002    3399.55621722505)
16 4      - (1000000    9824.5983798793)(2000001    3336.48167475879)
16 24      - (2000002    4131.84626687308)
16 19      - (1000000    4424.41894868817)
12 0      - (1000000    -1686.52248377914)(2000111    13110.4454517715)(2000211    -750)(2000002    3705.26566376487)(2000101    1529.33373874703)(2000221    1410.22375105986)
29 27      - (2000002    3260.67803972468)
0 28      - (2000002    7076.83155251439)(2000201    2350.85470208165)
11 21      - (2000012    14286.0534894951)(2000111    413.649488516528)(2000002    2305.72369721637)(2000101    2589.33959716837)
23 6      - (1000000    11171.443223535)(2000001    2828.75780772244)
21 10      - (2000101    376.923586062999)
15 25      - (2000001    16433.8334804028)(2000101    570.149865049586)(2000002    6775.66349747832)(2000201    1247.05204483525)(2000211    2536.12115617799)(1000000    3362.96490990041)
28 4      - (1000000    1262.82090237407)(2000101    11302.4462087801)
20 12      - (2000201    -474.7683177423)(2000211    7687.06385335821)
26 17      - (2000101    13103.4101442774)(2000001    4518.96850804829)(1000000    5631.21270659473)(2000201    5554.8561975668)
18 19      - (1000000    640.943586772772)(2000001    1472.27767953559)
20 13      - (2000101    -97.4941132904837)(2000111    7358.31905128792)(2000201    11914.226833621)(2000002    2094.18856443149)
4 10      - (2000201    -1412.84337472979)(2000111    5501.19064965459)
12 28      - (1000000    11701.8182028188)
20 16      - (2000002    7311.7967082603)(1000000    3633.25112530777)
13 25      - (2000101    6312.6883525476)(1000000    14075.2951993621)(2000001    4631.42946307142)(2000201    2649.08980264744)
1 9      - (2000001    2470.9675493197)(2000101    -127.246926605541)(2000111    1926.02107939366)(2000012    15206.2450757461)(2000211    1854.83520286383)
12 1      - (2000002    2208.52441789636)(2000121    539.174999498665)(2000001    5268.55440196748)(2000211    1419.36041349816)
21 12      - (2000002    282.523478075417)(2000111    1862.00768662849)
14 10      - (2000111    1638.42418093942)(2000201    2679.57281525422)(2000101    1580.2323697195)
13 19      - (2000201    3854.75979491992)
25 12      - (2000101    2583.58916947854)(1000000    8797.10273418681)
22 13      - (2000211    2430.86963544888)(2000101    15289.2430943411)(2000012    2975.83324934556)(2000002    5288.03828323651)(1000000    2575.27483494149)
11 5      - (2000001    2303.36752815959)(2000002    14016.3531599476)(2000012    4926.14241114065)(1000000    1337.05003505672)(2000201    1582.59359299031)(2000101    -300)(2000111    3840.80423199647)(2000211    1701.30583890906)
16 27      - (2000001    1035.40974797627)(2000201    12874.9519183901)(1000000    6874.04624273504)
6 12      - (2000001    3710.34942309454)
17 2      - (1000000    6667.55555909437)
3 9      - (1000000    -1217.12449963971)(2000002    11420.1877027124)
7 6      - (2000201    4721.32809583991)
26 11      - (1000000    5750.1589519847)
22 6      - (2000101    1114.70438099793)(1000000    6737.27690993044)
2 29      - (2000001    378.427852214238)(1000000    1835.09012593144)(2000201    1863.31759242783)(2000101    9160.95084456901)(2000002    2549.95602443114)
24 16      - (2000201    3444.25222130692)(1000000    13633.9250084503)(2000101    1962.43490758385)(2000001    3022.1804391984)
12 8      - (1000000    315.451824551136)
17 3      - (2000001    14536.8150524014)(1000000    6492.21757804882)
8 7      - (2000211    -750)(2000111    8812.3754863891)(2000001    1480.09271583903)
25 4      - (1000000    -976.706036994792)(2000201    -650)(2000002    6459.68368986427)
17 1      - (1000000    12446.4042534416)
7 2      - (2000012    13180.3182786517)(2000101    3389.21883709496)(2000002    6324.02991464344)(2000201    -560.104225995194)
25 17      - (2000002    4441.98259506516)(1000000    15172.9359037245)(2000201    5067.89884390377)(2000001    3003.11444790304)(2000111    3116.55214995955)
7 21      - (1000000    2789.05189844265)
20 2      - (1000000    16665.8373632531)(2000201    1991.68107364008)(2000001    2036.98673768784)
18 20      - (1000000    1559.87001420761)(2000201    5871.12033399689)
4 1      - (2000002    6801.25722316207)
28 21      - (2000201    328.305204317556)
13 28      - (1000000    13354.037972271)(2000001    3445.77558499615)(2000101    3569.07791907965)
7 19      - (2000001    4683.62987442956)(2000002    2943.13044737356)
5 4      - (2000211    1193.317943421)
0 11      - (2000201    -94.7132502713694)(2000101    2576.03301745558)
23 20      - (1000000    10432.4473216996)(2000201    3874.66395436652)(2000101    1892.86884125219)
27 19      - (2000002    1598.86077789877)
11 15      - (2000201    -155.033024811812)(2000002    3463.57489612776)
21 16      - (2000001    16241.8008055986)(2000002    3516.63688917984)(2000201    3023.51007080817)(2000111    2401.84362886917)
23 21      - (1000000    4530.84036361257)
25 5      - (1000000    8455.35397844897)
28 13      - (2000101    6645.98815860489)(1000000    3904.80081363546)
5 5      - (2000001    3793.82954181357)
2 5      - (2000002    14790.1929293309)(2000201    2764.1435391561)(2000211    1609.12506295067)
3 25      - (1000000    5418.19408769504)
14 16      - (2000012    10892.3321926741)(2000101    2353.62349994034)
10 24      - (1000000    12653.9010966552)
17 20      - (2000101    1985.67887345187)
12 16      - (2000002    1476.16787542051)
21 4      - (1000000    15700.8394625567)
5 13      - (2000201    2889.24110431592)
3 3      - (2000002    6244.62759220785)(2000201    811.760665894604)
19 7      - (2000101    9193.80234463587)
16 2      - (1000000    9329.58428979699)
6 9      - (1000000    -1825.68674945957)(2000012    5598.06330299806)
19 4      - (1000000    13473.1207390335)
18 4      - (2000001    3618.53698644363)(1000000    13188.7305730363)
13 29      - (2000201    1951.58678129782)(1000000    15044.7783165687)
10 19      - (2000002    1914.52763293267)(2000012    12087.7750172504)(2000201    1983.27912394211)(2000101    2948.04974040617)
20 21      - (2000001    1687.26680451467)(1000000    2289.28924851679)(2000201    6220.51351281539)
16 13      - (2000002    1289.31625427161)
21 24      - (1000000    5269.65164905194)
17 4      - (2000201    2585.60271818628)(1000000    8777.85516008437)
15 3      - (2000201    1648.06063067091)(1000000    6407.9261753431)
27 27      - (2000201    12589.433316599)(2000101    5317.96726744687)(2000002    3068.97413630587)
6 25      - (2000001    2147.24847158837)(2000201    3410.56703558618)
16 5      - (2000001    5207.59158374303)
18 5      - (2000201    7743.44709237441)
27 23      - (2000111    5634.97027147962)
12 15      - (2000201    1908.34965002662)
12 17      - (2000001    2647.0908695016)(2000211    5730.09494264535)(2000111    3101.25363082679)
28 14      - (2000101    5422.91284493393)
10 13      - (2000101    4657.78377576317)
18 2      - (1000000    16358.2093287661)
26 27      - (2000101    9490.19994296358)(2000002    651.899163736949)
9 13      - (2000101    1978.48324244005)(2000211    1832.27034728705)
7 23      - (2000201    9014.55180497285)(2000002    2569.84259712157)
21 6      - (1000000    7654.12277633255)
11 16      - (2000012    7634.94529295793)
26 25      - (2000101    8966.58971710502)
2 6      - (2000001    12134.3171670126)
8 21      - (1000000    5658.3288020144)(2000101    2779.94294622853)(2000002    2187.49591640299)
20 7      - (1000000    2440.86122645072)
21 27      - (2000001    2673.22900748384)
21 5      - (2000001    8230.28875251332)
18 11      - (2000201    2955.82416691758)
27 20      - (1000000    5557.59136977569)
27 29      - (2000201    4914.94155178288)
24 21      - (1000000    4921.58055319066)
2 15      - (1000000    4608.93517579759)
24 22      - (1000000    1122.15897342336)
2 7      - (2000012    2312.01669698605)(2000111    8245.31504551964)
2 13      - (2000111    6430.92072636959)
25 24      - (1000000    3984.34420126541)
28 26      - (2000101    4031.99160717417)
23 17      - (2000001    2567.24766044033)
23 27      - (2000001    4317.26630853306)
0 4      - (2000201    1330.30209657564)
26 21      - (2000012    2858.12937697106)
23 18      - (2000002    2782.86875486346)
28 25      - (1000000    3308.46776226024)
11 22      - (2000101    2305.0227638161)
10 5      - (2000001    5796.59692589762)(2000211    4663.30351797521)
5 26      - (2000012    2525.77758559368)(1000000    2484.62332746713)
21 29      - (2000211    572.656679886577)
16 20      - (2000201    7473.10326135482)
2 8      - (2000012    12437.5080460602)(2000201    1090.27490783177)
27 26      - (2000101    6680.14103124172)
24 19      - (2000111    8226.55954928836)
11 6      - (2000111    2757.30887937808)
19 11      - (2000002    5219.90052028568)
29 2      - (2000002    3055.0671176501)
29 19      - (2000002    3000.93297253261)
4 6      - (2000211    2066.38553362706)
22 19      - (1000000    3448.08165326545)
10 6      - (2000012    8492.93510903846)
16 12      - (2000101    3038.74736799412)
23 19      - (2000002    3879.04312344994)
24 23      - (1000000    2990.64804158126)
4 0      - (2000101    3525.59675378699)
6 8      - (2000101    3373.47940310286)(1000000    -373.402817330129)
7 22      - (2000201    5058.5617511309)
8 20      - (1000000    2447.35906710698)
24 20      - (2000101    2468.19598165305)
15 23      - (2000001    6293.78909168984)
6 5      - (2000002    2775.60858208521)
23 16      - (2000111    2897.79094160549)(2000001    5791.37135821678)
12 6      - (2000001    4329.46116533768)
23 15      - (2000002    2969.0170742195)
7 18      - (1000000    2700.25537293199)
8 6      - (2000111    2803.43265559709)
13 21      - (2000101    5162.19467869133)
15 12      - (2000111    5434.58642761952)
13 12      - (2000101    4085.24660997245)
15 19      - (2000201    2836.72353602827)
21 17      - (2000101    6110.0367893162)
8 22      - (2000201    2737.2020938037)
15 28      - (2000211    8103.00378865582)
5 11      - (2000002    5033.68814949329)
22 20      - (2000201    3320.03572167258)
17 5      - (2000002    750.663273253729)

