54
0 0      - (2000002    6659.00419645884)(1000000    6585.49512165309)(2000201    6008.56305435223)(2000211    6033.63384069832)(2000221    6425.0349699896)(2000022    6717.0761671612)(2000101    6103.83677036243)(2000012    6715.41038054982)(2000111    6527.94177885901)(2000121    6463.09767385409)
1 1      - (2000002    5998.47544375922)(2000012    6477.67926577768)(1000000    6724.13707618719)(2000121    6461.63888197845)(2000201    5907.24221003534)(2000022    6446.23615852076)(2000211    5647.21160280802)(2000221    6425.23411786628)(2000111    6722.14870105558)(2000101    6721.9153391936)
3 2      - (2000221    5529.39833174721)(2000101    6710.22849937804)(2000022    5458.56309207448)(2000012    5757.56661955778)(1000000    6334.09167086086)(2000002    5708.78851567133)(2000211    5558.5869993447)(2000121    6030.68877276773)(2000201    6074.77788987548)(2000111    6723.59056563585)
2 4      - (2000111    4862.3473495793)(2000012    5716.82081023689)(2000201    5386.513588309)(2000101    6700.41866181729)(2000022    4309.61357031242)(1000000    6224.71966048896)(2000121    5225.19838378635)(2000002    5940.04030452504)(2000211    4707.48825651752)(2000221    1793.58742806193)
0 2      - (2000012    6297.39253688962)(1000000    6728.76885497259)(2000101    6722.66578081103)(2000201    5951.55650974763)(2000121    6720.21168684933)(2000211    5985.02822610308)(2000111    6720.02355055277)(2000022    6458.65752625457)(2000002    6085.62881539608)(2000221    6493.10964988898)
3 1      - (2000201    6234.50849012906)(2000211    5745.66767470391)(1000000    6437.44817030466)(2000012    6010.52384541917)(2000002    6053.3810510659)(2000221    5153.86867376868)(2000022    6349.4903233563)(2000111    6720.06974984976)(2000101    6708.17126023382)(2000121    6135.49595103228)
2 0      - (2000211    6270.48765491139)(2000121    6563.27248448597)(1000000    6696.94753050849)(2000002    6397.64936032499)(2000201    6077.06564172582)(2000012    6532.066516432)(2000101    6710.30868823558)(2000111    6716.09955009344)(2000221    6409.84072975136)(2000022    6496.09525147784)
1 0      - (1000000    6697.86711440369)(2000101    6710.26771669269)(2000111    6718.48767749616)(2000002    6145.39652677465)(2000211    5690.36153537427)(2000012    6341.60833542206)(2000121    6523.75366687342)(2000201    5718.98503509883)(2000221    6389.64920548376)(2000022    6140.22377055119)
1 2      - (2000201    6288.09711057506)(2000012    6488.15917678474)(1000000    6704.95693622422)(2000101    6690.49180304071)(2000002    6176.61607907884)(2000211    6034.95706198518)(2000121    6530.70068229769)(2000022    6213.19349938185)(2000111    6719.21713513557)(2000221    6368.84506276858)
3 0      - (2000012    6296.14755485208)(2000211    5620.03036519306)(2000101    6690.80439983629)(1000000    6494.80357656968)(2000002    6261.32796456572)(2000201    6216.12706656984)(2000221    6243.52191276041)(2000111    6718.8240857828)(2000121    5904.45613457287)(2000022    6207.91245222039)
2 1      - (2000211    5612.64136360488)(2000022    6624.99163894532)(2000002    6388.26982545934)(2000201    6150.91833726488)(2000101    6713.31321819282)(2000012    6545.45314811745)(1000000    6660.62395094991)(2000221    6456.61817809043)(2000111    6717.47342984827)(2000121    6306.17756655732)
0 4      - (2000022    5839.52171005241)(1000000    6308.30087231871)(2000101    6708.75943130898)(2000111    6722.07089094438)(2000002    5530.13587445105)(2000121    5498.50533588918)(2000201    5740.07131110158)(2000211    5587.39025409608)(2000012    5268.74010470396)(2000221    5281.32619051355)
1 3      - (2000211    5890.2802783953)(2000111    6720.83575889114)(1000000    6467.78171203701)(2000012    5683.17968372156)(2000101    6707.25153459143)(2000221    6063.19923268247)(2000022    5092.27901632897)(2000201    6142.67984752373)(2000121    6122.12939455768)(2000002    5987.77663394522)
0 1      - (2000002    6248.56432284968)(2000221    6520.63770770328)(2000012    6302.89997638952)(1000000    6673.31372402181)(2000201    6187.60897631186)(2000121    6496.88113488294)(2000101    6688.99077975448)(2000111    6718.61055239598)(2000211    5791.23808718234)(2000022    6096.70868643386)
2 2      - (2000002    6463.90305853336)(1000000    6625.09085631229)(2000012    6520.40816451834)(2000201    6368.31620017347)(2000211    5866.70584754344)(2000111    6539.75310119769)(2000101    6698.14499050229)(2000221    6529.23496651278)(2000022    6565.18368844007)(2000121    6324.6808645491)
5 0      - (1000000    6627.53347923947)(2000201    5225.43760853114)(2000211    3629.48743927402)(2000121    4446.84022501205)(2000101    5248.49565192901)(2000002    5705.15149751055)(2000111    6725.7090142202)(2000221    5419.20764234917)(2000012    5203.56797015491)(2000022    5079.07622992937)
3 3      - (2000211    5176.48326360559)(1000000    6155.88114184989)(2000101    5965.57213929942)(2000012    4628.16535534007)(2000111    6728.75680876906)(2000221    3302.6757519464)(2000201    4786.65221658287)(2000121    4489.22092536259)(2000002    6712.82073238684)(2000022    4677.17406468981)
3 5      - (1000000    2850.27538325833)(2000012    3247.53347000846)(2000201    4381.26869335732)(2000221    4183.03902814995)(2000111    5101.95545849958)(2000101    6685.65817155199)(2000211    3664.1526894784)(2000002    4153.33548717)
4 0      - (1000000    6515.73134701623)(2000211    5291.32101961423)(2000002    5525.27855237631)(2000111    5855.3887581211)(2000012    5565.65240787008)(2000101    6031.20235948775)(2000121    6709.93269679862)(2000201    5752.15437987002)(2000022    5005.72149404545)(2000221    5223.49545963416)
4 1      - (2000201    5624.1381715568)(2000012    5455.93365511262)(2000211    5140.5331453644)(2000111    6723.41573727964)(2000101    6716.34606108602)(1000000    6367.19728595911)(2000022    5443.62843655355)(2000121    5715.60884233004)(2000002    5860.27799418126)(2000221    5887.1314919799)
3 4      - (1000000    6456.85629785706)(2000111    6730.99577515808)(2000022    4705.78910269165)(2000211    4163.42221850955)(2000002    5674.38755938035)(2000201    4836.01983888363)(2000101    5335.42416694089)(2000012    4986.92735917603)(2000221    2500.70983273171)(2000121    5393.84359570749)
5 5      - (2000012    6004.17904340889)
0 3      - (2000002    5852.06089698752)(1000000    6526.24354193937)(2000101    6201.72716485663)(2000121    6164.478861095)(2000221    6138.73206910058)(2000201    6082.82971852846)(2000211    5470.91449035441)(2000022    6149.26252275422)(2000012    6218.49538715311)(2000111    6721.426522243)
5 6      - (2000111    4961.03241192719)(2000022    499.321371273294)(2000012    933.248687397799)
4 3      - (2000012    5339.44290992061)(1000000    6238.21390530395)(2000201    6001.04042873976)(2000111    6735.80764714823)(2000101    6671.35515133529)(2000211    5512.3123099572)(2000221    5569.09575540264)(2000121    4512.93777394361)(2000002    5825.47432589916)(2000022    2630.14958572241)
6 5      - (1000000    -453.750946482681)(2000121    71.373328713478)(2000002    1240.27080608382)(2000101    6634.87437670044)(2000111    2449.7385271694)(2000211    2690.95363906441)(2000022    1327.56121056133)(2000221    1148.94871751475)
1 5      - (2000101    5789.57539595079)(1000000    6536.43829226853)(2000201    4915.00984491198)(2000002    4434.58116477)(2000022    2039.0172759379)(2000221    6700.20429664021)(2000121    4215.34758115813)(2000012    5519.77135226096)(2000211    4364.16145692303)(2000111    3481.46209713017)
0 5      - (2000012    5435.62018551685)(1000000    6203.51570603289)(2000111    6730.33969381289)(2000101    6708.54399842239)(2000002    5015.59574297825)(2000211    4730.28728862421)(2000201    3844.94731980421)(2000121    4869.30162121518)(2000022    4875.33484238904)(2000221    4311.02372077942)
5 2      - (2000201    5377.59778309265)(1000000    5186.64227419988)(2000211    4029.44417372404)(2000022    3479.39339298984)(2000221    5190.70011753141)(2000101    6633.09738499559)(2000111    6710.0678723217)(2000002    3832.28886152381)(2000121    5031.06208349294)(2000012    4779.47999357713)
6 0      - (2000002    3114.13646633822)(1000000    3540.90194706285)(2000221    3009.15754231379)(2000111    6724.1184530721)(2000101    3616.36993390584)(2000211    3706.56503019289)(2000012    4887.39986245762)(2000201    6184.52896448914)(2000121    1605.95376713187)(2000022    1613.09234728457)
5 3      - (2000221    5202.98546638332)(2000002    4689.40391370003)(2000012    5813.90998709951)(2000101    4786.7649479198)(2000201    5779.53182652423)(2000022    4322.54869503069)(2000111    6723.66847463565)(2000211    4185.76862624182)(1000000    3744.39202056212)(2000121    3331.87161259823)
2 3      - (2000221    4554.42084626236)(1000000    6327.24719910943)(2000101    6717.84610228454)(2000002    5790.79268499462)(2000201    5267.78894190141)(2000211    5430.55451411645)(2000022    4954.06640169113)(2000012    5861.65909987104)(2000121    5315.40093313056)(2000111    5630.6955876683)
4 2      - (2000111    6732.85509949688)(2000201    5838.23419729011)(2000002    6679.13586351071)(1000000    6232.5794896833)(2000101    5796.36898297037)(2000022    5031.62491334878)(2000221    5219.97133089689)(2000012    5727.49001399711)(2000121    4561.67377849864)(2000211    4772.29498259478)
4 4      - (2000012    5814.84226106286)(2000101    6322.28296826824)(1000000    6589.58610977907)(2000022    5354.67810912627)(2000201    5273.84281001135)(2000121    5303.57927343459)(2000221    4950.38550397853)(2000002    5501.16327582352)(2000211    3363.5592452406)(2000111    6719.2045157475)
6 1      - (2000211    770.116488441812)(2000111    6724.61025267133)(2000121    1732.81574485228)(2000101    3814.5796926216)(2000002    2925.01755598413)(1000000    2605.04369177205)(2000022    3217.60376670747)(2000201    2886.97994940199)(2000012    1539.65393363462)(2000221    4344.23769203452)
1 4      - (2000201    5236.93660048998)(1000000    6267.33691263746)(2000101    6724.18780814194)(2000121    5376.77757167319)(2000211    5352.94699120671)(2000111    6726.68322350385)(2000002    5657.87692656021)(2000012    5476.80531721097)(2000221    4436.40870524279)(2000022    5724.70049009812)
0 6      - (2000022    4474.10638887416)(1000000    3153.29273194488)(2000121    3455.80171704298)(2000111    1899.13330266332)(2000201    2860.39439916108)(2000012    3088.42695470461)(2000101    6713.65990204823)(2000221    3418.14414862456)(2000002    2385.35646712672)(2000211    2466.91056890285)
2 5      - (1000000    6044.50096088509)(2000201    2919.26392829374)(2000002    5028.89751888934)(2000101    6705.74175440589)(2000211    4728.67979647274)(2000221    3159.07685868073)(2000012    5186.01588462121)(2000022    4866.83736244628)(2000121    5887.93498977052)(2000111    5010.55270546667)
5 4      - (2000022    2786.47851858068)(2000002    1878.1063122746)(2000101    6612.26605357839)(2000211    1984.87577531884)(2000201    2272.2308932154)(2000012    4606.64902308293)(2000221    4379.47655007034)(2000111    1596.30994788523)(1000000    1607.43008983686)
5 1      - (2000201    3965.95348152977)(2000002    5182.92333809201)(2000211    5397.65878169643)(2000221    3412.15898710468)(2000022    3295.83923150018)(2000012    2468.35539128768)(1000000    6082.16950698749)(2000101    6657.9007088953)(2000111    4551.04879208279)(2000121    1753.13575645525)
4 5      - (2000022    76.8340850435448)(2000002    3715.66506521335)(2000221    2465.9847550631)(2000211    1537.48469744511)(1000000    1082.16907047237)
5 7      - (2000012    5634.30499865945)(2000201    988.772804806322)
0 7      - (2000101    -447.149713675914)(2000111    161.060927253471)(2000211    4556.07811958908)(2000012    1842.90026740353)
6 6      - (2000211    -608.24042819798)(1000000    5530.65112432921)
6 3      - (2000012    4920.53647397724)(2000221    1647.26296158894)
6 2      - (2000101    6475.38412724721)(2000012    555.395562488069)(2000221    3350.86450295301)(2000201    3037.85439751025)(2000121    2952.18330285344)(2000111    1709.69660745722)(2000022    1737.74837939609)(1000000    1580.25475247011)
2 6      - (2000022    3231.93660744876)
1 6      - (2000012    6699.92209275047)(2000002    1708.51784733025)(2000101    1551.1037680883)(1000000    448.70748513106)(2000201    1973.22323868764)(2000121    1270.464881062)
7 5      - (2000201    819.483860903153)(2000221    5569.10553612961)(2000121    1521.30698664377)
6 4      - (2000002    672.507504378108)(2000101    2193.58796946466)(2000201    5237.62241258831)(2000221    1844.4591166013)
7 6      - (2000111    4946.98408979382)(2000201    3168.31867437333)(1000000    1787.25049597991)
6 7      - (2000101    4031.38607459076)
7 4      - (2000111    3060.22549528067)
7 7      - (2000101    4075.44277029461)

