270
24 12      - (2000002    9954.79455919118)(1000000    8966.00411807093)(2000101    8950.70161872594)(2000201    8956.21832395259)
0 12      - (2000101    3322.35969441855)(2000121    6675.68264910227)(1000000    5963.7395864956)(2000111    7128.60573826745)(2000201    5862.73737545332)(2000211    6579.7480768445)(2000221    3639.67225840316)(2000002    6908.23151350382)(2000012    9599.22437877032)(2000022    9954.23319899481)
22 0      - (2000211    8904.05581101606)(2000012    8590.38969546814)(2000002    9146.02028298062)(2000111    9485.16813842956)(2000201    9652.95594816488)(1000000    9962.09814004287)(2000101    9743.17693333853)
0 0      - (1000000    9662.5980476729)(2000111    9964.85584084593)(2000201    8946.76752092934)(2000002    8907.31893005258)(2000101    9580.40100910639)(2000211    8817.97054266798)(2000012    8881.36518628231)
25 2      - (2000002    8763.94324463416)(1000000    9965.65197050813)(2000201    9092.96570046153)(2000101    9508.33135033819)(2000012    8561.44434679397)(2000211    7854.43880561541)(2000111    9490.94707167806)
24 2      - (1000000    9916.40676733289)(2000002    8848.11439286804)(2000101    9979.9443085307)(2000201    8345.97487886908)
24 0      - (2000111    9443.35836734636)(2000101    9966.77601519488)(2000012    8919.666542934)(2000211    9276.61711112043)(1000000    9956.12662232189)(2000201    9272.07289203596)(2000002    9274.44814430304)
22 3      - (1000000    9953.93252095333)(2000012    6570.85557177136)(2000002    9206.88718538793)(2000201    9078.3609423984)(2000101    9965.98019688016)(2000111    6074.58406432868)(2000211    3777.82442352166)
24 4      - (1000000    9979.3566288292)(2000201    9216.63752161672)(2000101    9955.13271970939)(2000002    9179.3013132755)
4 16      - (1000000    10064.414528194)
10 6      - (1000000    8134.18660349392)(2000101    2323.46029340743)
0 21      - (2000101    9669.20268802633)(2000111    9663.67143770692)(2000211    8901.79343573098)(2000002    9213.24480020223)(1000000    9962.00643855937)(2000012    8977.33006768213)(2000201    9724.5085850369)
23 2      - (2000101    9710.33896061082)(1000000    9953.55281216522)(2000002    9003.05886729723)(2000111    9033.13247186832)(2000012    7795.66164454497)(2000201    9273.18516477306)(2000211    7874.51940813144)
25 1      - (1000000    9955.61099448394)(2000101    9896.77037468037)(2000201    9543.89900253401)(2000111    7882.93522634011)(2000012    7513.49930616737)(2000002    8488.58105538962)(2000211    7824.86920642983)
18 8      - (1000000    8328.75563819364)
21 1      - (1000000    9962.67658186566)(2000201    9179.49412682838)(2000002    9282.61489758043)(2000101    9285.05468291678)(2000211    7099.61108639793)(2000111    7426.82299659751)(2000012    8371.8947602783)
6 12      - (1000000    9190.9248988886)
10 13      - (1000000    10099.015226883)
7 11      - (2000002    2016.73488245715)(1000000    9006.89452589153)(2000101    4802.91038288566)(2000201    6803.58051718609)
1 18      - (1000000    9949.18649413519)(2000211    6082.47463345668)(2000111    6646.49786182033)(2000002    7808.73607050243)(2000201    7333.80624153763)(2000012    5497.88906174922)(2000101    6454.35517795345)
19 0      - (2000111    9465.58714730525)(2000211    7444.71287732342)(2000002    8122.67315689333)(1000000    9963.99697919607)(2000012    8812.59927861194)(2000101    9431.6570880994)(2000201    9125.41567463431)
22 4      - (1000000    9930.03392360582)(2000201    8965.12362109163)(2000002    8977.70241930593)(2000111    9171.32570622635)(2000101    9957.35047882866)(2000211    8332.28003715624)(2000012    8085.33829065235)
1 21      - (2000201    9439.98935808777)(2000101    9952.92689089749)(1000000    9971.46433854323)(2000002    9405.21275713261)(2000211    9117.57977963148)(2000012    8351.83512566809)(2000111    9126.04776428591)
9 6      - (1000000    6957.82899188608)(2000201    2073.13334513109)
26 2      - (1000000    9984.61026382973)(2000101    9222.42316519915)(2000201    7564.73139839468)(2000002    8136.46508422374)
13 18      - (1000000    7465.68947575653)
3 2      - (2000002    3953.95307004235)(1000000    8706.81924325403)(2000201    4069.40708566902)(2000101    4500.77517551459)
20 1      - (2000101    8895.2193646211)(2000201    8931.37608583471)(2000211    8705.03341696498)(1000000    9263.68214356491)(2000111    9964.02640816938)(2000012    7719.31563631888)(2000002    8062.52330651932)
23 4      - (1000000    9951.18494334553)(2000002    9020.4813976155)(2000201    9194.44422365446)(2000101    9960.89295121027)(2000012    7979.61287206543)(2000111    9138.70947700826)(2000211    7691.84493148294)
11 14      - (1000000    9914.33084517156)
5 17      - (1000000    9893.4814506819)
11 15      - (1000000    10111.0241388729)
10 14      - (1000000    10005.1997383003)
0 2      - (2000002    6516.68699261266)(2000201    6163.35112556259)(1000000    9251.76139415721)(2000101    6656.27314505669)
17 5      - (1000000    10044.4592347018)
2 3      - (1000000    9246.82676666016)(2000002    5417.34128897459)(2000201    2733.29320057737)(2000101    5466.72482885275)
5 15      - (1000000    10108.2462294884)
15 14      - (1000000    7761.00350861308)
26 0      - (2000002    7922.6451839707)(1000000    9947.9973924186)(2000201    6625.71019353394)(2000101    8064.57754952609)
3 0      - (2000002    3635.12549177568)(1000000    8789.7898899417)(2000201    3334.00056112761)(2000101    4799.02262089105)
4 1      - (2000002    2415.75237693291)(1000000    8330.74265378644)(2000101    1559.50576552318)(2000201    1975.47346099836)
12 8      - (1000000    8216.408945201)(2000101    2904.35004363264)(2000002    4787.63780833073)
18 15      - (1000000    7767.26172155131)
18 0      - (2000002    7985.57028276643)(1000000    9964.6662927164)(2000111    9213.98979891308)(2000211    8875.44421469326)(2000012    8103.35315913156)(2000201    8872.40059307324)(2000101    9103.83618546326)
18 5      - (1000000    4255.84353238552)
17 11      - (1000000    5590.85579299511)
3 23      - (1000000    9913.43757166348)(2000111    8202.9162297895)(2000211    6707.04430087024)(2000201    7148.52551667269)(2000012    7220.52835711552)(2000101    7552.83652943962)(2000002    7127.50209704586)
3 1      - (1000000    8488.42877582582)(2000002    4129.42580123543)(2000201    3773.79226032766)(2000101    4699.90016085817)
15 11      - (1000000    10005.1145063517)
16 13      - (1000000    6123.81638207445)
12 12      - (1000000    9675.74108760897)
3 3      - (2000201    4931.3967773994)(2000002    5341.29399092847)(1000000    9288.88567803937)(2000101    4489.9876412242)
14 10      - (1000000    9978.7622883181)
4 4      - (1000000    7227.40522065511)(2000201    475.982338622334)
1 4      - (2000002    5324.38805172569)(1000000    8891.57992343293)(2000101    4697.16783153013)(2000201    6393.23816638393)
11 10      - (1000000    8009.58997021139)(2000201    8695.55800617839)(2000101    8421.72820003671)(2000002    9970.89275723341)
14 14      - (1000000    8021.50292215232)
1 19      - (1000000    9978.700030983)(2000201    7302.04808490993)(2000002    8473.03621250083)(2000101    8678.01478124812)
18 6      - (1000000    10005.6463443227)
14 11      - (1000000    9951.56856296547)
11 11      - (2000201    8266.13607753401)(2000101    10055.8354468047)(2000002    8360.38529734404)(1000000    7640.25433792798)
4 0      - (1000000    9202.91446372444)(2000201    1725.94253615857)(2000002    3797.24921261926)(2000101    4628.09906039305)
11 7      - (1000000    9356.25897753437)(2000101    4892.83293294487)(2000201    4177.9176976724)(2000002    4091.87200112764)
7 8      - (1000000    7310.32413505441)(2000201    3477.90504439185)
10 7      - (1000000    7618.6443273084)(2000101    2875.51410686494)(2000201    1625.56882042752)
8 7      - (2000002    2243.71568750216)(1000000    7705.88011661402)(2000201    1076.82588508997)(2000101    2252.56902162521)
12 17      - (1000000    7468.21524115832)
11 8      - (1000000    9056.29236848245)
9 9      - (2000101    675.532080254118)(1000000    6758.4381023231)
10 11      - (2000201    5565.58636233317)(1000000    7367.2076402328)(2000101    9996.24795983763)(2000002    7271.27515902463)
8 12      - (1000000    8588.83452447589)(2000101    2885.32905505807)(2000201    4802.35496407765)(2000002    1607.90287531395)
18 1      - (2000201    9718.85648188076)(2000012    2319.94748219776)(2000111    5082.72253018746)(2000002    5827.59393633377)(1000000    4313.04892403233)(2000211    4671.80965329635)(2000101    5564.59693900055)
15 6      - (1000000    9856.18490535566)
13 8      - (1000000    8981.55765528441)(2000201    2873.85557416108)(2000002    1908.4774874172)
15 17      - (2000002    2825.23112104476)(1000000    1538.01992386957)
16 16      - (1000000    6283.68251447801)(2000002    1116.73563002722)
13 9      - (1000000    9905.97627396951)
7 10      - (1000000    9459.45549073151)(2000101    5461.63781726112)(2000201    3865.61329546874)
17 13      - (1000000    7275.71997863203)(2000201    2658.40840325523)
14 6      - (1000000    9837.82586479306)
4 14      - (1000000    9926.22305279261)
9 15      - (1000000    4330.05848306433)
13 12      - (1000000    10521.138264976)
11 17      - (1000000    7017.52822178937)
16 5      - (1000000    10015.2666862046)
16 6      - (1000000    10070.4344737849)
15 5      - (1000000    9933.06610928927)
14 15      - (1000000    7960.97270745075)
13 15      - (1000000    6205.79920353825)
22 2      - (2000101    7435.50760429205)(1000000    9946.88398325452)(2000201    5316.33810050208)(2000002    5702.80332669142)
16 9      - (1000000    8256.48035580061)(2000101    393.780635670512)(2000002    2076.56855370861)
0 5      - (1000000    3171.83863377415)
10 8      - (2000002    1231.73774556227)(1000000    -171.940433585885)(2000101    5098.03885392292)
17 4      - (1000000    10033.0591809797)
14 12      - (1000000    6952.68381540603)
10 9      - (2000101    2219.71549853374)(1000000    7528.16179020398)(2000201    3845.60286480224)(2000002    4618.21617796406)
6 8      - (1000000    7823.39695159643)
25 3      - (2000012    7206.38971927143)(2000211    7118.18575380112)(2000201    9807.15638903332)(1000000    4839.47007232457)(2000101    4136.7625872465)(2000111    6415.07666196709)(2000002    3375.37072386107)
10 15      - (1000000    10208.4197991565)
5 16      - (1000000    9998.11994021859)
19 1      - (2000201    7168.95048131198)(2000002    5955.42738704106)(1000000    9938.98118635368)(2000101    5463.15675064315)
8 8      - (1000000    7266.73838678038)(2000002    -414.17421011296)(2000201    3129.87625655055)
0 4      - (2000002    4309.32714905042)(1000000    8873.27863304307)(2000101    4612.00112641457)(2000201    5785.77774779192)
7 9      - (1000000    6544.56233608729)
7 12      - (1000000    9469.49391152776)(2000101    922.72399949721)(2000201    1200.29255498521)(2000002    5019.92665554959)
8 14      - (1000000    8955.2984117541)
11 13      - (1000000    9972.79574250309)
1 0      - (2000002    -265.115546108252)(1000000    8729.02740244408)(2000201    1686.13635652651)(2000101    3163.53072053286)
1 5      - (2000201    2607.07241933742)(1000000    2992.24663283212)
13 10      - (1000000    9711.13639837022)
10 10      - (2000002    9955.38942146021)(1000000    5586.8089785012)(2000101    6900.66129792234)(2000201    5570.06772910024)
17 6      - (1000000    9901.01766925652)
8 10      - (2000101    723.18157370844)(1000000    7274.04863698532)(2000002    2347.31992721654)
13 16      - (1000000    6310.85872500914)
1 2      - (1000000    8683.36150532959)(2000201    2976.59167867156)(2000002    3251.84735706954)
4 13      - (1000000    9952.99399109673)
8 16      - (1000000    8043.07989668077)
21 0      - (1000000    9940.83084111787)(2000002    2826.98173811976)(2000201    497.64904061912)(2000101    3977.42504398047)
12 5      - (1000000    9686.52830140837)
12 7      - (2000101    1517.08259829493)(1000000    9153.51744016324)(2000002    1844.18064519399)(2000201    2356.13893591384)
6 10      - (1000000    9123.71677791872)
2 0      - (1000000    8614.04346207741)(2000002    -628.047227813124)(2000101    2456.3132463671)(2000201    2911.86823394255)
8 17      - (1000000    8617.55946698355)
7 14      - (1000000    9002.3944987581)
11 6      - (1000000    9390.95242891732)(2000002    2591.67904449578)(2000201    3229.84309937278)
5 14      - (1000000    10109.1765917216)
4 15      - (1000000    9804.14175079618)
8 9      - (2000002    9129.56853939668)(2000201    4937.06806759244)(1000000    2859.11689065411)(2000101    5206.52030220799)
15 8      - (1000000    8380.67138567187)
8 13      - (1000000    9150.17774630335)(2000002    3168.53406517165)(2000201    2705.28795985377)(2000101    4460.35694187252)
15 13      - (1000000    8343.33491757433)
19 11      - (1000000    7240.22374295103)
8 6      - (1000000    7611.76630623518)
9 7      - (1000000    7262.59863138911)(2000201    2939.73657196538)(2000101    3420.93473889724)(2000002    2913.65377859399)
13 14      - (1000000    7183.40089455302)
15 15      - (1000000    7568.49389341971)
9 14      - (1000000    9956.95302320345)
14 8      - (1000000    8102.97864853202)
14 13      - (1000000    8381.18586300298)
16 8      - (1000000    8316.89645371954)(2000201    933.787456922782)(2000002    3945.90521349378)
7 13      - (1000000    7861.51937699678)(2000101    1933.30572426605)(2000002    2284.67504229386)
12 18      - (1000000    6388.54748612503)
13 7      - (1000000    9499.35696956755)
11 18      - (1000000    3429.27639563751)
8 11      - (1000000    8269.39201681534)(2000201    3870.80729970671)(2000101    1635.39853234886)
1 3      - (2000002    1983.37975803193)(2000101    3267.69270983919)(1000000    8827.64440614143)(2000201    673.677415225914)
12 6      - (1000000    8787.40780513513)(2000002    419.214868734502)(2000201    1221.94141846354)(2000101    1643.93481794786)
9 12      - (1000000    9399.99703465195)
4 2      - (2000101    -181.345829351964)(1000000    7127.84410213762)(2000201    101.312207383235)
2 2      - (1000000    8264.28449447314)(2000002    2166.24373232076)(2000101    3418.95934982557)(2000201    1870.11233113978)
18 9      - (1000000    8912.59932240597)
9 19      - (1000000    9188.85253379367)
3 24      - (2000002    3658.83158016837)(1000000    9655.67677416356)(2000201    3087.02994547551)(2000101    4205.37496385466)
4 12      - (1000000    9460.28167784328)
13 6      - (1000000    9693.88650392409)
5 12      - (1000000    6535.68018854747)
11 5      - (2000002    766.813273836151)(1000000    9029.54198174982)
8 15      - (1000000    7382.40996210975)
9 8      - (2000101    5418.36741421994)(2000002    9264.97524676189)(1000000    5183.66908088993)(2000201    4121.9154113467)
4 17      - (1000000    9834.15966532686)
6 11      - (1000000    9121.0794751124)
11 9      - (2000201    1563.62237751577)(1000000    8485.72076958008)
8 18      - (1000000    8831.82170802306)
17 15      - (1000000    4910.4406135656)
18 13      - (1000000    5190.86750597962)
17 14      - (2000002    941.013337524065)(1000000    2023.27025879912)
9 17      - (1000000    7933.34650756149)
7 7      - (1000000    6170.02205168122)
11 19      - (1000000    7654.09206497048)
19 10      - (1000000    8447.75677625295)
7 15      - (1000000    6358.14539188769)
16 18      - (1000000    5941.45264190953)
17 16      - (1000000    654.996563929427)
5 10      - (1000000    10101.6066510303)
20 0      - (1000000    9850.46432177378)(2000201    4381.58961585979)(2000101    4339.30679008661)(2000002    1555.97932033937)
10 17      - (1000000    6241.07810187015)
14 5      - (1000000    10021.4505317503)
6 18      - (1000000    9911.72763601548)
18 10      - (1000000    8070.23682427635)
14 17      - (1000000    3962.21686066989)
10 18      - (1000000    4072.53193616093)
15 10      - (1000000    9896.95502164405)
1 1      - (2000201    2221.74716525628)(1000000    7289.4507164348)(2000101    681.078384966422)
10 12      - (2000002    2349.91174288386)(1000000    8445.20917427709)(2000101    2028.81624777637)(2000201    1427.92761305943)
12 9      - (1000000    9570.59303876998)
12 14      - (1000000    7487.03734279194)
17 12      - (1000000    7521.45921134301)
12 19      - (1000000    1121.50604890849)
18 14      - (1000000    7379.39597456655)
16 15      - (1000000    3580.61801302951)
6 13      - (1000000    8978.45700281147)
14 18      - (1000000    4935.75934569025)
9 16      - (1000000    8109.42827588745)
18 18      - (1000000    3587.93198983622)
17 17      - (1000000    596.59556621393)
2 4      - (1000000    7927.12072368099)(2000101    2795.90813586836)(2000201    2876.31779920888)
9 13      - (1000000    9457.38616438592)(2000201    1133.87110937809)
2 1      - (1000000    8515.24764001908)(2000002    1730.8431321013)(2000201    2189.31340858426)(2000101    3384.39979953945)
19 9      - (1000000    9093.102136409)
12 10      - (1000000    8707.34281841785)(2000002    4995.98844034059)(2000101    2532.61753900458)(2000201    2086.65821415073)
0 3      - (1000000    6565.14785217502)(2000101    2911.35333644555)(2000002    1660.59988509009)
4 23      - (2000201    9663.33608430938)(2000101    1115.34942955591)(2000111    4479.12567948727)(1000000    1706.63311208375)(2000012    1473.62946749921)(2000211    1802.37520514507)
18 11      - (1000000    7244.2062390267)
6 9      - (1000000    7861.47554115279)
8 19      - (1000000    7459.63358437422)
17 10      - (1000000    8101.80127670598)
18 12      - (1000000    3771.08990635279)
10 5      - (1000000    3074.73002993301)
2 5      - (1000000    5165.60703042219)(2000002    2260.27146073623)
10 19      - (1000000    8480.87065452576)
12 16      - (2000101    933.787456922782)(1000000    5477.37887019914)
18 16      - (1000000    1590.56824669619)
9 11      - (2000101    935.037943005723)(1000000    5878.166501117)(2000002    1570.40807295406)
9 18      - (1000000    7193.79277350019)
15 12      - (1000000    4310.67944991725)
4 5      - (2000201    574.820145554553)(1000000    5388.05604836512)
17 9      - (1000000    7418.70302311229)
16 11      - (1000000    7804.34085910769)
6 17      - (1000000    6622.22624373683)
14 9      - (1000000    9343.06529663037)
17 8      - (1000000    3243.24323133129)
12 15      - (1000000    8898.13827022139)
11 16      - (1000000    8460.61170592549)
16 14      - (1000000    6544.28379689099)
15 9      - (1000000    2690.42419126305)
15 18      - (1000000    5187.49211704469)
6 16      - (1000000    9706.02256335916)
5 11      - (1000000    8404.92946212201)
5 2      - (2000002    3109.02149086668)
2 6      - (1000000    3945.93596260041)
5 4      - (1000000    2141.12920928333)
19 18      - (1000000    2417.54505121466)
3 5      - (1000000    2108.26619162473)
11 12      - (2000201    1169.61227839482)(1000000    7409.37263825995)(2000002    3497.2617181428)
6 15      - (1000000    9634.46295631308)
13 5      - (1000000    9552.87095631399)
19 8      - (1000000    4520.72611143327)
1 6      - (1000000    2656.94279171092)
16 7      - (1000000    2616.94069426952)
14 7      - (1000000    7900.66689229319)
5 13      - (1000000    8807.981875202)
16 12      - (1000000    2319.3758658682)
14 16      - (1000000    5755.18375534108)
13 17      - (1000000    5763.22360343757)
0 6      - (1000000    2021.65760657356)
7 16      - (1000000    3362.49502620498)
5 9      - (1000000    3337.26387036171)
17 19      - (2000002    1586.9717758272)
12 11      - (2000002    1509.39338625943)(1000000    7136.28446139518)(2000201    1118.58612136034)
16 10      - (1000000    7493.94335915921)
5 3      - (1000000    3703.57661058423)
6 14      - (1000000    3033.23650633682)
19 12      - (1000000    3302.28812368211)
20 11      - (1000000    1635.39853234886)
16 17      - (1000000    1949.38332326519)
13 13      - (1000000    2530.36302088554)
15 7      - (1000000    2370.94751167746)
10 16      - (2000101    2371.93626044013)(1000000    4508.76591113227)
15 16      - (1000000    4937.62155746898)
14 19      - (1000000    2595.87734701528)
20 10      - (1000000    2070.12144945419)
18 19      - (1000000    2608.45543113913)
15 19      - (1000000    3897.12485865988)
9 10      - (2000101    4859.73585041187)(1000000    6573.53904364979)
13 11      - (2000201    1490.34887482127)(2000101    5290.70573861285)
17 18      - (1000000    1743.99750357836)
4 3      - (1000000    1451.78267778696)
12 20      - (1000000    4172.37244459401)
4 11      - (1000000    1743.99750357836)
11 4      - (1000000    4441.89385002911)

