283
24 24      - (2000100    13864.9843426456)(2000201    11363.9557332244)(2000200    11304.1328280121)(2000202    11330.6864178942)(2000101    11364.0182850422)(2000002    11142.3438351773)(2000102    11212.4924665769)(2000001    11349.0576823851)(1000000    11295.5296697487)
0 12      - (1000000    14005.1118551869)(2000002    9842.87290874362)(2000001    10392.0743866594)(2000202    10037.8955638215)(2000101    9730.50775444063)(2000200    9702.31126937107)(2000201    9570.66803871616)(2000100    10132.0173212025)(2000102    8816.61272701621)
0 0      - (2000200    7345.0285718376)(1000000    10286.4483401337)(2000201    7753.82643964706)(2000101    14267.0963861655)(2000102    9850.32946592683)(2000100    10270.2284054563)(2000202    10188.2781926521)(2000002    10116.915323031)(2000001    10232.5555792848)(2000012    14421.8867693894)(2000211    5746.03023833275)(2000111    5147.06592316525)
1 3      - (2000101    12319.8640152166)(2000002    4023.0302493891)(2000201    4468.28736520163)(2000200    6643.97128797518)(2000100    5404.77493316568)(2000102    5723.16963745545)(2000001    7831.95710996349)(1000000    6511.19405123983)(2000202    7645.14039209206)(2000012    13445.780949515)(2000111    3841.84712784109)(2000211    -465.421873018856)
3 2      - (2000202    9863.25670990979)(2000001    8755.43438170904)(2000002    9835.19332363683)(2000100    9179.35620144012)(2000102    10650.6922711914)(2000200    4768.05253479014)(2000101    14278.105987129)(1000000    10355.5769559643)(2000201    9105.32578664219)(2000012    14434.7848970501)
3 0      - (2000200    4541.58576601928)(2000100    9762.38115521088)(2000002    4624.67132776633)(2000201    4673.01368012587)(2000102    4627.97246880414)(2000101    5166.71853396845)(2000202    5608.09243463615)(2000211    573.815275389115)(1000000    6182.55903555009)(2000001    5212.89879531481)(2000012    2036.53930214066)(2000111    4388.76981769611)
0 2      - (2000201    7401.74209082217)(2000101    12563.6772431145)(2000001    6723.62504366593)(2000211    433.377484006023)(2000202    5981.24370402318)(2000102    5754.85363963824)(2000200    4376.55493038963)(1000000    5949.62174663014)(2000002    5120.73852381129)(2000100    6751.42693474086)(2000111    105.026669021088)(2000012    13346.3753342382)
0 3      - (2000100    10468.572312009)(2000012    3574.09700565964)(1000000    3732.73419694924)(2000102    3764.77676338973)(2000101    3702.07468617797)(2000202    4274.53583594187)(2000200    3988.23689311079)(2000001    3851.73563225951)(2000002    4795.34885065533)(2000201    3627.67719640797)(2000111    958.045431040516)(2000211    4344.18356790648)
1 1      - (2000101    9190.04630126533)(2000200    2930.6339918532)(2000102    3138.16333269192)(2000100    4041.01948169649)(2000202    3083.97284500847)(1000000    1750.28889852038)(2000201    1942.61298575608)(2000002    1662.50921191064)(2000001    3298.39035024151)(2000012    2332.4683486522)
3 1      - (2000001    7820.83761496)(2000202    7079.57721753508)(2000002    4400.57100790672)(2000101    13727.1090750253)(1000000    8135.44646275563)(2000102    6791.83457038597)(2000201    6236.32308398216)(2000200    3750.31041942046)(2000100    5805.8399715995)(2000012    14195.4049273918)
2 3      - (2000201    5987.8049177301)(2000001    9671.83366355109)(2000202    8749.1697725892)(2000101    14189.9189615363)(1000000    8948.97815415726)(2000200    4123.20104750372)(2000002    8689.32234792307)(2000102    9513.88220156642)(2000100    7445.42059653033)(2000012    14431.9344266723)
12 11      - (2000012    12208.405279226)(2000101    4873.79672156716)(2000102    1856.23851109007)(2000002    1980.89135760978)(2000202    1665.18171809708)(1000000    4395.70630013955)
10 9      - (2000200    4388.03561475686)(2000101    4122.85348105887)(2000012    12709.4177044812)(2000202    7064.49656349887)(2000100    2797.86486538519)(2000102    2763.55465489716)(2000001    4213.03263036867)(2000201    5540.86490780169)(1000000    4297.44281824436)(2000002    4743.61838854175)
3 3      - (2000200    5203.64435947038)(2000202    6348.32099833058)(2000001    6327.2905222085)(2000201    6501.55436952497)(2000002    6822.07322764549)(2000100    6860.58253815565)(2000101    8437.36281176313)(2000102    6684.35915351777)(1000000    12208.7248639959)(2000012    13212.0569318771)
2 21      - (1000000    3997.5475340251)(2000001    5154.32991653477)(2000100    3519.55316457542)(2000002    2538.28982535803)(2000101    2945.77795007639)(2000201    3730.18444522518)(2000200    10754.7964600745)
8 9      - (2000002    7691.76236162039)
0 20      - (2000101    9098.27364356316)(2000201    1431.197713215)(2000001    1238.16812973752)(1000000    2881.30427838492)(2000100    3343.24913385093)(2000002    1231.94544277275)
1 18      - (2000200    5506.93431166358)(1000000    4861.5641373983)(2000001    10770.4748539662)(2000100    3717.38351088291)(2000101    3970.21441093005)(2000201    4083.22753887499)(2000002    3075.5812810332)
12 28      - (2000100    1173.14891188885)(2000001    8012.34148833856)(2000200    1197.69968140711)
1 8      - (2000101    453.532935001721)(2000200    1922.82392964584)
12 12      - (2000202    3474.55140200015)(2000201    2236.71081144614)(2000102    1006.16257045262)(2000002    5179.25198892062)(2000012    11581.1425319578)(1000000    4260.22531731794)(2000101    1401.19472004909)
11 9      - (2000201    -844.524597372099)(2000202    -1284.23951041274)(2000101    1287.81790840691)(2000100    4243.84618111285)(2000012    10223.8278485457)(1000000    2036.18981497958)(2000102    1689.34222265337)
2 8      - (2000201    828.858121999798)(2000012    -1562.5)(2000100    5745.92304496533)(2000001    -500)(2000200    2228.42129072428)(1000000    -414.214226250167)(2000101    1158.90069109596)
1 20      - (2000201    2073.51430185908)(2000101    9166.11934471805)(2000200    959.011127273703)(2000001    5101.35732112208)(2000002    1008.31434366548)(1000000    2506.54633913317)(2000100    2376.77173837216)
1 4      - (2000100    5469.59774877942)(2000102    5024.35364794297)(2000200    4252.64044489502)(2000101    10628.7054706445)(2000001    4771.02824014642)(2000201    6111.01077612472)(2000002    6418.45204759726)(1000000    4806.42192719413)(2000202    4860.33249611545)(2000012    5106.859159517)
11 12      - (2000201    3183.29413252987)(2000012    11379.0198373594)(2000002    6350.53237544813)(2000102    1381.18901885815)(1000000    3554.10545720694)(2000101    2944.94328515668)(2000202    3292.9245318572)
2 2      - (2000202    5203.79374911903)(1000000    4944.95476079663)(2000200    3919.72072395077)(2000101    13412.3935743938)(2000001    7690.56748974352)(2000201    5777.53805825571)(2000002    5834.85205422544)(2000100    6993.36765555199)(2000102    7839.0991565119)(2000012    13976.8026304767)(2000211    800.251014249322)(2000111    2023.62762654331)
0 4      - (2000001    6244.65572926201)(1000000    6508.5454226154)(2000102    4114.87936244421)(2000100    10117.5848641004)(2000101    5166.72417280035)(2000200    3922.66440549685)(2000002    3214.12807959614)(2000202    2633.06527965653)(2000201    3427.06849191475)(2000012    10969.2911807255)
2 0      - (2000001    -1671.16486891744)(2000201    -849.989961855638)(1000000    -620.647272706132)(2000102    9573.49458168754)(2000202    578.838355500515)(2000100    1920.0804401502)(2000200    754.072614369989)(2000012    -712.011166164505)(2000002    1822.87389084353)(2000101    2373.06203156711)
9 10      - (2000101    2065.75866765445)(2000200    788.249767171323)(2000102    -155.85169233967)(2000012    10582.5535445537)(2000100    4108.0215999686)(2000201    966.08361340529)(1000000    364.847115583892)(2000202    3116.04633870571)(2000002    3163.11911598939)(2000001    1196.91125960021)
3 7      - (2000002    4451.77337562444)
2 4      - (2000001    4545.52780800002)(2000100    6193.76784730027)(2000201    6079.16989741279)(2000002    2399.72075838343)(2000102    8488.38200298816)(2000101    13312.0639431359)(2000202    5708.20652967356)(2000012    13684.9139430141)(2000200    2824.21916904603)(1000000    7142.74698386166)
7 9      - (2000012    9185.2164854717)(2000101    3535.31284558249)(2000102    2119.26110341421)(2000202    1097.96516998713)(1000000    1513.23497357042)
0 21      - (2000001    4849.26714332297)(1000000    4106.91851488699)(2000002    3843.59392311702)(2000100    3454.04623788803)(2000201    5555.27334236448)(2000200    6197.62525225785)(2000101    11484.0774827694)
15 12      - (1000000    3616.32210041337)(2000100    1512.17881373814)
7 12      - (2000100    2588.02882040725)(2000101    8552.53979246409)(2000002    2841.5864936415)(1000000    2005.85181338501)(2000001    2802.8468852178)(2000201    1517.14585165859)(2000200    1153.83713917893)
5 12      - (2000102    7659.56971104093)
0 1      - (2000101    1717.04561965105)(1000000    472.861618076931)(2000100    1961.5245763283)(2000002    7124.91236719235)(2000202    -2500)(2000200    2026.73627129105)(2000102    -2.42805916928899)(2000001    648.539240914005)(2000201    910.589179733924)
3 4      - (2000002    1766.09598395258)(2000202    -862.463913668124)(2000001    -57.5525038298789)(2000211    -89.2144367548833)(2000201    1510.03484731614)(2000101    4562.78269420655)(2000102    1568.82858418567)(1000000    1120.79410761027)
7 8      - (2000202    3500.16504574672)(2000012    2882.51588106712)(1000000    1160.4633139754)(2000201    4769.25619139976)(2000002    10375.959131369)(2000102    1870.3094743355)
5 0      - (2000201    -2742.31609977521)(2000101    3286.28517915612)(2000100    9239.28541070831)(1000000    1796.6433065818)(2000200    1755.03398080526)(2000102    1382.12416724357)(2000001    1301.91737943367)(2000002    1230.03878995141)
5 26      - (2000201    2106.59521640178)
24 0      - (2000201    6508.64666889555)(2000001    6070.93962982843)(2000002    11839.4082482875)(1000000    6483.18595362172)(2000101    4998.60467535512)(2000200    5549.57486975366)(2000100    5473.77837377683)
21 0      - (2000201    8897.81947323886)(1000000    2223.71596658422)(2000002    972.871375058539)
21 1      - (1000000    709.537890946912)(2000001    6733.80690235485)(2000101    -1405.78992055515)(2000002    1615.19035734766)
1 21      - (2000001    5702.52865407269)(2000002    4163.52654730161)(1000000    6178.48736776336)(2000100    5797.84228546698)(2000200    -601.369201728725)(2000201    10600.2083479922)(2000101    5236.00492428005)
2 19      - (2000001    4520.14094054719)(1000000    3725.84946403526)(2000201    3672.41684340474)(2000100    11348.9011041126)(2000002    2388.58806222016)(2000101    4703.59449714478)(2000200    4251.24858520555)
8 7      - (2000102    1461.18427099867)(2000012    11275.9973541278)(2000002    990.61175260324)(1000000    3284.69492496605)(2000201    4250.48913240865)(2000202    3641.00346169179)
2 1      - (1000000    267.40007554257)(2000201    2544.41031130895)(2000100    793.070905767206)(2000001    4944.68592471661)(2000102    -1410.96192178738)(2000101    10030.9255543085)(2000200    387.853341672095)(2000002    1544.49311620452)(2000012    3284.40015758584)(2000202    1175.33884422445)
14 10      - (2000002    -758.120436496483)(1000000    6.98561337645526)(2000201    1151.64133121449)(2000101    3777.66864318202)
4 0      - (2000012    7274.15660987058)(2000001    -1775.28709686535)(2000002    3003.1427999909)(1000000    -54.1669435190851)(2000101    3743.21026820584)(2000102    2657.80699938008)(2000200    3149.53175072469)(2000100    2901.61449593483)(2000201    6632.00112750056)(2000202    3099.0546154343)(2000211    1193.64949022268)
20 15      - (2000201    544.095566231543)
24 12      - (2000002    11222.2283292502)(1000000    8811.94496468744)(2000100    9255.98673790459)(2000201    7436.45726601708)(2000101    8622.01341430788)(2000200    9512.54463394397)(2000001    14698.6984855213)
0 5      - (2000200    367.320038146546)(2000002    806.168274645782)(2000211    -107.132993934478)(2000201    6259.78399925342)(1000000    1236.52280244053)(2000101    2006.0888965133)
4 1      - (2000202    410.582930922598)(2000001    2957.38722458847)(2000100    8588.45763970727)(2000101    4148.33089810541)(2000002    -24.6031430446375)(1000000    476.513679619732)(2000201    1375.79974021766)(2000102    2314.46397996473)(2000211    346.767601487961)(2000200    1459.0386247808)(2000012    1897.84941056053)
0 19      - (2000201    10519.8636875838)(1000000    3583.87928885098)(2000002    1949.35571145381)(2000001    910.083888974193)(2000100    1307.21965346234)(2000200    2055.94180881615)
1 26      - (2000201    2880.86477987523)
7 2      - (1000000    -4250)(2000201    -1279.48464797029)(2000001    -460.211323012233)(2000202    -270.330248397364)(2000101    -388.048498331465)(2000100    6648.96691467916)(2000002    3666.75231822405)
2 20      - (2000101    2854.70559007911)(2000002    1027.00942451821)(2000200    9578.08046829387)(2000100    858.895116409846)(2000201    1325.09063414033)(2000001    1548.65096807088)(1000000    2243.16829068903)
24 10      - (2000002    14652.9229843038)(1000000    8783.58434536469)(2000100    8641.74182704118)(2000201    8583.72239028505)(2000101    7537.11365760395)(2000200    8620.50090894268)(2000001    10792.4685055035)
18 21      - (2000201    1746.00284558959)(2000002    10096.734115197)(1000000    2089.52125555456)
11 15      - (2000002    1899.23530725817)(2000201    8074.96213254372)(2000101    3244.06295305027)(1000000    1450.20573848372)
26 0      - (1000000    -1107.66653878794)(2000101    3285.88117708955)(2000200    1391.16218549917)(2000100    7116.51715427154)(2000201    1978.97337769506)
1 19      - (2000101    9362.73456730307)(1000000    3414.78062867929)(2000201    1841.69230172225)(2000001    2149.46899865933)(2000002    1316.54411320797)(2000100    1482.98282099558)
21 13      - (2000200    14327.464103608)(2000100    10409.8713817884)(2000001    7655.61024883664)(1000000    8153.74293562012)
21 12      - (1000000    14390.5802558017)(2000001    8158.13516319035)(2000200    8941.9025644651)(2000100    5873.81669996406)
2 7      - (2000100    6702.35705573819)(2000200    -663.444284589972)(2000012    494.172214347529)(2000001    181.631336772836)(1000000    -800)(2000002    -977.539606175825)(2000102    -151.748335695741)
21 10      - (2000001    8064.84478156827)(1000000    8253.06318865881)(2000100    8099.42674737665)(2000200    14199.2519030754)
1 2      - (2000101    8879.5562676055)(2000002    4713.97029286517)(2000201    3150.04485066318)(2000001    3186.79865833429)(1000000    688.001376896799)(2000200    4889.72179395575)(2000100    3338.04259588911)(2000102    2992.10952976363)(2000202    3606.03459272354)(2000012    3996.07759585853)
9 9      - (2000012    -517.644056203239)(2000102    66.4166020209746)
6 2      - (1000000    -517.544058075835)(2000200    4433.67280555367)(2000102    -438.396826842597)
23 11      - (1000000    14349.0535935721)(2000100    8134.04627702157)(2000200    7953.73725067883)(2000001    7920.55946252475)
22 12      - (1000000    7953.64674596394)(2000001    9127.01075083372)(2000100    14429.3330124379)(2000200    8316.38354843655)
24 22      - (1000000    12654.993323347)
9 7      - (2000202    1339.52445096188)
22 11      - (2000100    7334.97381967157)(2000200    14473.4750619635)(1000000    8848.46458231559)(2000001    3626.86572776686)
4 2      - (2000211    -1000)(2000002    601.312081624158)(2000100    1240.27425852527)(2000201    1148.13804433352)(2000200    -1250)(2000001    -1377.75228381514)(2000101    5775.715404529)(2000202    2193.20090252544)
19 10      - (1000000    12235.1904364184)
2 6      - (1000000    -500)
20 12      - (1000000    13763.7673850295)(2000200    1189.1539071677)(2000100    3334.52144843515)
5 13      - (2000012    6134.17736611911)(2000101    -1091.42968332685)(2000102    1972.57945253238)
20 2      - (2000100    -682.473464313655)
27 11      - (2000200    -679.296157310539)
9 28      - (1000000    -476.166781733503)(2000200    3391.61843887951)
3 8      - (2000211    -1000)(2000001    -638.388759121343)(2000102    -519.751150461257)(2000202    -708.095672133615)(2000201    -980.53692421109)(2000101    -575.26218688685)(1000000    -600)
20 10      - (2000100    13335.0223797112)(2000001    1682.50381770414)(1000000    1995.46672058208)
4 27      - (2000101    -1033.85787255732)(2000201    4615.76796574204)
9 11      - (2000200    4027.72159970783)(2000201    1410.23992743159)
21 11      - (1000000    14539.2088217424)(2000100    8822.40659585847)(2000001    10810.507419319)(2000200    9219.77513148042)
10 6      - (2000201    -953.733147840862)(2000101    4623.83062322571)
21 9      - (2000200    8037.78012783546)(1000000    5539.33283330331)(2000100    14207.4469332613)(2000001    7258.10734777443)
7 3      - (2000202    -1500)(2000211    -500)(2000200    3172.6672339262)(2000001    -486.864523510152)(2000101    733.080239086303)
23 10      - (2000100    14285.813736831)(2000001    7659.11715549292)(2000200    4563.40339516153)(1000000    7208.60726460756)
12 17      - (2000100    373.792307384764)(1000000    3413.9481996743)
28 4      - (2000101    4499.08216513387)(2000201    1008.04914457821)
26 1      - (1000000    5387.87965452679)
11 14      - (2000002    6378.61733147504)(1000000    2306.07513298905)(2000201    2800.28175150501)
0 6      - (2000001    -2174.95367165932)(2000102    -1100)(2000201    3298.04725917776)
15 17      - (2000200    3891.79921224926)(1000000    1441.31260739314)
27 0      - (1000000    5454.18232967351)(2000201    1162.40007806038)(2000001    1677.85249583721)(2000002    3264.80703712339)(2000200    2115.53149252558)(2000100    2032.82602350963)
6 1      - (2000102    -1184.19007862415)(2000101    -1601.57931608073)(2000012    186.069042222814)(1000000    535.324302074012)(2000100    6532.96168647796)(2000201    382.243404570861)(2000001    786.960111918216)
22 26      - (1000000    9960.08172199451)
11 28      - (2000100    865.334300417174)(2000002    5045.14880534036)(2000201    8782.19619493893)(2000200    5439.47038614405)(2000001    2001.39952834475)
11 5      - (2000201    -449.517164762624)(2000012    9620.08137128925)(2000101    2493.22413264354)(2000002    55.5480028862706)(1000000    3512.48613582039)(2000202    2390.69935620306)
13 8      - (2000002    1149.44528832762)(2000001    6273.54367091513)(2000101    1442.88824437255)
23 9      - (2000200    14286.3237936944)(1000000    7402.37183641035)(2000100    4947.34234327483)(2000001    7995.35734489501)
10 10      - (2000100    1364.38713680394)(2000002    7772.83717111764)(2000200    1445.35928718302)(2000202    2234.36225814277)
11 29      - (2000200    1726.85943264349)
19 8      - (2000001    1184.94692580647)
9 12      - (1000000    2824.57149623081)
13 6      - (1000000    4965.60299256668)
11 27      - (2000002    1755.14641883845)
9 6      - (2000101    -172.67596886064)(2000012    5548.14368593946)
6 9      - (2000012    5525.1633468092)(2000101    485.557279758586)(2000202    724.321678562961)
22 1      - (2000100    473.005204644021)(2000001    2813.38286102526)(2000201    8796.65895311791)(2000002    2437.57061816224)(2000101    1604.50553904575)(1000000    1664.39078999582)(2000200    1988.95941586218)
12 8      - (2000100    -6.40101360835388)(2000101    5508.84895458563)(2000201    264.80027269054)
12 7      - (2000002    1421.12627775766)(2000201    553.972389651653)(2000001    1687.84239516793)(2000101    7031.93244440145)(1000000    1411.4242218932)(2000200    2709.79162342467)
22 10      - (2000100    14226.4636068316)(2000200    6357.90767565273)(1000000    4993.54546338396)(2000001    7780.3689796577)
25 2      - (2000101    -277.689247523801)(2000201    7647.63101499084)(1000000    2491.36451480839)
27 1      - (2000201    841.116497079652)(2000002    2620.08044482546)
28 3      - (2000201    7141.94173628356)
28 0      - (1000000    5974.56422510153)(2000101    1672.52818854458)
7 10      - (2000101    4274.70428781481)
2 22      - (2000001    -338.592221205627)
11 7      - (1000000    3555.08319783827)(2000001    5733.71182903059)(2000200    1668.20279503558)
3 25      - (2000201    1490.45532260386)
0 7      - (2000002    3399.22051749187)(2000200    2017.56519019958)(2000102    268.095374667186)
6 12      - (2000102    13.5586911611369)(2000201    4741.23940005369)(2000202    1631.74985968109)(2000012    1955.89721732544)(1000000    1207.24880176803)
1 5      - (2000200    2822.62273807999)(2000101    1658.30712418574)(2000100    5493.35535671666)(2000001    932.320956641163)(2000202    926.095151950359)
11 8      - (2000002    1839.78722513682)(2000101    5064.11922608407)
16 12      - (2000001    5607.14094187958)(2000101    1491.81505418427)
8 12      - (2000001    7929.57237677324)(2000100    -240.661359261095)(2000101    1015.00731440294)(1000000    1418.12851561242)(2000201    3602.18001832726)(2000200    1398.93026609262)
17 15      - (2000200    1963.60438454323)
14 14      - (1000000    4067.19230159751)
10 14      - (1000000    -395.844430689744)(2000201    5250.25432562438)(2000101    1203.91854712055)(2000002    1426.7976350667)
13 7      - (2000001    1020.06679483298)(2000102    2824.64240802462)
6 11      - (2000002    3431.0765008476)
1 7      - (2000201    -2000)(2000002    757.935445459783)(2000200    1847.06680199847)
3 9      - (2000002    44.9207876483506)
16 24      - (2000002    3315.25132672364)
22 18      - (2000002    5104.72296760998)(2000201    2244.47605935661)
5 11      - (2000101    5292.84028502837)(2000002    523.439938766568)
8 8      - (2000201    6819.68818689502)(2000012    2175.89963144375)(2000102    859.739757279338)(1000000    2036.28723256585)(2000101    1340.32253513273)
16 20      - (2000201    1158.38492810925)
26 3      - (1000000    1198.45833193238)
14 11      - (2000101    1673.13516953397)(1000000    5933.62608802982)(2000201    1357.72777423003)(2000002    997.608139444133)
7 1      - (2000012    -712.771404422841)(2000101    439.908734386935)(2000111    -0.7398)(1000000    741.440137698853)(2000100    4897.45257074027)(2000001    -500)(2000002    705.370501875556)(2000200    850.620939431549)
23 17      - (2000201    1371.75094666471)(1000000    7394.2427762875)(2000101    3073.62260869186)
14 16      - (1000000    34.8741640312115)
20 9      - (2000001    10053.1383532078)
22 9      - (2000100    14311.629101017)(1000000    3877.37601189777)(2000200    6418.46831715677)(2000001    6080.06465029912)
12 6      - (2000202    39.5034940239726)(2000002    1166.8997307543)(2000102    1267.31310507476)(2000101    1721.26663722391)(2000012    8579.15771272106)(2000201    1607.87595268199)
17 16      - (2000002    2990.43246626419)(1000000    1112.23059712337)(2000201    1112.23059712337)(2000101    1114.8342754495)
21 18      - (1000000    7112.2038230396)(2000101    2724.24964912072)(2000201    2016.91053263935)
10 15      - (2000101    7347.52326715662)(2000002    1738.59715902561)
8 2      - (1000000    1536.62290964997)
12 16      - (2000002    5956.82540903093)(2000200    1400.65595194019)(1000000    1342.19503766215)
21 2      - (2000101    7397.14783618427)(2000002    3053.52929622858)(2000200    1381.89633967155)(1000000    3083.84865974666)
19 23      - (1000000    1420.21081460516)
12 27      - (2000100    555.728766182562)
27 4      - (2000201    206.459275265306)(1000000    2301.06267755236)
19 1      - (2000201    3206.78512157467)
12 14      - (2000101    3698.53175029614)(2000201    1644.47605935661)(1000000    1287.34314423917)
25 3      - (2000201    6408.96401679784)
24 16      - (2000002    1469.60940763362)
17 14      - (2000200    4611.39025744132)
11 16      - (2000200    24.3856595498411)
10 5      - (2000202    2782.37029817691)(2000102    2070.32679853946)(2000002    1694.81381802625)
5 27      - (2000101    5237.82632137026)
11 13      - (1000000    771.059890093674)
22 0      - (1000000    6761.18547672259)(2000002    860.155211028895)(2000200    1440.36514376718)(2000100    1440.36514376718)
13 15      - (2000201    1054.52591484168)(2000101    2240.51372558148)
20 11      - (2000100    13646.6912157868)(1000000    2656.28981312358)(2000001    2086.36230273788)
7 0      - (2000201    2045.68612169251)(2000002    3319.52688615634)
2 25      - (1000000    2686.42613248238)
16 11      - (2000101    467.134639805964)
13 27      - (2000002    4119.86733225896)
26 2      - (2000101    2280.61522110482)(2000002    4537.82961217012)
1 29      - (2000201    1201.16220311783)(2000101    2876.16210902787)
13 16      - (2000002    895.126603013997)
4 7      - (1000000    -276.142817500111)(2000200    374.380276897854)
27 3      - (2000002    1039.42237627497)(2000201    306.718217712341)(1000000    3775.0012824598)
28 1      - (2000002    614.682096433363)
10 28      - (2000001    7318.92508223497)(2000200    2030.51277374941)(1000000    2968.57699767363)
7 22      - (2000100    2443.8889425754)
1 27      - (2000001    5878.25945972678)
0 24      - (2000200    939.721591932044)(2000001    1461.53866421204)
26 10      - (2000201    1285.94693463205)
14 12      - (2000002    5139.39997029352)(1000000    2307.331432022)(2000101    1485.45464227591)
7 11      - (2000200    4868.20180653184)(2000102    591.889265132127)(2000201    3949.6321128651)
21 25      - (1000000    3109.98703493659)
28 2      - (1000000    1804.99593473487)
7 4      - (2000200    3020.76020941467)(2000001    606.228062824402)(2000002    1327.60625141032)
25 1      - (2000201    1535.90586331733)
11 6      - (2000101    1432.62563209955)(2000102    7226.15580791462)
6 13      - (2000102    1769.62915653476)(2000012    2866.89498942425)
18 13      - (2000201    736.507256596217)
14 17      - (2000100    1170.38967814062)
27 2      - (2000101    3418.74077050193)(1000000    1315.02035859658)
8 11      - (2000100    4822.67522799973)
10 7      - (2000101    892.254086009123)(2000201    2904.10688271796)
21 19      - (1000000    4134.63509372462)
13 28      - (2000200    2939.37757491769)(1000000    1949.29634319572)
9 20      - (1000000    1491.40441725384)(2000100    1225.12011680894)
14 20      - (2000002    4291.94895607407)
8 3      - (2000200    -473.729047020303)(2000100    3104.43475903721)(2000001    -282.315256807262)(1000000    631.330427711163)
2 26      - (2000002    7811.78615964874)(2000201    1677.85249583721)
10 29      - (2000201    1315.171252064)(2000100    3180.4352175663)
23 0      - (2000101    3242.00845630469)
25 4      - (2000002    2719.38910799717)
15 11      - (2000201    2215.51350277026)
1 6      - (1000000    1776.71464410947)(2000002    1438.88901815232)
16 7      - (2000200    2233.33092990828)
15 7      - (2000002    2129.0963184355)
19 2      - (2000200    1226.01693218081)
22 17      - (2000201    2243.35653993285)
14 26      - (2000001    3448.78854771131)
10 21      - (1000000    4109.77742695589)
0 27      - (1000000    4451.64479490899)(2000002    2019.13894676353)
1 28      - (2000001    2420.68502129396)
12 15      - (2000101    3811.27966621221)(2000002    1835.37583028453)
1 22      - (2000100    2394.58279933968)
16 16      - (2000100    2836.10622023029)(2000001    2069.09520300455)
0 29      - (2000200    3302.62388507427)
14 21      - (1000000    3336.21323588651)
18 20      - (2000002    1311.87657487034)(1000000    3968.80820405448)
18 22      - (2000101    1286.84404354474)
22 15      - (2000002    1796.37195791293)
16 17      - (2000201    3495.25333111557)
27 10      - (1000000    1463.89998366431)
22 23      - (1000000    1856.10285422306)
5 10      - (2000202    2307.37620847214)
16 23      - (2000101    4114.88299273208)
8 28      - (2000101    2689.10649940832)
0 23      - (2000002    2214.57914517476)
14 22      - (2000201    2487.72687160892)
24 2      - (2000201    1863.16176382652)
13 17      - (2000200    1926.54652435201)
10 27      - (2000002    2309.18694653987)
11 21      - (2000200    3732.94665668192)
20 1      - (1000000    3839.11903703236)
24 18      - (2000002    2445.22681443846)
23 23      - (1000000    3718.94343341434)
21 24      - (1000000    8401.29961660472)
28 6      - (1000000    1310.9211386068)
12 29      - (2000001    2699.75494256374)
16 6      - (2000200    2048.98875942238)
17 20      - (2000201    3240.57174475071)
1 23      - (2000001    2508.48676206616)
4 26      - (1000000    1706.16565891445)
10 8      - (1000000    3129.74506176815)
14 27      - (1000000    1922.04965384883)
16 13      - (2000201    2899.68315649951)
2 23      - (2000200    1199.36899943646)
9 29      - (2000100    1324.10531826236)
9 27      - (2000201    1210.01571317715)
15 24      - (1000000    1822.12941522696)
15 13      - (1000000    1186.43537943282)(2000002    3036.94014503579)
9 8      - (2000202    1548.1902019351)
13 18      - (2000001    1980.07712641446)
15 15      - (1000000    1395.46672058208)
19 0      - (2000101    2130.6863091985)
18 23      - (2000002    5984.6437931447)
14 15      - (2000201    2024.69095078574)
23 18      - (2000101    2254.03024934039)(2000201    2677.96455196593)
27 12      - (2000100    1368.01212575645)
13 14      - (2000101    1387.36272885219)
17 12      - (2000002    2475.43178942751)
15 20      - (2000101    1854.98247565378)
17 13      - (2000200    1872.49742608562)
19 21      - (1000000    7772.85468520577)
12 9      - (1000000    4787.53684107781)
0 22      - (2000201    1169.71759360532)
15 23      - (1000000    2609.89344604507)
2 9      - (2000101    1123.65328077082)
2 28      - (2000200    1568.43709952978)
21 8      - (1000000    2143.10464166099)
19 9      - (2000100    3068.06075338205)
9 21      - (1000000    6207.54566457133)
8 10      - (2000202    1988.95941586218)
23 16      - (2000002    2623.35407585194)
20 0      - (1000000    802.151462555184)
8 20      - (2000001    144.3393781139)

