646
0 0      - (1000000    2175.81336745808)(2000101    2163.55578390762)(2000201    1466.19298863097)(2000002    2185.59952283414)(2000221    -814.981826464963)(2000121    -905.231037099536)(2000211    -429.819772853418)(2000012    -16.0863110241899)(2000022    229.490938620275)(2000111    -647.623255897361)
0 2      - (1000000    1839.56781055493)(2000101    1109.31988863433)(2000002    2202.47147245149)(2000201    138.628274411256)(2000211    -847.68814423118)(2000022    -64.6540789034686)(2000221    -722.204759435342)(2000111    -486.618996681021)(2000012    -240.068929219721)(2000121    -976.913155517123)
1 3      - (2000101    -139.565964829613)(1000000    925.649372561712)(2000002    -214.005575400686)(2000201    400.014938540072)(2000221    -899.045825221764)(2000012    -630.954481956702)(2000121    -944.676821736832)(2000111    -440.679937707714)(2000211    -625.959301223859)(2000022    -20.494020337999)
1 0      - (2000201    71.7116469465257)(2000012    -154.521724671791)(2000121    -1045.77752190123)(1000000    2027.45937591693)(2000111    -935.771967479076)(2000221    -1113.2016134482)(2000002    1973.41003840029)(2000101    1599.71639887068)(2000022    -808.268200113055)(2000211    -340.236257566891)
2 0      - (2000211    -749.267756676712)(2000002    1357.95511098534)(1000000    2098.27605890457)(2000201    502.935923764244)(2000121    -1071.8270353882)(2000101    2130.44327706696)(2000012    -334.468035699779)(2000221    -1130.31212095194)(2000111    -27.4634236204271)(2000022    -140.449096915104)
1 1      - (2000211    -913.9591751461)(2000121    -1055.74345830797)(2000012    -292.572599022988)(1000000    2193.08383439353)(2000002    1696.78178653048)(2000201    -854.278086902804)(2000111    -614.299488687084)(2000101    2211.13472918917)(2000022    -79.4577020650781)(2000221    -1050.04195312599)
3 1      - (2000101    42.4842295562582)(1000000    1949.03795194595)(2000211    -452.862644134636)(2000002    1630.26026086718)(2000111    -778.437546459517)(2000201    270.541270560399)(2000022    90.1071885439483)(2000121    -500)(2000012    -317.169009787594)(2000221    -1154.62406472914)
4 4      - (1000000    2523.54323628868)(2000002    -901.836429234624)(2000101    -1492.93255084351)(2000221    -848.163978246619)(2000111    -1636.12298368496)(2000121    -789.371518375553)
2 2      - (1000000    1746.38744487918)(2000221    -1121.9530271646)(2000002    1920.10443413573)(2000101    641.678558271657)(2000201    -587.526878206321)(2000121    -1062.68210790489)(2000022    -135.311762920417)(2000012    116.488582746613)(2000211    -778.006541028413)(2000111    -275.077564152501)
3 3      - (2000022    -384.042866366172)(2000101    2094.04672288804)(1000000    958.080590201713)(2000211    -785.11261447415)(2000111    -773.854871271541)(2000002    -978.779770156144)(2000012    -94.1209269705675)(2000121    -1067.17073808632)(2000201    -1100.99897210478)(2000221    -500)
2 1      - (2000211    -593.102969868495)(2000002    1385.1378491598)(1000000    2262.52570839124)(2000101    2444.11726390331)(2000201    -65.1942164222507)(2000111    -968.946146405598)(2000022    -35.7833549242124)(2000012    -416.329549062018)(2000221    -1053.30704255986)(2000121    -1000.14204751042)
3 2      - (2000022    -584.156990286152)(2000211    -974.897848268699)(1000000    1892.99463361372)(2000101    1157.40436444448)(2000201    1043.17190790569)(2000121    -555.324906387893)(2000012    39.7847103540339)(2000002    2127.97904273118)(2000221    -563.915465692764)(2000111    -539.687059793635)
0 1      - (2000201    35.4994428744958)(1000000    2296.06403315597)(2000002    2303.91154476311)(2000211    -860.900165744125)(2000022    -14.4672272453169)(2000101    1535.13212717832)(2000111    -1067.2237213549)(2000012    -68.3556262779113)(2000121    -1108.17690732934)(2000221    -1030.0351422343)
0 3      - (2000002    1062.28477086514)(2000101    850.403335493788)(1000000    1878.54887152001)(2000111    -748.415967845939)(2000022    -8.67996572460918)(2000221    -500)(2000201    237.981335504591)(2000121    -791.329511454512)(2000211    -312.839998983928)(2000012    127.502248044979)
4 0      - (2000201    -381.383046483494)(1000000    2265.4970393957)(2000002    -226.956860015)(2000101    -742.118839777375)(2000221    -1975.50040206157)(2000211    -953.867818080557)(2000012    89.9415617317988)(2000121    -1115.83139602082)(2000111    -422.517684214049)
4 2      - (1000000    973.452142014292)(2000002    -582.447618098733)(2000101    630.379586386186)(2000201    -1104.88757296264)(2000012    -39.4678837532608)(2000111    -569.041795771339)(2000211    -540.749958926049)(2000121    -932.560427804887)
3 0      - (1000000    2124.34960459781)(2000201    99.9599867005512)(2000002    1158.48477365812)(2000211    -1029.31685498019)(2000101    1094.93507996699)(2000221    -1081.04123701722)(2000111    -907.82960148722)(2000012    -117.650751720863)(2000121    -790.91173673114)(2000022    -86.9875334980358)
1 2      - (2000221    -1107.27998496098)(2000201    466.558537031814)(1000000    1608.52262334193)(2000002    1331.2312133808)(2000022    21.4301442869651)(2000101    1121.45149587283)(2000111    -262.328110173488)(2000012    116.710719318641)(2000121    -925.743287079082)(2000211    -772.273760989742)
2 3      - (2000012    112.34362743478)(1000000    1251.53468548729)(2000002    2098.86844244377)(2000211    -839.0749147907)(2000201    582.870539201141)(2000101    334.926523489841)(2000111    -611.291656396656)(2000221    -922.8026017573)(2000022    -172.392030452238)(2000121    -764.611455687326)
5 2      - (2000012    -463.723026727351)(1000000    2597.33206564021)(2000121    -500)(2000101    -750)(2000002    -577.941876986761)(2000111    -986.13090815813)(2000211    -522.381436211008)
4 1      - (1000000    2450.91939476535)(2000201    340.313834793525)(2000002    -470.10432117076)(2000111    -732.357501553383)(2000211    -934.089957079389)(2000221    -773.299058170429)(2000101    -771.335669741765)(2000012    -82.4903191462746)
4 3      - (1000000    2389.13476389385)(2000002    -70.1929663067216)(2000111    -1041.69921168877)(2000201    -821.584756891033)(2000211    -1238.01454177212)(2000022    128.287907065656)(2000101    -321.262590257353)(2000221    -1113.54917683538)
1 4      - (2000002    607.416217941213)(2000101    681.021508064919)(1000000    1809.09142370591)(2000201    -240.368023451495)(2000111    34.8292316721)(2000121    -1112.34780896582)(2000022    267.045135677648)(2000012    127.592034804059)
3 4      - (1000000    2474.2096800614)(2000002    193.469146736301)(2000201    -923.091540254721)(2000101    928.183383434871)(2000012    -45.15642732617)(2000121    -1344.2950510353)(2000111    -994.045474621056)(2000211    -500)
0 6      - (2000201    -925.254039663435)(1000000    2306.50430128434)(2000101    -987.940564112594)(2000002    70.0656764194358)(2000211    -42.4370597936353)
2 4      - (2000101    -1153.64539878374)(1000000    741.922723660887)(2000201    -405.06607609742)(2000221    -1054.02598549775)(2000012    -71.0358598892098)(2000211    -820.829558335109)(2000111    -815.355101259244)(2000002    617.697310587504)
0 4      - (2000211    -359.424666796105)(2000022    -137.521670599148)(1000000    2258.71497228057)(2000201    509.464132691474)(2000101    758.151845821859)(2000121    -1086.00810508277)(2000002    6.88416871597656)(2000012    -844.886462563163)(2000111    -809.8717483381)
2 5      - (2000201    -1000)(2000002    -167.093906755694)(2000101    -750)(1000000    2809.84925725164)(2000211    -1250)
5 5      - (2000221    -1150.33956231579)(1000000    1971.14386686035)
0 5      - (2000101    -840.14172662338)(1000000    2456.17751855771)(2000012    -0.75)(2000111    -452.204484952671)(2000002    448.531783050329)
7 5      - (2000201    -799.18807426131)
3 6      - (2000111    -973.86503981236)(1000000    2026.74485551211)(2000211    -1375)(2000201    -1269.18826265095)(2000221    -1052.83858336468)(2000101    -1234.80218853376)(2000121    -1406.40093036516)
4 6      - (2000111    -113.788903044742)(1000000    1644.28903212894)
4 5      - (2000121    -1024.42032391633)(2000201    -99.5892791282416)(2000022    -3)(2000211    -85.3695153945637)(1000000    2110.78258142425)(2000101    504.052851478863)
5 3      - (1000000    1274.31306684218)(2000201    -1654.90344205149)(2000002    -1075.1697811579)(2000221    -1072.78732807975)
5 1      - (1000000    2488.59905825946)(2000101    -566.818017643227)(2000121    -750.25)(2000022    -0.5)(2000201    45.5548120540262)
6 0      - (1000000    2496.97572169228)(2000211    -527.484501806227)(2000002    554.098704705435)
0 9      - (2000201    -1553.63913280945)(2000121    -1000)(1000000    186.692545163792)(2000111    -968.75)(2000221    -883.945747574587)(2000012    -321.816327458957)(2000101    -1549.55699225091)(2000002    -96.2302168789182)
1 9      - (2000111    -208.539556062743)(1000000    29.720011776459)(2000211    -750)(2000221    -750)(2000012    -55.2571145792436)(2000002    660.089292809977)(2000101    -1418.85810943998)(2000201    -1354.55733844091)(2000022    -37.8269687705944)
9 1      - (1000000    -1381.72971060318)(2000002    360.195765551422)(2000101    -1155.84388576789)(2000201    -1188.08189774983)
1 10      - (1000000    -1554.57159794337)(2000002    -444.789700762782)(2000201    -1529.3614051292)(2000101    -1548.55405896526)
2 12      - (2000111    -246.361908536073)(2000201    -1003.96461713469)(2000002    -949.51685743607)(2000101    -772.964436852745)(1000000    136.70556316721)(2000211    -510.309276453496)(2000012    -720.07194892594)
2 10      - (2000012    -564.217962634227)(2000201    -1554.61718328396)(2000002    -92.1413481587497)(1000000    -1336.0363222992)(2000101    -1364.2682008291)(2000211    -527.239049207286)(2000111    253.544673732377)
8 3      - (2000211    -572.768269937181)(2000101    -1269.46620221073)(2000201    -1263.41151300035)(1000000    -1263.34758358315)(2000002    272.635372908159)
11 1      - (1000000    -1323.75320780233)(2000201    -1455.49300040704)(2000111    -25.3905670492696)(2000101    -1512.85636490562)(2000002    -188.587240009113)
9 0      - (2000101    -1514.5230868579)(1000000    -15.9698326312083)(2000002    1063.25735534602)(2000201    -1489.20878066903)
2 11      - (1000000    -1073.291518463)(2000022    -54.6455621800598)(2000201    -1537.88606664663)(2000101    -461.072534612299)(2000002    -360.00604123226)
10 0      - (2000022    635.513211167065)(2000012    363.15040638118)(2000101    -1543.92431944403)(1000000    -1328.93240471272)(2000002    54.6583389338339)(2000201    -1052.0332813208)
1 11      - (2000111    -1198.16510448697)(2000121    -1011.55025414731)(1000000    -1532.23938364525)(2000022    258.317506813714)(2000101    -1550.30347184845)(2000201    -1425.13631597635)(2000002    -300.605499453187)(2000211    -188.919249115353)(2000221    -500)
0 12      - (2000101    -1125.19780659189)(2000211    -1013.20562331689)(2000111    297.126470938293)(1000000    -1150.83162571127)(2000201    -1149.22047908575)(2000002    2070.71530775787)(2000012    -933.298285503961)
3 8      - (1000000    -1228.95447616498)(2000201    -1217.11890935342)(2000101    -1176.94619951728)(2000002    1168.49193193944)
4 11      - (1000000    -142.621536753097)(2000211    -97.38171532342)
3 10      - (2000002    -142.449494340176)(1000000    -1063.24478157705)(2000201    -1134.72904888857)(2000101    -1194.5023845)
0 11      - (2000201    -1310.82741600608)(2000101    -1311.31366624245)(2000111    -656.404667047058)(2000002    -166.219186152577)(1000000    -1454.9221054547)
13 2      - (2000201    -1254.23642630631)(1000000    -888.305820626578)(2000002    2417.15782827761)(2000211    -445.658161835067)(2000101    -660.6987510819)
0 10      - (2000111    -1052.28582305098)(2000211    -1411.00299029835)(1000000    -1394.85013827861)(2000201    -1481.40728630066)(2000101    -1344.20610196256)(2000002    -176.377902763107)
2 14      - (2000101    -601.123989652323)(2000002    -885.533092941987)(2000201    -32.8783140270869)(1000000    1075.85784630988)(2000111    -36.6117969730554)(2000211    -370.444668964497)
14 0      - (2000012    -274.259248331853)(1000000    -1070.92384262078)(2000101    -1091.84262825142)(2000201    -1067.81875515811)(2000002    2313.35205654739)
6 2      - (2000101    -885.943092101118)(2000002    -604.336412905702)(1000000    2336.72491308325)
0 13      - (1000000    -1140.87884992861)(2000101    -1183.70427439282)(2000002    2356.08735016765)(2000201    -1075.72442431613)
2 13      - (2000101    -875.244980556457)(2000002    -1064.78411060873)(1000000    -80.3747821580524)(2000012    -852.433839145176)(2000201    -193.617879224584)
1 13      - (2000002    2233.21633430377)(1000000    -1227.01896232682)(2000201    -1320.50789198692)(2000101    -1250.18875408445)
0 14      - (2000101    -791.809710357262)(1000000    -448.050874677613)(2000201    -1080.11762705794)(2000211    -953.59375)(2000002    -901.840456433041)
12 2      - (2000002    2358.71503072226)(1000000    -1024.59430934065)(2000201    -1047.36741080416)(2000101    -598.001017514851)
13 0      - (2000101    -1130.62265147131)(1000000    -1049.62287040504)(2000002    1353.36237805168)(2000201    -1003.51629645068)
1 14      - (2000002    -1467.07063199702)(2000201    -1139.27908132625)(1000000    761.549812843628)(2000101    -1232.92578235984)
11 2      - (2000101    -1475.4303215761)(1000000    -1284.93755862623)(2000002    -120.803235764544)(2000201    -1303.27541003462)
0 8      - (2000111    -817.859732144515)(2000022    -94.6806790913866)(2000101    -1397.04244699956)(2000201    -1476.76365186086)(1000000    -385.603527848295)(2000002    -383.093920231892)
12 0      - (2000201    -884.451685251228)(2000101    -791.988085100318)(1000000    -1155.88506307907)(2000002    2208.37984460369)(2000211    -394.609067087698)
10 1      - (2000012    84.2067101771139)(2000002    1895.65576315406)(2000201    -1158.90185099519)(1000000    -1112.09991780042)(2000101    -1110.31804971629)
11 0      - (2000201    -1325.91862136188)(2000101    -1304.85384098103)(2000002    2224.98784523452)(1000000    -983.207823479532)
1 8      - (2000111    -598.13171532342)(2000002    302.459300955202)(2000101    -1382.31244664033)(2000201    -1396.08249285589)(1000000    -1515.19776701088)
12 1      - (2000101    -1480.35099536169)(2000002    -1210.63154846004)(2000111    -171.843206755136)(1000000    -879.082103898896)(2000201    -1302.77609643903)
14 1      - (1000000    -921.357105296781)(2000101    -1268.31659321362)(2000211    -750)(2000002    2353.58624144877)(2000201    -827.159577073084)
1 12      - (2000101    -1055.46202545261)(2000002    -1004.855513067)(1000000    -845.099067225815)(2000201    -1257.57492311211)
3 11      - (2000201    -1178.51462767102)(1000000    -815.740743624136)(2000002    -159.205929748156)
1 15      - (1000000    320.637226220907)(2000101    -1019.64719719887)(2000002    -57.4963138578753)(2000201    -115.315474566981)(2000012    -1061.74023374733)(2000211    132.86948557185)
0 15      - (1000000    -217.16970594348)(2000101    -1146.7201214265)(2000002    -790.855812758605)(2000201    406.833037627524)
2 9      - (2000002    2100.41948122177)(2000101    -1422.07426360949)(1000000    -656.714030561336)(2000201    -1365.504143023)
0 16      - (2000201    433.729783177157)(2000101    -1589.08833773273)(1000000    450.661629637109)(2000012    -408.967177692124)(2000111    954.747302840185)
13 1      - (2000002    2537.5076740677)(1000000    -1008.57340542023)(2000101    -1055.89425390739)(2000201    -338.39750803017)
4 10      - (2000101    -1396.25404454794)(1000000    -1329.76575671232)(2000002    -366.730706264836)
4 14      - (2000201    -2000.74593311995)(1000000    81.7896992290315)(2000012    82.3429438148261)(2000111    680.922957350037)
9 2      - (2000211    -69.0105158721804)(2000101    -1405.81326128033)(2000002    419.438304386559)(1000000    -344.313431946927)(2000201    -1407.25262317381)
1 5      - (2000201    -1287.24837953891)(2000221    -1449.76166097077)(1000000    2561.80098974735)(2000121    -1072.64883234976)
2 15      - (1000000    735.189219975392)(2000002    -1086.2900691591)(2000211    -500.375)(2000111    938.621478005269)
2 16      - (1000000    272.323407990654)(2000111    325.242585086194)(2000211    -500)(2000002    -736.481826584029)
5 4      - (2000022    -67.7131814509776)(2000201    107.998425253464)(1000000    2185.23812488051)(2000121    -811.353934795998)
0 7      - (1000000    2053.88276573061)(2000201    -1166.3223717528)(2000101    -1105.50110037827)(2000002    -202.903666208126)
0 17      - (1000000    1339.88206449525)(2000201    -55.9113897899511)(2000002    -414.329737587121)(2000012    -856.996089166635)(2000211    -868.197094458496)(2000101    620.360057940226)
3 7      - (2000221    -954.507676613603)(1000000    1272.38905031327)(2000201    -1082.90996613832)(2000002    875.111417671005)(2000101    -935.49174918413)
2 8      - (2000201    -1515.19352020828)(1000000    2713.13177675182)(2000101    -1242.07984159103)(2000002    -371.105461821877)
3 15      - (1000000    986.997881703674)(2000002    -609.861567689047)(2000201    -897.18174332508)(2000101    -372.750793596778)
1 16      - (2000101    -1070.34892813801)(1000000    646.403361270609)(2000201    -373.975308437911)(2000002    9.27078955957661)
2 6      - (1000000    2438.32960668046)
7 4      - (2000201    -1245.41824038671)(2000002    402.674141082625)(1000000    1477.69844096354)
5 6      - (2000022    -955.761919676223)(1000000    1156.01092989551)
6 4      - (2000012    -24.8054395628055)(1000000    1894.00146345225)(2000221    -506.718988571447)
3 5      - (2000221    -769.701628498756)(2000101    -519.701628498756)(2000201    -500.391115361404)(2000121    -750)(2000002    -544.741118253728)(1000000    2424.37117673165)
14 2      - (2000101    -647.698192643041)(2000002    1198.39963630626)(1000000    -1007.94299277559)(2000201    -1097.66703877548)
6 5      - (1000000    1685.95600245767)
1 6      - (2000012    -0.75)(1000000    1819.98870686475)(2000221    -543.687059793635)
3 9      - (2000002    -104.881974553953)(2000101    -1270.58484953177)(2000201    -963.341824037728)(1000000    -1260.86232137254)
3 14      - (1000000    1203.7964960578)(2000101    -580.231646730822)(2000201    -823.201467071839)(2000002    -443.632936360522)(2000211    -776.184271572136)
5 0      - (1000000    2147.88216093681)(2000121    -715.557583602639)(2000201    -248.210085777942)(2000002    536.776925872143)
7 3      - (2000022    -159.521127218441)(2000201    -237.912100271961)(2000002    205.620068451671)(1000000    852.374873072663)
4 16      - (1000000    -24.0625232700289)(2000012    -488.72882816335)(2000201    -177.430671792606)(2000101    482.934581240571)(2000002    127.076817194676)
4 7      - (2000101    -1256.7824802278)(2000002    -90.4638488680026)(1000000    1356.62576597568)
3 12      - (2000111    111.386981764948)(1000000    -23.5335752121754)(2000101    -263.015285093287)(2000201    -111.363378250472)(2000002    -594.481411450637)(2000211    -472.89073511056)
4 12      - (2000201    -658.670175032499)(2000211    -814.262119696204)(2000101    -573.48364326987)
3 13      - (2000201    -1177.85368679501)(1000000    -745.676475725842)(2000101    150.990045252268)
10 4      - (1000000    -56.0259854977461)
6 3      - (2000121    -752.25)(2000221    -875)(2000012    -71.6434103986602)(2000002    -478.454060084157)(2000022    -0.5)(2000101    -83.8241924375393)(1000000    2379.41094538937)(2000201    -567.155602459561)
6 8      - (2000012    -0.875)
6 6      - (1000000    1807.84919835977)
6 1      - (2000201    -833.925720579991)(2000221    -787.503088199962)(1000000    2327.20687904585)
10 2      - (2000201    -1197.93086684703)(1000000    -1106.3620028965)(2000002    1566.73448834217)(2000101    -1270.64367107261)
7 6      - (1000000    974.565437310107)
6 10      - (2000121    -271.836852284186)(2000022    11.4236685015552)(2000211    -494.485632684654)
7 7      - (2000201    61.0807508846466)
2 17      - (1000000    1142.24789327484)(2000002    701.647440001261)(2000211    -431.998868074183)(2000101    135.443614495286)(2000201    530.318448499488)(2000111    1235.75564261959)
9 9      - (2000221    -962.119698617564)(2000101    -1125)(2000211    -875)(2000022    -48.5448195472351)(2000201    -1074.87113274868)(2000121    -750.375)(2000012    -496.109446947613)(2000002    -765.436130284858)
10 9      - (2000111    -619.517345959777)(2000022    -71.8968862974282)(2000211    -1006.7462000905)(2000012    -430.568427002296)(2000221    -813.348113395876)(1000000    -700.41784432372)
11 10      - (2000002    -642.17163741515)(1000000    -474.031420638149)(2000221    -521.505556900531)(2000121    -866.045801235318)(2000012    611.782000008086)(2000101    -140.746947174079)(2000022    1263.63157673531)(2000111    -364.167854269651)(2000201    339.688324702091)(2000211    -82.0517653720176)
11 14      - (2000211    -153.509342222644)(2000002    -7.35172018558842)(2000121    -282.655902452267)(2000201    -714.283904698083)(2000111    -422.365453064903)(2000022    1306.37046993298)(2000221    -270.875588989535)(2000101    -823.900879196629)(1000000    -327.837453136458)(2000012    325.680305716625)
9 14      - (2000201    -804.349179209554)(2000121    -607.570102597668)(2000221    -656.793629442861)(2000101    -1307.27116666809)(1000000    -1011.08052889484)(2000022    -61.3992362514871)(2000211    -1252.25488303921)(2000111    -882.297965261573)(2000002    -842.786798480278)(2000012    -140.26661857378)
12 12      - (2000111    997.499608585834)(2000022    2071.61936742699)(2000121    950.196437764976)(1000000    721.894292592117)(2000002    391.824036429572)(2000211    699.222562384702)(2000201    851.305414910655)(2000221    729.366373724067)(2000012    1921.86877230452)(2000101    -27.790586119493)
14 10      - (2000002    -160.846008385297)(2000201    -756.175148180873)(1000000    160.247477111802)
9 12      - (2000201    -544.428985652227)(2000022    234.338345025278)(2000221    -466.180371719129)(2000121    -892.557432152995)(2000101    -894.498434551116)(1000000    -950.854233464218)(2000211    -930.391438456359)(2000111    -923.403943841796)(2000012    -130.643929437061)(2000002    -568.261188262983)
14 14      - (2000211    -1001.81413575103)(2000101    -308.872798292146)(2000201    -827.73087646948)(1000000    -439.111142841059)(2000221    -364.568563017229)(2000121    -150.253170676703)(2000111    -232.38960477698)(2000002    -33.4134389220461)
13 10      - (2000101    -62.6412132724478)(2000022    1154.27508892242)(2000002    79.1499885054847)(1000000    150.899789516844)(2000211    -188.006869400626)(2000111    -358.145929252135)(2000201    -266.955927417573)(2000012    334.32140997396)(2000121    -250)
9 10      - (2000002    -1704.68948210509)(1000000    -1421.875)(2000111    -692.013950720257)(2000121    -930.653931926499)(2000022    -8.56665839591235)(2000101    -474.271016688435)
12 10      - (2000121    -1044.55680976573)(1000000    -659.714849757208)(2000101    -362.948133355749)(2000201    -837.969175650785)(2000211    -774.339194791243)(2000111    -161.110960444151)(2000022    1164.5775765813)(2000012    227.1344520587)(2000221    -278.484412498546)
12 8      - (2000012    -154.408744390693)(2000201    -711.406525032652)
9 11      - (2000111    -501.168730191744)(2000012    -233.170788574087)(2000121    -443.658077585204)(2000101    -799.381293831006)(2000211    -796.948783050489)(2000022    77.7184076184109)(2000201    -1081.76705168784)(2000002    -449.554631847212)(2000221    -439.752527981023)(1000000    -1035.85519372237)
14 12      - (1000000    -652.946082649825)(2000111    -502.966677782602)(2000022    961.294400022694)(2000221    -442.320515909498)(2000012    326.848320825358)(2000101    -272.51443409982)(2000201    -156.631781484537)(2000211    -577.979688513238)(2000121    -289.766984756973)(2000002    -643.987156524683)
13 13      - (2000201    -604.189670932906)(1000000    -99.62746297658)(2000111    -1100.20275872236)(2000121    -586.235577847956)(2000022    802.692697581604)(2000101    80.2775984443915)(2000012    211.323125099298)
12 11      - (1000000    -309.762385324874)(2000201    -723.008835739162)(2000012    -85.2895936636983)(2000121    -877.562192758448)(2000211    -402.112030184544)(2000002    -481.337341289189)(2000101    -560.643576936779)(2000022    1230.12237077017)(2000221    -916.14429916115)(2000111    -1.69603977126735)
3 16      - (2000002    -1056.76131491023)(2000101    -74.0270677343721)(2000201    -221.581650121154)(1000000    732.114770193579)
10 12      - (1000000    -888.631291293343)(2000101    -445.474826939241)(2000022    -200.877782711146)(2000221    -713.028475177695)(2000002    -685.562342836664)(2000111    -1134.1615409427)(2000121    -452.034026093282)(2000201    -966.917949288894)(2000211    -709.675763687548)(2000012    1009.41811829629)
12 13      - (2000101    -722.549799284398)(2000022    66.228862408929)(2000012    913.926029194151)(2000121    65.6847632291369)(2000211    -182.086934814311)(2000111    118.100723826568)(2000201    86.6638410688987)
13 14      - (2000111    -998.926440757733)(2000201    -385.554393219398)(1000000    -271.178417270068)(2000211    -503.26990814062)(2000002    -947.557089596073)(2000221    -410.092335323475)(2000022    1184.75874018443)(2000012    -108.14783849317)(2000101    -117.403048677505)(2000121    -166.673812068092)
11 13      - (1000000    -382.812147078186)(2000221    -813.497077010279)(2000121    -376.505558182841)(2000201    -268.765180137517)(2000211    -472.240593623273)(2000111    -522.220133825398)(2000002    -814.136420961438)(2000101    -799.390390096964)(2000022    1094.18440883958)(2000012    -136.546357983822)
13 11      - (2000101    -926.843010108606)(1000000    -1379.19252682335)(2000002    -607.81656861863)(2000022    914.516496083498)(2000211    131.399812003557)(2000201    -51.1265992319947)
14 11      - (2000211    -103.568966673128)(1000000    -167.012667785387)(2000002    -493.733754884052)(2000101    -448.871302310452)(2000201    63.2280530742556)(2000111    -220.832508582394)(2000012    188.433372376622)(2000022    1568.25693980041)(2000121    104.674389900113)(2000221    11.3835017676296)
12 14      - (1000000    -729.609051291589)(2000012    705.613188468042)(2000022    1105.90094542594)(2000121    -130.44993476531)(2000111    -1000.85084394718)(2000101    -462.075616179839)(2000211    93.1880607697843)(2000221    101.906415059846)(2000201    -40.9989887130234)
14 9      - (2000211    -718.654753562863)(2000101    -900.426139182484)(1000000    -927.712815099177)(2000111    -758.316843853905)(2000201    -486.225352559587)(2000022    -206.640658123001)(2000121    -362.145445203135)(2000012    325.525279658707)
9 8      - (2000012    -54.0140870974673)(2000022    -5.62975811552489)(2000111    -705.988639583777)(2000002    -532.163675210706)(1000000    -532.163675210706)
14 15      - (2000211    -750)(2000012    -249.736978329777)(2000201    -1123.48046749467)(2000002    -500.375)(2000101    -500.375)(2000022    -212.136534598751)(2000121    -1067.45480189813)
13 12      - (2000201    -1075.23761026829)(2000002    -194.231845030768)(2000101    -512.799642996671)(1000000    -671.414222105315)(2000211    -1027.90708356065)(2000022    1176.98532303677)(2000221    -617.418288811538)(2000111    -361.152492626726)(2000121    -736.104223968813)(2000012    240.964213887628)
12 7      - (2000012    -342.190779590075)(2000002    -672.905659988432)
8 16      - (2000012    -521.704692538067)(1000000    603.565396746041)
16 10      - (2000121    -454.737386912206)
10 10      - (2000211    -1092.58922584236)(2000022    -1463.77764460197)(2000012    -318.561690161007)(2000201    -767.931816497131)(2000002    -500)(2000111    -872.462650355684)(2000101    -540.02281799988)
10 13      - (1000000    -855.87945293374)(2000211    -110.527336449224)(2000111    -921.399529120596)(2000121    -896.69315110588)(2000012    976.165338780041)(2000022    -265.055118176558)(2000221    -314.071901173334)(2000201    -797.004041436913)(2000101    -286.212926484607)(2000002    -904.022866909575)
15 9      - (2000101    -1123.48046749467)(2000111    -1124.49348916489)
8 8      - (2000002    -832.468558236618)(2000221    -856.068267299376)(2000211    -994.505780909576)(1000000    -516.09375)
4 13      - (1000000    -9.63132731394552)
10 8      - (2000111    -959.308261862884)(2000201    -1199.38532732861)(2000211    -1377.92478558865)(2000121    -1188.96239279433)(2000221    -504.513950720257)(2000012    -181.848029247097)(1000000    -1084.91802190284)(2000101    -509.2440467674)
8 11      - (2000211    -837.717867315186)(1000000    -587.717867315186)
13 9      - (2000201    -1082.26964646693)(1000000    -879.41582910778)(2000101    -903.992233314834)(2000022    -140.186172950762)(2000121    -1279.75508693161)(2000221    -798.097003906901)(2000012    -361.841777314115)(2000002    -348.225010669327)
14 16      - (2000022    -277.196266303611)(2000121    -589.581032556278)
15 4      - (2000101    -537.835977880845)(1000000    371.120015491227)
15 11      - (2000002    -211.25256558948)(2000201    -1387.52147139769)(2000111    -132.76897257555)(1000000    -138.602088630953)
8 9      - (1000000    -504.513950720257)(2000221    -129.513950720257)(2000002    -129.513950720257)
11 11      - (2000201    -325.070724947816)(2000121    -287.561825561361)(2000101    -662.807275747335)(2000211    63.2718108967246)(2000022    1068.61399244016)(2000111    -119.969935230947)(2000221    -1214.73980900241)(1000000    214.648291359583)(2000002    173.09241405576)
11 8      - (2000022    415.484305439711)(2000012    -275.254535013421)
14 8      - (1000000    -549.873435703551)
9 13      - (2000002    -970.188171459048)(2000012    -134.998789701048)(2000101    -1104.9053248981)(2000211    -901.32078325777)(2000111    -1019.22771634277)(2000221    -990.510927869878)(2000201    -847.642757005227)(2000121    -676.91363732872)(1000000    -1075.68075693756)(2000022    -300.649649920584)
8 14      - (2000201    -27.0758903021987)
14 13      - (2000111    -61.9073728523739)(2000101    -425.600183890484)(1000000    -781.128706715209)(2000012    819.04377481045)(2000002    -137.056873710626)(2000121    -233.933392312913)(2000221    -747.457132502863)(2000201    -222.697775908309)(2000022    631.158675569728)(2000211    -346.550240721568)
10 11      - (2000111    -973.652074148287)(2000211    -173.7947149415)(2000201    -239.540000664668)(2000002    -452.881968070732)(2000022    645.172268527496)(2000101    27.3260537919801)(2000121    -401.135466321308)(2000012    1112.42312081004)(1000000    -557.285249826831)(2000221    -848.239607434942)
14 3      - (2000002    -1069.33421614009)(1000000    362.276235041503)(2000111    135.861272458334)
9 15      - (1000000    -1099.81776030397)
15 3      - (1000000    754.771699089785)
12 9      - (1000000    -940.390809687708)(2000002    -1018.11523203451)
10 14      - (1000000    431.20565059481)(2000002    201.882299444678)(2000012    727.653397165474)(2000221    -642.829524803619)(2000211    -473.057461650601)(2000111    -233.713099232695)(2000101    -198.008799235636)(2000121    180.052213685916)(2000201    -141.687116829293)(2000022    1294.62880753339)
11 9      - (2000121    -1250.59622363988)(2000111    -1141.3153313216)(2000201    -984.375)(2000221    -1112.55965361234)(1000000    -750.25)(2000022    -348.880712727449)(2000012    -179.829809787114)(2000211    -500)
8 10      - (2000002    -502.730700187682)
7 11      - (1000000    -1084.05198625033)(2000012    -1015.05818792895)(2000002    -983.165377582892)(2000111    -935.637333881685)(2000221    -961.536026056491)
9 16      - (2000201    -867.717410623393)(1000000    -160.06368849811)
11 7      - (2000221    -875)(2000022    -60.874667108764)(2000121    -581.311743615826)
11 16      - (1000000    -679.715311269367)(2000211    -475.219810514019)
17 11      - (2000211    -683.10895651923)(1000000    1213.12713619272)(2000002    1085.58866299729)(2000101    1351.54078520244)(2000201    938.563320608637)(2000111    796.516679792054)
18 11      - (2000111    -662.532859052752)(2000002    731.451876862816)(2000201    121.065259346713)
11 15      - (2000101    -1166.99405301793)
15 12      - (2000002    -423.1875)
16 9      - (2000012    -424.623549982777)(2000002    -311.888235562316)(1000000    425.257576794002)
13 18      - (2000201    -80.0456359997608)
18 8      - (2000201    -233.010226605431)(2000002    526.5230640529)(1000000    1268.02544732853)
12 21      - (1000000    2293.69621394878)(2000111    -519.864548241547)(2000012    3.23103817669417)(2000002    485.52817999979)(2000201    507.706279672099)(2000101    423.362733847308)
10 21      - (2000002    347.393542653507)(2000201    -538.221981209596)(2000211    -569.207106305185)(1000000    -562.652804539186)(2000101    1487.11174836257)(2000012    173.323111741392)
11 21      - (2000101    -95.1438933174412)(2000211    -277.504981666949)(1000000    1327.7076854698)(2000002    83.4548534456852)(2000201    -530.267937263191)(2000012    -733.026409288381)(2000111    -623.081559005917)
13 15      - (2000101    -0.5)(1000000    -628.865650123527)
15 0      - (2000201    -88.2192483748074)(1000000    607.769138972195)
15 8      - (1000000    1648.7407119852)
18 9      - (2000201    -310.074476602213)(2000211    -800.96498394368)(2000111    -1422.55772323306)(1000000    2015.05445619901)(2000101    459.373603469785)
9 21      - (2000101    -657)(1000000    2022.92874301753)(2000002    411.175050875324)
12 19      - (2000101    -115.376055694978)(2000111    -59.9090893083186)(2000012    -1368.72049704876)(1000000    -542.516990283293)
6 13      - (2000201    -343.12323256709)(2000221    -1283.66398131016)(2000211    -1607.79013030633)
17 10      - (1000000    892.423742988566)
11 20      - (1000000    911.908468389369)
15 10      - (2000002    -89.8636339624779)
23 11      - (2000211    442.949578765971)(1000000    622.356130180368)(2000101    1414.87872318503)(2000111    1668.07221709505)(2000012    574.465754100097)(2000002    545.496060790007)(2000201    363.885304159615)
23 10      - (1000000    682.703122450777)
22 13      - (2000101    1907.63868799301)(1000000    2071.07570174895)(2000002    1440.82358849746)(2000201    1486.73575059371)(2000211    109.626660854917)(2000012    1153.1408757135)(2000111    278.688083526762)
22 12      - (2000012    1547.27228425691)(1000000    1109.89222770325)(2000211    761.045091930851)(2000101    1303.86800146349)(2000002    1149.29060364297)(2000111    943.208760161658)(2000201    1189.38732885088)
1 17      - (1000000    357.028115309652)(2000201    -228.671870414418)(2000101    840.439646723014)(2000002    108.370350808529)(2000012    80.5022184014054)
17 9      - (2000101    -140.989915520667)(1000000    1087.48436887888)(2000002    -280.229831041333)
22 9      - (1000000    2114.11623896643)
21 10      - (2000002    -374.137437262083)(2000211    145.434496205272)
21 9      - (2000101    338.367450699957)(2000211    -680.128868164332)(2000111    -398.613100547682)(1000000    2121.18370647644)(2000002    -697.691991980998)(2000012    -746.126258179267)(2000201    64.9818411870186)
18 10      - (1000000    1929.38674767522)
7 8      - (2000221    -500)
7 9      - (2000121    -789.835496157593)(2000221    -875)(2000012    -93.741601120435)
5 11      - (2000201    -851.610513685902)(2000111    -500.375)
23 12      - (2000201    452.615147198632)(2000111    1605.08596280155)(2000211    479.135370964358)(1000000    575.807767288672)(2000002    781.051433942642)(2000101    835.33016715519)(2000012    118.809114326318)
21 14      - (2000002    828.81663120962)(1000000    2083.49484001819)(2000101    763.217358943444)(2000111    185.890414418099)(2000211    417.836649715221)(2000201    1015.00344834771)
21 11      - (1000000    724.566930927089)(2000101    1886.05249679411)(2000201    1012.50602758442)(2000002    597.104325294902)(2000012    902.629575675357)(2000111    1285.04805701522)(2000211    890.419702987341)
22 14      - (2000201    1283.9974633555)(1000000    2065.07490688073)(2000101    1259.43714029736)(2000211    -1217.89463651122)(2000002    2060.74450936299)(2000111    259.645223186255)(2000012    701.948543266757)
23 9      - (1000000    1329.61840658932)(2000002    292.450067729645)(2000201    51.2820724020582)(2000101    -473.296542575257)
22 11      - (1000000    1078.14771691269)(2000002    997.309946247511)(2000101    1499.9127352399)(2000201    495.753656556321)(2000111    2393.62802679511)(2000211    912.850147666994)(2000012    708.178045904738)
21 12      - (1000000    1113.86447357174)(2000211    1237.63698293603)(2000002    1402.80435868657)(2000111    1867.34138642587)(2000101    2174.77031002959)(2000201    1151.3699672283)(2000012    1397.10921865436)
23 13      - (2000111    138.54129940017)(1000000    2087.24153864447)(2000101    1649.17506874819)(2000002    2060.14940328777)(2000211    -1009.48306219013)(2000012    723.78163149607)(2000201    1961.27215976865)
4 15      - (2000201    -353.072157976317)(1000000    162.488344373149)(2000101    358.401329542058)(2000002    354.962252330382)(2000211    104.978395222902)
14 24      - (2000111    -646.304811381884)(1000000    2330.60512036242)(2000012    -255.989348297175)(2000002    14.9747967273674)
10 22      - (2000012    -486.322960965335)(1000000    379.693945957261)(2000111    1633.32995849083)(2000201    -500.528944915539)(2000101    121.64417153249)(2000002    -279.905717445777)(2000211    -83.4799713379013)
15 1      - (2000201    -851.308117658287)(2000101    -997.539887306115)(2000111    1017.43296970596)(1000000    456.418490525425)
11 22      - (2000201    886.827965853613)(1000000    1363.2664511061)(2000111    445.881577935003)(2000002    1155.19766098477)(2000101    1575.57269180243)(2000012    -447.043311713359)(2000211    381.646205336837)
25 13      - (2000002    1994.97982309526)(2000111    -327.409273456084)(2000012    -343.178054577244)(2000211    624.869063050024)(2000201    1147.05506150625)(1000000    2025.11872521048)(2000101    2002.04440573147)
24 12      - (2000101    1892.22305735268)(2000012    1372.27656182595)(2000111    1892.54187807623)(1000000    2075.08642460178)(2000002    1532.46132258307)(2000211    1100.40842633415)(2000201    1499.93281429214)
0 18      - (2000002    321.847653096705)(1000000    1142.5039534924)(2000101    196.011142146753)(2000012    73.8963776363779)(2000201    610.902820185134)
5 18      - (2000201    -606.79614387579)(1000000    974.481591608146)(2000101    33.6291381845186)(2000002    302.845447578591)(2000012    199.804017589277)
7 10      - (2000022    -38.6522762523055)(2000111    -314.153855587878)(2000211    -500)
2 18      - (2000211    -518.221596688882)(2000101    213.546737798465)(2000012    -813.417318284143)(1000000    119.327449737419)(2000201    -197.564932354935)(2000002    1107.75874635038)
13 22      - (1000000    2494.05964280659)(2000002    566.515605231048)(2000201    -63.4974755504167)(2000101    -187.896575492663)(2000211    -598.536322086365)
12 25      - (2000002    1195.6720718058)(1000000    1065.99896305502)(2000101    1467.11050474658)(2000211    620.050453877062)(2000111    1190.51993385672)(2000012    632.187019183854)(2000201    1169.16589803621)
14 22      - (1000000    2500.68857895599)(2000101    677.471334734491)(2000002    707.422209383468)
9 7      - (2000121    -2070.91587502378)(2000111    -693.886126538583)(2000002    -658.542506212702)
16 0      - (1000000    741.893798578436)(2000002    -500)
10 7      - (2000201    -887.804798888943)(2000221    -1072.97260669244)(2000101    -924.239668014605)(2000012    -166.772746437997)(2000022    -127.991693433899)
24 14      - (1000000    2043.34339110376)(2000101    1352.4990834984)(2000201    1079.25391203992)(2000211    -96.7703058640529)(2000002    1814.89547793301)(2000012    482.742253562432)(2000111    419.617286704468)
22 10      - (1000000    187.743346029238)(2000101    -163.438704357339)(2000002    -22.91301831882)
14 23      - (1000000    2315.4081785607)(2000211    -95.1859478715096)(2000101    -354.140411653293)(2000201    -485.56442035099)(2000002    873.099045591604)
10 25      - (1000000    922.32848791931)(2000012    19.8740463267119)(2000201    751.012462424909)(2000111    -160.42171084736)(2000101    -70.6802022441572)(2000211    -403.203827945983)(2000002    420.052699550591)
5 15      - (1000000    478.875922379338)(2000201    -774.175345855844)(2000211    -206.898016787822)
14 21      - (2000002    -617.119175815667)(1000000    2293.43544222466)(2000111    -362.92460455713)(2000211    213.964929803646)(2000012    407.499995677877)
6 11      - (2000111    -1020.87036958039)(2000012    586.20234084538)(2000211    -474.271016688435)
12 22      - (2000211    -659.620454744319)(1000000    2091.75673407481)(2000101    -956.688952256209)(2000111    -444.729431505088)(2000012    475.631854146817)(2000002    643.525059385767)
13 26      - (2000002    -469.635952070458)(1000000    2440.6234278482)(2000012    -326.548717845415)(2000201    -554.583457875824)(2000211    -533.641663932783)(2000111    -470.115526981475)
11 25      - (1000000    -143.227628289695)(2000211    915.75474434091)(2000012    336.974283840457)(2000002    1567.42656959114)(2000111    494.649601105073)(2000201    281.33211889679)(2000101    747.232124476881)
25 12      - (1000000    1322.40180904072)(2000002    1233.33354706537)(2000101    2094.20911184565)(2000201    967.755058389283)(2000111    949.815440252877)(2000012    1212.7776354651)(2000211    952.465974480828)
26 13      - (2000101    562.832451343824)(1000000    2081.30851966565)(2000002    75.4617769099967)(2000201    1190.18653711217)(2000012    1329.35681564834)(2000211    583.027190788158)(2000111    460.098220303543)
12 24      - (1000000    2475.21336117934)(2000012    -116.40439769756)(2000101    95.0576478466699)(2000111    8.17006841067442)(2000201    -725.829864507535)(2000002    -267.732616746881)(2000211    -424.664480304934)
11 24      - (1000000    1013.87454114561)(2000201    1172.52517132588)(2000211    1232.83913556065)(2000111    1288.81855131314)(2000002    678.399183440627)(2000012    802.977701833509)(2000101    1473.16747957275)
13 24      - (1000000    2203.28048469392)(2000002    847.491014354051)(2000012    766.186160974512)(2000101    -538.849942605007)(2000211    -125.44161485096)(2000201    633.175867454237)
13 21      - (1000000    2310.40049763501)(2000211    -756.313615697007)(2000002    -205.604596730772)(2000101    -231.099563436761)(2000012    725.091115150487)(2000201    -195.679766425589)
19 9      - (1000000    1556.88381547845)(2000201    716.475808634441)
11 26      - (2000101    -169.758926432126)(2000002    -432.81821936271)(1000000    1151.59795665202)(2000111    1631.52192546912)(2000201    -12.516546867535)(2000211    264.831447550839)(2000012    -187.625462785284)
16 1      - (2000101    -562.17226777149)(1000000    786.230716608065)(2000201    132.912155562311)(2000002    61.7539070839332)(2000111    282.722537913794)
0 19      - (2000101    287.070849932689)(1000000    1099.02136636545)(2000002    295.423244472411)(2000012    -143.262933477439)(2000201    220.472133242422)(2000111    1484.153383469)
11 12      - (2000201    -670.83540623109)(1000000    -740.828015995919)(2000121    -448.556008865942)(2000022    1010.12790768661)(2000111    19.209875015022)(2000101    19.209875015022)(2000002    93.3908332424924)
3 17      - (1000000    753.371361601664)(2000002    -17.2748422940175)(2000211    -280.103423415578)(2000101    390.40704410714)(2000201    274.128183206449)
19 3      - (2000101    252.029003494806)(1000000    1397.3543993004)(2000002    -88.7225498158311)(2000201    150.094363935434)(2000012    118.683334348253)(2000211    82.7831501088489)
18 2      - (1000000    744.785890501741)(2000101    348.458356647076)(2000201    237.948655651188)(2000002    238.318131338655)
20 2      - (2000201    362.209167379767)(1000000    1184.97436679987)(2000002    628.618048912559)(2000111    519.360277011877)(2000101    791.83283905521)(2000211    329.1967066779)
11 6      - (2000211    -656.79043034056)(2000012    -130.40382584616)(2000002    -612.380841754202)
1 18      - (2000201    45.1139086781212)(1000000    1033.91460846081)(2000012    -317.534615972601)(2000211    -398.05204292308)(2000002    25.9158762941062)(2000101    826.486814991777)
14 25      - (1000000    2291.84663538314)(2000201    -289.626071714525)(2000002    225.442357002799)(2000012    215.6257990331)
21 2      - (1000000    1674.76579943892)(2000101    898.404273275018)(2000002    724.329348034381)(2000201    458.270692876716)(2000012    -41.465433316845)(2000111    2083.83392156203)(2000211    460.482316429167)
9 23      - (1000000    890.2063759332)
13 25      - (2000201    -391.656061194181)(1000000    2306.4693968939)(2000111    -97.4195281469552)(2000211    -515.449945170219)(2000012    -97.6603809472938)(2000002    -207.966449920841)
19 10      - (1000000    755.708755662083)
16 3      - (1000000    691.820016052823)(2000111    363.724463421277)(2000002    104.934903596704)(2000101    252.708223617073)
23 16      - (2000002    -288.82892199013)(1000000    1871.13432539185)(2000201    -146.763148851536)
13 23      - (2000002    -116.889835795847)(1000000    2486.10790959816)(2000201    -451.959029430438)(2000101    929.40265691329)
9 3      - (2000101    -1255.88596847127)(1000000    -1249.50671693142)(2000201    -1137.10046537791)
4 23      - (1000000    1490.64753738955)(2000002    831.655134408751)(2000201    722.245799520649)(2000111    1800.30598520785)(2000101    1581.83256472877)(2000211    166.785199204612)(2000012    227.568648025537)
19 11      - (1000000    748.03187198121)(2000211    -297.964947011593)(2000201    570.84474944388)(2000101    92.6796246789045)
1 24      - (1000000    2188.52905542712)(2000002    375.632620028505)(2000101    253.423256935426)(2000211    102.797621110453)(2000201    -922.017219589246)
0 20      - (2000101    729.470839851835)(1000000    1231.89165300049)(2000111    1328.01260908657)(2000002    280.975460175391)(2000211    -55.6000481050988)(2000201    1556.68639014113)
24 0      - (1000000    1746.09970394603)(2000002    1700.30548534156)(2000101    1725.24801995416)(2000201    1705.7468842797)(2000012    761.080776100233)(2000111    2107.13298751119)(2000211    470.380588934401)
8 1      - (2000101    -1222.52859286553)(2000002    -76.8468204294406)(1000000    -1153.2875203185)(2000201    -947.572371752805)
8 4      - (2000002    -181.095571495214)(1000000    -516.288743664827)(2000201    -631.71491450187)
9 4      - (2000101    -1201.16330814938)(2000201    -968.04139437155)(1000000    -903.505301413447)(2000002    507.102458052967)
15 2      - (1000000    674.392656718738)(2000101    -845.782918412247)
17 5      - (2000201    -698.297249235445)(1000000    735.462784207961)(2000002    -922.721822294868)(2000101    247.227966342812)
13 4      - (2000201    -782.610675534615)(1000000    191.134412646703)
2 25      - (1000000    2325.19909181746)(2000201    552.823775097178)(2000002    353.404457676387)(2000101    1092.76696594527)(2000211    109.569432177664)
6 18      - (1000000    1147.54865831509)(2000211    -494.507307447341)(2000002    815.837026735055)(2000111    853.464480299666)
10 26      - (1000000    818.104437565301)(2000111    988.656671631818)(2000101    1018.39509197207)(2000201    848.863047941791)(2000211    636.414486332839)(2000002    1037.21215445465)(2000012    798.807367950399)
21 1      - (2000101    275.9788323154)(2000201    562.090856319305)(2000111    2083.9457597804)(1000000    1550.05527936551)(2000002    817.70040014236)(2000211    240.806450626109)(2000012    417.317282320008)
23 2      - (1000000    1330.27130693616)(2000101    1154.68901528914)(2000201    637.518597248484)(2000002    858.365569796764)(2000211    109.119427151346)(2000012    361.842539432098)(2000111    2095.52103746136)
4 18      - (2000211    -76.4953517403412)(2000201    708.714910637487)(1000000    1496.55242401487)(2000111    1352.01845553112)(2000002    89.3154442807257)(2000012    -141.117728088701)(2000101    275.599564778037)
25 0      - (1000000    2071.41971865276)(2000101    1612.47523192429)(2000201    1337.76054980577)(2000002    2042.93435095787)(2000012    202.279461350311)
5 16      - (2000111    1232.43699848619)(1000000    387.477780504749)(2000201    -112.988331418548)
6 19      - (1000000    1959.19422468981)(2000101    269.814601495579)(2000002    529.228756942975)(2000111    1664.29211754935)(2000201    873.030274168734)(2000211    278.095547813232)
6 20      - (2000101    -21.7167281900339)(2000002    988.536249999196)(1000000    1411.49602825498)(2000201    1343.52478189428)(2000012    -148.439046436474)(2000211    462.877461764173)
11 23      - (1000000    -324.967209527613)(2000002    1009.45150532399)(2000012    849.330535227661)(2000111    1716.59658789471)(2000211    335.265634775321)(2000101    659.285502355312)(2000201    282.436720297061)
17 1      - (1000000    1273.00436827411)(2000012    -386.046874085001)(2000111    1066.11635155776)(2000211    61.3146636139015)(2000002    254.212994583303)(2000101    246.878103987121)(2000201    282.056781812973)
5 19      - (2000101    522.411517958293)(1000000    1523.02375385072)(2000002    916.309799755861)(2000201    886.00708019482)(2000111    325.591295047612)
4 9      - (2000201    -1202.10206237963)(2000101    -1159.0975177121)(2000002    -381.853964734485)(1000000    -1175.48086748758)
12 4      - (2000101    -594.769991270543)(1000000    -855.979021516974)(2000002    -787.747499134786)(2000111    -328.059300692524)
16 4      - (2000111    577.951342637316)(1000000    258.332207551976)(2000201    -102.574914240611)
14 4      - (2000002    -290.791452091891)(2000012    -571.820063642868)(1000000    260.36978789968)(2000101    -800.192196112531)
18 4      - (2000002    140.924766279786)(2000201    -91.0795700146064)(1000000    352.504020610956)(2000101    1321.8530577486)(2000111    1030.79160663663)
18 3      - (1000000    1221.09398797249)(2000111    293.20946658109)(2000201    54.4054324921566)(2000101    936.048226611454)(2000002    133.018105811867)(2000211    105.500819796711)(2000012    166.03721239294)
24 1      - (1000000    1736.54734201752)(2000201    68.4532061036821)(2000002    -340.455460348396)(2000101    241.94462424111)(2000012    95.1946356273537)(2000111    688.154788798427)
0 21      - (2000002    746.091665588299)(1000000    1742.01158116001)(2000101    1343.62729521375)(2000201    718.632509807362)(2000012    127.441115589848)(2000111    2203.31878502054)(2000211    431.787593308891)
14 5      - (2000201    347.114531179392)(1000000    -628.050948108874)(2000101    -54.6718114829186)
0 26      - (1000000    2079.30464457859)(2000201    1631.51543631473)(2000101    1128.77942971759)(2000002    1304.95267500247)(2000111    1310.68032852767)
8 2      - (2000201    -1251.35033611507)(1000000    -1263.42500940143)(2000101    -1263.42500940143)(2000002    -217.360086640317)
21 0      - (2000101    749.670504122447)(1000000    1340.31846628342)(2000111    2086.39263817026)(2000012    90.0466998365502)(2000002    756.607921541529)(2000201    773.95801593981)(2000211    414.73405571532)
24 2      - (1000000    1401.10050917411)(2000211    -338.510637931145)(2000101    392.999883516153)(2000201    662.098531976712)(2000012    -139.448935605451)(2000002    361.597958347944)(2000111    1837.75574373664)
17 3      - (1000000    1193.18906747483)(2000002    246.148375442171)(2000211    128.782618623384)(2000201    317.108591814049)
4 17      - (2000101    129.935521939195)(2000201    -210.670804179533)(1000000    118.066916912784)(2000002    485.449709325879)(2000111    1364.70538618036)
10 3      - (2000201    -1223.90461816099)
25 1      - (1000000    2010.24779926679)(2000201    45.6194212058285)(2000101    1441.69687158852)(2000002    1107.87711345952)(2000111    1327.12554220628)
16 2      - (1000000    908.746930899378)(2000101    -823.421754377244)(2000211    -293.988822662078)(2000002    -278.809241474466)(2000201    -302.526242139275)
13 3      - (2000111    -125.242377410001)(1000000    -496.006079399195)(2000211    -616.632520637747)(2000002    -298.194516281426)
7 1      - (2000002    -222.681942127831)(2000201    -863.281495033184)(2000101    -1105.50110037827)(1000000    1900.85603322407)
12 3      - (1000000    368.047192607343)
7 0      - (2000002    554.332340281477)(2000101    -1079.22190970388)(2000201    -1177.70991532886)(1000000    1587.10311734147)
8 0      - (2000201    -1149.15166389679)(1000000    -123.326343050383)(2000002    392.413212196159)(2000101    -1105.50110037827)
5 14      - (2000002    -588.23425529432)(2000211    -841.939892166001)(1000000    237.746720805863)
4 8      - (2000201    -1047.68930067602)(2000002    -137.201309235192)(1000000    -1149.78422273902)(2000101    -1330.96133575546)
16 6      - (2000101    -571.820063642868)(1000000    701.442998364681)(2000201    364.975737401272)
20 1      - (1000000    1299.79478716996)(2000101    216.396585331198)(2000002    222.393498759286)(2000201    202.741263698742)(2000111    1521.12026042121)(2000012    -29.6509559553608)
20 3      - (1000000    1283.61600567872)(2000101    331.988582111342)(2000002    713.420280181985)(2000201    623.051910453953)(2000012    75.6407155909785)(2000211    186.311882152135)(2000111    1607.16232125046)
2 21      - (1000000    1725.50126539382)(2000101    733.075681178767)(2000012    -86.7896971307669)(2000002    1299.19961164443)(2000201    719.115060745904)(2000111    2172.18712595417)(2000211    357.564367270541)
1 20      - (2000002    744.482504659881)(1000000    1481.30778500204)(2000201    475.456104400785)(2000111    1846.66021147185)(2000101    760.703545167003)(2000012    256.796035583654)(2000211    376.35846150698)
0 22      - (2000101    1128.83446557157)(1000000    1770.57043751821)(2000201    469.07385141195)(2000002    809.004137343268)(2000012    19.3530552771236)(2000111    2122.02803465028)(2000211    356.883019177313)
23 1      - (2000101    855.101364338885)(1000000    1314.40416662943)(2000201    536.751158303344)(2000111    2070.57513803127)(2000002    749.637847169901)(2000012    610.435855500167)
15 5      - (1000000    153.189080502361)
14 26      - (1000000    2311.53907009661)(2000111    -514.513901047814)(2000101    103.220525654927)
14 6      - (1000000    435.051391295493)
5 17      - (2000211    9.50588870263047)(1000000    645.593631788749)(2000201    -605.516177114395)(2000012    279.795738694766)(2000002    72.3659591824101)
16 5      - (1000000    559.860434486767)(2000111    37.4854916065797)(2000002    -339.453404788753)
22 8      - (1000000    1165.16679737136)(2000002    -400.221372109562)(2000201    300.715729429094)(2000101    425.826482232803)
20 13      - (1000000    2093.4554301507)(2000101    996.358158357973)(2000012    532.802235375288)(2000201    370.395529253688)(2000211    254.10824242649)(2000002    467.856828277686)
18 0      - (1000000    1247.26695374278)(2000002    187.076252421303)(2000101    -57.4555822417433)(2000211    4.15925526349037)(2000201    254.752834695808)
7 2      - (2000201    -1258.49455623419)(1000000    738.375382474782)(2000002    10.8064020909688)(2000101    -789.897227706442)
12 5      - (1000000    66.7302508752891)
15 6      - (2000101    6.67906307440185)(1000000    803.111339152134)(2000002    227.391708618871)
2 20      - (2000101    542.114513381457)(2000012    -296.800394584557)(2000111    1849.16452581859)(1000000    1365.99601265545)(2000201    731.231075005491)(2000002    401.726746024975)
4 20      - (1000000    1652.19590370506)(2000201    984.322756185288)(2000002    1148.38013224745)(2000101    803.986189635611)(2000111    1629.51675479131)(2000211    239.092776536904)(2000012    395.352552962929)
26 2      - (1000000    2126.91112655742)(2000201    1473.88990361008)(2000002    630.767097382834)(2000111    -134.311204919122)(2000101    243.130518693426)(2000211    204.911858258536)
4 19      - (2000201    1163.59774372705)(1000000    1806.04947001429)(2000101    742.56298008533)(2000002    385.162036340488)
1 22      - (1000000    1181.26879441537)(2000201    499.361543880056)(2000012    253.327924119865)(2000211    147.64159808044)(2000111    2021.5780635592)(2000101    1011.76065825713)(2000002    133.271405891793)
3 21      - (2000101    1180.15962583619)(1000000    1854.71216590403)(2000002    457.662501514674)(2000211    255.106441790891)(2000012    421.197770428314)(2000201    531.193249349014)(2000111    577.153868650531)
2 27      - (1000000    2154.19906745487)(2000201    -153.431452290981)(2000211    -250.165227747602)(2000002    189.601188290767)
12 23      - (2000002    1851.19951606653)(2000111    -412.066105194227)(1000000    2327.76297527928)(2000101    1114.99044482615)(2000201    749.521056296418)(2000012    149.209975918345)(2000211    -305.454581805372)
1 19      - (2000111    582.60083486572)(1000000    507.089749477857)(2000201    273.287888481507)(2000002    1327.3726274349)(2000101    291.572074333234)
21 3      - (1000000    1640.85099867939)(2000002    767.350273327083)(2000201    676.084088839881)(2000101    700.761983389979)(2000111    1708.4901406545)(2000012    -76.9924730339835)(2000211    349.723375761024)
4 26      - (1000000    1169.36047928301)(2000101    288.512263407074)(2000201    -3.47786073684631)(2000002    317.731981221345)
19 4      - (1000000    1275.75683769015)(2000002    9.97191444054018)(2000101    582.796020688332)(2000201    341.269315209248)(2000211    413.315552495767)(2000111    1491.73453527169)
18 5      - (1000000    1455.29178632074)(2000101    -117.961535435043)(2000012    -164.327828978969)(2000201    747.182061286565)(2000002    -3.92099663063582)
2 7      - (2000002    1331.22447462379)(2000101    -1184.46546469101)
9 5      - (2000002    -128.828965543694)(2000201    -947.572371752805)(2000101    -631.71491450187)
13 5      - (2000101    0.179917053289289)
1 7      - (2000201    -1258.08790613896)(2000002    -106.986645942471)(1000000    2111.02880357657)
11 3      - (2000201    -1435.5371299925)(2000101    -1166.18610740894)(2000002    -346.13682391717)
1 21      - (2000002    303.676372280657)(2000201    1356.04972788231)(1000000    1437.15774041416)(2000101    814.309024192954)(2000211    88.2603132991431)(2000111    2094.55613319051)(2000012    167.121706305489)
17 4      - (2000101    822.510529514355)(1000000    1289.81339059265)(2000002    229.872719856312)(2000201    47.7693871008325)
5 8      - (2000201    -789.897227706442)(2000002    -226.424811981977)(2000101    -1166.18610740894)
18 6      - (2000002    -100.646295439202)(1000000    1736.25133675394)(2000101    385.880616982984)
10 23      - (2000101    827.076919718658)(1000000    970.327233420229)(2000111    1035.64121161295)(2000012    702.101415540282)(2000211    790.802409511664)(2000002    920.441138048855)(2000201    434.188576347385)
5 13      - (2000111    644.427814203136)(2000101    -130.495889453008)
6 21      - (1000000    1206.90175284567)(2000002    1400.12834770402)(2000201    1484.80136755828)(2000101    630.546719026702)(2000211    390.614848747104)(2000111    1299.02764145993)
6 17      - (2000002    232.522564462511)(1000000    851.354222482764)(2000101    670.801700780988)(2000201    468.666644331412)
27 3      - (1000000    1256.84813364222)(2000201    -502.66660160306)(2000101    333.510312309187)(2000002    161.062482346173)
20 12      - (1000000    1619.68315698433)(2000101    777.935242079175)(2000002    100.895384581728)(2000201    752.86808361801)(2000211    159.8052075488)(2000012    1073.30299555322)(2000111    24.1644852968061)
18 7      - (2000101    928.109073014511)(2000002    -242.676398475478)(1000000    1165.24871637306)(2000012    372.37909821813)(2000111    415.149549868022)
11 5      - (1000000    33.7321962381739)(2000012    -527.708882984008)
20 10      - (1000000    -575.726812020911)(2000012    -59.201458311821)(2000211    -242.120463566341)
2 19      - (1000000    1478.42744872828)(2000101    396.741940069373)(2000002    727.794262849616)(2000211    -500)(2000201    649.08314022706)(2000111    1445.34956341493)(2000012    210.390410357118)
3 18      - (2000002    353.483072682008)(1000000    1062.70250666269)(2000211    -596.332837776423)(2000201    156.781217803512)(2000101    274.555235932533)
0 24      - (2000002    1918.15831861129)(2000101    1986.30751132143)(2000201    1924.03047049727)(1000000    2078.50962578044)(2000012    437.828248827222)(2000211    365.471666716328)(2000111    1589.90809720859)
26 0      - (1000000    2077.6813597568)(2000201    257.535799531087)(2000012    -782.319655209135)(2000101    1279.33709687334)(2000211    -706.117447691779)(2000002    817.272028975313)(2000111    1354.10834033887)
19 2      - (2000101    354.855166985445)(2000012    -441.158803409979)(1000000    1219.38081248832)(2000002    312.09475910801)(2000201    409.863942129119)(2000211    164.868252028286)(2000111    356.134157336717)
17 0      - (1000000    1245.45669681091)(2000201    -254.609076545658)(2000012    -1057.9344088752)(2000002    239.141452735085)
17 6      - (1000000    598.154017666269)(2000201    89.9725441288783)(2000101    450.50555557876)(2000012    274.316012375958)
1 29      - (1000000    2169.74093848696)(2000101    69.2475096044626)(2000002    474.827434730731)
19 1      - (1000000    495.484689092536)(2000201    596.56581312431)(2000002    169.051314234945)(2000111    865.375192883851)(2000101    794.822271804319)(2000211    92.4497794500992)
2 22      - (2000101    1218.92365029408)(1000000    1573.05274466428)(2000111    2203.78059638825)(2000002    990.506332052073)(2000201    880.997124420845)(2000211    540.441473757173)(2000012    579.14786638017)
10 24      - (2000002    356.295463084573)(2000012    418.225159347763)(2000211    302.032212125011)(1000000    288.859345663762)(2000101    528.345269462518)(2000111    707.397556629018)(2000201    416.705307250428)
22 1      - (1000000    1901.23593907164)(2000002    705.240390569141)(2000012    398.086137577311)(2000101    374.030332972075)(2000201    903.153007167148)(2000111    2297.29064287687)(2000211    664.769388530368)
28 3      - (1000000    1563.15993576427)(2000101    -326.209071880608)(2000201    65.4666066343137)
22 2      - (2000002    445.060720300496)(1000000    1811.46499201569)(2000012    -192.875974342374)(2000201    434.257893886039)(2000101    677.159478613373)(2000211    190.567914341465)(2000111    2088.26277411715)
6 15      - (1000000    1040.33310882834)(2000002    -250.177695354463)(2000211    565.026802709881)
19 0      - (2000101    378.437443189044)(1000000    624.477432261057)(2000211    -481.115662593332)(2000002    382.079743359531)(2000201    1052.34123131555)(2000012    221.468544614143)(2000111    1289.11305855742)
19 6      - (2000002    -507.76165577308)(1000000    1391.82760778354)(2000101    578.587653328946)(2000111    891.445584273205)(2000201    494.079437039168)(2000211    131.472872522481)
17 7      - (1000000    1289.21952222642)(2000002    36.4207109283931)
19 7      - (2000101    186.74802553597)(2000201    588.418719485723)(1000000    1066.80858675072)(2000012    468.797773859182)(2000002    400.841637309432)
8 5      - (1000000    -1184.46546469101)(2000002    -33.6555512437301)
22 3      - (2000101    468.173692941053)(1000000    1159.7114684504)(2000002    21.2227471685522)(2000201    580.297318526259)(2000012    306.17622888627)(2000111    414.94487818939)(2000211    310.003239311155)
2 29      - (1000000    1948.5947404384)(2000111    1372.36013370672)(2000012    273.395692359189)(2000211    -108.923206937074)(2000101    48.3482183765014)(2000002    81.3634256057438)
14 20      - (1000000    -501.862537269823)
6 16      - (2000101    217.430613742409)(1000000    604.07770826556)(2000002    172.431403408874)
21 13      - (1000000    2045.74742447743)(2000101    1649.83447326739)(2000201    1613.18175280446)(2000012    1358.59624014757)(2000002    2007.87522843697)(2000211    -1385.88252802558)(2000111    288.443170115381)
16 7      - (2000201    322.331542832159)(1000000    535.380280641315)
22 0      - (2000002    803.706188188502)(2000101    577.095260703516)(1000000    1375.75412880621)(2000201    803.686202871572)(2000012    327.670234683359)(2000111    1564.43053905444)(2000211    617.513741422153)
20 11      - (1000000    -33.0685738487337)(2000012    -365.65091687888)(2000101    -188.572219439282)(2000211    -425.942229653385)(2000201    -247.848463943461)(2000002    -541.35227885371)(2000111    -503.547377625123)
5 24      - (1000000    1205.07576016252)(2000012    -566.453617035852)(2000111    134.052066738926)(2000201    606.588409462793)(2000002    1213.91847053391)(2000211    -14.2976902026448)(2000101    573.414185002487)
18 1      - (1000000    1120.56463423878)(2000012    -372.878791682989)(2000101    40.4264716713581)(2000002    513.292680332007)(2000201    332.577334679496)(2000211    78.3827261163242)(2000111    1199.23542955411)
2 24      - (1000000    702.366776503675)(2000111    1694.54272988843)(2000201    359.383456124464)(2000002    342.632307525622)(2000211    -52.4657715579661)(2000101    1688.86236358948)(2000012    26.4871416556373)
0 25      - (2000002    516.304189711671)(1000000    2059.76952251093)(2000012    -210.553028297373)(2000201    695.740342677884)(2000101    1859.97108833972)
4 28      - (1000000    1044.17356278003)(2000101    556.337005562262)(2000002    400.87060347712)(2000111    376.375766599949)
19 8      - (2000201    -652.805520906542)(1000000    1343.16683777357)(2000002    489.016514450746)
21 4      - (2000211    -375.151033209119)(2000002    -10.4597038627046)(2000201    691.325964640887)(2000101    1466.0772086023)(1000000    1362.34854289721)
1 25      - (2000201    580.914394271503)(1000000    2134.58015392993)(2000012    -78.9370358280183)(2000111    1345.03433817135)(2000101    2158.84689767015)(2000002    1450.99542762194)(2000211    3.98497766314894)
0 29      - (1000000    1693.60369394493)(2000101    -142.249126735878)(2000211    -211.745036593594)(2000002    -604.533947928684)(2000201    -21.1761959960416)
7 17      - (2000101    1166.23912906969)(1000000    1128.47269648748)(2000002    313.068523122689)(2000201    -90.3531779760719)
20 5      - (2000101    506.654559953031)(2000002    -779.169876473743)(1000000    1573.38014318181)(2000201    80.3389405448319)(2000211    180.800832886379)
7 18      - (2000201    567.505235369962)(1000000    896.391618757105)(2000012    271.574183076893)(2000101    393.667121763554)(2000002    126.630305904448)
28 0      - (1000000    2109.76548054905)(2000002    136.298237342463)(2000201    1148.15340720823)(2000111    672.406313119372)(2000211    117.520561957184)(2000101    540.169419422545)
26 3      - (2000002    -19.4206158944161)(2000101    206.451756942128)(2000201    -18.0576047923021)(1000000    1354.44908825825)(2000211    147.429368685568)
2 26      - (2000002    599.239476824055)(1000000    2158.48609054462)(2000201    573.07487147386)(2000012    -192.42023406942)(2000111    1587.8811881798)(2000211    -128.523705163554)(2000101    442.255957767651)
2 23      - (2000201    545.31596554356)(2000111    2200.36303369294)(1000000    731.205525805954)(2000101    1710.27145337079)(2000012    606.535007295322)(2000002    616.618786238538)(2000211    614.545492817652)
1 26      - (2000101    628.255381790457)(2000002    3.59369351049921)(1000000    2098.8331230061)(2000201    972.03707320563)(2000111    361.380078765753)(2000012    -70.4863433021389)
27 0      - (1000000    1957.03827611079)(2000002    -660.876144730522)(2000101    1338.96775689552)(2000201    22.4711105211063)(2000012    -564.089875575672)(2000211    -467.642262245511)(2000111    513.28096710578)
7 19      - (1000000    1366.89028510803)(2000012    8.83542072174873)(2000002    81.5878298805)(2000101    699.708469117085)
4 22      - (1000000    1600.4324323429)(2000201    383.733900062421)(2000101    755.282004177472)(2000111    1390.8267413606)(2000002    848.516463864499)(2000012    270.406904611343)(2000211    484.248593780189)
26 1      - (2000002    1524.24769399258)(1000000    2076.63607520857)(2000201    1371.79928364966)(2000101    158.401229076685)(2000111    1617.59994057536)(2000211    158.018425457857)(2000012    596.095064018886)
3 20      - (2000101    1122.87139923669)(2000002    362.655166628585)(1000000    1520.97135667552)(2000201    818.045164382767)(2000111    1554.01309260341)(2000012    496.804151573089)(2000211    -26.0577528891793)
12 26      - (1000000    1636.86315675324)(2000211    437.679028447493)(2000012    331.7880856996)(2000002    814.016559301575)(2000111    835.84422281956)(2000101    621.952404538803)(2000201    712.294134255071)
3 29      - (1000000    1052.31111935705)(2000101    571.935661380427)(2000211    -572.986449532748)(2000111    818.085681740023)(2000002    -77.5160969019483)
20 6      - (2000101    424.277577808975)(2000201    -388.289031653697)(2000111    1379.8952263249)(2000002    379.61604752262)(1000000    1601.14061474057)(2000012    225.547550258226)
0 27      - (1000000    2064.83242827272)(2000201    1807.61104359366)(2000101    1936.15130884652)(2000111    1111.37238036743)(2000002    1510.29821739303)(2000012    -147.014048096867)(2000211    19.2182984430713)
20 4      - (2000012    -485.64917997559)(2000101    299.705564248925)(2000201    862.220497128918)(1000000    1443.36418556783)(2000002    529.068875309016)(2000111    1740.65967895687)(2000211    228.482077262337)
5 28      - (1000000    420.02199715348)(2000201    344.810540134195)(2000101    888.422170937452)(2000002    -305.141506114179)(2000012    186.507685577924)
0 23      - (1000000    1509.20038057181)(2000111    1559.34001404954)(2000002    1235.51378502149)(2000201    163.663284715871)(2000101    882.257488134703)(2000012    71.993733130143)(2000211    272.662287957995)
25 2      - (2000012    -893.593117844619)(1000000    2070.76216113556)(2000002    310.596007204015)(2000101    669.023320436488)(2000201    359.675265158154)
23 0      - (2000002    1051.996756048)(2000201    618.192904194635)(1000000    1989.17052948544)(2000101    1265.19397734637)(2000012    233.257937621475)(2000211    176.937259202)(2000111    861.067189789573)
0 28      - (1000000    2069.76471915173)(2000002    159.343819209571)(2000201    630.863963566227)(2000012    -354.860792179607)(2000101    334.814205196256)(2000111    893.651363750973)(2000211    344.663744957872)
23 8      - (2000002    -379.552273004022)(1000000    1670.62116000021)(2000012    -49.94879487987)
1 23      - (2000002    42.5091543943224)(2000101    876.36813471344)(2000201    58.4988408340956)(2000012    -164.661984225314)(1000000    2022.27406215268)(2000211    -452.17101310043)(2000111    1115.49641346342)
3 19      - (2000002    473.171877796031)(2000201    481.189724246935)(1000000    1380.6932751466)(2000211    344.350313669442)(2000101    679.261031867947)(2000012    37.095839703401)
3 26      - (2000101    1041.67993241617)(1000000    1281.21864455253)(2000002    644.886602417786)(2000201    434.68593742322)(2000111    257.946515972765)(2000211    84.625552942782)
3 28      - (2000002    -386.137788729951)(1000000    1636.02192716439)(2000201    161.684380990136)(2000101    26.4871416556373)(2000012    66.7558515266668)
23 3      - (1000000    620.494773300474)(2000101    693.822526256873)(2000201    737.132655835989)(2000111    1673.68468629769)(2000211    353.234191821358)(2000002    1164.81878088813)(2000012    367.662159429011)
1 28      - (2000101    139.258662321289)(1000000    2179.78868978588)(2000201    1357.1429515675)(2000002    -259.060978004577)
3 23      - (2000211    205.142837923754)(2000111    1921.89963231963)(1000000    1482.75129055471)(2000002    890.739137181427)(2000201    1240.97699499059)(2000101    1072.94104273036)(2000012    248.251806980559)
28 2      - (1000000    2001.64579027147)(2000101    250.645543904671)(2000002    -77.4193222100111)(2000211    210.002007192549)
3 25      - (1000000    853.825156359745)(2000101    274.015984744937)(2000002    399.379620495275)(2000201    398.829406510832)(2000211    396.394980119834)(2000012    158.562985037063)
25 3      - (2000201    427.069840074553)(1000000    822.75257238884)(2000002    429.515106970644)(2000101    342.296015139639)(2000111    512.597870614395)
6 25      - (2000101    1605.61730243024)(1000000    1515.68498156945)(2000111    139.06568930796)(2000201    688.132746680634)(2000002    250.561912347729)
1 27      - (2000101    332.87198784763)(1000000    2192.45300439729)(2000111    1383.47620720981)(2000002    962.155120528413)(2000201    1190.53659535082)
27 2      - (1000000    1860.55695743601)(2000101    419.079458931288)(2000111    259.193437807226)(2000211    -88.2149780473897)(2000201    -10.6312143158105)(2000002    220.960084834925)
24 3      - (2000002    151.520389761383)(1000000    1039.26240517615)(2000201    1369.84338922931)(2000101    255.341767388308)(2000111    1179.68959532589)(2000211    -49.9520196359063)
4 29      - (1000000    724.629050670816)(2000101    -500)(2000002    251.403167564666)
29 2      - (1000000    2015.43320233073)(2000101    -77.7700769407358)
29 4      - (1000000    114.883387857429)(2000101    623.562570718416)
29 3      - (1000000    607.562827608178)(2000211    83.4033988027234)
29 1      - (1000000    1061.90623053163)
28 6      - (1000000    366.686543110569)(2000101    767.204174559385)(2000002    497.378771738173)(2000111    273.805552293008)
24 4      - (2000211    -616.038490173586)(2000101    -76.7722903321265)(1000000    1344.55663884809)(2000002    501.236517070895)(2000201    568.512497132163)
3 24      - (2000101    276.58492252395)(2000012    -550.761899551764)(1000000    1419.90215950591)(2000111    1854.18639622128)(2000002    228.107407625915)(2000201    184.405554549297)(2000211    641.871880095604)
20 0      - (2000201    76.1485752353134)(2000211    -439.126000977062)(2000002    46.7785240090942)(1000000    1226.3296526434)(2000101    68.6093597569736)(2000012    -350.856076267633)
26 4      - (2000101    504.44734780282)(1000000    1140.99074488383)(2000002    103.489399299249)(2000201    763.270493134928)
27 1      - (2000201    -388.726871314649)(1000000    2037.23396764745)(2000012    -502.720082536926)(2000211    -687.755500311956)(2000111    295.450208639807)(2000101    786.748684913072)(2000002    1230.05515345714)
3 22      - (2000101    1576.24907100229)(1000000    1188.29496195279)(2000201    891.15960316005)(2000002    1239.32973869106)(2000111    1934.35412970057)(2000012    398.506300036505)(2000211    189.831974386581)
4 27      - (2000002    -7.08270416881723)(1000000    1254.14652613287)(2000101    359.617034041529)(2000201    277.486816698794)
24 9      - (2000002    -871.962513790321)(1000000    1392.25426657018)
7 29      - (1000000    829.918016936081)(2000201    62.5506911077524)
7 25      - (1000000    1597.66256086003)(2000101    641.038204883518)(2000201    663.154893484493)(2000002    299.270731940215)
23 5      - (2000211    -1090.52865746041)(2000002    406.67799264638)(1000000    1047.73670131413)(2000201    397.373324231147)(2000101    512.457592633681)(2000111    574.036105179941)
24 7      - (2000101    1011.50465529086)(2000111    372.073480611143)(1000000    1228.40788817033)(2000201    445.169177193715)(2000002    997.675541363108)
23 4      - (2000002    1200.20001400293)(1000000    655.625576004719)(2000101    816.80029591675)(2000201    819.234435778806)(2000111    1797.85255562477)
4 24      - (2000002    333.360820346079)(2000111    1543.5426468381)(2000201    359.699734966338)(1000000    879.143412153707)(2000101    849.037600094153)(2000012    90.3096577394816)
5 23      - (2000211    -903.604068374125)(1000000    1195.07624014021)(2000201    -125.920613363943)(2000101    1267.34171623433)(2000111    1597.02767633409)(2000012    74.7905517973579)(2000002    147.400999932567)
5 21      - (2000002    560.309404452817)(2000101    -39.1801826878188)(2000201    714.505156466589)(2000012    222.973858508796)(1000000    1231.4713799886)
3 27      - (2000002    332.95979186082)(1000000    1659.58622357313)(2000101    204.682519877477)(2000201    -16.6750376226512)(2000111    1530.02822267863)
5 22      - (2000002    766.693893346195)(2000211    -334.33215573864)(2000111    1766.78284142268)(1000000    1106.53550662909)(2000012    138.877632698959)(2000101    989.666678304173)(2000201    872.235429402185)
22 4      - (2000002    489.590810809186)(2000201    519.631080500765)(1000000    1444.66569478152)(2000101    964.584061134573)(2000111    1703.08317362039)(2000211    165.66019155197)(2000012    304.264596538693)
22 7      - (2000211    -401.962635463368)(2000002    315.794356578309)(2000201    724.773388541541)(2000101    763.387989185112)(1000000    1351.32510376008)(2000111    216.707809285737)(2000012    58.5882534904364)
21 6      - (1000000    1747.45538484656)(2000101    -668.13487274835)(2000002    468.140039331299)(2000111    1458.31396182617)(2000211    355.013632841066)(2000201    455.972268851231)
21 7      - (1000000    1207.13255630003)(2000101    -672.58688744222)(2000111    1141.714202693)(2000002    868.792754361465)
21 5      - (2000111    610.404645471698)(2000002    647.912199598104)(1000000    969.322258436502)(2000201    97.9566515275648)(2000211    395.652449153091)(2000101    942.874953667128)(2000012    95.9839313878218)
26 6      - (2000201    235.656492387132)(1000000    1599.03004198541)(2000002    144.808139719998)(2000101    729.77976208254)
5 26      - (2000002    483.198467643533)(1000000    1147.10770348857)(2000101    775.86766174407)(2000201    109.523511041452)(2000211    16.3427391113106)
4 21      - (2000111    1876.48853502613)(1000000    1511.96318609093)(2000201    936.913964783332)(2000002    955.224712702084)(2000211    109.041381895633)(2000101    339.042257987562)(2000012    566.288085647864)
22 15      - (1000000    2119.14170305456)(2000002    2086.8216586249)(2000101    2123.36932922029)(2000201    1882.69757509984)(2000012    790.933893269759)(2000111    910.709913652573)(2000211    405.635652578917)
22 5      - (2000201    744.216834208392)(1000000    1268.53145895672)(2000002    502.556127039956)(2000211    223.598250916115)(2000111    519.841319334764)(2000101    627.840706601339)
24 5      - (2000002    76.3736357157982)(1000000    1296.06350200653)(2000201    219.850684050611)(2000101    446.71716321753)
5 27      - (1000000    431.61898838498)(2000201    335.460310156959)(2000002    454.613612658895)(2000101    983.045967818739)(2000012    -66.591871513849)
6 24      - (2000111    413.235053972803)(1000000    1398.05253538378)(2000101    1234.39748597784)(2000201    328.629371228623)(2000002    499.025303122973)(2000211    -46.1852291829553)
28 1      - (1000000    2192.40917457842)(2000012    -171.749532125748)(2000002    -92.2129755503722)(2000101    130.804369341981)
9 27      - (2000101    -420.625337447303)(1000000    -498.806203241059)
7 21      - (2000211    -228.040300007174)(2000012    -116.64342633479)(2000002    935.226890206359)(2000111    1421.79152455329)(2000201    559.165398309395)(1000000    1572.29751953764)(2000101    290.846432119039)
23 6      - (2000211    -438.34059340314)(2000201    979.850757322122)(2000111    88.4071676862134)(2000002    1085.60119940054)(1000000    1482.63578330228)(2000101    66.0106452881599)
6 23      - (2000002    442.956417013014)(2000201    334.739007086595)(2000101    1510.38785848774)(2000211    -733.480367367411)(1000000    1596.93160682455)
8 29      - (1000000    971.287174426571)
5 20      - (1000000    2171.93854768738)(2000002    1232.07886398353)(2000101    1000.30994685777)(2000201    1755.42365376761)(2000111    1162.33665018532)
10 20      - (1000000    -517.482154044253)(2000012    212.801323539189)
19 5      - (1000000    1363.18179708473)(2000101    710.873606449547)(2000201    375.047210568299)(2000211    278.076244196559)(2000002    324.185369778599)
25 11      - (2000101    1200.3059091828)(2000211    855.561682336862)(2000111    647.003310785011)(1000000    741.004579262377)(2000012    899.325762232982)(2000201    799.86013518338)(2000002    892.561321194773)
4 25      - (2000012    -261.90260120741)(2000002    225.483211008449)(1000000    1305.05828608853)(2000201    206.384010718725)(2000101    670.121013356403)(2000111    873.187771202109)
29 0      - (1000000    1266.49511797508)(2000111    863.545744669406)(2000101    269.248803291045)
8 26      - (1000000    282.661134171901)
8 28      - (1000000    837.949964832078)
28 8      - (1000000    -786.520834093408)(2000002    -734.725226060001)
17 2      - (2000002    248.105404394168)(2000201    361.470851886234)(1000000    927.999801727258)(2000101    321.561601835897)(2000211    96.3281184985311)(2000111    468.956101946396)
27 4      - (1000000    829.064796498983)(2000101    -306.922865833199)(2000002    -4.97307219235182)(2000211    26.1325391191353)
13 27      - (2000012    -311.08794442038)(2000211    -395.609662491643)(2000111    -316.141007372072)(2000002    -347.48843700919)(2000201    -226.364762215711)
2 28      - (1000000    2068.03240883962)(2000201    -284.083936963055)(2000111    -13.4977646061468)(2000101    177.922887021084)(2000211    -417.303345358901)(2000002    204.921094632665)
7 27      - (1000000    -513.729686917973)(2000002    95.1718074767833)
12 27      - (1000000    -117.279732630724)(2000101    -372.967288325555)(2000111    1209.91940203294)(2000201    -275.603949566439)(2000211    -303.993898029473)(2000002    141.812950212069)
24 6      - (2000002    459.155062700292)(2000012    -233.886599653785)(2000201    728.398646632854)(1000000    1522.28612002275)(2000101    339.672345402003)
26 5      - (1000000    1294.47305669076)(2000111    290.338056134756)(2000002    -9.95672611043508)(2000201    458.664204369825)(2000101    783.236312726986)
24 10      - (2000101    -162.379923378081)(1000000    -477.50001570187)
25 4      - (1000000    1361.91612125313)(2000002    345.943346843179)(2000201    -2.39874240668675)(2000101    663.794797294536)(2000012    -52.3081793071442)
7 23      - (2000211    -60.6280879485374)(2000002    463.589277430336)(1000000    1437.27975081001)(2000101    1177.5097777001)(2000201    491.606165975028)(2000012    78.9334726670573)
25 5      - (1000000    1164.35663751002)(2000201    764.790179164164)(2000002    334.49451109941)(2000101    438.571196507101)
5 29      - (2000101    -188.563742483774)(1000000    486.225284507426)
5 25      - (2000101    821.069343641155)(1000000    1413.86518332514)(2000002    328.2537601009)(2000201    46.242063810415)(2000111    829.218643368149)
25 9      - (2000101    -350.660734515909)(1000000    1098.10746391575)(2000002    612.382040899294)(2000201    170.758571541727)
11 28      - (1000000    -208.81538781496)
27 5      - (1000000    413.037688748956)(2000201    82.3162686840161)(2000002    969.881685852566)(2000101    467.809151729657)
28 7      - (2000201    -451.489681119287)(1000000    367.40686522557)
9 24      - (2000002    -614.111909028753)(2000201    -51.7035411775259)(1000000    463.309344836236)
29 5      - (2000201    -544.986517665278)(2000101    399.414496288937)(1000000    -90.4919344069133)
23 7      - (2000002    -81.5106106328038)(1000000    1317.51945563781)(2000101    249.414498826765)(2000201    496.598720142663)
25 16      - (2000201    1050.41698518824)(2000012    1012.98347386294)(1000000    2205.67113906744)(2000101    1509.16526865425)(2000002    1101.6967837355)(2000211    759.832526203321)(2000111    1073.26756009744)
23 15      - (2000201    768.467599869826)(1000000    1748.17912071599)(2000101    653.125872223081)(2000002    968.185299831043)(2000111    794.98790408889)(2000211    416.551982582806)
23 14      - (1000000    2068.88027011486)(2000101    1791.84189147398)(2000201    923.768607510146)(2000002    2055.55289852068)(2000111    28.9265514989025)(2000012    922.093353362953)
25 14      - (2000201    -578.702625356746)(1000000    2069.17056945289)(2000002    1920.84126132233)(2000101    1593.15358999607)(2000012    395.72217027587)(2000111    248.289192591761)
26 14      - (2000012    158.696503857633)(2000111    238.612337548906)(1000000    2047.92565592406)(2000101    886.726345909315)(2000211    -152.839449565631)(2000002    1515.88905286462)(2000201    1784.84147771096)
24 13      - (2000111    414.165545389148)(2000101    772.303628971928)(1000000    2081.18672750133)(2000002    2077.5851564392)(2000201    1555.77893340572)(2000012    313.904421471646)
6 26      - (2000211    -500)(1000000    1243.07261068091)(2000002    292.675187377364)(2000201    625.623120373254)(2000101    377.912761846688)(2000012    219.488461390613)
16 24      - (1000000    -19.4084302425457)
21 15      - (2000002    984.884702047102)(2000101    1922.98317992791)(2000111    -1123.06125481375)(1000000    2056.17546365867)(2000201    1246.76560448467)(2000012    333.978580161031)(2000211    437.05724055707)
22 16      - (2000101    -1.20681594678558)(1000000    -342.308089893387)(2000211    -498.804427690421)
24 16      - (2000211    -886.817454860747)(2000201    -760.086349006455)(2000101    -420.36828899603)(1000000    -357.788713543918)(2000111    -386.550388485427)
20 14      - (2000101    2013.6351744484)(1000000    1226.02855335094)(2000012    631.996004071256)(2000002    1310.08142178885)(2000201    1207.26086672748)(2000211    326.824973118578)(2000111    1229.27611731344)
15 23      - (2000002    -366.484430359098)
26 11      - (2000201    -240.979809538418)
7 22      - (2000201    301.191606067456)(2000101    541.60518169472)(1000000    1718.95314294203)(2000211    97.9196651494279)
23 17      - (2000012    184.293530921738)(2000002    1942.6341818161)(1000000    2114.64489550413)(2000201    1945.15383454015)(2000101    2125.03604232068)(2000211    679.810681983595)(2000111    1319.53188730427)
19 12      - (2000002    1261.52139872531)(2000111    -1048.94178178206)(1000000    1641.58242632418)(2000101    1597.16705141505)(2000012    90.5767377595842)(2000201    1129.65375777242)
26 15      - (1000000    2089.86541777078)(2000211    -19.397201338099)(2000201    1707.88835239618)(2000101    1907.55768376567)(2000012    1153.31706728893)(2000111    275.601152084257)(2000002    2056.10868513753)
22 6      - (2000002    1225.02913322461)(2000201    639.456283038425)(2000211    -190.280946197075)(1000000    1062.53435552277)(2000101    147.47866632797)(2000012    -0.861249017968112)
25 15      - (1000000    2287.28500725117)(2000201    2236.04449982684)(2000211    -491.911232126512)(2000002    1668.59211100761)(2000012    341.79131556066)(2000101    2016.54321847709)
24 15      - (2000101    1824.17917720442)(1000000    2100.65462998568)(2000002    1954.31909087534)(2000012    231.226256439272)(2000201    1430.79588174003)(2000111    483.498953814877)(2000211    294.916765141676)
27 15      - (1000000    2246.14598185491)(2000201    810.862396344168)(2000101    537.439199946771)(2000002    1882.97597327651)(2000111    245.506247362178)(2000211    127.021600945063)(2000012    642.577541613139)
28 5      - (1000000    666.688588269354)(2000101    317.697354237375)(2000201    -136.045801920544)(2000012    128.537590209707)
7 24      - (2000002    -97.8543230591388)(1000000    1514.92790862552)(2000101    933.770715965311)(2000201    618.618756888544)
6 28      - (2000201    -331.581678651022)(1000000    891.43609572005)(2000101    586.842946868332)(2000002    -35.4069273315128)
9 29      - (1000000    -71.8475559056262)
19 14      - (1000000    2120.33683861701)(2000101    2120.97372625201)(2000201    2110.79943982388)(2000211    877.994378012986)(2000002    2088.65538912654)(2000111    1285.9258436251)(2000012    575.583183688101)
26 16      - (1000000    2067.17421432825)
26 7      - (1000000    888.099929065286)(2000101    1275.29925497349)(2000002    314.565498446648)(2000201    665.710512538852)
8 21      - (2000002    1868.9247833728)(1000000    411.217790149911)
29 9      - (1000000    -223.221104972686)
6 27      - (1000000    1058.33677356653)(2000002    40.6488203793404)(2000201    147.302565713687)(2000101    602.686737281197)
16 26      - (1000000    661.677545545926)
7 16      - (1000000    630.679276342566)
8 22      - (1000000    1625.60215413335)(2000111    228.620467792035)(2000101    440.284335385128)
29 6      - (2000101    -314.93144787965)(1000000    149.54080063397)
28 9      - (1000000    72.3272594051898)
25 8      - (1000000    974.608253321814)(2000002    425.704449513175)(2000101    505.422466211654)
8 27      - (1000000    375.109638442301)
19 13      - (2000002    1062.60501949539)(1000000    890.581188491588)(2000101    1664.4124841597)(2000201    985.162601665181)(2000111    438.78322257763)
25 17      - (1000000    390.697992154436)
25 10      - (2000101    -244.316251457251)
6 29      - (2000002    -368.112594610029)(1000000    1116.41393113784)
28 16      - (2000002    431.642776271808)(2000012    988.527893192636)(2000201    762.051459503977)(2000211    747.524920092639)(2000111    1757.43417429591)(2000101    1075.66681160414)(1000000    735.605305926328)
20 15      - (1000000    2252.06904900452)(2000002    2231.93277439126)(2000101    2228.70169066685)(2000201    1726.61744337065)
28 4      - (2000101    914.522195438612)(1000000    460.720422734692)(2000201    -214.474897490049)(2000002    608.583766206348)
20 7      - (1000000    1570.33555562129)(2000111    383.418935190487)(2000002    365.914701354661)
8 23      - (2000201    355.35636589595)(2000101    333.467746209798)(1000000    1320.92897697339)
28 15      - (2000111    5.72809920218216)(2000201    1984.84211910746)(1000000    2112.90758933481)(2000101    2121.3905908665)(2000002    1633.69576729736)(2000211    553.193021719984)
27 9      - (1000000    -137.448924936909)
27 14      - (2000012    1016.21807029382)(2000002    1347.20912674551)(1000000    2250.6783321726)(2000101    1437.20590429083)(2000211    139.386687882857)(2000201    981.585646464429)(2000111    257.849661859951)
19 15      - (2000101    1340.91906827243)(1000000    1329.50698614484)(2000201    1438.70319455121)(2000002    1746.56677367771)(2000111    801.823346785437)
27 13      - (2000012    789.272992470711)(2000201    721.614842575818)(2000002    1059.72822227883)(2000111    2001.50613160013)(2000211    482.611175668886)(2000101    782.463091145786)(1000000    515.610351571291)
20 16      - (2000002    84.6155442041147)(1000000    2094.44403970474)(2000201    425.328726713966)
21 16      - (1000000    2222.97335704013)(2000201    2024.87839796891)(2000002    2122.18527543652)(2000101    2161.67767769018)
25 6      - (2000111    673.290883366246)(1000000    1361.85129685262)(2000002    685.463043499158)(2000201    170.859443427769)(2000101    429.33233447342)
27 6      - (1000000    787.228978082619)(2000201    28.7324787929553)(2000002    18.9872578053567)(2000101    1126.66692036617)(2000012    285.814384094967)
27 7      - (1000000    559.274078914185)(2000101    358.407651202331)(2000002    -80.2749834721406)
9 28      - (1000000    191.958295398371)
9 26      - (2000002    -288.782303769889)(1000000    1000.96834733344)
26 17      - (1000000    2060.1203966658)(2000101    1677.92170369514)(2000201    1841.34987008979)(2000002    2057.81217842838)(2000111    1127.36209421367)(2000012    508.807303379206)(2000211    632.878232175634)
27 17      - (1000000    2145.72493156066)(2000002    2167.71001295854)(2000201    1488.71348744599)(2000101    734.352093320089)(2000111    827.83649097362)(2000211    534.29150606624)
6 22      - (1000000    1599.87599506401)(2000002    1525.95254848277)(2000201    1601.48645417923)(2000012    171.496729983367)(2000101    1660.47644113423)
18 12      - (2000111    -279.438375247318)(2000101    1045.34123599695)(1000000    439.143933881266)(2000002    459.90221201915)
7 20      - (2000111    1614.20057876687)(2000211    -222.525171749435)(2000201    1119.11782748918)(1000000    1966.79273387531)(2000002    134.4927197347)
27 8      - (1000000    -16.4723796027392)
25 7      - (1000000    1594.11887432902)(2000002    739.848990143559)(2000201    679.083336174716)(2000101    1170.53502800194)
29 7      - (1000000    651.370779030441)
7 26      - (1000000    775.025268899662)(2000101    451.52372107775)(2000201    464.86162836114)(2000012    76.9966819950729)(2000002    83.1875724567568)
19 16      - (2000101    -377.329055037726)(2000201    -587.942930059274)(1000000    1696.28961688674)
26 8      - (1000000    866.3627153332)
21 17      - (2000111    630.495128237802)(2000101    1603.61955511782)(2000201    757.01492281604)(2000002    784.447469977025)(2000012    997.112522023857)(1000000    1255.65051183833)(2000211    850.753763255618)
18 18      - (2000201    -379.419311714065)
26 9      - (1000000    1308.07097960971)(2000201    885.290412760045)(2000101    555.878068232643)
13 28      - (2000201    171.984844832608)(2000101    1063.56234177745)(2000211    179.832252382318)(2000012    130.033167692401)
16 19      - (1000000    2121.63982858885)
8 25      - (1000000    1437.71008493682)
24 8      - (1000000    1604.6363447625)
9 25      - (1000000    567.383738890937)
11 18      - (2000201    237.33169907269)(1000000    1610.72909350774)
28 14      - (2000012    950.998607409342)(2000211    746.197101119389)(2000111    2523.89768257967)(2000002    912.905171951831)(1000000    809.33347781125)(2000201    1042.7786393261)(2000101    1714.25883144204)
24 11      - (1000000    1157.40017395925)(2000012    1139.28146146447)(2000201    1047.682444014)(2000111    1002.1062959277)(2000002    807.805907446194)(2000101    1167.09569789789)(2000211    1056.85303289864)
26 12      - (2000201    1261.90189567519)(2000101    1860.93868244071)(2000111    2174.00759203038)(2000211    1048.80886976526)(1000000    1550.80844357776)(2000012    1372.01498273702)(2000002    1168.97167170927)
8 24      - (1000000    1995.75243334545)(2000002    248.139174251639)
26 10      - (2000002    172.633047406859)(1000000    401.958872819103)
20 8      - (1000000    1328.61568004039)(2000101    524.307322114997)(2000111    379.710406657013)
8 19      - (2000002    514.037281565976)(1000000    1621.39983596857)
8 20      - (2000111    1130.69415514084)(2000201    524.040113959948)(1000000    856.597468359607)(2000002    1712.50202620907)(2000101    405.830277756442)
22 17      - (2000012    770.199699624862)(2000211    656.666978422427)(1000000    647.834368523669)(2000002    627.007781764208)(2000101    2174.98115703718)(2000201    250.912402080316)(2000111    1014.05797867015)
11 27      - (2000201    1107.09340025733)
24 17      - (1000000    2265.73080146323)(2000101    1614.59171104931)(2000002    841.453802291221)(2000201    1349.18478353077)
27 16      - (2000211    1546.45390272793)(2000111    285.798725401687)(1000000    386.991394783551)(2000012    152.40401371846)
27 10      - (1000000    248.237384853466)
8 18      - (1000000    1490.20894586286)(2000201    571.975295975401)(2000101    331.12784558985)
8 17      - (1000000    323.553018215473)(2000201    57.459562067451)(2000002    389.146012390127)
16 8      - (2000101    1011.7671678321)(1000000    1007.28167051932)
9 17      - (1000000    2106.3339328602)(2000201    546.708465246511)
9 18      - (2000101    544.316469569696)(1000000    1906.62737407106)(2000002    611.194236080775)
9 19      - (1000000    1733.19432075988)
17 8      - (2000201    87.3215696832123)(1000000    843.872842646308)
15 7      - (2000002    290.216471185457)(1000000    645.641019756929)(2000111    269.964390861782)
21 8      - (1000000    1966.60861464072)(2000101    496.945782555659)
9 22      - (2000002    475.563419342948)(1000000    2178.32796780383)
6 7      - (1000000    1975.26384079634)
5 7      - (1000000    1336.17038972012)
9 20      - (1000000    1994.21130517268)
20 17      - (1000000    2101.23226567288)
20 18      - (2000201    554.381582172465)(1000000    2225.82701287123)
7 28      - (1000000    535.377386837836)
6 14      - (2000211    1051.31588053682)
20 9      - (1000000    1753.43359341497)(2000002    528.270243767451)
15 18      - (2000201    410.463236123207)(1000000    1162.96345057725)
11 19      - (2000201    1356.60297065492)
7 15      - (1000000    129.960406657013)
13 6      - (1000000    336.758924903379)
14 7      - (2000012    671.203241502192)
17 20      - (2000002    661.795663068056)(1000000    65.0230332276517)
16 18      - (1000000    747.894811427576)
19 21      - (1000000    603.439758130649)
19 22      - (1000000    121.503313869649)
18 19      - (1000000    22.1416084786421)
19 20      - (2000002    21.0434391689144)(1000000    21.7866211986403)
17 21      - (1000000    59.6613026105744)

