692
0 0      - (2000101    -591.211648301054)(2000201    -390.03838088015)(2000002    447.3996395119)(1000000    -659.541125950978)(2000012    -236.496234890718)(2000111    -638.755987049629)(2000022    25.9939112437941)(2000221    -566.189489901696)(2000211    -320.40367785907)(2000121    -386.760528440743)
0 1      - (2000221    12.6052796463734)(2000111    -104.3963282252)(1000000    153.996924339922)(2000002    437.393404928443)(2000201    -70.212345682019)(2000101    32.3994831627957)(2000022    310.499618916519)(2000012    110.778452056158)(2000211    -137.305985989258)(2000121    154.827704974285)
1 3      - (2000101    4.92891350152854)(1000000    -477.917102386336)(2000111    -186.999266707709)(2000002    299.440245778576)(2000201    151.282871605709)(2000121    217.682419225103)(2000012    189.691986302391)(2000211    -90.4903235854225)(2000022    291.794328480247)(2000221    483.074818611233)
0 2      - (2000002    431.933706210151)(1000000    61.6461059445517)(2000101    63.1500075344902)(2000221    -18.410282072935)(2000111    191.578929787147)(2000012    179.822711142521)(2000121    274.458726879526)(2000201    111.664503968664)(2000211    71.4663085610623)(2000022    115.426336486474)
4 1      - (2000101    -12.3439708052524)(1000000    130.918087824908)(2000201    97.4788265449767)(2000022    787.126567688371)(2000002    559.939819728679)(2000012    268.213363944183)(2000111    -117.583156859541)(2000121    399.56288876921)(2000221    329.629241642872)(2000211    131.047928544813)
2 0      - (2000002    411.496656580026)(2000101    319.941424384092)(1000000    -72.7315801206543)(2000121    -78.4374763637766)(2000022    209.402967996754)(2000201    343.131891474097)(2000111    159.383852736113)(2000221    168.739825829715)(2000012    332.657733382143)(2000211    319.020996472375)
3 2      - (2000002    125.380181003016)(1000000    122.281466101522)(2000211    -14.3850909080185)(2000201    30.6008220577001)(2000101    -196.429704751054)(2000012    372.353033854166)(2000121    660.897517335893)(2000022    341.835768612648)(2000111    -166.224732637785)(2000221    382.7465803156)
1 0      - (1000000    311.115374518667)(2000002    497.381702556743)(2000111    -112.983142500577)(2000101    -123.664785850733)(2000012    220.025627080506)(2000201    305.015812346563)(2000121    298.420561534924)(2000221    96.3982859265565)(2000211    268.095828749664)(2000022    159.958601118439)
3 4      - (1000000    387.902055215829)(2000201    247.867498066133)(2000002    490.982480852381)(2000111    -81.4800985346252)(2000211    222.304505572256)(2000121    342.370917384951)(2000221    590.905960615658)(2000012    465.431516196015)(2000101    403.852710396563)(2000022    1027.73212884955)
1 2      - (2000101    -722.482587163848)(2000012    84.7471235694252)(1000000    -220.952090284647)(2000201    -197.280112652489)(2000022    132.51062878779)(2000211    -218.814300534981)(2000111    -411.434919333814)(2000002    421.388197124621)(2000121    -148.145223069386)(2000221    49.1723428816583)
1 4      - (1000000    -200.733661870862)(2000201    253.741218829715)(2000111    274.892049202641)(2000101    72.6096263118108)(2000221    612.846111227464)(2000022    674.337210113769)(2000002    384.440169927342)(2000012    96.7750460139885)(2000211    168.101510925876)(2000121    525.339722823228)
1 1      - (2000201    -188.013969527626)(2000101    -513.303873642808)(1000000    -197.415682750686)(2000022    54.6028103743675)(2000111    -359.814998980127)(2000221    -155.503705000645)(2000012    396.153189896796)(2000121    -256.695395842627)(2000002    83.5918109592592)(2000211    -132.316295040527)
2 1      - (2000211    -306.419704028379)(1000000    58.0507072199305)(2000101    -154.463438055641)(2000221    -39.1902874717524)(2000201    -0.813068910556595)(2000002    -95.2994140045856)(2000022    39.7555322021055)(2000111    -162.879250043532)(2000012    365.47700453143)(2000121    29.7186204760389)
3 1      - (2000111    -9.0894543056902)(1000000    -323.571460365622)(2000121    498.436120231203)(2000002    133.180183945884)(2000211    -365.353460585701)(2000012    404.328129922672)(2000201    106.670305731532)(2000101    84.8989925691439)(2000022    491.293628701563)(2000221    -17.4653002323361)
2 2      - (1000000    -152.652103908881)(2000101    -14.0079346256258)(2000002    358.818859194871)(2000201    8.57317308582614)(2000012    222.567077623343)(2000111    -24.4229605122975)(2000211    -501.15836360004)(2000022    216.889210873208)(2000121    -184.814348374782)(2000221    142.748762239828)
2 3      - (2000002    224.125779922119)(2000101    61.8753260147952)(2000211    -169.057299726864)(2000201    -183.677572140487)(1000000    -360.144989815502)(2000111    119.305009020106)(2000012    414.035614794507)(2000022    738.820907825771)(2000121    316.865393127832)(2000221    573.149261852083)
4 4      - (1000000    106.880419459466)(2000002    -91.3161536736255)(2000211    555.257239612833)(2000101    -110.353341690114)(2000111    1025.93298272231)(2000201    -95.7645692335195)(2000012    632.172317552883)(2000022    354.627684164286)(2000221    546.035128088228)(2000121    296.615831620262)
4 0      - (1000000    281.052919905578)(2000201    90.2243873646326)(2000002    508.77410532419)(2000101    292.520754542566)(2000012    328.494889363572)(2000211    38.7991627416063)(2000121    787.987223522301)(2000022    130.627681885554)(2000221    733.799786001381)(2000111    205.585095196963)
4 2      - (1000000    463.353414876466)(2000101    117.024819165924)(2000002    612.526978910304)(2000201    156.338786806745)(2000211    608.596757679218)(2000022    856.024053608453)(2000111    160.199340184772)(2000221    800.751436339563)(2000121    682.622682895589)(2000012    530.35897495725)
3 0      - (2000101    -10.2642976961121)(2000002    429.636500432736)(2000201    -281.695747450932)(1000000    212.796153083313)(2000211    -85.1118197517448)(2000022    473.458201435245)(2000111    -2.57095695495798)(2000121    506.532764295528)(2000012    247.645073049242)(2000221    376.013877476515)
0 3      - (1000000    120.310190845161)(2000002    253.706342165634)(2000012    34.1211055255226)(2000111    -124.548875362121)(2000211    56.108186098388)(2000101    -174.909588487813)(2000201    -197.505957836369)(2000121    156.216542502569)(2000221    -99.7697207294183)(2000022    430.977750971804)
0 4      - (2000012    280.260990482184)(2000002    433.839168163814)(2000201    13.8688593153426)(2000022    464.655130723428)(2000121    223.82836580159)(1000000    -173.528674688531)(2000111    180.825100590753)(2000101    152.576608171105)(2000221    278.855682494581)(2000211    4.70140030506959)
2 4      - (2000002    430.953642708791)(1000000    343.161071809036)(2000201    78.6749594795082)(2000221    712.117704206413)(2000111    414.833137390376)(2000101    134.569381278119)(2000121    811.566946432835)(2000012    412.707553989758)(2000211    -132.238254503838)(2000022    993.185725074608)
3 3      - (2000211    -24.8947764000666)(1000000    -325.16509170115)(2000201    -239.284789356886)(2000111    -385.8947185176)(2000101    -42.5909637644988)(2000121    1039.23295889271)(2000022    672.535101728514)(2000002    -17.0969069426106)(2000012    277.946463980659)(2000221    427.757409214915)
1 5      - (1000000    572.463798268476)(2000012    633.788139587243)(2000201    156.835054085145)(2000002    586.91921373514)(2000121    527.074833611574)
5 2      - (1000000    286.009688572957)(2000201    -285.655607468317)(2000101    287.129156052025)(2000002    -207.065246042914)(2000211    250.129055234229)(2000111    891.898174379978)(2000022    986.635372788065)(2000221    524.96411489643)
4 5      - (1000000    444.588952047626)(2000101    468.00060670872)(2000012    378.823546292188)(2000002    52.1469452401947)(2000121    412.381900959434)(2000022    412.381900959434)
2 5      - (2000101    -159.504711748363)(1000000    311.049611750282)(2000002    -24.096075106678)(2000012    228.781205143277)(2000201    -96.3011995080041)(2000022    1076.86875793265)
6 0      - (2000201    65.9680033348646)(1000000    135.137337899296)(2000121    474.224737603391)(2000221    1010.34569740078)(2000101    465.412466973708)
4 3      - (1000000    639.966513927839)(2000201    192.131755016033)(2000101    237.045983229902)(2000111    405.615939357491)(2000002    714.385925426125)(2000211    393.430097484041)(2000012    140.694389241023)(2000022    341.398237681333)(2000121    859.254741617995)(2000221    1131.58368808793)
0 5      - (2000002    353.517166464783)(2000201    36.0422993691968)(2000221    349.112978796807)(1000000    64.988287085092)(2000101    -192.403219832101)(2000211    -388.152805178096)(2000121    1044.77241699292)(2000022    288.433460302795)(2000012    226.309061959063)
3 5      - (2000211    -523.758154170388)(2000101    92.336339623092)(2000201    69.5277715716243)(2000022    176.439494364774)(1000000    432.960507607342)(2000002    306.244162817382)(2000111    324.343784831559)(2000121    324.343784831559)
5 3      - (2000211    -207.725210960109)(2000201    -178.354104215497)(2000012    437.881071017133)(1000000    542.363659849732)(2000101    397.996829442595)(2000111    975.568802805294)(2000121    461.336363324572)(2000002    830.619430891855)(2000022    335.908039286668)(2000221    285.402404603437)
5 0      - (2000201    -22.8241376043946)(1000000    485.61724395787)(2000002    523.186887111536)(2000022    1002.94122345087)(2000121    505.649836978956)(2000111    682.452827015582)(2000221    308.622175816948)(2000211    2.9821667895437)
5 1      - (1000000    254.409705437375)(2000002    437.005998363134)(2000121    255.217311280336)(2000101    68.0158447063487)(2000201    40.2726432819682)(2000022    939.236479620894)(2000012    218.704052390655)
6 1      - (2000002    -527.245307076568)(1000000    20.8393461019548)(2000221    887.276139234193)(2000101    -204.547019692171)(2000201    271.922427413843)
4 6      - (2000211    37.6287639851825)(1000000    -3.37123767351329)(2000101    131.793036093154)(2000012    296.118355947347)
1 6      - (2000022    1018.15535670555)(2000101    417.857826834369)(1000000    -25.8352009961006)(2000002    29.7657759523156)
6 3      - (2000002    -606.411312191732)(2000201    297.057528381446)(2000221    -391.361912806909)(2000111    970.902675567301)(2000121    297.762333123328)(1000000    606.95494595329)(2000101    287.959187796357)(2000012    -11.7408122036429)
3 6      - (1000000    -116.219792900229)(2000101    594.252813676864)(2000201    -327.18655775509)
5 4      - (2000002    728.087855797622)(2000101    -268.132950310649)(1000000    24.323037893073)(2000201    -125.805517014713)
2 9      - (2000101    -116.403986573801)(2000211    287.280903246428)(1000000    -250.800878539883)(2000121    -188.972546264263)(2000002    234.684053086814)(2000111    57.6273093117352)(2000201    -115.837415278129)(2000012    345.105980443426)
11 2      - (2000101    -285.275720398421)(2000002    84.3530537403144)(2000201    -285.474874427461)(1000000    -17.7770966367055)(2000211    -175.679308416166)(2000012    315.599758813366)(2000111    197.911609098013)
9 1      - (2000101    -1391.54933077585)(1000000    -42.0316040032713)(2000201    33.5090288261041)(2000211    115.686035647723)(2000111    175.654765064817)(2000022    256.630613258345)(2000002    158.381981907196)
0 11      - (2000101    -28.57532619855)(1000000    -227.698530862636)(2000201    87.0188004764947)(2000002    23.319036873919)(2000111    526.523477014837)(2000012    454.742188430689)(2000211    259.205517687164)(2000221    10.229968215898)(2000022    248.713021298302)
9 2      - (2000002    341.052866446256)(2000101    -89.628600660616)(1000000    -655.940047749917)(2000201    315.696179256298)(2000111    516.451378464047)(2000012    783.700875312897)(2000022    337.961277163046)(2000211    304.210353150985)(2000221    21.8660961993004)
1 14      - (1000000    465.889993426706)(2000111    -127.852105913987)(2000201    -133.439917314195)(2000101    80.918362696188)(2000002    -58.4347052124796)
10 0      - (2000101    -130.763928330215)(2000012    303.841651402223)(2000002    187.034309168764)(2000201    -526.089096227066)(2000211    201.038688353181)(1000000    -149.863193629029)(2000111    251.689706019344)
1 10      - (1000000    -42.5453160096309)(2000201    -387.453557814354)(2000002    280.366242055703)(2000111    301.256557587081)(2000121    423.388605380914)(2000012    439.905198795743)(2000211    250.501502114056)(2000101    402.202541862431)(2000221    358.109623260271)(2000022    485.909554244024)
1 9      - (2000002    250.694286402518)(2000201    -150.499789258116)(2000101    68.1337952560282)(2000221    422.786822358077)(1000000    -598.780264444002)(2000211    322.45011105531)(2000111    362.307717021493)(2000012    625.226947556592)(2000022    513.099934047854)(2000121    16.4188888526722)
4 10      - (2000201    190.72088591396)(2000101    382.008763856601)(2000022    497.331853103736)(2000012    1009.19641091768)(1000000    35.4916718970631)(2000211    299.965428505009)
0 10      - (2000211    680.665862758243)(2000012    679.641260091693)(2000201    499.446108952478)(1000000    -273.660810989002)(2000101    475.929170026841)(2000002    424.848343635155)(2000111    656.088509459589)(2000121    -226.449514571164)(2000221    312.699728675335)
10 2      - (2000111    188.394704993667)(2000201    196.905442895103)(2000101    111.47336161396)(1000000    -143.43656559186)(2000002    344.26073750884)(2000211    -89.0877461834424)(2000022    681.75068210953)(2000012    403.28834129862)
2 13      - (1000000    281.922982374386)(2000201    -36.559685205118)(2000002    -126.89379609659)(2000111    -567.959812385272)(2000101    572.702333636141)(2000211    38.1997362339329)
0 12      - (1000000    855.115785299108)(2000221    -89.0972967777739)(2000201    -66.4484548246876)(2000211    -440.557379888214)(2000002    -111.41537832559)(2000101    229.996064939089)
0 9      - (2000002    558.68537350324)(2000211    717.303039288048)(2000101    215.645849803128)(2000111    624.254284632905)(2000201    401.556349748155)(1000000    -408.842418519535)(2000012    720.369131778324)(2000221    458.306740637573)(2000022    557.152117877519)
3 14      - (1000000    -832.551538592362)(2000201    373.982903573754)(2000211    -168.661383927144)(2000002    297.143072670086)(2000101    360.62259627718)(2000012    210.491837219685)
3 12      - (1000000    -197.702806000155)(2000201    -290.771975870238)(2000002    -243.567809450974)
1 8      - (2000111    -295.111260717914)(2000002    421.87565213166)(1000000    -605.18043247782)(2000201    -234.161742249135)
9 0      - (2000211    -57.3070157979103)(2000201    -3.47480579112282)(2000221    324.53618370809)(1000000    -503.660371694603)(2000101    111.797626520943)(2000002    413.929777927457)(2000121    574.648271996631)(2000111    373.023483100182)(2000022    444.714409859938)(2000012    856.103704404086)
1 11      - (2000101    -30.7914324433259)(2000002    180.84949314707)(2000201    -288.90447476094)(2000111    130.796771135624)(2000012    201.213633312861)(2000211    98.0629538495159)(1000000    -329.197841700686)
3 8      - (2000012    700.764543671212)(2000201    -569.231630243361)
11 1      - (2000201    -215.342293446882)(1000000    -404.738235579589)(2000022    592.720107836377)(2000111    -40.8205520018938)(2000101    -342.350748165987)(2000012    84.4127812649957)
0 14      - (1000000    472.363802928123)(2000201    38.7387536014452)(2000002    96.6866312652758)(2000101    388.996217675518)(2000211    -399.346690375242)(2000012    277.633314652002)
2 8      - (2000111    779.407624756207)(2000101    -852.592225847964)(1000000    -537.716849961264)(2000201    -90.3663383502264)(2000002    632.644041201348)
2 11      - (1000000    -1.66238485443032)(2000201    -539.079107243267)(2000002    146.021737944855)(2000101    -247.385879406459)(2000111    -5.15395858996271)(2000211    -375.711442734813)(2000012    344.377013297237)(2000221    -142.596917335067)
1 13      - (1000000    403.081247737842)(2000101    218.77710573818)(2000201    171.774660882093)(2000211    -707.54010936185)(2000002    206.109653555377)(2000012    303.568387666679)
14 1      - (1000000    -70.3595553604651)(2000221    481.757938885445)(2000121    300.337996959603)(2000012    432.831452179321)(2000201    187.870111989947)(2000002    164.430871602177)(2000101    -19.2910375647151)
1 12      - (2000002    52.3891973079883)(1000000    -117.003130861297)(2000012    119.486792001599)(2000111    -482.991324279756)(2000201    -217.258998615021)(2000101    -0.25)
4 11      - (1000000    -216.22623522908)(2000002    593.997253178926)(2000022    261.5723805486)(2000101    -216.089961207358)
2 12      - (2000002    -373.972495692346)(1000000    25.5206449586094)(2000211    -573.53628648008)(2000201    -591.46433897955)(2000121    317.405366224898)(2000012    286.184756083323)(2000101    285.842743795765)
13 2      - (1000000    166.42890617589)(2000111    -173.661851123836)(2000101    -19.022397956142)(2000002    54.6400231287638)(2000201    98.5161217005196)
13 1      - (2000111    347.594256040866)(1000000    263.49006729923)(2000101    276.602942988255)(2000002    50.4416322287601)(2000201    203.099481354442)
2 15      - (2000002    402.991522102528)(1000000    301.686145426288)(2000101    -74.466480017532)(2000201    294.255726223403)
12 2      - (2000002    -495.479799077705)(2000201    -377.696814611334)(2000211    -315.144189511207)(2000101    -375.692305397818)(1000000    -246.257017906025)(2000111    -226.891583470853)
11 0      - (2000101    -126.519763856269)(2000211    -137.85939284597)(2000002    -340.449530086806)(1000000    -274.589733516106)(2000022    584.816159899179)(2000111    -67.2957819331961)(2000201    -366.275770182906)
2 10      - (1000000    -99.409531859431)(2000201    39.8297870002076)(2000211    -542.645330926084)(2000121    198.448783521634)(2000101    -72.8367747689236)(2000002    205.194057665544)(2000012    474.687639718059)(2000111    330.39252499556)(2000221    -45.5270206225484)
14 0      - (2000111    -298.952904426195)(1000000    209.949949376727)(2000012    201.254780581387)(2000211    -298.245219418613)(2000201    271.825023649402)(2000101    130.561275118736)(2000002    333.38976263623)
3 9      - (2000201    238.393938460349)(2000101    -215.313153314965)(2000002    623.904408917979)(1000000    -210.86432382601)(2000211    774.15607680454)(2000022    453.818886154082)(2000111    205.792562813442)
12 0      - (2000211    -155.88666167089)(2000002    -186.639149941583)(2000012    407.640695391552)(1000000    854.248919057971)(2000022    180.104243075106)(2000201    -170.656987122197)(2000101    -355.347022218587)
16 2      - (2000101    284.13326981049)(2000201    -71.4774165809689)(1000000    762.678649906738)(2000002    55.5319701996842)
14 2      - (2000012    291.767881804283)(2000201    123.744913907001)(2000101    324.146606375887)(2000002    305.544576061275)(1000000    -424.216654505381)(2000111    276.453560143322)
12 1      - (2000002    -279.618626394711)(1000000    57.8256336988831)(2000012    198.608534296969)(2000201    85.4879007662946)(2000101    -375.663520681519)
0 13      - (2000201    67.3063266565579)(1000000    596.985845505066)(2000111    -195.915363126764)(2000101    65.2668074197737)(2000002    183.961220218222)
0 16      - (2000012    136.050203602629)(2000101    200.281862690158)(1000000    755.006112566607)(2000201    -72.6241752272083)(2000002    -0.25)
2 16      - (1000000    882.83864368124)(2000002    280.484070263605)(2000101    5.84117710469436)(2000201    30.1683753267008)
0 8      - (2000101    -143.435160201325)(2000002    551.312786031233)(1000000    -314.31121690464)(2000201    -500)
2 14      - (2000101    476.640670324734)(2000111    -17.5562991201444)(2000002    -232.387471932657)(2000201    41.4054380717098)(2000211    79.4139973831912)(1000000    240.201596984468)
3 11      - (1000000    -627.930229845761)(2000121    -98.3239333203355)(2000101    -227.053376567548)(2000002    -351.553032246859)(2000211    195.550041762538)
13 0      - (1000000    -314.16070535757)(2000002    -255.190564790445)(2000111    -90.9774309172422)(2000201    -241.863247020153)(2000101    -55.8622446857118)(2000211    -258.281498522047)
3 13      - (2000111    111.670297316994)(2000211    80.8826283377007)(2000201    305.311604387817)(2000101    658.79582080844)(1000000    -167.015756681775)(2000002    244.982590089616)
7 1      - (2000002    -356.457780827219)(2000201    13.0493331820334)(1000000    13.0493331820334)
1 7      - (2000101    -318.484796264025)(2000201    -501.834213690073)(1000000    563.277734416565)
7 3      - (2000002    236.280492532968)
0 6      - (1000000    69.6209928929579)(2000121    209.737240601048)(2000002    863.478321336605)(2000012    981.872071454065)(2000101    -1.19587751666879)(2000201    6.01908631897013)
10 1      - (2000101    -61.8355407798599)(1000000    -379.013099925214)(2000201    -205.297629077047)(2000221    -207.844625420635)(2000111    8.12684501742675)(2000211    2.6989253477873)(2000002    16.9670334532818)
1 15      - (1000000    521.374517628)(2000002    442.196096356024)(2000111    -250.08271258756)(2000012    340.056935417396)(2000101    -117.516315909602)
3 15      - (2000002    381.822080196379)(1000000    113.869252241536)(2000201    54.768862761015)
2 7      - (2000121    338.153309401442)
4 12      - (2000101    -326.093973951856)(1000000    27.1529525676721)(2000002    -0.25)
0 15      - (1000000    531.766829565841)(2000002    465.499580397744)(2000101    -339.18977819232)(2000111    17.0809649000977)(2000201    251.642221303076)
4 7      - (2000022    -0.5)(2000002    352.273411960613)(2000101    234.848941307075)
3 10      - (2000012    525.599873772485)(1000000    -448.734058505658)(2000211    361.635170395829)(2000002    490.580708902298)(2000111    271.222687124291)(2000221    -154.665283048506)(2000201    203.795078225913)
0 7      - (2000002    191.746653199714)(1000000    -750)
8 2      - (1000000    -561.532314809493)(2000002    795.663441258625)
6 2      - (1000000    -88.6152657832801)(2000101    132.608664539178)(2000111    805.49942046471)(2000211    -105.29569292153)
2 6      - (1000000    108.671263516917)(2000101    -145.935958087151)(2000002    -262.994663625642)(2000111    236.505336374358)(2000211    -10.3501917910605)(2000012    481.828560706362)
4 13      - (2000101    294.060431387309)(1000000    447.76857250425)(2000002    473.982651305004)(2000201    202.13487774731)
14 3      - (2000101    192.829316184533)(1000000    -153.82199551796)
3 7      - (2000121    641.715234873742)(1000000    477.771767987481)
5 16      - (2000201    -275.064202982404)(1000000    1023.88580126713)(2000101    302.727670243638)
6 5      - (2000121    899.818032776886)(1000000    -322.495603692351)(2000022    281.028433705936)(2000101    -297.939523425994)
1 16      - (2000101    531.520408455259)(2000201    196.76355107799)(1000000    407.267439371574)(2000002    295.243927303144)
5 6      - (2000201    -1000)(1000000    -724.975274143862)(2000101    115.924713673575)
5 7      - (2000002    583.307134719059)
16 3      - (1000000    65.8156922095847)
1 18      - (1000000    59.6281898995619)
5 5      - (2000221    859.837094158673)(2000211    268.908925766681)(1000000    299.336274091105)(2000101    126.377799175984)(2000002    488.798834875661)
6 4      - (2000101    804.235961946246)(2000002    5.05975758722936)
5 14      - (2000101    347.590752881668)(2000002    304.536341769149)(1000000    819.422466617216)
4 16      - (1000000    592.861572321212)
3 16      - (2000002    636.98357916811)(1000000    345.23150772017)(2000201    -59.9290905238738)(2000101    264.966185352646)
4 14      - (1000000    491.74289678955)(2000002    322.919956692212)(2000101    136.391614054364)
0 18      - (2000002    256.455787886048)
15 1      - (2000002    206.608148065905)(1000000    459.022707045856)(2000201    -360.637570627508)
15 4      - (1000000    101.174794556807)
6 6      - (2000201    -708.209712304081)(2000101    -405.296047413461)(1000000    -323.314109375032)
16 0      - (1000000    301.785488637301)(2000101    283.353575010229)(2000201    87.8758893084665)
14 4      - (1000000    336.170492852091)
10 3      - (1000000    311.347125863032)(2000002    68.8482444061734)
8 1      - (2000211    580.719453933611)(1000000    -393.501246871211)
5 15      - (2000101    895.939512782905)(1000000    852.426191100146)
4 15      - (1000000    846.210404567781)(2000201    134.286011397761)
10 4      - (1000000    18.3005637605208)
7 2      - (2000002    557.976318094385)(1000000    216.442714115229)
2 17      - (1000000    592.325129360493)
3 17      - (2000201    475.787949222009)(1000000    324.409923175085)(2000101    14.2299611508815)(2000002    421.543335365802)
4 17      - (1000000    177.717685252264)
5 13      - (1000000    983.831650810149)
15 2      - (1000000    -362.086945151203)(2000101    139.971226483611)(2000201    115.026151891006)
8 3      - (2000012    573.651477663013)(2000002    70.0502608787349)
2 18      - (1000000    -91.2925329578583)(2000201    -205.862411320754)
13 3      - (1000000    -33.0761059489541)(2000101    -57.351110399322)(2000002    212.811329842569)
4 9      - (2000002    917.404729137945)
9 3      - (2000012    183.523365942768)(2000211    111.641612616907)
4 8      - (2000002    867.225324471123)
7 6      - (2000201    -627.456059784442)(1000000    -821.825957926181)
9 4      - (2000111    0.112644303265881)
1 17      - (2000201    197.104177043245)(1000000    525.762931164187)
7 0      - (2000101    -1.59592165605107)(1000000    40.7759012519375)
13 4      - (2000201    249.846244708333)(1000000    217.832194971798)
16 1      - (1000000    652.370143204213)
15 0      - (1000000    308.799340855733)
3 19      - (1000000    295.621818475152)
15 3      - (2000101    357.714024964369)(1000000    -215.477676770905)
8 0      - (2000211    17.359711094287)(1000000    -356.717165010501)
4 18      - (1000000    17.6864348086183)
6 12      - (2000111    12.5991147166723)(1000000    260.341119726223)
11 9      - (2000012    326.074752481341)(1000000    -869.280450826879)(2000201    -826.551643245851)(2000002    -46.6228958374785)(2000121    105.118873953571)
13 9      - (2000002    373.586125994141)(1000000    -165.831098228928)(2000201    -140.634853118906)(2000101    -202.807616480677)(2000012    102.260578187622)
9 11      - (2000002    -26.6563373058844)(2000012    -199.492801262574)(2000201    -544.87112286738)(2000101    -196.853970436553)(1000000    -107.984833804499)
10 14      - (2000002    -214.606391534924)(1000000    34.3659258953395)(2000201    -173.17634409017)(2000111    56.6823912891746)(2000101    345.538497601698)(2000211    -167.758059810217)(2000012    394.708763091913)
9 14      - (1000000    398.344710429567)(2000201    466.842522772688)(2000012    93.7433095841374)
10 12      - (2000002    239.470860954901)(2000101    -593.170233622814)(2000201    -437.5)(1000000    -155.804454327951)
11 13      - (1000000    -65.0654918486197)(2000002    -153.792315896788)(2000201    -305.548361940802)(2000022    223.110473964016)(2000111    94.226695787144)(2000101    -140.634853118906)(2000012    327.940353234499)
15 11      - (2000002    -190.179240607396)(1000000    -443.986385221067)(2000201    -338.651438301254)(2000101    -124.007494393449)
12 12      - (2000201    -694.403074244348)(2000101    133.015585684782)(2000002    -698.381146609014)(1000000    -472.653802282005)(2000211    -494.517566827147)(2000221    116.824890325246)(2000121    288.521789934431)(2000012    161.439243376791)(2000022    147.301455245994)(2000111    457.946952444306)
10 11      - (1000000    -212.551398752982)(2000121    421.252975708477)(2000012    56.3288156916617)
11 11      - (2000101    -390.856267772203)(2000002    -96.3942375355755)(1000000    -544.230201457762)(2000211    -429.747338989354)(2000012    39.2504215405887)(2000121    390.658541990192)(2000221    87.857124226505)(2000201    -101.639983210674)(2000022    54.3208808203196)(2000111    183.325457196148)
10 15      - (2000012    445.202351952092)(1000000    35.0798193148174)(2000101    357.587508293771)(2000201    -134.86436394521)
7 9      - (2000221    829.488642194856)(2000002    -304.333145264154)(2000121    67.1905732057749)
9 15      - (2000101    219.946561104804)(2000002    -53.2988994556935)(1000000    -504.75757476642)
13 13      - (2000002    96.252469318864)(1000000    -536.75286947902)(2000101    -437.577)
15 9      - (2000211    -446.392906777227)(1000000    -277.45232363152)(2000201    240.782310772222)
10 10      - (2000201    -744.334123841415)(2000101    -877.320830391678)(2000111    758.164967499057)(1000000    -677.764683532494)(2000022    373.554267864119)(2000002    9.6490921722442)(2000121    85.6372588583109)(2000012    169.54919834803)(2000221    549.75626793564)(2000211    -118.730790050981)
14 8      - (1000000    -7.49473158432897)(2000002    443.378029691105)
11 12      - (1000000    -715.607313029374)(2000201    -246.734053721248)(2000211    -585.583590319325)(2000111    103.420805116178)(2000121    556.544377487998)(2000002    -377.328782589896)(2000101    95.1628216886461)(2000012    107.405070793444)(2000221    104.212406195752)(2000022    46.6369737318976)
14 9      - (2000101    235.551544470175)(2000211    276.813155403528)(1000000    -255.682731005046)(2000201    -22.8665627965273)(2000002    -5.67342674467244)
13 12      - (2000002    -292.747482830602)(1000000    -292.601794198168)
12 13      - (2000012    437.587542961977)(2000101    -874.667167663574)(2000002    -0.407)(1000000    137.224170931996)(2000201    -245.436891368089)
12 8      - (2000211    9.2208462508565)(1000000    -322.087817507779)(2000101    -1067.67374107091)(2000201    -1179.21089279129)
14 10      - (2000002    20.4842073815482)(2000022    554.368055372857)(2000012    154.185729247146)(2000111    162.572073850377)(1000000    68.0166234664407)(2000201    429.870107282607)(2000101    43.5271101531498)(2000211    565.388144067925)(2000221    -88.2811114527591)
15 8      - (2000101    216.607691619361)(2000221    15.0675781789307)(2000111    253.581624161813)(1000000    117.108219574718)
10 13      - (2000221    217.001359193423)(2000012    469.475416396689)(1000000    24.7333639500796)(2000101    193.828660637545)(2000111    102.116260111229)(2000002    120.762238213203)(2000201    137.589891869841)
10 16      - (2000101    -489.15669578345)(1000000    -374.732537849843)
7 12      - (1000000    -466.723888496588)(2000201    -649.673710899459)(2000111    190.951507041914)
11 10      - (1000000    -788.789510668517)(2000211    -638.934297500571)(2000201    -448.20661498238)(2000101    -200.127741056631)(2000002    -112.874271378645)(2000012    233.095214135629)(2000022    96.4651055917587)(2000111    29.7323922720425)
14 14      - (2000101    -316.968058184188)(1000000    -698.896361369089)(2000022    603.700199789321)(2000002    299.54928089574)
12 9      - (2000201    -566.729691730615)(2000101    407.159335946107)(1000000    -232.482080558393)(2000211    -136.735658056335)
9 9      - (2000121    312.613148031517)(1000000    -1011.95559634271)(2000002    -597.957865832631)(2000211    -489.959115686708)(2000111    886.534392452929)(2000012    -408.573646242343)(2000221    971.414035510954)(2000101    -406.497127310495)(2000201    -325.218097837471)
7 15      - (2000121    281.906806436397)(1000000    -375.768329259161)
9 13      - (1000000    -131.318159508827)(2000201    54.8462629314102)
14 13      - (1000000    -767.883485885687)(2000002    -345.920719867664)(2000101    -470.313301430534)(2000201    -484.21470846715)(2000211    719.38947551014)
13 14      - (2000101    -504.642323358237)(2000002    -319.616755983959)(1000000    135.096608056001)(2000211    766.324135023115)
7 17      - (2000121    333.794201244134)(1000000    -250.078125)
8 13      - (2000211    -123.634947002238)(1000000    259.332967375566)(2000101    498.918113781771)(2000201    -244.219794536077)
10 8      - (2000002    -360.031326395255)(2000101    -586.932319163378)
11 7      - (1000000    -757.786835605678)(2000121    376.290325906382)(2000211    -453.928648728272)(2000201    -67.6519460844389)
13 10      - (1000000    457.902674975105)(2000101    -839.769453161701)
12 10      - (2000201    -770.201130040134)(1000000    208.276124824113)(2000101    42.3812534585705)
9 12      - (2000101    -1195.14070483594)(2000121    262.072449173107)(2000002    -366.876468784186)(2000201    -408.322613927785)(1000000    -374.489271443475)
15 13      - (2000101    -945.620789113927)(2000201    -361.155240488121)
14 16      - (2000002    -178.522930790064)(1000000    -465.150388321998)(2000201    -205.454881011297)
15 14      - (1000000    -890.383752972447)(2000101    -558.388305924616)(2000002    -1.18965646587693)(2000201    -184.175586240262)
10 9      - (1000000    -737.37089859296)(2000002    -531.033284134261)(2000201    -629.892743157317)(2000022    611.579488703648)(2000012    -602.515006045072)(2000221    285.748597571746)(2000211    -523.205849779879)
13 8      - (2000002    252.566935264768)(1000000    4.87487872047402)
14 15      - (2000101    -23.0564839034301)(2000201    -7.22523156950544)(2000002    -134.985023957647)
9 10      - (2000111    633.621381404353)(2000101    -837.397877389898)(1000000    -676.312129093442)(2000002    -258.906091318841)(2000201    -621.639839706324)(2000211    -133.252805669436)(2000221    1015.17666659613)(2000012    -325.747718453849)
12 11      - (2000211    -663.205270959945)(2000002    -541.523361657378)(1000000    -417.006780272302)(2000201    -399.482197310795)(2000221    293.900560998052)(2000101    156.247820498867)(2000121    328.94254951185)
7 11      - (1000000    -874.988647084449)(2000201    -639.28717375682)(2000002    82.0059594076771)
12 7      - (1000000    -65.6337810923505)
11 14      - (2000101    -467.364260597175)(1000000    468.086220732318)(2000201    46.912760588539)(2000012    86.4717694803551)(2000002    -78.5400171756013)(2000111    147.658172684906)
17 12      - (2000101    -347.206075487467)(1000000    -4.45579075182272)
7 16      - (2000221    74.6139440640906)(1000000    -458.33855105224)
16 14      - (2000101    -183.854351516691)
13 15      - (2000201    -37.1649878982764)(2000101    -799.234204766048)
12 16      - (2000201    -368.82673127406)(1000000    -880.998775729925)(2000002    -315.895476168513)
15 16      - (2000002    -239.835366668836)
15 12      - (1000000    60.6003613696759)(2000101    -1620.65034420352)
13 11      - (1000000    357.255591732373)(2000121    53.006539653486)(2000012    -184.730347837471)(2000101    48.7249338798783)
12 15      - (2000201    -1026.75600104679)(1000000    147.428158848825)(2000101    54.0397620760422)
8 12      - (2000101    -1373.09753394057)(2000002    -285.627960180515)(1000000    -347.06554224296)
13 7      - (2000101    -795.714211151381)(1000000    297.776744947462)
8 14      - (2000101    156.439955862349)(1000000    264.214210198835)
14 12      - (2000002    361.761240936991)(2000101    -453.139348250182)(1000000    -0.0959168793173575)(2000012    83.39738935226)(2000111    315.967964306726)
11 15      - (2000002    233.948947884488)(1000000    -254.428294659865)(2000201    -159.009785757555)(2000211    -224.773449513593)
9 8      - (2000002    -292.160385934663)(2000201    -590.00419450518)(2000012    -63.16369794093)(2000111    528.148374069644)(2000022    271.879305539667)(2000221    259.595739723176)(2000101    -336.19112136612)(1000000    -24.7369588099673)
12 14      - (2000002    -369.04561012047)(2000101    -162.712687037481)(2000121    206.325881970666)(1000000    77.9931846351343)(2000201    147.930026959094)(2000012    -26.0187995900913)(2000211    329.095148264843)
8 7      - (2000201    -543.392222701753)(2000101    -801.300621917075)(2000211    -614.731828532047)(1000000    -250.398980414013)
8 15      - (2000111    266.980158789571)(2000101    177.238876446645)(2000002    -36.8058221503104)(1000000    187.304095352046)
8 10      - (1000000    -547.167103102765)(2000101    -718.86446672546)(2000002    -341.050138215649)
15 15      - (2000101    -358.136703425209)(2000002    311.886057225064)
16 11      - (2000201    -284.108085697106)(2000002    -366.454046944514)(1000000    -249.872130525248)
8 11      - (2000201    -288.847259663354)
8 9      - (2000002    -218.094064554812)(1000000    -646.216427145967)(2000111    586.972297752991)(2000012    -140.634853118906)
9 16      - (1000000    -440.895842849143)
6 13      - (2000022    30.9860962477122)(2000101    -207.871141963302)(2000201    -39.2938299926115)(1000000    330.515654388003)
7 13      - (2000201    -981.474116377416)(1000000    231.769536290914)
13 16      - (2000002    103.604795012489)(1000000    -313.12093667185)(2000101    -963.657891448603)
12 6      - (1000000    397.173416738913)
11 8      - (2000201    -1038.63547071871)(2000002    -396.065274497355)(2000111    9.67785956186514)(1000000    -52.8479315808333)
6 8      - (2000101    -850.817484447103)(2000201    -990.655400400722)(2000002    327.245254519541)
14 11      - (1000000    12.6400726309755)(2000101    -52.4672546648586)(2000111    324.589678153384)(2000002    -115.943477881415)(2000201    70.841223076673)(2000012    90.9562558708835)(2000211    -51.0841396853438)
6 7      - (2000002    -128.99376570297)(2000101    -545.47882302127)
15 10      - (1000000    -140.139301569874)(2000101    -55.4299740692833)(2000002    203.995127140198)
6 14      - (2000221    147.510529393103)(1000000    194.696600896566)
18 9      - (2000002    187.234098616413)
16 12      - (2000121    39.8458046144568)(2000101    -367.901401651471)
9 21      - (2000201    151.034730624669)(1000000    77.3100195548974)
14 7      - (2000002    127.989012722993)(1000000    94.5952513239052)
23 9      - (1000000    1616.12412430313)
16 15      - (2000211    9.87720740788347)(2000101    251.850965750379)
10 7      - (2000201    -885.05574448849)(2000002    186.27908006689)
22 11      - (2000101    120.040865425727)(2000002    -0.25)(1000000    860.205979442535)
3 18      - (1000000    275.924367461091)
22 10      - (1000000    -49.3715621139271)(2000201    917.942491909246)
13 6      - (2000201    -237.685842433068)(1000000    -27.8342061278348)
16 10      - (2000012    391.778866642946)(1000000    -247.639306725927)(2000201    207.713551670709)
22 12      - (1000000    -353.374844262636)
23 10      - (1000000    1007.130912982)
15 7      - (1000000    1090.00241004291)
22 9      - (2000002    120.046225425727)(1000000    1366.18619846875)
21 8      - (1000000    369.19012149965)
21 10      - (1000000    -6.13097096064767)(2000002    448.978776468278)
12 24      - (1000000    1149.39767096763)
10 26      - (2000002    -11.6882648115358)(1000000    917.042102844457)
12 25      - (2000201    -684.661367721666)(1000000    762.034670227997)
26 10      - (2000002    -21.7230549504993)(1000000    1598.24495667719)
27 13      - (2000201    -568.811997645325)
9 18      - (2000012    181.535695543031)(2000201    -22.9745075234673)(1000000    -244.353304124505)
10 23      - (1000000    1056.4976089293)
16 5      - (1000000    63.1450553127141)
9 26      - (1000000    1162.2667924825)
11 26      - (1000000    1710.2136560222)
24 12      - (1000000    1393.55837248712)(2000101    -934.406226531077)(2000201    -734.62161836552)(2000002    638.327828034763)
26 15      - (1000000    -625.552641059392)(2000002    268.984626029203)(2000101    -254.627501911021)(2000201    -272.317868986953)
15 26      - (2000002    415.965021336737)(2000201    -142.756499690097)
22 13      - (1000000    345.774565336822)
17 1      - (2000002    -14.4038111613471)(2000201    -137.953970263022)(1000000    315.220455485906)
17 4      - (1000000    47.2694879146969)
17 3      - (2000201    348.353223448566)(1000000    35.9771552983242)
25 9      - (1000000    773.271108160309)
28 10      - (1000000    591.268774376849)
14 26      - (2000201    -807.879732748701)(2000002    411.773595589852)(2000101    -168.010726006604)(1000000    -444.983435469248)
25 13      - (2000101    -313.045072989783)(2000002    409.397035034742)
27 15      - (1000000    -104.487809343759)(2000002    668.832930975425)(2000101    -40.9124833181598)(2000201    -564.014721698824)
17 2      - (1000000    329.572082602051)(2000002    43.5753345994381)
18 0      - (1000000    -36.0049080051288)(2000002    -0.25)
25 8      - (1000000    995.447072568429)
28 15      - (1000000    -782.847750890606)(2000002    651.048613711591)(2000101    -21.4487312448369)(2000201    -181.209355399105)
13 26      - (1000000    -536.212001466743)(2000002    491.99359111836)(2000101    -317.091076289873)
14 22      - (1000000    191.471420826215)(2000002    314.607772261139)
25 16      - (2000002    548.56783493386)(2000201    -455.525431100741)(2000101    -308.939270083453)(1000000    -250.674794156211)
20 7      - (2000101    130.272184632452)
19 11      - (1000000    681.699542361583)
12 26      - (2000101    -568.538080114129)(2000201    -382.471347246792)(2000002    711.133365790166)(1000000    -110.805192504901)
27 16      - (2000201    -1091.03960971823)(2000101    -747.833922719845)
16 8      - (1000000    -401.593164839191)
12 21      - (1000000    280.746531932479)(2000101    1113.86545802413)
8 28      - (1000000    303.009542393345)
26 9      - (1000000    1078.317457409)
26 13      - (2000101    -462.533305040444)(2000002    643.381960566628)
28 14      - (2000201    -479.829085609437)(2000002    737.537822288085)(1000000    -325.448264837529)(2000101    -412.598495054507)
9 23      - (2000201    214.836692290104)(1000000    1572.74587809296)
20 13      - (1000000    682.763629962738)
9 25      - (1000000    1034.79511982984)
24 16      - (1000000    -178.069223252926)(2000101    -126.286575112604)(2000002    212.299037897967)(2000201    -134.59945750103)
14 21      - (1000000    726.645037384186)
28 16      - (2000201    -623.280222467103)(1000000    -507.65102928285)(2000002    537.22688773812)
21 12      - (1000000    -255.252060809387)(2000201    -253.176202925166)
27 17      - (2000002    197.347775892235)
26 17      - (1000000    -241.689677920412)
11 20      - (1000000    106.197848991822)
24 7      - (1000000    779.033743833678)
21 9      - (1000000    1136.53837953664)
23 8      - (2000101    120.189484721361)(1000000    1330.13495557441)
19 12      - (1000000    797.974992427096)
27 7      - (1000000    878.597978095809)
19 8      - (2000002    153.399690260554)
26 16      - (2000101    -651.371492442142)(2000002    538.670683012606)(1000000    -98.0582839843735)
26 14      - (1000000    -380.463029474372)(2000101    -894.291796638715)(2000002    526.365681546746)
25 17      - (2000201    -497.310595402088)
16 25      - (1000000    -23.0555303105972)
7 22      - (2000201    87.1725058651975)(1000000    33.2160175814998)
24 9      - (1000000    1804.92123733567)
15 28      - (1000000    -725.373481843067)
11 17      - (1000000    201.562552174871)
29 15      - (2000101    -151.705621020838)(2000002    469.145339254592)(1000000    -311.046911349406)
24 13      - (2000201    -192.015259293853)(1000000    -80.1190827931273)
11 21      - (1000000    221.751123106985)
21 17      - (1000000    141.127650140679)
29 13      - (2000201    -656.090982023657)(2000101    -146.604132099914)(1000000    -93.8266445439449)(2000002    738.281251312859)
22 7      - (2000201    1.29537892190655)(1000000    1160.49681242423)
29 14      - (2000002    470.17231129159)(1000000    -50.0145058387767)
9 20      - (1000000    -162.763521838816)
27 18      - (2000101    -472.805178187671)
7 25      - (2000201    -62.5)
11 16      - (2000002    -209.891482435088)(1000000    -255.31828689377)(2000101    -147.489421812378)
14 20      - (1000000    649.325994585806)
13 20      - (1000000    195.509195924399)
6 24      - (1000000    106.248649539189)
9 19      - (1000000    56.6006308332169)
12 17      - (1000000    -409.665312562282)
20 11      - (1000000    -5.33845081342884)
13 21      - (2000002    693.127642393563)(1000000    -19.9533663454274)
20 14      - (1000000    723.979816032749)
28 6      - (1000000    299.724406938807)
22 14      - (2000101    305.784698719396)(1000000    201.634015412535)
10 22      - (1000000    180.162529780888)(2000201    1166.14749733655)
24 14      - (2000101    -739.282683085657)(2000201    -668.307138874925)(1000000    71.5840753094617)
16 9      - (1000000    -513.697305999646)
17 8      - (1000000    139.294924795394)(2000002    73.7690537631719)
20 8      - (2000201    -275.037504669868)(1000000    451.554151523076)
17 9      - (2000201    -216.037979734333)(1000000    -301.014242412409)(2000012    -147.489421812378)
28 17      - (2000002    637.959057913937)(2000201    -131.454326452527)(1000000    -51.2786025228883)
18 10      - (2000002    26.5533243498081)
16 7      - (1000000    521.488359427284)
17 0      - (1000000    332.051455196808)
28 7      - (1000000    291.812656255959)
17 27      - (2000101    -180.800599771789)
13 28      - (2000201    -189.788947096074)(2000101    -88.6831485352496)
16 16      - (2000111    345.256772624721)
29 12      - (2000101    -431.635179213483)
23 17      - (2000002    135.44348154225)(1000000    386.6488796723)
17 15      - (2000012    55.1580207823672)
7 26      - (2000002    189.169870585674)(1000000    205.030254391475)
18 8      - (1000000    207.858374081703)
17 14      - (2000201    -268.862271041923)(2000002    -212.73882416235)
13 18      - (1000000    155.697735384727)(2000101    238.142625538977)
14 17      - (2000211    274.294813641714)
16 4      - (1000000    616.025316176561)
29 7      - (1000000    446.278228606018)
29 9      - (1000000    555.655726800233)
27 9      - (1000000    446.278228606018)
15 17      - (2000101    368.518727485866)
27 5      - (1000000    458.208454917566)
6 27      - (1000000    250)
24 8      - (1000000    1386.98420456972)
28 18      - (2000002    597.059197865017)(1000000    -82.1494299491453)
18 13      - (2000201    269.784553324981)(1000000    93.4139940655822)
18 2      - (2000201    -88.313648346274)
6 15      - (1000000    234.30099362578)
21 11      - (1000000    140.737794533378)
17 21      - (1000000    268.653486016023)
18 19      - (1000000    -250)
12 18      - (2000201    60.6757099260973)
21 15      - (1000000    282.421468440155)
20 15      - (1000000    117.610976711372)
16 20      - (1000000    328.627650140679)
16 13      - (2000012    -267.374047501582)
8 27      - (1000000    309.450113503444)
17 10      - (1000000    -683.685163564163)
8 8      - (2000022    183.261443218374)(2000211    -294.149148492151)(1000000    -356.869795879231)(2000012    -382.300083106628)(2000002    -304.257538048609)(2000101    -649.684990252896)(2000121    80.4475811176383)
6 16      - (1000000    -190.549886496556)
14 18      - (1000000    166.964904942669)
18 1      - (2000201    17.263038825049)
20 16      - (1000000    325.390737450735)
28 8      - (1000000    260.002157994526)
18 15      - (2000201    -236.683539563227)(1000000    53.5907376207262)
7 14      - (1000000    -17.9881896175123)
9 7      - (2000012    428.974001239613)(2000022    80.8133028252233)
23 4      - (2000201    250)(1000000    224.160262439092)
22 6      - (2000002    349.913638213915)(1000000    491.498210900502)
0 21      - (2000201    7.49652406192806)(1000000    1245.57465138989)
5 18      - (1000000    250)
22 15      - (1000000    202.68224536156)
2 21      - (2000201    200.358419356671)(1000000    985.950643886455)
20 9      - (1000000    618.169948412409)
28 9      - (1000000    503.622421506569)
21 16      - (1000000    174.748268410567)
8 23      - (1000000    1369.8342907458)
23 5      - (1000000    619.834863806907)
25 14      - (2000002    402.109031267836)(1000000    -14.0637115271017)(2000201    -160.766030514337)
7 8      - (2000221    588.727421038672)(2000022    107.541730999101)(2000201    -159.756534010243)
9 17      - (1000000    -456.255645102415)
19 9      - (1000000    50.9045063739294)
4 22      - (1000000    275.182648821986)
4 21      - (1000000    522.609668650232)
27 14      - (1000000    -142.631270087146)(2000002    88.8048039842989)
22 2      - (1000000    313.293881715337)
17 11      - (2000002    -60.3800695311355)(1000000    162.858547664765)
18 11      - (1000000    -285.6120271342)
2 25      - (2000002    402.758354786411)(1000000    112.847197238694)
8 22      - (2000002    42.3209159390277)(1000000    611.778086615703)
0 20      - (1000000    1307.45110346416)
10 18      - (1000000    -172.156639242975)
1 22      - (1000000    461.869629391445)
24 0      - (1000000    1082.77031583122)
23 2      - (1000000    -11.6239311229397)
26 18      - (1000000    -68.0843821322761)
13 19      - (2000101    53.5292970099199)(1000000    7.36829168873717)
21 0      - (1000000    1049.04427692915)
1 26      - (1000000    270.492760373683)
2 26      - (1000000    -48.6950457773065)(2000101    231.015942375444)
11 18      - (2000201    -205.36433909516)(1000000    -208.255207960585)
7 7      - (1000000    -392.220868087327)(2000221    341.654976396662)
8 16      - (1000000    -75.1250682193032)
10 17      - (1000000    -356.766172301162)(2000111    161.427503508003)
17 26      - (2000002    488.12791517497)
18 27      - (2000002    60.3891045241674)
21 2      - (1000000    345.519885661815)(2000002    250)
13 27      - (2000002    418.654359098353)(2000201    -82.2981325929113)
18 26      - (2000201    -21.8023811190866)
0 23      - (1000000    599.607278719988)
15 27      - (2000002    224.237877833318)(2000101    -192.586083657078)
25 21      - (1000000    -116.236331836419)(2000201    -67.8364285108286)
22 25      - (2000101    -180.727698371939)(1000000    -31.2198781829124)
26 21      - (2000101    -174.657039255846)(1000000    -66.9850370145151)
24 24      - (1000000    -641.636552279449)(2000002    505.138102971985)(2000101    -595.17294368731)(2000201    -702.728274910333)
23 24      - (2000002    829.710274287398)
25 26      - (2000101    -466.534277172183)
23 23      - (1000000    -117.124236119927)
23 25      - (1000000    -116.822201632195)
25 25      - (2000201    -678.851685522701)(1000000    -213.460430362389)(2000101    -65.0384518691686)
25 24      - (2000002    890.334448933741)
21 22      - (2000002    814.373153150532)(1000000    -158.116421719989)
8 6      - (2000022    107.494748877315)
22 21      - (1000000    -99.6262252447055)
24 23      - (2000101    -217.853802865813)(2000201    -37.7346871541255)
22 26      - (2000101    -172.155835496942)(1000000    -63.8803764039781)
22 27      - (2000002    239.574773155121)
22 22      - (2000201    -607.86291802038)(2000101    -103.267401643877)
23 26      - (2000101    -787.257970134751)(2000201    -481.701228437124)(2000002    881.965229354233)
24 21      - (1000000    -273.991254175029)(2000201    -255.022518119273)
26 24      - (2000201    -193.446110814637)(2000002    795.197248306045)(1000000    -38.940933058004)
24 22      - (2000002    629.67664777686)
26 26      - (1000000    -547.558554191083)(2000201    -592.634611393785)(2000101    -654.257941096012)
26 25      - (2000101    -162.384594189569)(2000002    752.222442207634)
24 26      - (2000101    -258.995662854186)(1000000    -130.451881443968)(2000201    -697.90179337331)
22 24      - (2000002    880.713116159192)(1000000    -39.8242554103439)
24 25      - (2000101    -309.813490293107)(1000000    -83.2122924283221)
26 23      - (2000201    -493.855281803764)(2000002    410.464305347271)
25 22      - (1000000    -472.942969289196)(2000201    -393.226263159873)(2000002    400.312816760166)(2000101    -155.060331863287)
27 24      - (2000101    -331.37889506572)
22 23      - (1000000    -282.248441425743)(2000101    -45.5172896302647)
21 4      - (1000000    228.061516479099)
25 23      - (2000101    -418.613458632638)(1000000    -274.484147763866)
21 21      - (1000000    -108.693088114506)(2000002    869.927901163597)(2000201    -13.800114159223)(2000101    -44.8960646092588)
21 23      - (2000101    -104.681768812284)
23 21      - (1000000    -124.023819809871)(2000101    -98.0188159462207)
25 28      - (2000101    18.5111093456991)
23 22      - (1000000    -256.643064712788)(2000201    -316.898449867933)
21 25      - (2000101    -124.454994014246)
23 27      - (1000000    22.1837376212942)
20 23      - (1000000    -69.9426969416522)
21 24      - (2000002    908.357339609696)
26 22      - (2000002    575.268833464856)(2000201    -292.44655348808)(1000000    -158.096957212319)(2000101    -210.652416888481)
27 25      - (2000201    6.67552052007992)(2000002    252.710711576251)
14 6      - (1000000    -51.138773849129)
21 26      - (1000000    -42.9834747490234)(2000201    -147.76447758392)(2000002    634.005677738045)(2000101    -64.434479070133)
24 27      - (2000201    -37.7346871541255)(1000000    -112.154339276028)(2000101    -112.154339276028)
20 22      - (1000000    -28.8680784009536)
28 22      - (2000002    454.064013065869)
15 6      - (1000000    95.3744793390458)
5 12      - (1000000    232.197797699948)
26 1      - (1000000    309.855921476359)
6 11      - (1000000    214.51801599605)
11 6      - (1000000    95.3744793390458)
11 4      - (1000000    -253.866886674734)(2000201    -96.0919482577945)
5 11      - (1000000    95.2055200490949)
0 28      - (1000000    550.679081416075)(2000201    69.5125506114228)
1 25      - (2000201    -134.943963857766)(1000000    55.1722512702752)
13 17      - (2000002    -344.083401131489)(2000201    -444.670014231056)
1 28      - (1000000    556.755269657829)
28 0      - (1000000    475.370580808302)
25 7      - (2000101    222.478660608595)(1000000    347.682220643458)
21 14      - (1000000    261.516479757669)
0 24      - (1000000    578.219193396963)
26 0      - (1000000    -91.4360219552874)
2 28      - (2000101    48.2328778571672)(1000000    -27.2040597561389)
12 4      - (2000101    -535.419027474693)
2 24      - (1000000    149.858293493125)
8 29      - (1000000    250)
9 24      - (1000000    1733.94946070364)
29 8      - (1000000    504.2935676908)
2 23      - (1000000    191.143991112151)
11 3      - (2000002    -688.462068143663)
2 27      - (1000000    -15.8228597057664)
27 6      - (2000101    250)
17 19      - (1000000    222.478660608595)
29 5      - (1000000    363.373045789395)
26 2      - (2000002    89.5587344053261)(1000000    484.354023412625)
21 1      - (1000000    1143.37456170169)
1 27      - (2000101    106.352700522304)(1000000    433.579451635357)
0 27      - (1000000    584.262562035454)(2000002    120.096163384642)
23 1      - (1000000    69.3171805678156)
29 3      - (2000201    104.163863804874)(1000000    632.764196873156)(2000002    -272.52026436616)
27 0      - (2000002    146.266305405551)(1000000    336.243534135652)
5 26      - (1000000    250)
1 21      - (1000000    1222.95433438124)
29 1      - (1000000    480.89945740041)(2000201    174.18619226163)
3 23      - (1000000    681.865617987947)
3 21      - (2000101    369.983995456446)(1000000    689.845442301951)
27 1      - (2000002    -331.760831219943)(1000000    196.013650277753)
29 2      - (1000000    444.74902127425)
21 13      - (2000002    250)(1000000    440.156275527101)
29 0      - (1000000    547.696050381344)(2000002    155.254109438477)(2000101    118.696987305502)
21 3      - (1000000    170.316965385102)
4 25      - (1000000    159.978660608595)
29 6      - (1000000    619.599210119415)
1 29      - (2000002    -111.1525622748)(1000000    383.876107308459)
19 16      - (2000101    372.025915152149)(1000000    15.3902634978209)
0 25      - (2000002    159.670144412172)(1000000    7.15686851099151)
23 0      - (1000000    434.852693370722)
0 29      - (1000000    427.997011248768)
1 24      - (1000000    346.588240679167)
4 29      - (1000000    471.444326311128)
22 1      - (2000201    -295.358668094217)(1000000    617.489442087329)
10 21      - (1000000    -742.907118518801)
0 26      - (2000201    -175.703908626858)(1000000    -7.74810867409597)
11 22      - (1000000    740.469838736758)
18 14      - (1000000    -22.5243241944435)(2000201    147.930026959094)
6 23      - (2000002    -277.521339391405)
4 20      - (1000000    259.844125575617)
4 24      - (1000000    234.600395569821)
3 26      - (1000000    515.869779628435)
28 1      - (1000000    379.144684347022)(2000201    30.242463723405)
3 22      - (2000201    250)(1000000    13.9518203969488)
12 22      - (2000002    466.231390675583)
27 3      - (1000000    409.202998139767)(2000002    176.291884624024)
22 3      - (1000000    -175.330043727387)
23 3      - (1000000    266.997085313448)
2 29      - (2000002    -204.620983889969)(1000000    100.102329251624)
23 7      - (2000002    250)(1000000    1282.77173869186)
17 7      - (1000000    70.7833174526224)
17 13      - (2000012    -169.521874071465)
6 19      - (1000000    -109.403999911145)
1 23      - (2000002    1173.83263720039)(1000000    11.9280573150497)
28 3      - (1000000    320.654363491134)
3 28      - (1000000    100.908228173127)
7 10      - (2000002    -131.6274354353)
11 23      - (2000101    990.746417643669)
0 22      - (1000000    841.522356582274)
6 26      - (2000002    275.005552323016)
28 2      - (1000000    3.56417776292761)(2000002    265.406270115961)
23 15      - (2000201    208.448721393767)(1000000    372.663853952847)
8 17      - (1000000    -184.537213139288)
24 4      - (1000000    255.869481190427)
19 7      - (2000101    -21.0149392554059)(1000000    48.1731807919864)
22 4      - (1000000    289.231799585025)
4 23      - (1000000    305.722875789036)
22 8      - (2000002    50.0561311104668)(1000000    321.067418037492)
3 27      - (1000000    261.346445775406)
18 16      - (1000000    315.044608649917)
9 27      - (1000000    592.033437634812)
23 13      - (2000201    208.448721393767)
23 12      - (2000101    425.372571082535)
18 12      - (2000101    -26.0187995900913)
12 3      - (2000002    -232.362813963904)(1000000    -228.578278139274)
7 18      - (1000000    51.7131620251227)
15 18      - (2000002    354.791098495397)(1000000    390.472214076891)
20 0      - (1000000    1171.57247871017)
13 22      - (1000000    65.563155260587)
7 21      - (2000201    44.7208640215536)(1000000    285.98038149421)
15 23      - (1000000    -152.76525499728)
23 16      - (1000000    325.055562451822)
19 14      - (1000000    449.212606054847)
26 7      - (1000000    493.906269144021)
27 10      - (1000000    439.001562713289)
28 4      - (1000000    705.620049340421)(2000002    6.71710955080323)
13 23      - (1000000    -474.649167713413)
16 18      - (2000211    92.4336661165892)(2000101    179.000183267442)(1000000    97.4298576304565)
2 22      - (2000101    258.778228606018)(1000000    756.455170863678)
16 17      - (2000211    145.954119974795)(2000002    153.902338551273)
22 16      - (1000000    215.528085591138)
23 14      - (1000000    271.286526305123)
16 22      - (1000000    256.256991986379)
27 2      - (1000000    -286.467935608241)
25 1      - (1000000    -74.1277988027234)
23 6      - (2000201    278.193948614155)(1000000    29.7984407237784)
0 17      - (1000000    861.220269878055)
4 28      - (1000000    494.236502461905)(2000002    169.98541176211)
3 29      - (1000000    406.5824777348)
26 11      - (1000000    891.750035950951)
27 8      - (1000000    652.507131734941)
4 26      - (1000000    506.745603543828)
27 4      - (1000000    659.329042872032)
24 10      - (1000000    583.158406821475)
4 27      - (1000000    384.325147760411)(2000002    164.450137402536)
20 1      - (1000000    699.282447250545)
7 24      - (2000201    501.953143180527)(1000000    94.7809900923366)
10 24      - (1000000    308.620803010674)
8 24      - (1000000    793.166917148732)
7 23      - (2000002    261.890094627114)(1000000    63.134757189975)
26 8      - (1000000    299.822597689507)
11 25      - (1000000    309.775804386435)
21 7      - (1000000    757.990205478747)
3 25      - (1000000    345.149327226348)
24 6      - (1000000    446.417570970335)(2000101    500.951535469356)
11 27      - (1000000    1078.38626471756)
26 3      - (2000101    407.628545498992)(1000000    137.681286022202)
24 11      - (1000000    741.213242217645)
23 11      - (1000000    784.455131695337)
29 4      - (1000000    719.359816247375)
9 22      - (1000000    346.36827251355)
6 25      - (2000002    271.551280374543)
26 12      - (1000000    186.849934110246)
15 19      - (2000201    227.412818719919)
11 19      - (1000000    93.7142314842653)
1 20      - (1000000    1240.62430188525)
18 17      - (1000000    141.952366184313)
12 23      - (2000201    250)
28 5      - (1000000    208.449649214943)
10 27      - (1000000    671.93347213211)
19 15      - (1000000    465.273277062854)
19 13      - (2000201    506.75728657922)(1000000    248.424894935261)
10 20      - (1000000    380.528496688828)
10 19      - (2000002    164.737484913426)(1000000    20.5188545422409)
26 4      - (1000000    667.375535942178)
2 20      - (1000000    1061.94146778334)
25 2      - (1000000    546.147817684859)
14 19      - (2000201    146.506784023552)(1000000    8.04466446120386)
11 28      - (1000000    187.189239308568)
3 20      - (1000000    196.708936900122)
16 19      - (1000000    4.06640695391552)
24 2      - (2000101    149.433385902352)(1000000    121.110432746566)
25 4      - (1000000    213.61741042165)
3 24      - (1000000    11.4920955117163)
25 3      - (2000101    4.36225928698318)(1000000    484.421995348224)
19 10      - (2000101    429.012265711592)(1000000    11.9910937354732)
24 1      - (1000000    25.8820013736497)
15 22      - (1000000    -17.2934522700129)
10 29      - (2000101    19.7322948353409)
17 17      - (1000000    66.6340358846066)
25 0      - (1000000    40.0778434216168)
20 10      - (1000000    182.645833138204)
25 10      - (1000000    39.849418819424)
16 23      - (1000000    22.5569229060447)
20 2      - (1000000    26.6580240984996)
14 23      - (2000002    259.380253502081)(1000000    36.0165556210606)
21 6      - (2000002    5.65516990942742)(1000000    82.2479076163533)
26 5      - (1000000    28.8027255150511)
14 24      - (1000000    49.554878806779)
17 18      - (2000201    6.2052843903964)
13 25      - (1000000    38.9081602812106)
24 3      - (1000000    65.7122900117466)
7 20      - (2000101    6.66530524289893)
12 19      - (2000002    12.7881626425626)
22 17      - (2000101    14.830498033467)(1000000    9.42308121960518)
27 11      - (1000000    52.2878163963131)
15 24      - (2000201    12.4245328291636)
6 20      - (1000000    13.8902868798608)
20 12      - (2000201    6.12821643634308)(1000000    7.79059396421171)
6 22      - (1000000    16.6914661213567)
5 28      - (2000002    7.45050803447534)
17 16      - (2000002    7.23581445226489)
15 21      - (1000000    -9.32012807611009)
2 19      - (1000000    26.0845935394593)
8 20      - (1000000    17.5813308587077)
25 12      - (1000000    8.57166513153013)
18 7      - (2000002    9.06414642105118)
24 15      - (2000101    8.46057349727024)

