676
0 0      - (2000200    10922.4343196631)(1000000    11965.9399553432)(2000201    13206.1676467172)(2000001    13283.7818107153)(2000202    13477.8843695404)(2000100    12203.2046259723)(2000101    11887.9341315998)(2000012    14907.7461451054)(2000002    13907.7461451054)(2000102    11998.0281760377)(2000111    6016.55418950163)(2000211    4861.60075881535)
2 1      - (2000002    2708.42564125504)(2000102    1209.34129162425)(1000000    9568.47643045323)(2000001    71.6538423357961)(2000101    10913.6085527862)(2000012    2468.83181858172)(2000100    -522.562622463583)(2000200    -799.179088802233)(2000202    -764.150811515131)(2000201    674.778276016371)(2000111    93.6225144773553)(2000211    -259.154480422875)
1 3      - (1000000    3836.59263176216)(2000001    4.47381090107498)(2000002    -1257.10936181686)(2000202    -1799.0396645341)(2000102    -1678.28554343257)(2000012    -2461.53307691643)(2000201    -1785.20147751876)(2000200    -1971.06362611914)(2000101    -378.275467456609)(2000100    -1072.37607599261)(2000211    -1622.51738883887)
2 2      - (2000102    -1067.02544814304)(2000202    -518.466384518975)(2000100    -696.539297997423)(2000200    -1332.67562767606)(1000000    5027.74404282886)(2000002    -993.703498084552)(2000101    -151.023520146856)(2000001    -974.503055163567)(2000201    -285.986034048844)(2000111    902.559106589371)(2000012    -574.768321122403)
4 0      - (2000202    37.7774117220119)(1000000    -451.32926691584)(2000002    -822.268779916649)(2000100    -1251.39460147351)(2000101    7539.77383327166)(2000200    -241.713771326353)(2000001    828.700869749418)(2000102    -474.477264699178)(2000201    -740.799402588446)(2000012    -451.555489159661)
1 2      - (1000000    4563.51237527508)(2000002    -138.248263646793)(2000100    -357.641112471905)(2000200    -624.02220713891)(2000202    790.676656541975)(2000001    -1011.30649217491)(2000101    672.218989993213)(2000201    -475.752464341357)(2000102    57.0405249421083)(2000012    3004.20835993153)(2000111    -1030.42007244666)
2 0      - (2000201    5915.55562952328)(1000000    11235.1773169744)(2000202    3453.15267322418)(2000100    12119.3547019518)(2000101    7815.44702593425)(2000002    2284.50998090519)(2000102    1676.06529509797)(2000200    -571.313607696224)(2000001    5643.81505341725)(2000111    185.009363003046)(2000012    943.064222901279)(2000211    -1417.98666064721)
0 2      - (2000202    2812.63075532429)(1000000    7022.85481221164)(2000001    11336.3740519688)(2000200    1620.35651808944)(2000002    -1144.99595666182)(2000100    -106.64205185621)(2000101    -721.474934663764)(2000102    -1684.21743760664)(2000201    -18.4712547559456)(2000012    -941.972784877112)
1 1      - (2000002    1820.39137841194)(2000201    -719.132195129)(2000200    -898.627839639082)(1000000    8715.25839223659)(2000202    3868.41851339616)(2000101    5488.1622944516)(2000100    13230.4695245287)(2000001    2692.95722390054)(2000102    1220.40732978112)(2000211    -127.379461032637)(2000111    -1.87416)
3 2      - (2000102    -969.522705669652)(2000202    -1094.54612794321)(2000200    -1152.03579832459)(1000000    2999.77852830908)(2000101    1567.4006311998)(2000100    -800.225715366624)(2000001    -358.307080563954)(2000201    -1699.44531180589)(2000002    -1449.07212753488)(2000012    -40.4845599522881)
5 2      - (2000200    -1953.80622981219)(1000000    -1441.25421933321)(2000102    -1149.73734820748)(2000001    -1672.8662689639)(2000002    -1577.3764448797)(2000201    -1169.18350583869)(2000101    2680.98054014412)(2000202    -1782.68935742548)(2000012    -900)
1 0      - (2000102    -79.9771386335071)(2000100    1958.39582410089)(2000201    2280.75027769417)(1000000    6391.43020136837)(2000101    10524.8170275244)(2000202    1281.44111400829)(2000200    1475.18370387354)(2000012    2726.09110492323)(2000002    1798.77740396921)(2000001    971.708080328057)(2000211    -928.356228917306)
0 1      - (2000201    7276.05929204572)(2000202    5178.4564200702)(1000000    10139.316354856)(2000100    11096.7806522053)(2000102    4692.31669997611)(2000002    4413.65179676667)(2000101    3512.09054096538)(2000200    2446.93187821975)(2000001    5698.5559468826)(2000211    -1500)(2000012    5024.00825575447)(2000111    1497.13594812733)
3 1      - (1000000    3750.28322848853)(2000102    -523.88252174998)(2000002    -1209.52602222318)(2000001    -700.994611821533)(2000201    -786.244462726225)(2000202    -551.96838395798)(2000100    -1014.35775429118)(2000101    69.226784159381)(2000200    -795.362647468833)(2000012    -2186.18432203653)(2000211    -1458.2183772208)(2000111    604.396243470499)
3 3      - (1000000    5070.89333163974)(2000101    -92.5624248451602)(2000102    -249.217797326572)(2000002    -1054.61894006851)(2000201    -121.258336762121)(2000200    -72.7145449565884)(2000202    -727.287508643299)(2000001    -1344.45558550037)(2000100    40.1751064285293)(2000012    336.897587209633)(2000111    272.495897057349)(2000211    -245.401425384197)
4 3      - (1000000    2455.98041813561)(2000101    817.179266031722)(2000200    -513.613796095298)(2000002    -2086.0390719626)(2000201    927.046701000282)(2000202    1480.34726159791)(2000001    -800.703745156506)(2000100    10748.2307900602)(2000012    87.9320677494538)(2000102    -543.829763293382)
4 1      - (1000000    -724.383846291303)(2000101    -1162.73870398341)(2000001    -2084.55116895491)(2000200    -1503.27778746225)(2000202    -1449.39891185269)(2000100    -1891.67646210206)(2000102    -1034.94743152182)(2000002    -1139.48273040525)(2000201    -1669.78580197834)(2000012    -498.245885651688)(2000211    -500)
2 4      - (1000000    1923.79368250852)(2000101    -1375.41444053195)(2000100    -955.767822709051)(2000201    -951.962859394514)(2000001    -1051.18786923109)(2000002    -1495.05632002175)(2000202    -1230.37020960232)(2000200    -1767.80703518419)(2000102    -1231.42593745765)(2000111    -693.28784792149)(2000012    -410.53501866653)
1 4      - (2000101    1320.31371121993)(1000000    512.946982650845)(2000001    -1942.62923980934)(2000200    -1531.82619919061)(2000102    -1499.43821821649)(2000202    -2614.87930169518)(2000100    -1554.8033152876)(2000002    -898.47726252647)(2000201    -1084.01143701852)(2000012    -1871.43673352058)(2000111    -1000.4932)
3 0      - (2000102    611.012988847752)(2000202    -1611.66081173981)(2000200    -185.266490483087)(1000000    6868.56998133936)(2000101    -1243.88071839072)(2000001    -1829.76307899699)(2000201    -1459.47436118112)(2000002    -1561.10656612932)(2000100    -1816.4127897862)(2000012    -1551.8351385706)(2000211    -928.469782584844)
5 5      - (1000000    -2200.51848783822)(2000100    -2337.31491878154)(2000001    -1375.69625295943)(2000102    -1409.65116231861)(2000101    4781.92843885449)(2000012    -1059.63368482051)(2000202    -1732.19326851963)(2000200    -1019.38563822061)
2 3      - (1000000    3415.16407783817)(2000200    -1337.3318185479)(2000102    -807.934269480018)(2000001    1175.10462451092)(2000002    -242.689590375798)(2000101    -567.124140686691)(2000201    -574.924484354265)(2000012    -1233.0548418945)(2000100    -1393.34737630396)(2000202    -601.01921074943)(2000111    -255.046373744851)
0 3      - (1000000    2128.39835380592)(2000202    -1606.33370188453)(2000002    -733.923088257136)(2000001    -1012.72048282157)(2000101    -697.994467044598)(2000100    1669.56622518219)(2000201    -764.394891173906)(2000200    -1351.59016999517)(2000102    -1764.63802505057)(2000012    -1606.05423336671)
0 4      - (2000002    -745.627040567331)(2000001    -1090.08817853029)(2000102    -815.519620501277)(2000200    -1582.37977735451)(2000100    -295.135626586227)(1000000    -624.434556928577)(2000202    -1245.51131270906)(2000201    -623.736715691233)(2000101    4158.09432213592)(2000211    -1204.05162400834)(2000111    387.468435574794)(2000012    -980.993681217599)
4 2      - (2000001    -1216.71212251427)(1000000    3961.16843133198)(2000101    10218.9226713187)(2000202    -1133.72230677596)(2000100    -969.243510798847)(2000102    -735.811610145345)(2000002    -1231.16690630691)(2000201    -736.218030030445)(2000200    -451.97351513021)(2000012    589.982376456337)
3 4      - (2000200    -873.350882162216)(2000100    -2008.66055348843)(2000201    -2246.68259043713)(1000000    -1422.62941894718)(2000002    -1556.89553563548)(2000202    -1536.95994667307)(2000102    -2038.32825703653)(2000001    -1433.49278056537)(2000101    -2334.04860423852)(2000012    -1665.77849015149)(2000211    -1411.0213703225)
1 5      - (2000200    -1334.01535548043)(1000000    -1890.25775209385)(2000001    -1372.58525742838)(2000100    -1539.87895864765)(2000202    -298.498440863267)(2000002    -500)(2000101    511.333737274676)
4 5      - (2000202    -714.057961702392)(2000100    -910.243821644277)(1000000    51.2057175659724)(2000002    -1343.47251115823)(2000200    -635.186431975908)(2000101    -490.390453772202)(2000102    -1548.72817136638)(2000012    956.694331824561)(2000001    -901.749890362068)
2 5      - (2000002    -1800.59370404219)(2000100    -1015.29183063044)(2000201    -1401.60528633833)(2000200    -1321.64986806759)(2000001    -1325.78390477332)(1000000    -1528.74180728019)(2000101    -1329.1415326657)(2000202    393.383821832716)(2000102    -1661.75527916581)
1 6      - (2000001    -469.891730207987)(2000200    -550.252217354896)(2000102    -1222.96477764759)(1000000    -1873.5633541755)(2000100    -801.43284808834)(2000101    -157.605807823965)
4 4      - (2000102    -444.34994187438)(2000002    -579.181491919843)(2000202    -802.416422437215)(1000000    -779.789662981747)(2000201    4276.97676210076)(2000001    -783.821614211585)(2000101    -422.393101265713)(2000100    -1330.34568346307)(2000012    180.796184145519)(2000200    -710.806773676213)(2000111    -274.144583752103)
6 0      - (1000000    -1873.719154823)(2000100    -1761.53301981935)(2000200    -1529.12139123225)(2000001    -2270.92677311592)(2000211    -1167.02312553203)(2000201    -1759.66749830727)(2000202    -1625.7719104184)(2000101    -1371.98061729546)(2000102    -1192.1396286883)
2 6      - (2000102    -942.554665656126)(2000002    -1239.91307869125)(2000101    -972.325762178791)(2000200    -1501.18338461942)(2000202    -1203.41755828463)(2000100    -1341.56043591709)(1000000    -1047.50837254772)(2000201    -941.909516784073)(2000111    -0.4932)(2000211    -1018.08191254494)
5 1      - (1000000    -545.538400405822)(2000002    -1792.79649153529)(2000101    -1452.95449168942)(2000100    -1229.23458594641)(2000202    -1406.11144362783)(2000012    -1750.64031347999)(2000102    -1822.22315528432)(2000200    -16.0646227556163)(2000201    -1500)(2000211    -868.830722482554)(2000001    -1235.8772289273)
5 0      - (1000000    -1712.60115916434)(2000202    -1755.79665131061)(2000200    -151.381588945167)(2000001    -1753.57985262559)(2000101    -1727.06799615841)(2000002    -1655.86093454534)(2000012    -1427.26606770256)(2000201    -1698.65176375722)(2000102    -1855.21012004035)(2000100    -1776.67444387697)
5 6      - (2000101    -1123.28673749069)(2000001    -899.413550835098)(2000002    -1083.94370686533)(1000000    -780.260142332381)(2000012    -529.975297275804)
6 2      - (2000201    -1304.51369468103)(1000000    -1290.27098666164)(2000101    -751.4946)(2000100    -903.148770966441)(2000202    -1375.7473)(2000002    -884.828250197274)
2 9      - (1000000    -666.489471637156)(2000201    -1295.32286095131)(2000101    -941.094235609886)(2000100    349.043023318252)
1 9      - (2000101    -630.437295556995)(2000202    -682.794345100252)(2000102    -785.598155177026)(1000000    -983.618077309724)(2000201    -715.035225302758)(2000001    -500.5)(2000100    -815.218647778498)(2000002    -613.012251471326)
10 0      - (2000201    -65.5778872138567)(2000200    -357.345449702737)(1000000    301.246830404188)(2000202    -273.518768993232)(2000002    -307.430353722912)(2000211    -500)(2000102    -96.9240035560767)(2000100    -970.970836594146)(2000101    -854.99517915384)(2000001    -115.553776467151)
11 2      - (1000000    163.07027121486)(2000201    -1109.02731368603)(2000002    -1000.9361613832)(2000200    -279.045311822327)(2000101    -1256.2288237122)(2000102    -1036.09413777978)(2000202    -1316.9801805724)(2000100    -1301.3858427607)(2000001    -833.568080925957)
2 14      - (1000000    -183.889524979123)(2000111    -0.4932)(2000200    -873.883616038859)(2000100    -903.728311917355)(2000202    -978.73000088932)(2000201    -1539.37734719017)(2000001    -928.151434319449)(2000101    -1362.94366362084)(2000002    -858.602248273778)(2000102    -1351.50518294783)
9 0      - (2000101    2787.57882872492)(2000002    -1037.99908558495)(2000100    -574.218390415867)(2000102    -585.886102045838)
10 1      - (2000001    -204.582948167827)(2000102    -568.44929990558)(2000201    -341.18309392298)(1000000    15.1692552092971)(2000202    -236.319131380317)(2000101    -425.989816541549)(2000200    -1076.43892141389)(2000002    -1540.74225722989)(2000100    -595.235099772541)
13 0      - (1000000    -1043.29599394473)(2000100    -538.878493926847)(2000101    -512.020349146944)
0 13      - (2000201    818.131998172859)(2000100    -498.754428943684)(1000000    381.915424134292)(2000200    -811.099236751529)(2000102    -1565.94852404379)(2000101    -907.127042873444)(2000002    -558.428522168939)(2000001    -696.157651241215)(2000202    -779.384878980587)
1 11      - (1000000    -447.416494040829)(2000101    68.2795605093308)(2000002    -199.993921319471)(2000202    -130.248175796508)(2000001    -1041.42370668794)(2000200    -740.721835450413)(2000102    -100.351657297487)(2000100    -495.498993363685)(2000201    -39.1687617693368)
9 2      - (2000002    -1662.85129397673)(1000000    -1380.79027429956)(2000200    -1217.00822131279)
12 2      - (2000102    -572.12938487315)(2000101    -264.145640370687)(1000000    -98.6156267831252)
1 13      - (1000000    1039.53777591628)(2000202    133.562650446761)(2000200    -26.468663717433)(2000001    -134.918792859589)(2000201    -17.3827185228729)(2000002    233.469717226358)(2000101    632.09172121337)(2000102    -93.4062246044468)(2000100    -157.398353774147)
12 1      - (2000201    -352.553508372171)(1000000    -295.131565241325)(2000100    -293.848643894089)(2000101    -337.618123767711)(2000001    -335.712956397036)(2000002    -295.844441276227)
0 14      - (1000000    -131.421287236007)(2000201    -99.4141940704691)(2000002    -75.7579598855218)(2000101    -212.144231060963)(2000102    -943.025245171193)(2000202    -1159.29826414755)(2000001    -14.0153739312125)(2000100    -897.444064164986)(2000200    -523.170195294178)
13 2      - (2000002    -899.063553663791)(2000101    -1107.64361042022)(1000000    36.933953732019)(2000202    -1653.29677582747)(2000100    -709.816768671388)(2000201    -547.290917531167)(2000001    -656.363809771427)(2000200    -970.887706614241)(2000102    -1170.27714665646)
0 12      - (2000201    10745.2447696696)(2000100    14906.7461451055)(1000000    10324.5465038766)(2000001    11372.4860216913)(2000202    11366.2256332092)(2000101    13026.323269919)(2000102    10237.4375198981)(2000002    11159.5476667496)(2000200    9125.23218706862)
14 0      - (1000000    -418.269332531637)(2000201    -764.198765545719)(2000202    -456.380163230537)(2000101    55.9399537432764)(2000100    -767.269885747452)
1 16      - (1000000    -500)
1 14      - (2000100    -735.31531814684)(2000102    -953.759498858661)(1000000    -455.151262137362)(2000101    -1054.7988411968)(2000001    -593.837953571075)(2000201    6.57277749233111)(2000002    -431.286787131046)(2000200    -863.366759598383)(2000202    -1009.73174155834)
0 9      - (2000200    -1279.26543520065)(2000102    -1758.64095499764)(2000201    -1224.74364272459)(2000002    -1357.82162194239)(2000202    -825.960866983197)(1000000    -1295.45816620797)(2000001    -248.237224428382)
2 13      - (1000000    -574.105285263656)(2000102    -251.765630822239)(2000200    -445.705646175455)(2000002    -594.547700324767)(2000201    -523.367566842703)(2000001    -359.383521298969)(2000101    -501.201076395447)(2000202    -658.124590971816)(2000100    81.8858052858814)
0 15      - (1000000    -444.21815241074)
1 12      - (2000201    -94.8860945997363)(1000000    -762.710514546994)(2000100    336.007159484365)(2000001    945.208805903128)(2000202    -896.839299218115)(2000002    858.532897500234)(2000101    446.075043825776)(2000200    1001.79980684938)(2000102    -72.6296137921979)
14 1      - (2000002    406.649359076787)(2000101    470.759406180858)(2000201    450.734528312889)(1000000    642.724404343357)(2000200    179.558063566067)(2000102    -1221.47754705835)(2000001    -664.808097081405)(2000100    453.301152656145)(2000202    -732.153833793716)
0 8      - (2000200    -996.482291160917)(2000202    -715.390675250986)(2000001    -573.152473876551)(2000012    560.449349188867)
12 0      - (1000000    -226.138819947154)(2000101    424.630394722761)(2000102    -1371.45113731321)(2000100    -75.4314218427624)(2000200    -1214.39773553096)(2000001    -108.396739369947)(2000202    -907.439453478307)(2000201    1205.49097585724)(2000002    351.029966574157)
2 12      - (2000002    125.56043087362)(1000000    -200.584397558615)(2000001    233.603864842341)(2000102    457.817936298679)(2000202    487.988742454651)(2000200    436.874619223361)(2000100    504.356548795629)(2000201    294.331581749773)(2000101    -143.855317105138)
3 10      - (2000001    -248.543620788197)(2000101    -142.630896213296)(2000202    -843.388934619971)(2000100    -592.895734619971)
2 8      - (2000100    -1120.54784759598)(2000201    -1889.44411454126)(2000102    -1818.30586387075)
11 0      - (1000000    -19.2646343775375)(2000101    -287.886487992974)(2000001    189.96716514193)(2000202    -1017.90109489941)
1 10      - (1000000    -212.839400333427)(2000202    -1500)(2000101    -917.111967909289)(2000100    -875)(2000002    -1837.97432123538)(2000200    -1137.59027062164)(2000201    -1109.33552424213)
0 11      - (2000202    -574.748141510721)(2000102    -134.496405947336)(1000000    -420.14611356807)(2000100    -103.867394668698)(2000001    -584.850829418188)(2000002    -92.4595090543412)(2000200    -54.8719707659786)(2000201    1171.18687257364)(2000101    608.063204467009)
4 14      - (1000000    -1424.85914311129)
4 15      - (1000000    -999.8)
8 3      - (1000000    -1119.61501745865)(2000202    -760.745681476427)
2 10      - (2000201    -1040.49545146685)(2000101    -919.128228722074)(1000000    -1377.47131808482)
0 10      - (2000200    -1178.6281924756)(1000000    -89.2345404381451)(2000001    -436.375042883026)(2000201    -1355.02796307808)(2000102    -114.353236462562)(2000002    -111.814265004658)
3 7      - (2000001    -1091.68647207426)(2000101    -879.496330614641)(1000000    -966.431321736684)(2000202    -1271.70787908603)(2000201    -1139.59732590688)(2000200    257.480154479964)
11 1      - (2000102    -846.354252593878)(2000100    -51.6891042897985)(2000002    -682.280803639055)(2000202    -691.206971414043)(1000000    -227.204875876467)(2000201    -1075.52845415889)(2000101    -980.222114438859)(2000001    -500.769424148682)(2000200    -642.391190907531)
15 1      - (1000000    -710.026452898953)(2000101    -817.501666649687)(2000201    -803.695672635495)(2000102    -781.960750695066)(2000002    -576.39735000952)(2000001    -566.182983615966)(2000202    -549.828627962086)
3 11      - (1000000    -168.966636065963)(2000100    -1064.80831276703)(2000102    -1127.94892469117)(2000202    -1240.09701395768)(2000101    -712.60531237071)(2000201    -118.091251792925)(2000001    -298.197576937329)
13 1      - (2000100    -61.314076795121)(1000000    -1007.26023805033)(2000202    -92.9583062187786)(2000002    -89.383889045431)
14 2      - (2000201    -150.948766494366)(1000000    -655.089017443495)(2000202    -671.735260200582)(2000001    -134.714449218354)(2000101    -689.459564531115)(2000102    -1392.28393398046)(2000100    -57.7474194404187)(2000002    -445.084153447639)(2000200    -585.335745986557)
5 3      - (2000002    -1632.67878750638)(2000100    10604.8265473425)(2000202    -1972.41996941288)(2000001    -2130.58904124447)(2000201    -2152.59555611097)(1000000    -1189.69331048979)
3 6      - (2000202    -1630.15377503789)(2000102    -1297.99768202224)(1000000    -1779.68864118504)(2000101    -1496.15637343187)(2000100    -291.628669935595)
1 15      - (2000201    -290.181843642756)(2000002    -213.980100368187)(1000000    49.296890120929)
2 7      - (1000000    -2087.77543631901)(2000100    -729.584084463842)
0 7      - (1000000    -229.948425215786)(2000102    -1330.70946381211)(2000100    -1117.86373111552)(2000101    -220.05752812842)(2000201    -534.844287393874)(2000200    -642.278289073567)(2000202    -395.731869545229)
3 5      - (1000000    -37.3430517388723)(2000201    -2120.72603509042)(2000202    -2119.72086459267)(2000200    -1377.49655773859)(2000102    -2374.78683381878)(2000002    -1957.51910454224)(2000100    -2050.19583845702)(2000012    220.999829735836)
3 9      - (2000002    -739.875000588416)(2000100    -73.9188963844834)(2000201    -538.750435661243)
2 15      - (1000000    -168.2079539988)
8 2      - (2000001    -192.499838250638)(2000002    -682.632718963189)
4 10      - (1000000    -1440.95774763779)
9 1      - (1000000    -1240.11701922042)(2000202    -1625.375)(2000101    -1418.75018863233)
3 15      - (1000000    -292.738966196072)
4 16      - (1000000    -648.492125625613)(2000001    -404.751153194918)(2000002    -330.339810176224)(2000102    -438.182794908318)(2000202    -389.658229381279)
2 11      - (2000002    -1655.39990707961)(1000000    -716.144767413903)(2000202    -714.069164696738)(2000201    -886.230277756854)(2000100    -794.834421124655)
6 5      - (2000002    -1827.5942120239)(2000100    -1774.84909074062)(2000202    -1354.42246203827)(1000000    -2164.611711049)(2000201    -1000)(2000102    216.187713268726)
6 1      - (2000201    -1575.31191806293)(2000101    -1202.5922386786)(2000202    -1388.02191372397)(2000102    -1099.17887184207)(2000012    -965.909539930488)(2000001    -1455.74412378338)(2000200    -806.839053437936)(1000000    -829.813025723628)(2000002    54.0746417410569)
1 8      - (2000202    -106.119758410823)(1000000    -500)
0 16      - (1000000    -598.97595630238)(2000001    -363.410161450818)(2000002    -460.377060348846)
6 9      - (2000201    -276.666843889919)
5 9      - (2000200    -219.084118344436)(2000101    -291.546913276544)(2000202    -234.420070320426)(2000002    -215.906554573114)(2000102    -217.508877147379)(2000001    -12.9917004526317)
15 3      - (2000200    -77.5008713224862)
10 9      - (2000102    -616.574388658581)(2000100    979.857818054858)(2000001    16072.9168907583)(2000002    6764.13252247308)(2000101    4448.95156998253)(2000200    3517.05715186747)(2000201    2084.76441312644)(1000000    5904.36827751322)
9 9      - (2000101    -813.98941870167)(1000000    -435.035172949756)(2000002    1155.21421344895)(2000001    1174.60055968537)(2000102    -217.954631583798)(2000200    -328.646572290718)(2000100    -798.567813362323)(2000202    -343.792797828858)(2000201    -632.672823653645)
7 8      - (2000202    -221.390821698879)(2000001    -225.446306217552)(2000002    -228.312455880088)(1000000    -214.565976018533)
10 12      - (2000102    -299.37138955377)(2000101    4393.28013966082)(2000200    4708.22906715964)(2000100    8707.48486535549)(2000002    16463.4211021832)(1000000    7156.60790747419)(2000202    -216.399269260966)(2000201    4865.4985891411)(2000001    2544.10861713366)
10 8      - (2000100    -483.145371672477)(2000101    -1434.47163496287)(1000000    -224.038112565016)(2000002    1685.69028570813)(2000001    297.521195548302)(2000201    -517.315894914721)
10 10      - (2000102    -1095.49834413439)(2000200    10117.4752596376)(2000101    4416.2426814446)(2000002    8046.15324650298)(2000100    5489.00294485435)(2000001    16411.7534030119)(2000201    6730.16788438374)(1000000    -54.6411744370142)
9 13      - (2000201    -264.918088853187)(2000002    -149.488856753212)(2000101    -317.968892993282)(2000102    -331.393433631197)(2000001    -420.499259195912)(2000202    -255.768948762314)(1000000    -759.773291153956)
12 12      - (2000202    -341.883017530399)(2000002    629.586731611196)(2000101    -1139.29619054072)(2000201    -917.693395267187)(2000100    231.466448749357)(1000000    6360.27151287721)(2000102    -436.033161504413)(2000200    -778.834303949277)(2000001    722.870485147062)
8 8      - (2000001    -676.834307748081)(2000101    -751.820216718439)(2000002    -758.480207764939)(2000201    -555.169853785897)(2000102    -161.314139075259)
14 11      - (2000101    -246.519044870071)(2000202    -73.9840708570155)(2000201    -235.887793030454)(1000000    11532.3426289507)(2000100    473.029707924357)(2000001    604.521800648628)(2000002    -251.33289774187)(2000200    -640.038467574482)
8 12      - (2000001    -454.131793310372)(1000000    1158.21301921812)(2000101    -264.946968718697)(2000100    1903.69386245488)(2000202    -214.397318681196)(2000200    12609.3377520722)(2000002    4216.00046840564)
9 12      - (2000001    2674.87130380589)(2000200    1690.65350844971)(2000100    7152.434921385)(2000201    -744.948785376921)(2000102    -192.71981653895)(2000002    16698.9641388664)(1000000    3377.90462884037)(2000101    4187.45010928819)
8 10      - (2000200    -282.849211857028)(2000001    12231.4383666187)(2000100    -387.082871947935)(1000000    -568.042923141054)(2000201    3333.37478369695)(2000101    4569.3868980345)(2000002    3999.94092694303)
10 11      - (1000000    1867.41252504831)(2000200    1041.59214458675)(2000100    3039.69895202433)(2000001    3111.34907132872)(2000202    -221.314236574328)(2000101    14344.7026605977)(2000201    4074.91735464518)(2000002    4855.58089108843)
8 11      - (2000100    2232.60153709588)(2000201    -1056.63917164545)(2000202    -138.471342373633)(2000101    -763.302251902154)(2000200    2159.97835640758)(2000002    14469.54408929)(1000000    3396.04319679347)(2000001    9708.85716510706)
11 9      - (2000200    9030.30992330702)(2000102    -515.572691138454)(1000000    3400.89445720147)(2000001    16287.7982692361)(2000100    7992.8217252521)(2000201    5357.20297455195)(2000002    6315.42042832548)(2000101    6933.75107047083)
10 13      - (2000101    2113.46491942463)(1000000    -472.8478984719)(2000100    -459.122193053378)(2000200    -379.124364476999)
13 11      - (2000002    186.271981721728)(2000200    -649.286864361667)(1000000    1625.69896859719)
11 10      - (2000100    2633.76670291392)(2000102    -427.43901431493)(2000201    8405.11202618324)(2000001    4260.03256231168)(2000200    6186.03672407629)(2000202    -378.253409141433)(2000101    5062.71585806291)(2000002    15760.1050863917)(1000000    8097.51077155764)
12 13      - (2000201    -555.169853785897)(2000100    1043.26100973812)(2000001    -155.887555461519)(1000000    161.73154874179)
12 10      - (2000102    -179.506784846797)(1000000    -579.047467020532)(2000200    -599.838994119014)(2000201    -154.561216881193)(2000001    -100.915970459293)(2000002    -143.404206005162)(2000101    -1156.28392472535)(2000202    -131.835813348649)(2000100    -911.867173780308)
13 10      - (2000002    -698.382759092964)(1000000    -799.733561167039)(2000001    -204.579204240057)(2000201    460.242474574292)(2000101    3034.30525802959)
15 13      - (2000100    14620.7149420794)(2000001    -553.581284577714)(2000101    -637.163529435039)(2000201    -597.206664783992)(2000002    -596.026717919821)(2000102    -468.895725483594)(1000000    3847.25781316028)(2000202    -544.523518061518)(2000200    4309.14138729337)
12 11      - (2000200    -810.740243560971)
12 9      - (2000100    -650.784363195647)(2000102    -127.809474277315)(2000202    -283.857656268844)(2000001    -709.860535415654)(2000200    -392.294104324252)(2000002    -603.066487766957)(1000000    371.949617356123)
11 11      - (2000200    7052.95338086049)(1000000    6575.56143718939)(2000101    580.31890934735)(2000201    6842.64621091046)(2000100    5424.60139108311)(2000001    15487.1556091571)
12 14      - (2000002    -200.192043613798)(2000201    -210.271198568974)(2000100    16367.1477839173)(1000000    10871.9377249812)(2000001    12848.6578041677)(2000200    12443.5071810013)
13 9      - (2000201    -364.851881622678)(2000001    -677.432994644347)(2000102    -215.083599454677)(2000100    -345.335008967018)(1000000    -798.922336195109)(2000002    -395.092924573778)(2000101    -951.315169184466)
14 13      - (2000102    -221.277446596628)(1000000    14258.4174593775)(2000200    8725.87180762748)(2000002    -222.236305827637)(2000100    16656.3558208789)(2000001    13496.1135717514)
14 12      - (2000100    11727.0391759378)(2000001    12272.4455650382)(2000200    12333.0346454699)(2000101    -152.696624660317)(2000202    -96.6076832154258)(2000201    -95.4916441253188)(1000000    16790.9411411774)
13 13      - (2000201    -112.650978717807)(2000200    10047.631170182)(2000202    -164.872115975019)(2000101    -184.235858733348)(1000000    16847.1080749468)(2000100    12755.4043492984)(2000001    9496.70322964331)
11 14      - (2000002    -607.12683407401)(2000200    -206.121075981618)(1000000    14678.1255685258)(2000001    430.67192708333)(2000102    -153.274209660587)(2000201    -157.510960226288)(2000101    -106.212357006092)
14 10      - (2000001    -261.053465083799)(2000201    2569.24874327845)(2000200    -454.877736030574)(1000000    16192.5289593388)(2000202    -387.76675869007)(2000002    2327.64927330794)(2000101    3516.60883129156)
15 12      - (2000101    -146.602375617763)(1000000    15870.5836032398)(2000200    -99.8270623695768)(2000001    3192.53045749955)
14 9      - (2000001    -196.310290799392)(2000202    -231.168280087738)(2000100    -73.1889062985358)(2000201    6674.88513060081)(2000200    -161.686202207766)(1000000    13134.929284655)(2000002    15643.135744774)(2000101    9555.04325436592)
10 15      - (2000001    -747.069727433082)(2000101    4113.63296544485)(2000200    -315.794160123138)(2000100    -296.374510641207)(1000000    15159.1987389243)(2000002    2602.07744656446)
8 16      - (2000102    -668.733552065674)
15 11      - (2000001    -390.657543132171)(2000202    -353.641948093884)(2000002    -904.600089890037)(1000000    2269.50258067373)
7 13      - (2000202    -139.683789690727)(1000000    -139.683789690727)(2000102    -171.732177035647)(2000201    -144.602028687978)
15 9      - (2000102    -208.524840516873)(2000200    -202.554243575387)(1000000    12065.1409970422)(2000201    1872.92376837835)(2000001    -111.732907602262)(2000202    -166.099361403393)(2000101    4572.02409107197)
9 16      - (2000001    -131.275646640488)
7 11      - (2000201    13649.5115493929)(1000000    2180.87965170091)(2000002    4274.70527277824)
10 14      - (2000100    -111.677554713935)(2000200    -216.381204391188)(2000202    -652.018356494981)(2000201    -79.8557409535426)(1000000    15223.2527478364)(2000101    3988.12182682657)
16 10      - (2000100    -94.7533948974705)(2000101    -99.6254254962401)(2000201    -92.1565816310447)(2000202    -146.637852926864)
11 8      - (2000200    -389.127903665043)(1000000    6735.72826780308)(2000201    963.139061124934)(2000102    -165.828444482501)(2000202    31.9520540330968)(2000002    15981.8369215649)(2000101    2175.28949100684)(2000001    1740.54567436757)(2000100    1160.94393996088)
16 11      - (2000002    -389.725159812179)(2000200    -192.013923386295)(2000001    -207.39130241434)(2000102    -107.930825319377)(1000000    5516.82149750045)
12 7      - (2000201    12017.741444837)(2000100    793.658205608362)(2000002    1678.48799064761)
9 10      - (2000102    -181.500328283525)(2000100    5047.61530180191)(2000200    670.357409242391)(2000201    2065.4325434608)(2000001    16267.8017520614)(2000202    -213.375112484345)(2000012    633.676300964211)(1000000    1259.47389884418)(2000002    17.426808556801)(2000101    3351.73023845887)
9 14      - (2000201    8732.44834515031)(2000200    -185.23909059755)(2000202    -111.955024121598)(1000000    825.174352551661)(2000100    -112.925120965537)
15 10      - (2000001    -342.04993112935)(2000102    -361.469895193007)(2000201    2899.23709610453)(2000202    -271.958656666183)(1000000    11959.2559584121)(2000002    3711.95312824601)
9 15      - (2000100    -165.263355929767)(2000101    8073.23627481565)(2000201    14371.3836041348)(1000000    4753.50802617483)
10 16      - (2000002    -362.016340553229)
6 12      - (2000100    -484.038574065405)
9 11      - (2000101    4730.96340884607)(2000201    2717.39263318639)(2000202    -249.487524522553)(2000002    15234.7634302174)(2000200    2394.15082216699)(2000100    2576.57963548179)(2000001    -981.019731528521)(2000102    -254.329269230047)(1000000    5490.50635039944)
12 16      - (2000001    -1004.51332714836)(2000102    -430.069882855059)(1000000    13910.3725221473)(2000002    -233.522584784916)(2000200    5538.93423359689)(2000100    3219.1123730319)
8 13      - (2000201    -178.371806455559)(1000000    -383.479167662282)(2000100    -387.792830373967)(2000101    -425.859102843468)(2000202    -445.159943535622)(2000001    -383.593028375613)(2000002    -111.109916749263)
8 7      - (2000001    -1125.8690719162)
12 15      - (2000201    -750.775966211315)(2000102    -166.099361479565)(1000000    14428.1373121041)(2000200    7441.57742420239)(2000001    3715.75206635161)
13 14      - (2000100    16419.1973840815)(2000002    -149.647180980587)(2000202    -142.262012879126)(1000000    11047.7191867713)(2000200    11292.2118402369)(2000001    13710.6929117809)
16 9      - (2000102    -611.948601589806)
15 8      - (2000002    607.957824501723)(2000200    -208.651414838999)
16 15      - (2000200    1066.38634821693)(2000100    735.218629948121)(2000001    781.152478474691)(1000000    588.207279918995)
6 11      - (1000000    -1228.54530569664)
7 14      - (2000202    -127.295827852098)(2000101    -941.759217958314)(2000200    -603.785386792262)(2000201    -916.151156284609)(2000102    -111.092604523356)
7 15      - (1000000    -207.562957689538)(2000102    -109.801967474352)
5 10      - (2000101    -569.925532554264)(2000002    -549.434457334964)
12 8      - (2000002    -845.375857564663)(2000101    -495.172255228151)(1000000    -821.198256054453)(2000201    -156.630700864404)(2000001    -142.456770157449)
17 13      - (2000100    -732.346360168133)(2000002    -732.346360168133)
13 15      - (2000200    4092.60684491019)(2000201    -347.840285040878)(1000000    14943.0072843501)(2000001    3415.41429237031)(2000100    6928.09081932441)
18 14      - (2000201    -763.222240180893)(2000200    -783.842036714527)(2000101    -956.08778433108)
11 15      - (2000102    -138.474846642512)(2000101    -125.560300756533)(2000001    -118.803464039431)(1000000    14072.2298054945)
13 18      - (2000200    -567.387693736818)
14 8      - (2000201    12001.4316117635)(2000200    -514.340619667713)(2000101    1143.17779986132)(2000002    2100.63541180654)(1000000    3391.27010521129)
14 14      - (2000001    16843.0531375933)(1000000    14895.3799259585)(2000100    9593.59664738135)(2000200    7399.94483981752)
11 16      - (2000100    -962.345427897663)(2000102    -381.294659561498)(2000201    -497.444165227472)(2000002    -89.0705516210046)(2000101    -42.0324903394224)(1000000    7186.5048282282)
13 7      - (2000101    -837.034252820633)
14 21      - (2000201    75.7836825288362)(1000000    555.255241970525)(2000101    -314.835831408639)(2000202    -1054.00921265232)(2000001    33.0247968419433)(2000002    7813.46106699749)(2000102    -315.867215948797)(2000100    -12.7048880853834)(2000012    1044.62528425636)
22 15      - (2000101    -443.637408500147)(1000000    -933.827355584636)(2000200    -419.181021202731)(2000202    -772.692956478488)(2000001    -50.7339950637924)(2000100    -377.610516251079)(2000201    -544.813592037944)(2000102    -354.242280237918)(2000002    -412.016525213078)
15 14      - (2000101    -303.403745375504)(2000102    -378.253409141433)(2000001    11505.9477987088)(2000200    1287.88674340395)(2000100    1429.22433344072)(1000000    729.289365250618)
9 17      - (2000100    -148.144826471587)(2000101    -1533.3072907134)(2000001    -119.788273788993)
11 13      - (2000201    -611.340352327162)(2000002    249.875)(1000000    182.758742831059)
13 23      - (2000100    524.781924142439)(2000102    261.537441907264)(2000002    978.619460238369)(2000001    -96.9147807660978)(2000200    897.119100493003)(2000202    194.527482620813)(2000101    -443.458946323037)(2000201    479.379929325215)(1000000    802.417289035974)
14 25      - (2000200    -809.072955411806)(2000001    -197.11626921461)(1000000    -1025.71171172284)
22 12      - (2000202    -440.824302514428)(2000102    -434.97610004781)(1000000    -729.813120620497)(2000101    114.468092026656)(2000201    -954.944856675569)(2000002    4030.426988814)(2000100    -445.611650565424)(2000200    -570.489459954621)(2000001    -536.580190527864)
21 12      - (2000201    420.811410282778)(2000001    415.109870641665)(2000100    232.067479793641)(1000000    108.717631967161)(2000002    418.196124368924)(2000102    297.893490586028)(2000200    -369.481618723908)(2000202    334.18544856246)(2000101    86.9201511806168)
13 21      - (2000101    212.268663493446)(2000100    287.447003374372)(2000002    413.467809834615)(2000202    263.330202820224)(2000102    160.14220054238)(2000200    97.4414193453307)(1000000    278.498233947601)(2000201    474.172606404786)(2000001    6805.76987252789)(2000012    552.486992986767)
25 14      - (2000102    -111.342894215117)(2000002    -1061.12872568779)(2000100    -268.222530978665)(2000101    -235.379632828079)(2000001    -323.918339884695)(1000000    -956.719450949723)(2000200    4670.71084906337)(2000201    -597.890701850109)
24 12      - (2000101    1492.99630983314)(2000102    -54.1765666113797)(2000001    1877.34140056318)(2000200    -1147.939931865)(2000002    13426.6340473566)(2000100    899.442513885728)(1000000    -574.705778370321)(2000201    5839.69905039796)(2000202    699.086046636505)
23 11      - (2000201    -783.362175669499)(2000200    -777.990531750924)(2000101    2756.52552655835)(1000000    -557.622724824466)(2000202    -115.009279647349)(2000102    -85.0052868806219)(2000002    2439.93726885572)
14 23      - (2000001    3436.11276963948)(2000202    1410.18650113096)(2000101    647.035447574477)(2000102    -622.831620537263)(2000200    4621.1416103381)(1000000    387.44497329995)(2000100    380.1724320289)(2000201    104.036966546369)(2000002    -454.108181460356)
11 7      - (2000200    1538.65388795086)(2000201    -423.343212976489)(2000101    6061.7408087667)(2000002    14748.8867152405)(2000100    1399.50920687546)(2000001    2867.09356852533)
24 13      - (2000201    -1443.70182951458)(2000102    -70.1934033945278)(2000202    -211.229070913308)(2000200    -657.028377439079)(2000101    -851.936929682788)(2000002    -1286.08600554309)(1000000    223.129556663043)
21 11      - (1000000    -1443.18734639265)(2000101    2474.28052741686)
13 20      - (2000102    -168.456576268126)(2000201    -415.498495274318)(2000001    14.4892809109957)(2000202    164.199418207345)(2000002    -574.796594352783)(1000000    2070.2477248018)(2000101    498.922910483674)(2000200    138.644199525357)
11 22      - (2000001    -651.840564377188)(2000100    -801.058173271834)(1000000    -642.403114634186)(2000002    10120.8796264951)(2000101    2381.42911350796)
11 23      - (2000001    -333.179047509372)(2000200    -380.58312915962)(2000201    5595.51821759142)(2000002    -823.93464292876)
10 23      - (2000101    -664.272667622055)(2000200    -161.179724147748)(2000102    -231.59727071344)(2000002    5075.95105215427)(2000100    -118.403193206429)(1000000    -509.055290068649)(2000201    -348.856190194982)(2000202    -386.028379868309)(2000001    -214.439610531831)
11 27      - (2000002    13427.6928204327)
14 22      - (2000102    250.339705889578)(2000201    259.504292477391)(2000100    227.234966870182)(2000101    290.58459082607)(2000202    68.6037282537834)(2000002    286.606802276244)(2000200    262.283987261604)(1000000    292.98734695681)(2000001    1142.73223053133)
16 8      - (2000001    -255.114175322151)
13 22      - (2000002    649.153771484443)(2000100    714.373452819497)(2000101    662.192916436245)(2000102    466.907587356781)(1000000    -331.213011095089)(2000200    859.797258571926)(2000202    818.790949815984)(2000001    222.566611959105)(2000201    857.922803628168)
22 14      - (2000200    314.834342620117)(2000201    375.07102341026)(2000001    -151.701718286156)(2000002    148.498383367951)(2000202    267.569869260214)(2000102    321.93644128811)(2000100    141.828992939899)(2000101    27.5639423611996)(1000000    109.16335120193)
23 14      - (1000000    -255.00631213275)(2000101    -564.017955284676)(2000201    -199.777366596454)(2000002    -494.440245866384)(2000200    -251.942489112151)(2000100    -532.753888110395)(2000001    -136.927212034596)(2000102    260.281721467197)(2000202    -471.669561620503)
24 17      - (2000002    748.894205690165)(2000012    406.062731295137)(1000000    123.352442630955)(2000100    147.371260196773)(2000202    113.123891361237)(2000001    302.430386230848)
26 12      - (2000201    -816.866330942997)(2000101    -628.132488698406)(2000001    11314.8429961707)(2000200    1523.0729952052)(1000000    4069.40209107584)(2000100    3054.28756341384)
15 22      - (2000012    1034.26394984359)(2000200    1753.20228224086)(2000201    -866.331510727931)(1000000    5141.53340110194)(2000002    483.864316816291)(2000102    564.75596073852)(2000101    564.67816073852)(2000100    564.67816073852)
28 13      - (2000200    -1067.88071147581)
23 15      - (2000201    42.7755893974356)(2000002    -518.062105054588)(2000202    129.334992363826)(1000000    -57.008019944703)(2000101    -502.058193290396)(2000102    -331.504637635482)(2000001    -30.5178622326645)(2000200    -234.322722686492)(2000100    346.481994499551)
12 22      - (2000102    -367.740358175285)(2000200    -310.343016840462)(2000100    -525.308639641661)(2000001    -453.487988145196)(2000101    2409.85817206856)(2000002    -384.517677091176)(1000000    1830.46692649213)(2000202    -492.051307483028)(2000201    8720.84400359755)
25 13      - (2000100    -559.25379658253)(2000201    -814.94188592687)
22 13      - (2000101    372.398799407469)(2000100    -1225.08095563082)(2000102    -489.648786044326)(1000000    8415.17266928555)(2000200    -219.159801033537)(2000201    -322.108652698908)(2000002    -369.943374462855)(2000202    -187.320934672698)(2000001    294.588298050969)(2000012    -555.907132502329)
25 12      - (2000002    -1248.0536223119)(2000100    -924.256386647356)(2000101    -361.625218742969)(2000201    -474.395475928379)
27 12      - (2000101    -644.443274548915)(2000001    -966.664911823372)(2000200    -644.443274548915)
19 10      - (2000002    -834.763486835485)(2000200    -849.588039945278)(2000001    -702.478804451698)
12 21      - (2000002    -30.8060508012397)(2000201    -835.579042653674)(2000102    -492.954879033471)(1000000    4238.10638973215)(2000202    467.362861750169)(2000101    -478.946712414271)(2000100    -139.175702326922)(2000001    -388.512075130161)(2000200    -393.845742168552)
25 11      - (2000200    -899.702807286031)(2000101    -755.330978317126)(1000000    -951.761145940816)(2000201    -662.189970981842)(2000002    1458.17176241993)(2000100    -322.749595485686)
12 20      - (2000100    -285.155697039022)(2000001    -212.514546906286)(2000101    3502.09213861853)(1000000    -471.020437283456)(2000102    -422.690787901931)(2000202    -254.44445097529)(2000201    9390.87093633936)(2000012    499.7534)(2000002    1664.37962445958)
27 13      - (2000002    -596.684813993676)
26 11      - (2000200    -486.639538628941)(2000100    -835.91705933962)(2000201    1036.12383313856)(2000101    -1078.37689284449)(2000001    -1015.07307096762)(1000000    5565.29891511635)
23 13      - (2000012    -404.372576366205)(2000200    -358.242263844924)(1000000    -29.3680273169202)(2000100    -937.200188557875)(2000201    -480.755280830444)(2000102    129.414523143965)
21 13      - (2000202    17.7753039066442)(2000200    -415.122567430658)(2000201    -202.179647166964)(2000001    -499.922966075467)(2000101    -425.233537382851)(2000100    -173.880353504066)(2000002    -204.321353257593)(1000000    1.84653025061021)(2000102    -813.599903657808)
22 9      - (2000200    -980.738584091627)(2000002    773.479371497651)
22 18      - (2000002    133.143699634444)(2000201    -375.846758543496)(2000102    -574.709949508068)(2000100    -254.355617719888)(2000202    -128.927547568653)(2000101    49.3081957128214)(2000200    -232.728047335651)(2000001    -22.4143849223327)(1000000    -222.160538285568)
26 9      - (2000001    -1099.93938244627)(2000100    -1013.89427853939)(1000000    -1265.07802533418)(2000002    -1024.65713250233)(2000101    -1054.01222176645)
21 14      - (2000201    -480.812586214538)(2000001    178.412871813664)(2000100    150.337265392667)(2000002    -1262.79671247033)(2000101    595.765208397049)(1000000    346.018762841185)(2000102    724.224099813421)(2000200    381.223622703657)(2000202    449.370891459774)
23 18      - (2000201    274.307293784108)(2000001    255.497799949324)(2000100    288.223883734015)(2000200    227.690992350103)(1000000    354.775245079961)(2000002    197.000216999907)(2000202    294.212765124371)(2000102    1134.60624767841)
10 22      - (2000201    964.448301555751)(2000200    -1346.5129590912)
20 11      - (2000200    -1662.38570650723)(2000100    -965.635624645)(2000201    -466.965236222345)
25 10      - (2000201    -129.389456111935)(2000100    -1719.65225726463)(2000200    -378.945041175807)
20 17      - (2000102    -29.6520768452483)(2000202    -44.1001621786474)(2000201    -62.0150488118689)(2000002    -109.943835420771)(2000100    -385.677403379928)
13 3      - (1000000    -388.737316809123)(2000001    -632.465629888326)(2000200    -640.309939719706)(2000201    -647.844040614394)
21 18      - (2000200    -65.5879488981837)(1000000    -1196.95408688116)(2000202    -1475.41583230778)(2000102    -1294.61394926486)
15 24      - (2000002    1844.73840217817)(2000100    -924.038693510867)(2000101    9494.64267741751)(2000001    3161.46562759447)
10 2      - (1000000    273.345521361316)(2000001    -184.871066770927)(2000200    394.568607727654)(2000101    -507.942007295241)(2000201    -337.465238476885)(2000002    932.778028301403)(2000202    387.629031068447)(2000100    -196.204409455525)(2000102    96.1821982587709)
0 5      - (2000201    -213.706614570251)(2000002    -1060.33048506354)(1000000    -1040.29050988684)(2000001    -1827.65934355406)(2000100    -985.15774948545)(2000202    -1083.97930453319)(2000101    -624.866320217429)(2000211    -1500)(2000102    -1143.22992776755)(2000200    -1088.05939259271)
12 3      - (1000000    -366.955145861957)(2000101    -872.728202888421)(2000200    -828.173820153769)
10 21      - (2000100    -812.905806286926)(1000000    12092.3507637641)(2000101    4606.29311175558)(2000201    657.047512218183)
19 9      - (2000100    -936.973543076132)(1000000    -1106.57254352657)(2000201    -749.159323592903)(2000101    -784.974137764035)
23 12      - (2000001    -146.789950529297)(2000202    1015.08811587282)(2000102    698.682772409983)(2000002    9907.45658995568)(2000101    -544.638423064602)(2000100    -8.607442568431)(2000200    -149.360962348388)(2000201    -664.157755598124)(1000000    -403.682379031454)
28 11      - (2000101    -1019.77282516443)
22 16      - (2000012    -278.200166251164)(2000102    -845.280069743624)(2000201    -469.791229596424)(2000001    378.510417685316)(2000202    34.781387804308)(2000101    -356.612382348369)
28 14      - (2000001    -868.532132502329)(1000000    -1023.38461474258)(2000002    -784.080550033932)
7 26      - (2000201    -1207.02713980193)
23 10      - (2000100    -1397.93903802667)(1000000    -822.13423653695)
4 6      - (2000202    -1766.43525152642)(2000100    -2021.68599032921)(1000000    -705.447636211062)(2000101    -771.432702865689)(2000200    -1029.10908418033)
22 10      - (2000001    259.944410372539)(2000201    2437.68416985009)(1000000    -609.554359609545)(2000002    485.696973418682)
23 9      - (2000001    -63.0908200344443)(2000201    -861.896356747041)
15 2      - (1000000    -686.035146472712)
15 0      - (2000100    -516.874286623726)(1000000    -615.175091842578)(2000101    -677.114054105366)(2000102    -656.498016051568)(2000001    -831.643373435011)(2000202    -787.541781509369)
21 15      - (1000000    -310.115232375806)(2000001    196.556737951289)(2000201    -646.683586714848)(2000202    -475.951433212062)(2000100    191.878524147443)(2000101    -114.18667457422)(2000102    164.698192759878)(2000200    -761.969075264199)(2000002    -995.240225265865)
12 23      - (2000101    9848.89807997541)(2000001    202.062979569933)(2000002    2885.33659188195)(2000202    274.184812039099)(1000000    -47.9404914810884)(2000102    101.162440971815)(2000201    -114.313405809434)(2000200    272.75330304557)(2000100    2253.78454116971)
27 10      - (2000001    -611.454589890587)(1000000    -615.342118580479)
20 10      - (2000201    -1002.67967677353)(2000002    -623.980289124529)(2000200    -651.703041274214)
21 10      - (2000201    -1108.72740007175)(1000000    1509.48790000665)(2000200    -847.573185768902)(2000002    8426.82098448466)
21 9      - (2000002    492.389307012451)(2000200    -680.510421317791)(2000201    -515.517269696474)
11 20      - (2000001    -736.322161021187)(2000200    -849.248943083946)(1000000    11582.1752590729)(2000101    1075.03373847132)
24 10      - (2000200    -1092.70249239317)(2000201    -500.2466)
20 13      - (2000002    -868.198339611828)(2000101    -774.871644133315)(2000200    -305.667294945294)
26 10      - (2000201    -558.485575590168)(2000101    -500.2466)
24 16      - (1000000    4349.78490363419)(2000100    20.632170886008)(2000201    65.8402990016001)(2000002    65.0302990016001)
7 4      - (2000201    -693.664066040281)
0 6      - (2000101    -1676.63657549881)(2000202    -1819.75052941564)(1000000    -1998.13969345724)(2000002    -1974.08883150042)(2000001    -1078.55239854735)(2000201    -928.703782586745)(2000200    -1702.36627777419)(2000100    -1017.10868985072)(2000102    -1000)
20 8      - (2000001    936.731801992023)(2000201    -459.389808643529)
27 9      - (2000200    -787.113115451585)(2000100    -802.680015055378)
6 3      - (2000201    -1430.23688783444)(1000000    -1468.11110925079)(2000002    -2311.49932067536)(2000100    3275.36691622834)
5 4      - (2000001    -2239.1637486656)(1000000    -161.206566467704)(2000101    -363.031983289335)(2000100    -792.189760123779)(2000102    -1880.52538291208)(2000202    -311.414511067131)(2000200    -1517.95911808684)(2000012    1432.37542653745)(2000201    1482.79213752801)
9 24      - (2000002    568.870296092091)(2000001    2822.776133603)
24 9      - (2000002    1175.47406728757)(1000000    -368.884107672729)(2000200    1600.47816740784)
8 22      - (2000101    -500.2466)
24 6      - (2000001    -141.211788027559)(2000101    -876.432513592106)
14 27      - (2000002    11995.3168914152)(2000001    1902.38205773121)
7 1      - (2000001    -2091.35575791354)(2000101    -1340.86848763966)(2000200    -1058.84603661412)(2000201    -1618.96258481931)(2000102    -1500)
22 6      - (2000201    241.033886641353)
15 20      - (1000000    -1128.10012093684)
23 17      - (2000201    198.131539640169)(2000101    1009.18322416337)
27 15      - (2000101    -781.221928866628)
16 25      - (2000101    433.880396457775)
28 6      - (1000000    -799.826657342239)
28 9      - (2000201    -506.698953669545)
26 15      - (2000101    -500.2466)(1000000    -328.102070786527)
20 15      - (2000200    -15.0608241198676)(2000201    -837.492866283932)
27 14      - (2000100    -895.85726831386)(2000002    -843.017573236356)
10 29      - (2000200    899.281549031373)(2000100    14512.2225635894)(1000000    946.386098806477)(2000001    1783.56506439461)(2000201    5437.21424966862)(2000002    4226.22622410202)
20 9      - (1000000    -1267.54591019472)(2000201    -1157.49646782784)(2000100    -1194.95327449025)(2000101    -709.266508643529)
25 9      - (2000002    -1155.85826051604)(1000000    -1103.24240963102)
21 6      - (2000101    -914.086910076885)
14 24      - (2000001    -787.602382946998)(2000100    10130.7037801657)(2000002    -315.156552945894)
28 12      - (2000001    -542.270844427042)(2000002    77.6330226409798)(2000200    -960.06934913447)
24 14      - (2000101    -871.258555303605)(2000100    -1131.19538728826)
29 9      - (2000200    -500.2466)
28 7      - (1000000    -802.680015055378)
26 7      - (1000000    -1325.65331443958)(2000002    -1057.41857692521)
25 16      - (2000201    -583.477191277382)
9 25      - (2000002    1983.73150533609)
13 12      - (2000001    499.7534)(1000000    7480.61635065519)
6 28      - (2000101    -534.181005680889)
27 7      - (2000101    -1211.32151872033)(2000002    141.775697013743)
28 17      - (2000001    -500.2466)
9 23      - (1000000    -1084.45145864353)(2000002    1546.56304060751)
24 8      - (2000101    -918.940435580664)
28 8      - (2000201    -534.181005680889)
28 10      - (2000002    -1961.5671867309)(1000000    -1016.21963912075)
12 26      - (2000001    6192.38008910637)(2000201    7778.87248892557)(2000101    6213.11710798113)(2000200    5668.63037616909)(2000002    15254.3375865086)(1000000    7530.48264469031)(2000100    6253.34619151688)
9 19      - (2000201    -803.134495679935)
8 1      - (2000102    -1617.37125065286)(2000012    -167.003395116475)(2000001    -1521.87466276602)(2000200    -379.74769899119)
4 7      - (2000001    -929.614338439341)(2000102    -1388.24202517359)
7 3      - (2000202    -1500)(2000002    309.948805427348)
3 14      - (1000000    -148.635523249436)
28 15      - (2000100    -774.242215896084)
21 8      - (2000002    440.7029532853)(1000000    -1146.6873229857)
7 5      - (2000102    -817.926969771507)(1000000    -1474.04655207706)(2000002    -38.6924578648146)
16 14      - (2000001    1899.64393805709)(2000100    962.587704387239)(1000000    1241.4557570294)
20 16      - (2000001    -776.786325716387)(2000012    518.829645455257)
13 26      - (2000200    -882.020982251808)(2000201    4933.27110747514)
11 21      - (2000200    -496.617843166026)(1000000    1900.59720517501)
23 6      - (1000000    -1331.43789260007)
3 12      - (1000000    -863.31714027456)
3 13      - (1000000    -404.957608903396)
26 6      - (1000000    -758.516834722815)(2000100    -485.517769232791)(2000002    -356.917841705954)
20 12      - (2000101    -555.199370531079)(2000102    715.117267606136)(2000201    -488.937538665738)(2000001    -279.038139509685)(2000200    -258.392669498906)(2000100    -140.680275179935)(1000000    -556.571386129718)
23 8      - (2000201    -1210.06934913447)(2000100    -1117.5464538955)(2000101    -800.603171843608)
1 7      - (2000200    -1296.80395879963)(2000202    -1410.95001925662)(2000102    -1500)(1000000    -1199.52387514821)(2000201    -1026.7138544909)(2000100    -1518.08191254494)
11 12      - (2000201    -506.71677170168)
6 4      - (1000000    -729.946380839067)(2000202    -1321.39444112834)(2000102    -1330.11967932687)
21 16      - (2000102    -526.094522731284)(2000202    -478.640301314617)(2000201    -206.013406605628)
26 18      - (2000202    -506.827924100501)(2000012    -946.254635935149)(2000101    224.571733392317)(2000002    132.514952628909)(2000100    146.587269958233)
26 17      - (1000000    -240.99309947838)
26 5      - (2000201    -864.021845669667)(2000100    -805.977294945294)(2000002    -702.478804451698)
24 15      - (2000101    -337.262860639967)(2000001    -808.496479762354)(2000100    -230.645273839693)
13 19      - (2000102    577.441157197108)(2000101    -1168.58795004528)(2000002    9585.3094983492)
27 4      - (2000002    12800.4712313889)(2000001    13521.0078804136)(1000000    13580.5529581288)(2000102    12677.607877457)(2000201    14907.3661802512)(2000202    13606.2033923593)(2000200    12697.4877109306)(2000101    13639.7557819528)(2000100    12758.3345666325)
16 22      - (2000012    865.079995581235)(2000100    255.743681954542)(2000202    133.296227467551)(2000102    143.987238565619)(2000200    380.990553194412)(2000001    145.665069958233)(2000002    144.202494176326)(1000000    266.960259478816)(2000101    1796.66111212753)
18 11      - (2000200    1045.57432514296)(2000202    537.736380542789)(2000002    546.058009894339)(2000101    84.2718285982933)
19 16      - (2000001    -805.977294945294)(2000200    404.516993651502)
21 17      - (2000100    237.272068295076)(2000202    133.153791480845)
23 16      - (2000002    3602.20371340694)(2000001    -720.930800216772)(1000000    388.893753602792)(2000202    385.774767590718)
15 23      - (2000101    1939.67488438288)(2000100    976.487926665019)(2000201    4799.98589169144)(2000200    1983.59980093332)(2000102    -219.472679384184)(2000001    -614.816685653775)(1000000    12907.1233354609)(2000002    5919.15656602794)
20 14      - (2000201    -302.607985023577)(2000202    -152.240674347335)(1000000    -372.45138745243)(2000001    -262.921925291772)(2000102    88.8738421018596)
26 13      - (1000000    -794.896640688923)(2000201    -928.763891174184)
11 24      - (2000001    -863.033589585068)(2000201    -1178.18698428467)(2000100    -181.43328163236)
19 15      - (1000000    -1159.24417435989)
24 19      - (2000201    238.927119334754)(1000000    409.896485134654)(2000100    452.57399359461)(2000202    287.385099360956)(2000001    652.838483979785)(2000102    440.859777962772)(2000101    472.482818709903)(2000200    402.536525659664)(2000002    544.700496547148)(2000012    -19.521206548086)
21 19      - (2000002    -1033.35866654265)(2000012    485.27017142533)
21 22      - (1000000    599.563126060198)(2000102    850.01652971963)(2000202    -254.841089987762)(2000200    -238.261838657037)(2000100    374.960428903343)(2000001    -406.214448662645)(2000201    -574.93077141761)(2000101    -640.424658530777)(2000002    -682.179418070403)(2000012    -1049.56817454161)
21 26      - (2000201    3907.80182983384)(2000001    579.462991027731)(2000101    1382.44358741322)(2000100    808.333233632474)(1000000    3145.72758784809)(2000012    14400.9804001663)(2000202    2469.27945143626)(2000002    3012.40932128379)
25 23      - (1000000    259.6219633796)(2000100    1104.73080620624)(2000200    291.203563813309)(2000201    80.0200082265024)(2000101    507.891627677588)(2000001    618.614152543722)(2000202    317.605345885218)(2000102    600.382013158786)
22 24      - (2000002    -315.280584415457)(1000000    -343.004809034001)(2000201    -169.946811440831)(2000001    -621.781018549396)(2000202    -158.355037381099)(2000100    -392.682078374508)(2000101    -123.73852911765)(2000102    -53.3947891158672)(2000200    716.045137980813)
12 24      - (2000200    -409.789372793259)(2000002    1461.7567919715)(1000000    40.0492235573316)(2000201    -529.882918947281)(2000101    164.513391897209)(2000202    74.7967374894166)(2000100    693.269870746324)(2000102    15.1415176907556)(2000001    35.3990986695961)
25 26      - (2000101    -976.915192740435)(2000202    -697.412040380648)(1000000    -1465.1049906323)(2000002    -388.893602546489)
17 18      - (2000201    -1066.82377108513)
23 26      - (1000000    -111.792442007374)(2000001    -774.914313981043)
11 3      - (1000000    377.510692980384)(2000001    -361.020842635582)(2000002    -372.303961205518)(2000200    -276.320803196671)(2000202    -328.229257407486)
11 25      - (2000002    6801.11150104965)(2000001    175.361431233766)
28 26      - (2000102    -425.882650578518)(2000202    -463.264325289259)
22 25      - (2000202    -95.142679653114)(2000201    -347.266635782346)(2000102    -112.952525860021)(2000200    -51.9563504437087)(2000002    -91.0346345923343)(2000101    -216.934405976586)(2000001    -424.906134191893)(1000000    2606.2556826574)(2000100    -187.78479579361)
24 11      - (2000002    -1324.12148577679)
23 20      - (2000201    269.967450221523)(2000102    545.58986374054)(2000001    394.644308553566)(1000000    279.43896660478)(2000100    -200.917582547284)(2000200    -58.3073783389303)(2000002    127.434543517217)(2000101    189.30594008286)(2000202    143.323907979902)
27 21      - (1000000    2071.06245119527)(2000100    -495.726821056223)(2000101    6493.65327996703)(2000202    2621.27608811762)
23 23      - (2000202    -788.299377156896)(2000001    214.192971790225)(2000201    -337.847572875242)(2000100    -458.85366315936)(1000000    -570.741362860598)(2000102    -549.120140607439)(2000002    -559.259060928784)(2000200    -626.707557690983)(2000101    -398.700602669428)
16 18      - (2000201    -770.411638549273)
24 27      - (2000201    -1125.66824759716)(1000000    -818.174843268782)
22 22      - (2000202    -628.260900352327)(2000201    218.465061216211)(2000002    -779.906895852539)(1000000    998.116721429232)(2000102    -664.588365470489)(2000100    -668.542668945356)(2000101    -495.569366753006)(2000001    -398.72307187319)(2000200    5208.43323634319)(2000012    -430.791155659625)
4 26      - (2000200    -500.2466)(2000100    2523.74648940617)
19 21      - (2000002    -1377.19325128718)
26 2      - (2000100    12775.8690252318)(2000201    12990.5499477541)(2000102    12002.0494209539)(1000000    10030.6292518668)(2000002    12687.530264169)(2000001    11067.3845964353)(2000101    12679.0503129794)(2000200    14906.1126857565)(2000202    9448.75501251376)
23 22      - (2000200    -572.496341163385)(1000000    -147.563758977293)(2000101    -579.872833405374)(2000202    -837.492719750461)(2000002    1474.64768470319)(2000100    -404.339648186873)(2000201    -456.540639451645)(2000102    -464.243076061838)(2000001    -537.789480659909)(2000012    1678.02541528886)
23 21      - (2000100    -34.2759394208682)(2000200    432.892627871682)(2000101    -32.3190923789453)(2000002    -45.9210659865364)(2000202    -526.047596198179)(2000001    119.494229813721)(1000000    148.316264889457)(2000102    140.027956882706)(2000201    -385.952870025794)(2000012    -646.774878266644)
0 26      - (1000000    8953.59755614445)(2000002    8649.73888886612)(2000100    9596.50700409095)(2000200    14907.2731358222)(2000101    9829.41931584667)(2000001    12043.4045772001)(2000102    8909.19110651314)(2000201    13104.675652027)(2000202    11379.6923484583)
24 23      - (2000001    305.807820063466)(2000002    -251.678173986819)(2000202    -310.500425646592)(2000100    -272.878808704743)(2000101    -578.611005683982)(2000102    -354.094971893745)(1000000    -905.353179823871)(2000200    16.2641228869358)(2000201    -359.082780456579)
24 0      - (2000101    12924.9323644356)(2000200    10419.6092459873)(2000100    11956.0224017351)(2000002    10284.4988566393)(2000201    10902.7753791401)(1000000    14907.7719761735)(2000001    10996.2833610789)(2000202    10052.2518822261)(2000102    11881.7057337184)
0 24      - (2000001    402.953348766105)(1000000    -371.727311473925)(2000101    578.828027207879)(2000100    -183.140846900807)(2000002    312.665236514857)(2000201    602.652687159792)(2000200    348.596306907994)(2000102    292.240957991749)(2000202    542.273365885269)
23 7      - (2000100    -1173.12584106874)(1000000    -793.911785211816)
22 8      - (2000201    -1020.8011713428)
27 11      - (1000000    -607.530299733934)
22 27      - (2000002    -544.207943202615)(2000100    -702.478804451698)
22 11      - (2000201    -90.1200184538443)(2000101    -1345.99520669131)(2000002    107.893854796933)(1000000    -257.760799007022)(2000001    126.175045791196)
9 18      - (2000201    -779.900809985473)
24 22      - (2000002    252.955154515965)(1000000    368.907541809937)(2000100    -44.7220870802622)(2000202    -325.011837509499)(2000102    417.449092584536)(2000001    596.548446711313)(2000101    219.26829672429)(2000200    -255.947504042745)(2000201    -222.339173669606)
22 20      - (2000101    -292.13344366269)(2000002    2576.34324594431)(2000001    -246.258725841544)(1000000    206.850546547732)(2000202    71.6129634047443)(2000100    71.3408146566684)(2000201    71.455354862757)(2000200    71.455354862757)
8 24      - (2000002    -720.45701581471)
24 24      - (2000002    -245.716747405186)(2000201    -474.831420274835)(2000101    -505.901576278494)(1000000    -477.548998460629)(2000102    -545.784360917826)(2000001    2652.43336340075)
25 2      - (2000101    5094.58703847874)(2000001    14930.5876197905)(1000000    6153.73791194828)(2000002    3256.64380282167)(2000100    3428.88815105897)(2000102    6074.21383134778)(2000201    6870.90797167222)(2000202    7811.27758484833)(2000200    7720.03265337654)
21 24      - (1000000    -720.338053913857)(2000001    -116.72800935031)(2000200    -764.837367909738)(2000002    12157.78204881)(2000101    -75.0720136480706)(2000102    643.542494097047)(2000202    617.011822951739)(2000100    -462.536011603678)(2000201    3945.74059628819)
22 21      - (2000001    -242.397269608724)(2000102    -206.780768792023)(2000202    -526.274752869936)(2000100    208.661293775653)(2000101    -639.066398940723)(1000000    -492.668028256968)(2000002    -853.294576750581)(2000201    -483.814399279285)(2000200    -363.177473792532)
3 8      - (2000002    -1271.30845445005)(2000202    -1055.20228505213)
15 21      - (2000202    -424.529751004818)(2000201    8729.53109680516)(2000102    -692.404895256997)(2000001    -494.355987272828)(2000100    -495.905977541019)(1000000    -460.864381778939)
21 25      - (2000101    13339.2015505687)(2000201    -351.703176218145)(2000001    609.637724402063)(2000100    63.1839723572193)(2000200    49.2498255844851)(2000102    -595.377801651279)(1000000    4685.64741014345)(2000002    832.469275536349)(2000202    43.1765252872005)
23 19      - (2000012    -893.663018527455)(2000102    267.221584429814)(2000200    310.118880408915)(2000202    322.33200161514)(2000100    303.264206684866)(2000002    179.41618017532)(2000001    376.267271801039)(2000101    182.850521348233)(1000000    278.123031378242)(2000201    208.895897345268)
21 23      - (2000102    641.304160709121)(2000200    110.305060067856)(2000100    173.623954522139)(2000002    138.284960623826)(1000000    -330.202155742465)(2000202    270.769990057571)(2000001    -40.6079906432689)(2000201    505.947352529042)(2000101    297.403683322129)
24 20      - (2000002    -0.767916965294262)(2000202    -235.948037939089)(2000001    19.1804248490749)(2000102    46.9422026788668)(1000000    9682.30072503207)(2000201    101.21012535861)(2000100    -3.93473711731474)
21 20      - (2000202    -967.103328814594)
19 8      - (2000002    -1159.16899030652)(1000000    -500.2466)
13 28      - (2000201    -500.2466)(2000002    13835.2176972405)(2000200    566.05179850964)(2000100    708.692829636404)(1000000    6014.69586418048)(2000001    3186.89359505317)
7 24      - (2000100    -1198.36126941603)(2000002    -695.253783262237)(2000001    524.648445060465)
20 20      - (2000101    -211.385201886464)(2000202    -411.854466512864)(2000002    -702.478804451698)(2000012    1343.47026914166)(2000102    -506.82224217026)
23 25      - (1000000    -469.128472601629)(2000202    -269.410820654558)(2000100    74.8373204942888)(2000101    122.53842639808)(2000001    -60.6956694819255)(2000002    46.7849454450927)(2000200    110.513087010139)(2000102    63.5186129322443)
22 23      - (2000102    -965.580877608919)(2000202    -1065.65312556906)(2000100    -919.370379961111)(2000200    -1096.79486892108)(2000002    1540.44152478112)(1000000    -1121.64071412186)(2000201    -501.019139129023)(2000001    -950.242215668399)(2000101    -1081.00061822491)(2000012    1036.98220638427)
7 0      - (2000101    -992.220268088415)(2000200    -1566.04734679833)(1000000    -1258.55434492536)(2000202    -422.852838251073)(2000100    -1211.42641912554)
25 25      - (2000012    -152.959184099631)(2000202    -581.066880478502)(1000000    5148.21988685609)(2000201    -1261.95498410597)(2000002    2245.65952412209)(2000102    -934.889731758535)(2000001    13774.6067830353)(2000100    7.09441578634598)(2000200    3130.73903270905)
12 27      - (2000201    5480.60686534257)
7 6      - (2000001    -1500)(1000000    -858.410766440216)(2000201    -875)(2000101    -500)(2000002    -1540.65247129187)
12 28      - (2000101    349.361693037749)(2000100    438.581845790655)(2000201    6154.42987545611)
23 3      - (2000201    -1080.57593324325)(2000200    -928.159995621903)(2000002    -421.688133264898)(2000101    2811.50751306809)
18 21      - (2000202    -1030.33573319192)(2000201    -674.855598283683)
7 22      - (1000000    -680.510421317791)
7 2      - (1000000    -1748.74145418078)(2000202    -2117.08451825013)(2000102    -737.089435921037)(2000002    -699.259632069992)(2000001    -737.425000318853)(2000200    -132.630544820623)
26 23      - (2000201    -500.2466)
3 22      - (2000201    2118.27068003113)(2000001    13286.6093993678)(2000200    -921.755386618178)(2000100    -946.025006199258)(1000000    4200.16042813946)(2000002    3682.4623582294)(2000101    2497.07035559498)
25 21      - (2000200    97.2626283367489)(2000101    724.62717122931)(1000000    -38.7648298135109)(2000102    4613.51080111016)(2000201    74.3511064918465)(2000202    -318.062373045486)(2000100    67.7105192812647)(2000002    18.7989124846873)(2000001    82.2521448833464)
9 21      - (2000002    1621.65724747905)(2000101    -1217.29730773406)(2000001    743.575429021318)(2000201    4705.6836315689)
9 22      - (2000201    609.238348791584)(2000001    394.844070569523)(2000002    2092.62552816935)
24 26      - (2000102    -1490.40368699596)(2000201    3422.92999325197)(2000001    1689.5731957836)
29 14      - (1000000    -782.484610065985)
21 7      - (1000000    -1248.5456572012)
26 25      - (2000101    2271.9867864296)(2000100    -866.331510727931)
22 26      - (2000101    -1070.23611655249)(2000001    -583.894424308466)
21 4      - (2000200    -817.241257168941)(2000201    11587.9189972983)(1000000    2939.77401067198)(2000100    2898.29725468758)
24 7      - (2000201    -916.012882174566)(2000101    -1165.30848887143)(2000100    -531.458865490625)(2000002    -356.432385268313)
26 24      - (2000102    -500.2466)(2000202    -702.478804451698)(2000012    769.354726160307)
21 1      - (2000200    -1082.92265354889)(2000201    824.65620417028)(2000100    1830.9925495964)(2000202    2425.84928224755)
20 2      - (2000002    5305.87591727062)
3 23      - (2000001    4089.45657710573)(2000200    1956.72021755014)(2000101    3661.00412037426)(2000100    2463.51482893633)(2000201    6050.778877646)(2000002    12885.2766351104)(1000000    -1050.83503248175)
27 19      - (2000201    -782.408198957063)
6 6      - (2000001    -1724.52167227924)(2000202    -1594.66436561262)(2000002    -1637.05413164343)(1000000    -1458.55243630924)
3 20      - (1000000    4862.16838787961)(2000101    3084.97198838759)
3 24      - (2000201    -982.175000184094)(2000100    -1209.44068957984)(2000002    5522.82827162419)(1000000    -774.914313981043)(2000101    -1166.55717715184)
2 19      - (2000101    -891.348338626837)
18 9      - (1000000    -1620.30053639843)(2000201    -969.33188366638)
9 20      - (2000001    1512.37468014089)
15 15      - (2000100    1047.13724835474)(2000001    403.971987584357)(2000200    773.612405959172)(1000000    1622.77737251106)
8 23      - (2000100    -699.915893401869)
19 26      - (1000000    1249.83440724376)
24 21      - (2000201    1962.14234017887)(2000100    -47.4845704932539)(1000000    421.426151771686)(2000200    -704.865854336993)(2000002    -645.500297086926)(2000001    -104.408731421514)(2000202    210.682950189395)(2000101    8971.74130968243)(2000102    -60.9238864919273)
1 26      - (2000200    12899.178077786)(1000000    12857.4763681495)(2000201    11429.4136058462)(2000102    12647.1158066266)(2000001    11568.3269310919)(2000002    11650.2309454879)(2000100    12345.6432753497)(2000202    14873.175716251)(2000101    11347.5799957691)
19 28      - (2000101    -697.412040380648)(2000002    -500.2466)(2000100    -702.478804451698)
20 23      - (1000000    -137.648552075935)(2000102    255.376554818315)(2000002    -139.07629562538)(2000001    457.969223380448)(2000202    310.060566165231)(2000201    6942.07970817282)(2000101    -161.565176243233)(2000200    -292.386880540313)(2000100    -128.060396812901)
1 20      - (2000101    -1217.01465579493)
25 8      - (2000101    -1587.69235451001)(2000200    -1107.3697956834)
20 3      - (1000000    4771.8949112548)
20 7      - (1000000    -1134.67094905873)(2000201    -250.34698107758)(2000200    -377.177774309891)
27 23      - (2000201    -721.810828273957)(2000100    -446.370090259423)(2000101    -86.6455497791877)(1000000    1335.04953695617)
27 24      - (2000201    -721.810828273957)
25 27      - (2000101    -1123.97227640602)
23 24      - (2000100    194.427145637261)(2000200    -702.293928314397)(2000202    -198.844743667247)(2000201    -383.128272590987)(2000002    -171.863556216472)(1000000    -228.99291545536)(2000102    -164.265207751129)(2000001    111.698943437166)(2000101    -899.715528628732)
21 21      - (2000202    -537.369670258229)(2000101    287.606290572988)
15 19      - (1000000    -149.085496369478)
20 24      - (2000001    486.652054785556)(2000102    -354.380213691608)(2000202    -126.556723372719)(1000000    455.65758588237)(2000101    5867.62509756055)(2000100    460.283421191195)(2000200    340.115265496091)(2000201    11972.6411286155)(2000002    774.568973671385)
25 18      - (2000202    444.650974649843)(1000000    762.238123886606)(2000100    476.913808060241)(2000002    658.503391471279)(2000200    1002.00680174507)(2000101    674.534426145009)
8 0      - (2000100    -1055.10597443386)(2000201    -407.855407949729)(2000202    -300)
26 21      - (2000002    579.802633547726)(2000100    83.1544329363523)(2000200    597.237843457701)(2000202    5540.69570560842)(2000201    12455.9708792102)(2000101    2944.29440372315)(2000102    1746.89799074052)(1000000    2753.7753281551)(2000012    5855.05025580517)
14 15      - (2000200    9812.19821843379)(1000000    1179.71599657516)(2000100    1946.33683953153)(2000001    1219.40856958052)
9 8      - (2000100    31.9738712837298)
17 21      - (2000202    -703.632644646749)
0 20      - (1000000    -1288.00186570885)(2000201    -442.456124227168)
8 25      - (2000001    28.3089134688936)(2000101    -466.965236222345)
4 24      - (2000001    -15.9616727451169)(2000101    3914.64604085233)(2000002    2846.61312136693)(2000200    14120.1056666566)(2000201    2140.67962903171)(2000100    691.522839479302)(1000000    1751.39949368323)
18 8      - (1000000    -987.64742398622)(2000201    -292.302137981558)
19 7      - (1000000    -1112.32187256705)
4 18      - (2000101    -1132.75102305784)
5 7      - (1000000    -1390.47596285433)
10 7      - (2000101    -853.86877029023)
4 23      - (2000201    -647.98061502193)(2000101    22.8769907699225)(2000001    13569.1313813135)(2000100    237.981652054445)(1000000    5350.75898919363)(2000200    6533.71798347451)(2000002    1971.69589771797)
20 19      - (2000012    -1525.09637752405)(2000102    -705.693488102769)(2000202    -745.442609348572)(1000000    -412.929654800865)(2000002    -721.858627512963)
3 21      - (2000002    13343.3887000822)(2000201    820.851347645494)(2000001    1443.83049434647)(2000200    2963.48030287995)
1 19      - (2000002    -317.798051673365)(2000101    -803.671335405429)(2000201    -265.60628861624)(1000000    -556.601986222419)
4 22      - (2000200    -1146.43301230331)(2000002    5435.83717228391)(2000100    6778.45005171614)(2000101    2911.3298936453)(1000000    13409.7869924521)(2000001    322.6117405478)(2000201    1000.89760705838)
18 15      - (2000201    -500.2466)
24 4      - (2000001    6.93304506793444)(2000101    7604.17343376576)
17 24      - (2000002    -858.881638103112)
24 25      - (2000101    -879.640922828746)(1000000    1185.19924110676)(2000100    10216.9389524138)(2000201    2493.23259319378)
21 2      - (2000101    656.1650262435)(2000002    -482.557364779156)(1000000    12720.9890658177)(2000201    1254.85316138626)
26 26      - (1000000    -446.606307412314)(2000201    -840.464995727135)(2000102    -259.79735632453)
13 16      - (1000000    12096.1319904577)(2000001    1068.81291903727)(2000200    3052.3210978122)(2000100    2920.19708090579)
17 26      - (1000000    -725.22309899049)
19 20      - (2000102    -847.882579128838)(2000201    -150.192247618751)
24 18      - (2000201    512.91090986189)(1000000    867.484151590521)(2000200    158.700767957801)(2000202    99.3384864280032)(2000002    110.612078180698)(2000100    695.266771449026)(2000101    149.330313382104)(2000102    102.325442481993)
2 23      - (2000001    -1191.9595183991)(2000201    7986.8546885379)
6 17      - (2000002    -869.528642499244)
6 7      - (2000201    -859.067524864489)(1000000    -1751.68408425643)(2000200    258.063804230952)
22 5      - (2000201    8986.07267282817)
20 4      - (1000000    -643.943243996487)(2000200    11005.3733997354)(2000002    2494.48895801209)(2000100    2771.61115586927)(2000201    2771.61115586927)
7 25      - (2000002    -976.175743725629)(2000001    -1318.53849708967)
10 24      - (2000001    342.612935888518)(2000201    -687.265304506555)
18 26      - (2000102    -949.961998091063)(2000101    -734.133896995829)
18 27      - (2000002    -1083.72589740036)
19 25      - (2000102    428.503124937743)(2000200    739.211561614951)(1000000    688.764653835741)(2000101    457.054973781014)(2000201    500.146512319705)(2000002    657.866814151606)(2000001    272.683665659145)(2000100    369.214929297775)(2000012    -70.1941752912617)(2000202    287.689098319876)
25 4      - (2000001    2253.57400889243)(2000200    -1134.21514367056)
9 26      - (2000002    -814.963411375784)(2000201    6939.1736700593)(2000101    415.030094283421)
16 13      - (1000000    12000.2237658893)(2000200    1733.87386492461)(2000001    724.464096105112)(2000100    3289.57096858015)
25 7      - (2000001    -317.946098387375)(2000201    -1381.77993543869)(2000200    -731.588465239002)(2000100    -463.053432240644)
18 7      - (2000002    -273.058916771745)
18 20      - (2000102    -750.3699)(1000000    299.474912468984)
25 19      - (2000201    165.485072856768)(2000101    378.059556493962)(2000102    316.349372674982)(2000202    249.542011960292)(2000001    398.859701843211)(2000200    389.730075002278)(2000002    357.683693277244)(2000100    111.452539283353)(1000000    305.463270669758)
14 16      - (2000100    800.745281071834)(1000000    816.829368019314)(2000001    499.7534)(2000200    809.430510646912)
18 25      - (2000201    384.860343616908)(2000002    -847.283463152395)(1000000    151.951813247788)(2000200    66.9620597431959)(2000100    -93.9258833355612)(2000102    -500.2466)(2000101    159.68023795001)(2000202    -348.891844544116)
26 14      - (2000101    -946.585319956147)(1000000    -1188.58328213983)(2000002    -990.835902323988)
3 18      - (2000101    -849.252430881076)
19 0      - (1000000    -750)
6 24      - (2000002    -554.268183499272)
16 12      - (2000200    2320.73719210993)(1000000    13524.0465504854)(2000100    2671.40764643953)
26 1      - (2000200    13666.3143947627)(1000000    12896.3900358148)(2000100    14907.5905463986)(2000002    13377.9891304138)(2000202    12916.3033036052)(2000101    13136.9171393688)(2000001    13032.8772532372)(2000201    12789.0896741694)(2000102    12815.9154161373)
0 25      - (2000200    13172.4715945853)(2000001    1746.59654621399)(2000101    1655.86349799119)(1000000    4386.4911942212)(2000002    5596.10356793135)(2000100    3273.72376487768)(2000202    638.351423774158)(2000102    1370.77877793057)
19 24      - (2000102    829.427963908999)(2000200    993.824139136194)(2000100    1013.38827005977)(1000000    889.611545113638)(2000202    852.089339516752)(2000201    312.923243881419)(2000101    955.617927125431)(2000001    978.166540545005)(2000002    230.924419714906)
23 0      - (2000001    -1170.95717234875)(2000002    -1355.18463654145)(1000000    -91.780134116352)
2 21      - (2000101    -500.2466)(2000002    53.4585186298937)(2000001    8406.03557230146)(2000200    519.627359589761)(1000000    1886.96172489569)
21 27      - (2000001    -958.047197893328)(2000002    3461.81089916127)
17 9      - (2000201    -479.163010318901)
19 19      - (2000201    -606.990050184094)(2000102    -775.231467606931)(2000101    -480.016157595784)(2000202    -139.270733577176)
23 2      - (1000000    -844.331575866071)(2000200    -1053.71820667755)
27 18      - (2000201    -500.2466)
19 1      - (2000200    -957.457557212013)(2000002    913.354450220812)
3 19      - (2000101    -1351.06040229789)
7 27      - (2000201    -496.633327302257)
27 22      - (1000000    337.726816698091)
23 28      - (1000000    -545.077652699948)(2000200    -556.276571985388)
19 2      - (1000000    -728.190081615268)(2000101    -728.190081615268)
4 21      - (2000200    -504.320554568318)(1000000    4742.14216998722)(2000001    2860.38898513093)
23 4      - (2000001    996.379845736107)(2000201    11126.7453753914)(2000100    2656.58871687252)(2000002    1459.01642059492)(2000200    2063.52509611014)(1000000    4111.36257936472)
14 26      - (2000002    -713.027332409303)(2000201    -572.133288550558)
22 3      - (1000000    2362.30366474864)(2000002    13456.2728910942)(2000201    2811.50751306809)
8 15      - (2000100    -500.2466)(2000101    2459.9470808143)
26 22      - (2000100    -880.130652227784)(2000201    9113.69544452982)(2000012    2280.63891267589)
18 22      - (2000201    -475.351554939536)
21 0      - (2000101    7546.54659010211)(2000202    402.419968938852)
17 23      - (2000201    -384.588725855511)
6 27      - (2000201    -753.773632132658)(2000001    235.473640145466)
2 22      - (1000000    -683.577730224634)(2000002    3522.38396804904)(2000201    6.43987362581803)
10 25      - (1000000    -1086.11523385897)
25 22      - (2000001    300.392613269495)
0 19      - (1000000    -500.2466)
0 18      - (2000002    1039.00037646736)
25 17      - (2000201    260.735791422679)(2000001    963.930419493932)(2000202    318.042883710329)
27 17      - (2000202    -629.781364221303)
13 17      - (2000100    897.87780196798)
19 18      - (2000201    -843.017573236356)
28 21      - (2000200    -400.261075097407)(2000101    2349.77923040497)
27 20      - (2000100    -604.074620594996)
2 18      - (2000201    -765.099002876518)
12 19      - (2000100    142.459051212032)(2000202    47.8992145781858)(2000201    6735.01794632473)(2000200    428.365443242485)(2000001    680.335828244693)(1000000    57.533130473161)(2000101    76.0943681475298)(2000002    -123.858676762629)(2000102    -291.367280402813)
15 16      - (2000100    1178.65761256932)(2000200    1228.86894662171)(1000000    724.464096105112)(2000001    534.139780254665)
19 22      - (2000102    92.6516958910489)(2000100    403.309279352721)(2000002    252.673980498144)(2000201    146.419430873728)(2000001    300.217427192479)
18 17      - (2000202    -182.194188590874)(2000101    573.606347389145)(2000002    -119.435091419577)(2000100    437.181846861413)
27 26      - (1000000    -98.1040279006347)(2000200    -714.071961408097)
26 27      - (2000101    -356.941735343237)
16 20      - (2000201    594.932132352169)(2000002    347.270593016028)(1000000    354.439641756451)(2000202    421.346797071213)(2000200    235.689703090429)
18 10      - (2000201    264.657682858696)(2000002    262.161502339432)(2000200    385.101882816621)(2000001    148.39454168255)(2000102    358.425034997615)(2000101    79.1647347618419)(1000000    274.596216950477)
13 27      - (2000002    -75.750154387166)
27 8      - (2000100    -762.098663806114)
26 3      - (1000000    -826.02409036)(2000100    15159.2271455262)(2000202    7561.9653024247)(2000001    5140.63172499555)(2000102    6164.28148804224)(2000200    2841.43599082548)
21 28      - (2000101    5952.12806936815)(2000002    3403.43058685559)
25 24      - (2000102    157.496927770031)(2000201    9828.7089519905)(2000100    952.017959620303)(2000002    951.039541804568)(2000101    3483.23226241785)(2000001    3136.55443676094)
26 28      - (2000100    -642.997983373181)
20 28      - (2000200    -168.217057737792)(2000201    230.530652856435)(2000101    1003.61754315314)
29 28      - (1000000    -669.609108547475)(2000101    311.675760486603)
22 28      - (2000101    1801.27559980048)
28 22      - (2000100    -351.584524217093)(2000200    108.546494484878)(1000000    267.440281083771)(2000201    2238.03524861513)
12 25      - (2000201    -668.829330984105)(2000001    -614.993544970596)(2000002    3500.29169567107)
12 6      - (2000100    279.632018191938)
22 7      - (2000200    -694.490801520143)
10 20      - (2000200    668.909526247372)
13 24      - (2000102    366.482311662614)(2000001    105.300302834632)(2000202    322.852343304191)(2000100    128.939651399676)(2000101    77.7027864532468)(2000002    239.466157732226)(1000000    377.257318490498)(2000201    48.9537288282)(2000200    672.91787762086)
15 26      - (1000000    -134.618809814291)
27 27      - (2000200    -816.836276737659)
2 26      - (1000000    9188.29741127422)(2000200    4164.24512206273)(2000001    15013.5862951417)(2000201    8878.21850143432)(2000202    6706.98664668863)(2000100    9933.04493320881)(2000002    8783.5704388405)(2000102    12235.2132840414)(2000101    3727.2388228447)(2000012    6519.82999694268)
15 27      - (2000101    -413.303855842331)
6 21      - (2000201    -666.81036298105)
15 17      - (2000001    534.139780254665)
6 23      - (2000201    -195.689268234954)(2000101    -702.478804451698)
15 25      - (2000002    868.369682499722)(2000201    5589.08052982666)
19 23      - (2000100    660.445820184942)(2000202    201.735622463011)(2000201    755.822461682864)(2000001    665.135025894307)(2000002    865.603604914473)(2000102    813.946034916793)(2000200    684.948152013648)(1000000    904.527360639441)(2000101    595.323380215359)
16 16      - (1000000    1924.81099429612)(2000200    975.76743988601)
4 29      - (2000101    564.782401321967)(2000202    328.076676159202)(2000201    596.745919370291)(2000100    621.278957539937)(1000000    677.391382013656)(2000200    445.493599143196)(2000002    459.861480584629)(2000102    620.034219523905)(2000001    541.203911468869)
0 28      - (2000100    -420.969586945781)(2000002    639.48184856209)(2000200    535.242336020724)(2000201    516.931367924978)(2000101    482.386587934524)(2000102    517.177153769756)(2000202    438.164022109876)(2000001    499.627891960047)(1000000    6004.23933012136)
20 22      - (1000000    66.0436606035522)(2000202    349.159351151351)(2000100    54.0521097405772)
29 22      - (2000101    -377.49164747132)
19 11      - (2000100    203.334105529736)(2000202    751.993762067286)(1000000    66.3297547168987)(2000200    154.521474109689)(2000001    69.2744543729035)(2000002    172.502258764704)(2000102    412.659142393929)
0 21      - (2000002    13253.6017257504)(2000201    438.293590473715)(2000101    640.291099112613)(1000000    7043.54226335731)
28 23      - (2000201    -432.142152425351)(2000001    -475.308874183444)
2 27      - (1000000    7754.26141157563)(2000002    9150.7453337701)(2000102    13741.4777914256)(2000101    5632.9912424893)(2000100    4567.29454449832)(2000201    6900.00505940584)(2000202    3939.60570645803)(2000200    4339.35719590541)(2000001    6441.89301298928)
4 8      - (2000101    -0.4896)(2000200    -373.855887461362)(2000002    -580.366279326866)(2000102    83.5697512537319)
1 28      - (2000102    12579.9950491199)(2000001    13674.5963470473)(2000002    12444.3440022244)(2000202    12448.8899047143)(2000200    13016.2879999035)(2000201    14907.3574397953)(1000000    11884.2261133589)(2000101    12900.4572389524)(2000100    13458.0877637036)
10 27      - (2000100    311.48440869033)
25 20      - (1000000    7395.35858122085)(2000200    950.027864559552)(2000100    150.330694229032)(2000001    198.564669999904)(2000202    174.207433695862)(2000102    144.738548975888)(2000101    283.498340420231)(2000201    3254.37540945325)(2000002    66.2256925579165)
1 22      - (2000102    3662.49744911634)(2000202    1728.95955324812)(2000002    -31.6383685280241)(2000101    1496.07913797707)
17 8      - (2000002    -473.128786571787)
7 20      - (2000201    -1012.37447689738)
2 28      - (2000002    1039.14336570415)(2000001    110.059707888248)
20 25      - (2000100    538.472869612668)(2000101    692.422172137494)(2000201    952.802175236078)(1000000    1383.41251079636)(2000102    78.2178642649276)(2000001    275.039591374862)(2000200    874.190278939435)(2000002    210.190845594292)(2000202    1224.26679998334)
4 9      - (2000001    2074.9877394192)
20 26      - (2000002    -127.239655677375)(1000000    10012.0378954046)(2000101    4037.25559598505)(2000012    -498.987319495242)
16 23      - (2000100    1611.62894594919)(2000101    793.472953464682)(2000001    163.685287994522)(2000201    7408.14768472849)
29 21      - (2000002    -142.37874461834)
18 24      - (2000200    183.01700900752)(2000201    691.960720228872)(1000000    358.42398221586)(2000002    416.315141091222)(2000101    872.510672592554)(2000100    710.502630485297)(2000001    654.382620941769)
21 29      - (2000201    -792.2985884997)(2000200    -574.317761624718)(2000001    -198.275150087184)
11 26      - (2000201    6204.95200801299)(2000002    15449.1090668813)(2000100    8626.78469964307)(2000200    7031.94333089323)(2000101    6160.14494526281)(2000001    5843.98302534664)(1000000    6213.63345307851)
28 20      - (2000100    -627.789043363567)(2000101    2420.30551239056)
17 22      - (2000100    561.440484911589)(2000101    731.842461175724)(2000102    86.7161940726136)(1000000    827.686425414524)(2000201    586.996834811511)(2000002    586.186834811511)
26 20      - (2000102    467.869288796261)(2000200    356.790291962132)(2000202    659.273701830679)(2000002    155.982578531499)(1000000    1954.67268785205)(2000201    5235.41050750685)(2000101    63.4058775741624)(2000012    2718.98168108427)
18 23      - (2000102    372.65192751543)(2000012    1410.13760656472)(2000101    171.873390093281)(1000000    181.397674918304)(2000201    378.749178103314)(2000002    280.804862138919)(2000200    186.162678628612)(2000001    166.722176122427)
20 29      - (2000002    -574.317761624718)
8 4      - (2000100    4612.74123889863)
26 19      - (2000001    814.583295295908)(2000102    1164.79728159553)
18 3      - (2000201    35.2995235493916)
18 19      - (2000002    -602.265860433462)
28 4      - (2000101    -500.2466)
5 8      - (2000202    -2000)(2000200    325.787641008072)
22 29      - (2000001    -574.317761624718)(1000000    -261.399384119339)
2 25      - (2000201    5175.53279507028)(2000102    14523.1395993889)(2000100    3245.04231486295)(2000202    6029.19666306708)(2000002    8990.84104131397)(2000200    8260.04655147217)(1000000    10095.8964820847)(2000001    5943.91093118235)(2000101    7444.71603228212)
25 3      - (2000200    -480.131466525232)
7 17      - (1000000    -423.929358931037)
27 5      - (2000200    -1053.71820667755)
24 5      - (2000002    3855.39095857865)
7 21      - (2000200    -702.478804451698)
1 24      - (1000000    363.380655924315)(2000100    305.533563899051)(2000102    439.766738109959)(2000201    -731.459345019076)(2000202    3355.24649644795)(2000101    323.545510410079)(2000200    295.539434204077)(2000001    222.292466870304)(2000002    533.59862824095)
28 0      - (2000201    14907.3661451178)(2000101    13498.7191671804)(2000102    13853.1240288267)(2000100    13180.7947520547)(1000000    13025.7321955926)(2000202    13763.8014364064)(2000002    13327.9160039529)(2000001    13171.5595814731)(2000200    13513.6160603948)
24 3      - (2000201    4190.55191570859)
29 0      - (2000002    -75.2612300868348)
6 20      - (2000201    -419.244185097197)
1 25      - (2000200    1624.74755807766)(2000201    3376.41974274911)(1000000    606.942873263424)(2000100    9598.01358598718)(2000202    868.800532954756)(2000101    14437.6899620001)(2000002    110.068774356439)(2000102    6885.94270901099)(2000001    647.546179456761)(2000012    1891.84911628507)
22 2      - (1000000    3064.35035749172)(2000201    1622.22730503046)(2000002    295.210337552441)(2000200    2008.68259470055)
29 2      - (1000000    -587.405780081104)
29 1      - (2000200    -707.139609262607)(2000101    -702.478804451698)(1000000    -702.478804451698)
27 0      - (1000000    14907.7452209823)(2000101    13274.0396956157)(2000102    13746.5489233607)(2000001    12974.0793519245)(2000002    13529.1996846316)(2000100    13863.3174654851)(2000202    13321.3617932095)(2000200    13546.8399021533)(2000201    13245.1098170651)
0 22      - (2000200    143.797238565619)(2000001    733.932590503438)(2000101    11894.2220178653)(1000000    -630.485185168889)(2000002    541.999592435003)
22 0      - (2000100    212.367153624545)(2000001    234.951213748413)(2000202    162.661165243405)(2000201    -181.763465904313)(2000102    12.2265999874978)(2000200    124.263634010152)(2000101    121.981967509481)(2000002    -278.8485642366)(1000000    4966.14126221207)
25 0      - (1000000    6521.23513133517)(2000200    7965.79083193286)(2000100    13116.2453884511)(2000001    7217.66466323699)(2000101    5595.37659014679)(2000201    4741.28532023135)(2000202    6095.4666945158)(2000002    4600.77597468478)(2000102    4813.15255613691)
26 0      - (2000002    13788.9855324662)(2000202    14119.9267701109)(1000000    14120.7141907328)(2000001    13652.2703771244)(2000200    14907.3661459103)(2000100    14235.7713065223)(2000101    14132.4090853973)(2000201    13831.1368978045)(2000102    14117.0187303224)(2000012    605.891737523484)
16 21      - (2000200    121.869767509481)(2000101    624.641479921949)(2000001    1018.58286995677)(2000201    464.636714353199)(2000002    338.345883066439)(2000100    512.302469602315)(1000000    512.380269602315)
25 1      - (2000202    12278.2024852036)(2000001    14903.7232265512)(2000200    7891.63891862275)(2000102    8133.60802003757)(2000100    7232.29611367865)(1000000    9850.26922064531)(2000101    11204.139694264)(2000002    3355.83925270984)(2000201    6467.7388356758)
24 1      - (2000201    14513.7972889173)(2000202    7616.61488270995)(2000200    2768.64958671744)(2000102    2138.83023162161)(2000101    710.365990996102)(2000002    4330.35117632627)(2000001    1712.15198526543)(2000100    2019.45263478771)(1000000    2324.11871179327)
0 23      - (1000000    -674.075204905039)(2000102    2078.68102049176)(2000012    2174.5843805773)
2 24      - (2000100    15097.770475572)(2000002    3500.66816824182)(2000202    7587.65208238156)(2000101    96.6866704452837)(2000200    720.997125213001)(2000201    1606.47928143358)(2000102    9437.3648782878)
16 24      - (2000100    2226.21316333965)
27 1      - (2000202    8315.74774019141)(2000101    11674.4476546735)(2000201    14901.3447034987)(1000000    9548.95024836848)(2000100    11341.4775958602)(2000102    9913.01760004006)(2000002    7785.46847685117)(2000200    10264.6288512091)(2000001    11874.7799130901)
1 27      - (1000000    9768.39459240713)(2000200    12939.7953284866)(2000102    11561.4496419888)(2000002    11561.7316195857)(2000001    9999.95153851172)(2000100    12116.4945232134)(2000202    14907.3603146453)(2000101    11546.2080171707)(2000201    13176.3496647177)
9 4      - (2000200    -271.42516077922)(2000101    2256.20475717132)
0 27      - (2000101    11661.3320145866)(2000100    9941.61285559309)(2000201    11813.926449737)(2000202    10832.0762525301)(2000001    12859.5681291873)(2000200    10201.2358333479)(2000102    11293.8767671446)(2000002    11816.0100382265)(1000000    14807.9254929854)(2000012    445.785137607066)
3 26      - (2000100    5965.32347063913)(1000000    3112.68676028218)
6 8      - (2000201    12.5631372746755)
27 2      - (2000101    14480.7256521325)(2000002    5908.03666394858)(2000100    268.088135185687)(2000102    5012.29042448195)(2000202    7190.71288233374)(1000000    3585.33154406846)(2000200    3390.87908902406)(2000201    7552.25053739799)
22 4      - (2000001    102.329540107088)(2000101    13621.0817232949)(2000100    197.655497773539)(1000000    2963.75293975279)(2000201    3301.92329336607)
28 1      - (2000201    12706.9850352308)(2000102    13189.7996085946)(2000002    12270.1647388241)(2000101    12978.0644052951)(2000200    12925.1176203348)(2000202    13115.3424619834)(1000000    12828.3735265946)(2000100    14907.5905454034)(2000001    13517.2171367779)
2 29      - (2000101    -461.499223991516)
28 2      - (2000101    12867.0145883903)(2000100    14907.5905650249)(2000001    14239.069930072)(2000200    13594.4982085878)(2000202    14056.1757733679)(2000102    13975.5714758285)(2000201    12398.9557457756)(1000000    13960.7517679507)(2000002    14180.4642109761)
9 29      - (2000201    14031.1459079988)(1000000    331.640552324521)(2000001    5816.89196740636)(2000200    2734.41952171834)(2000002    2141.72987683351)(2000100    2173.96064379284)(2000101    3232.91936168185)
20 21      - (2000101    3372.9397679502)
16 19      - (1000000    -7.54466732763055)
0 29      - (2000001    14715.7681717964)(1000000    1321.54055106616)(2000100    4926.43230458707)(2000002    6796.34656642289)(2000200    7798.68440919922)(2000202    7539.36729315068)(2000102    10360.6127587921)(2000101    4253.77497524226)(2000201    4674.09159964035)
11 29      - (2000100    13202.2457930834)(2000001    1586.35300125252)
7 10      - (2000001    14037.8552710776)(1000000    1208.66825177787)
7 12      - (1000000    12219.3322805332)(2000201    951.859170174411)(2000101    1749.53386517883)
10 26      - (2000001    341.706140180369)(2000200    7654.25189820309)(2000101    2050.5027750575)(2000002    2720.54288003396)
2 20      - (2000001    6269.6669843522)(2000002    817.603850068531)
12 29      - (1000000    242.617905610728)
1 21      - (2000002    3157.82930501792)(2000101    327.087593182624)
4 25      - (2000100    587.784593591712)
27 16      - (2000101    5794.92821615067)
23 5      - (2000101    1692.19836524369)(2000002    1302.91892273779)
22 1      - (2000200    1263.37068272647)
16 29      - (2000101    11832.2765347174)(2000100    2113.97002389759)
20 27      - (2000101    836.208918801541)
11 19      - (2000201    4736.08116553697)
16 28      - (2000002    2925.21710233022)
21 3      - (2000002    5415.15178911425)
5 23      - (2000001    1618.88696177248)
9 3      - (2000002    56.7244703051544)
1 23      - (2000101    2381.62197695837)
21 5      - (2000200    2421.38346658054)
14 29      - (2000200    8887.33799999227)(2000001    2750.2677904525)
16 27      - (2000201    2597.83091994866)
29 4      - (2000001    4622.19013332376)
16 26      - (2000100    2941.58332858398)
15 29      - (2000201    7487.04962082875)(1000000    2722.57426806689)
13 8      - (2000201    3463.75293975279)

