219
0 0      - (2000200    19504.1856712704)(2000102    21357.8361010259)(1000000    22612.1059842068)(2000001    24123.0396016062)(2000201    24262.5200831118)(2000002    24259.3919317085)(2000101    20476.3421627278)(2000202    24262.5200831118)(2000100    24238.1848375316)(2000012    25262.5200831115)(2000111    -652.194966132713)(2000211    715.734334360284)
2 2      - (2000102    -1962.32017309664)(1000000    10408.0060758921)(2000101    457.374094912802)(2000002    3106.95461228606)(2000202    -2012.18334739532)(2000001    526.770778642286)(2000201    -1480.19477274923)(2000100    -1529.25269671781)(2000012    -1024.47118591806)(2000200    -1919.84823580334)(2000211    -1985.11273601884)
2 0      - (2000200    2600.25340652349)(1000000    22438.8969334774)(2000100    25105.3047822443)(2000201    4990.42422662008)(2000202    5031.69001662797)(2000101    5888.17155317604)(2000002    7725.11249030285)(2000102    15684.8941833295)(2000001    1852.33406606694)(2000111    4914.35005770348)(2000012    2530.12622491639)(2000211    -1701.26487102955)
2 1      - (2000100    21555.8122412212)(1000000    21936.4170778094)(2000102    3240.18816944591)(2000101    2900.58966997739)(2000002    -1289.71463309183)(2000200    -1300.64519017926)(2000201    1306.50995627369)(2000202    4431.82543363969)(2000001    1686.42724597623)(2000012    -1483.09370840848)(2000111    -286.678198956225)(2000211    167.536398167398)
0 2      - (1000000    10136.9421411216)(2000001    -1217.48004372816)(2000002    -742.176611471752)(2000201    -1217.9996578107)(2000202    997.357653363315)(2000101    229.258204582523)(2000200    -997.502638949227)(2000100    -1678.0043372781)(2000102    -1453.51629294058)(2000012    -1074.31672233713)(2000211    -1846.18617285365)(2000111    -124.540281536989)
4 0      - (2000002    3829.43964728926)(2000102    -1941.82270506321)(1000000    -591.01500589167)(2000100    6352.05466520862)(2000101    2106.08120444939)(2000201    1815.54424330303)(2000200    2112.60373357494)(2000001    -1735.29750804013)(2000202    14202.6861466838)(2000012    -1475.23032538723)
1 2      - (1000000    11654.2079755494)(2000001    -1554.40357560933)(2000102    -1130.82009541307)(2000202    -1112.79055191679)(2000101    -1233.71389492022)(2000100    -1539.34170646462)(2000200    -1427.54864821141)(2000201    -1236.79874936545)(2000111    -235.403563530179)(2000002    -1320.85516342907)(2000012    -1403.66015297947)
1 1      - (2000100    24406.1110444141)(2000201    -1350.57421428364)(1000000    19022.6852128247)(2000102    -1434.8025808898)(2000202    -1412.69651351781)(2000101    -1430.13732705237)(2000002    -1216.01305033627)(2000200    -1704.66299988857)(2000001    -1587.54956861011)(2000012    -1501.89583829154)(2000111    417.483272363607)(2000211    -750.2466)
1 3      - (1000000    11545.3414601851)(2000200    706.637128172513)(2000202    -1629.16089928841)(2000102    -1459.27220045922)(2000201    2725.14728291707)(2000001    -1611.00160259079)(2000002    -2198.45401133846)(2000012    -1319.84934145103)(2000101    -1518.32222784611)(2000100    -2043.53973462211)
0 1      - (1000000    16805.6952425064)(2000100    8658.79818104605)(2000200    -1451.30639680229)(2000002    -8.15266871117524)(2000102    -155.610098517478)(2000101    -968.108659976336)(2000201    1932.6235085987)(2000202    -1374.22310379939)(2000001    -1534.21393210184)(2000012    -974.694711173338)(2000111    -441.766238946826)
2 3      - (2000002    -736.039892081832)(2000202    -796.809114829106)(1000000    8281.0693393488)(2000101    -856.549335755478)(2000001    -1162.72349407762)(2000201    -1295.73400634109)(2000102    -1691.93727590045)(2000200    -1303.01718435791)(2000012    2225.15820270655)(2000100    6344.28261971452)(2000111    -307.797645230859)
3 0      - (1000000    19640.877425006)(2000001    3294.32011297811)(2000201    8610.83257070474)(2000100    24084.4684768527)(2000202    2657.4541980104)(2000200    10090.6534349003)(2000002    6319.64417464579)(2000101    222.784867596902)(2000102    12673.7469749891)(2000211    -1440.94505251361)(2000012    6504.63165967299)(2000111    -382.806542517715)
1 0      - (2000202    4778.37466574544)(2000002    97.5411884110374)(1000000    17869.5188906352)(2000001    5081.08232541324)(2000201    4642.29006169377)(2000100    24347.3171398063)(2000101    3314.62667717863)(2000012    688.712427909777)(2000102    2748.31550853052)(2000200    2899.36233289372)(2000111    1037.06061445305)(2000211    8761.31840403659)
4 3      - (1000000    16801.2852246912)(2000200    -2597.98725226354)(2000101    -630.318326381896)(2000102    -1369.33081743223)(2000002    -2346.56562111948)(2000202    -1896.61664539381)(2000201    -1519.26663491959)(2000100    -890.958622968937)(2000012    659.846338485775)(2000001    -745.677483073979)
4 2      - (2000201    -425.55088380055)(2000002    -1647.79294773619)(1000000    10109.5673105658)(2000202    -1142.16376103261)(2000001    -848.164310906582)(2000200    -1342.77069143746)(2000101    -701.68856587497)(2000102    -1397.15869400845)(2000100    -1863.99081836388)(2000012    658.12774261719)
4 4      - (2000102    -1823.03738167591)(1000000    7000.93676140862)(2000201    -923.59678606805)(2000100    -1461.92145009966)(2000101    612.786807781475)(2000202    -1190.11369937397)(2000200    -1133.33472519762)(2000001    -1743.35586165865)(2000002    -1910.64640241891)
3 2      - (2000202    -1861.08944115494)(1000000    17163.4532574764)(2000001    806.13428308731)(2000100    3289.5164268327)(2000102    1907.40324367612)(2000101    22544.5887291707)(2000002    797.946165726319)(2000201    -1494.56772718114)(2000200    -1683.38313287622)(2000111    -2.60188195659748)(2000012    -908.169545695327)(2000211    -1000)
3 1      - (2000102    -609.84829265037)(2000101    -590.161910581235)(2000201    8239.22040966069)(1000000    21893.4570858395)(2000202    6330.50074492671)(2000100    23643.8126153271)(2000002    6253.2784419168)(2000001    912.666459673511)(2000200    783.660669634818)(2000012    -1141.5946314803)(2000111    -1.9728)
3 3      - (1000000    18940.7893439834)(2000102    -1386.31536755126)(2000001    -1324.6512879246)(2000200    -1461.81632175089)(2000002    -1589.62335562772)(2000101    17504.8943245134)(2000201    -1447.07783624446)(2000202    -1264.80826780846)(2000100    -1279.12986963398)(2000012    -1420.82486895448)
5 1      - (1000000    1836.34896050485)(2000200    -1456.21063870984)(2000101    -1567.1845324611)
1 4      - (1000000    10062.7378618468)(2000102    -1692.62902525397)(2000001    -1155.71175465774)(2000202    -1922.45165005896)(2000100    -1244.34659276915)(2000200    -1870.33058574314)(2000002    -1184.81436331942)(2000201    -2246.88514512847)(2000101    -41.1806514042424)(2000012    678.862837836232)
4 1      - (1000000    9763.44793569687)(2000001    -2013.0007069187)(2000002    -2351.38178868836)(2000101    2609.74927443473)(2000200    -2049.83675029948)(2000201    -2049.13300591194)(2000100    5672.67540959532)(2000202    -2359.99873838151)(2000102    -2225.98092315352)(2000012    -2077.20950174295)
0 3      - (2000200    -1251.96288029715)(1000000    13347.8123567496)(2000101    -942.948427789418)(2000201    -955.018636652362)(2000002    -1221.17168354889)(2000202    -1170.63216072424)(2000102    -1333.41452748409)(2000001    -1247.50197063774)(2000100    -1657.89553020905)(2000012    -269.271687797341)(2000111    27.9497003603689)
2 4      - (2000001    -1254.06216965234)(2000101    -1449.46976469664)(2000201    -1905.03139254862)(2000200    -1914.17080387945)(1000000    9833.08949467063)(2000202    -1936.14252222927)(2000100    -2251.91347143107)(2000002    -2114.52203116237)(2000102    -2291.97582088153)
0 4      - (2000001    -1568.09528299767)(2000002    -2103.43303776211)(2000100    -1048.00472666443)(2000101    -1526.6439983392)(1000000    15428.9922342292)(2000202    -1469.38680526404)(2000200    -1511.6568443765)(2000201    -1695.44992451016)(2000102    -1010.3408825779)(2000012    -1473.20943041498)(2000111    -466.013177469208)(2000211    -500)
3 4      - (2000202    -1491.73783612198)(2000102    2298.07440704722)(2000200    -1317.36165076363)(2000002    -1359.6164293153)(1000000    9594.61320080233)(2000101    -390.350577943271)(2000201    -1701.99635477744)(2000001    -1216.02742178447)(2000100    -1557.92668065731)
0 5      - (2000102    -1136.46860823702)(2000201    -1422.35925761736)(2000101    -935.85030281122)(2000100    9992.99314998442)(2000001    -1528.51339912002)(2000002    -1870.60906749716)(2000202    -1096.98603174348)(1000000    -759.646396774468)(2000211    -810.017715946796)(2000012    -889.537344027482)(2000200    -1092.28738574558)(2000111    -0.4932)
6 3      - (2000100    -1225.61686508441)(2000001    -1166.60502743225)(1000000    -836.501025357779)(2000002    -1832.47112480433)
2 5      - (1000000    -1678.38933246337)(2000100    7465.72319773247)(2000101    -1317.39239007424)(2000201    -1260.4092383984)(2000002    -1863.1782068216)(2000200    -1582.9555463214)(2000202    -1531.28183793792)(2000001    -1582.01286770582)(2000102    -1174.54235405485)
6 4      - (1000000    -979.870097546344)(2000102    -1713.60163787002)(2000202    -1393.67995638739)(2000101    4845.55942199405)
1 6      - (2000102    -1127.51472541032)(2000100    -1166.00632567431)(1000000    -1084.40398000753)(2000001    -1206.66086164103)(2000201    -998.882663217048)(2000101    -1292.09273675013)(2000002    4305.16625640383)
0 6      - (1000000    -916.945863657132)(2000102    -1011.42056566937)(2000100    -823.677328567957)(2000201    3092.52033637358)(2000202    -1426.2290728789)(2000200    -883.620657824116)(2000002    -825.291196975197)(2000001    -950.404652844704)
5 2      - (2000001    -807.719495784453)(2000201    -1181.85035377987)(2000102    -1558.23529430362)(2000100    -1077.13221231113)(1000000    2518.00812965673)(2000002    -1327.75701198294)(2000200    -1700.38405738646)
4 5      - (1000000    -1467.52589888767)(2000100    -1565.54373196483)(2000202    -1630.79110857597)(2000101    -1314.07420438469)(2000001    -1693.48142551501)(2000012    -1215.09246272866)(2000002    3302.33791065103)(2000102    -1192.18448082946)
2 6      - (2000100    -409.960349045934)(1000000    720.450048091293)(2000202    -875)(2000001    4333.58794807288)(2000102    -920.2682411745)
3 5      - (2000200    979.323977602888)(1000000    -813.140172184608)(2000001    -785.185541424287)(2000201    -881.779913206859)(2000002    -974.819454403434)(2000100    -1527.43593034278)(2000101    -985.89601161843)
1 5      - (2000202    -1282.37124374839)(2000201    -1313.95585441426)(2000100    -1504.62205165621)(1000000    -1429.81322933233)(2000101    16125.2217329505)(2000001    -1155.16013459536)(2000200    -1244.37357155268)
5 0      - (2000002    199.646827862023)(2000001    4939.25216359873)(2000102    -1783.16018119461)(1000000    -1793.11268793305)(2000201    -1821.98163621176)(2000101    -1797.32573914994)(2000202    -2059.50130755274)(2000200    -1811.34179721781)(2000211    1519.38804384869)
7 1      - (2000102    -789.380607941488)(2000202    -789.380607941488)
0 9      - (1000000    27604.643055682)(2000001    22371.6136967146)(2000100    19671.3454760988)(2000201    4678.33361065927)(2000202    -1663.28144801381)(2000102    -1619.15581705564)(2000101    -1207.32956276858)(2000002    3982.99308683652)(2000200    21613.6747822378)
1 9      - (2000200    18083.5988415515)(1000000    27727.7383699104)(2000001    21188.4023658007)(2000100    19056.5399939016)(2000202    -1400.34920116414)(2000101    5923.30751078578)(2000002    8606.1259461346)
1 10      - (1000000    26029.9377175233)(2000001    20703.5716657132)(2000101    10768.5138798087)(2000200    9302.03404666536)(2000002    12336.6021183742)(2000202    -636.555249815176)(2000201    6262.82271292638)(2000100    8980.31379547893)(2000102    -806.747188574661)
2 10      - (1000000    26129.6106044548)(2000101    13484.2384715732)(2000002    14735.1479234103)(2000202    -1420.26212108183)(2000100    6714.70591358364)(2000102    -885.60376342287)(2000200    16656.945700444)(2000201    20651.9411925279)(2000001    27184.9841896773)
9 0      - (1000000    12008.1178288041)(2000102    -1024.91284281251)(2000100    2910.32587422822)(2000002    -942.09842876368)(2000201    -1243.67130029372)(2000202    -896.945574157352)(2000101    -1563.58279144112)(2000001    26943.3516254992)(2000200    1835.41650019384)
1 11      - (1000000    20859.9417375499)(2000001    24939.8980965227)(2000100    6958.92489914162)(2000102    -902.474304819365)(2000200    1341.283905071)(2000201    25216.346335145)(2000202    -634.414755481797)(2000101    13257.4789535216)(2000002    15898.5689393776)
10 0      - (2000002    -1556.75881026032)(1000000    -1484.20672257428)(2000001    -1245.95853987112)(2000102    -865.673541654932)(2000201    4151.72872758488)(2000012    -1065.5413000755)(2000101    -1430.49955070524)(2000100    -1689.18266487686)(2000202    -1321.8557758606)(2000200    -1430.25678966148)
0 13      - (2000202    -421.424470218643)(2000100    -660.378203145612)(2000201    -1109.78990461478)(1000000    3499.17853706253)(2000001    6648.67637869454)(2000102    -432.757233290749)(2000002    23639.0912299839)(2000200    380.773349547424)(2000101    -992.03219300747)
2 9      - (2000101    -1095.05955103483)(2000202    -849.443143521038)(2000100    3817.15886559639)(1000000    26893.2184913887)(2000002    966.856866596169)(2000001    23483.7167456324)(2000200    -1238.01233286683)(2000201    276.956944654314)(2000102    -911.513593373103)
1 13      - (2000002    -1172.6306831611)(1000000    328.202250119635)(2000200    -774.181134379504)(2000201    5953.11902826873)(2000202    -496.405475252962)(2000101    24075.85337836)(2000100    2807.13067696143)(2000102    -829.705991547628)(2000001    14767.5569232012)
13 1      - (2000102    -1116.58355477545)(2000101    8362.03525614326)(2000001    9705.4311774965)(2000100    -920.179064315063)(2000002    2737.58351108963)(2000202    2858.87920836721)(2000200    25735.2897335318)(1000000    -497.835830553803)(2000201    2574.79409671732)
3 7      - (1000000    -767.048311046902)
0 8      - (1000000    6248.03369554207)(2000202    -443.821495906483)(2000100    -560.843886729135)(2000101    -377.425085861157)(2000001    19635.8040167564)
12 2      - (1000000    -705.907964957465)(2000201    -539.713137615381)(2000001    -437.413502540865)(2000002    -904.594803484594)(2000101    -604.013500324223)(2000202    -709.142716541951)(2000200    -1009.49088051032)(2000100    21407.8393364318)(2000102    -954.942899856798)(2000012    11636.9269004112)
10 1      - (2000100    -967.586466108372)(2000201    3364.89831200383)(2000111    -364.031901163997)(2000101    -940.711537275587)(1000000    -985.020689423829)(2000001    -524.301370538687)(2000202    -949.41546593298)(2000200    -950.459261763596)(2000002    6933.28271862054)
2 11      - (2000201    10881.1637981418)(1000000    24918.2994586427)(2000100    3422.23000429373)(2000001    8643.30043105395)(2000101    5784.29507334396)(2000002    18334.2630722552)(2000102    -1053.20696636676)(2000202    -1312.49061387915)(2000200    12148.2810068883)
9 1      - (1000000    21502.3963492781)(2000202    -875)(2000200    13.118125060481)(2000201    -1046.51351006519)(2000001    911.427655148956)(2000012    108.611039103179)(2000100    3276.40083283141)(2000002    -990.614358252158)(2000101    -1164.93949567729)(2000102    -826.872316781817)
3 8      - (1000000    -621.739301636195)(2000101    -625.780375)(2000102    -1155.82065715867)(2000100    -1008.8250869448)
14 1      - (2000101    -812.497865129194)(1000000    -885.818551652314)(2000202    -414.890540521908)(2000102    -1075.77878844089)(2000100    -1080.22280622712)(2000001    -1119.96271384567)(2000002    -712.72060995311)(2000200    -979.653731960612)(2000201    -860.577148030206)
0 10      - (2000201    5576.01970740763)(1000000    27556.4981254807)(2000101    11515.3637536023)(2000001    25283.658489928)(2000202    -908.970010292583)(2000002    11337.3800082307)(2000200    13847.5007882251)(2000100    14037.9005590841)(2000102    -610.687690253607)
14 0      - (2000202    -1183.71682377395)(1000000    -1399.89113915802)(2000101    9513.92270786517)(2000201    -1855.36795148013)(2000100    -1575.6014435437)(2000001    -1468.46828615548)(2000111    -180.197456060216)(2000102    -121.034462382936)(2000200    -1246.65162087923)(2000002    -1190.92810562396)
0 14      - (2000001    -1368.34054680032)(1000000    -1493.79024826878)(2000201    638.083192269539)(2000100    -1320.14059721095)(2000101    -1346.22831017806)(2000102    -652.154492681122)(2000200    -1423.1124735106)(2000202    -1308.55661092048)(2000002    19179.2645849546)
1 12      - (2000100    4181.167607897)(2000001    15292.606999884)(2000200    10169.768217269)(2000002    26482.7601591977)(1000000    14418.6527414335)(2000102    -409.525115803936)(2000202    6622.73082315602)(2000201    14808.5747918106)(2000101    14612.0605990084)(2000012    351.557313595739)
3 11      - (1000000    5440.6899989981)(2000102    -1086.17497560132)(2000202    -1012.18336115514)(2000002    21691.7893603432)(2000201    3228.42815024641)(2000101    -1102.23158968564)(2000100    -1191.57945938258)(2000001    -1135.01977890951)(2000200    -1134.87070851683)
2 12      - (2000002    25278.6459147069)(1000000    25278.4901528716)(2000100    24995.2115649781)(2000201    25278.5178361824)(2000202    25278.4964622014)(2000001    23347.4220257718)(2000200    23885.8481998553)(2000102    24349.0293367222)(2000101    25278.5033032234)(2000012    5606.83635544008)
11 1      - (2000100    -631.372609703144)(2000201    8666.43922519134)(2000002    -814.999528320847)(2000001    26445.0630696923)(2000111    -0.9864)(1000000    -788.867477446576)(2000202    5322.48872815865)(2000101    14826.4158194223)(2000200    -937.22121890472)(2000102    8211.89664245984)
2 14      - (2000200    4338.35498252478)(1000000    2295.72039581203)(2000001    -1180.69233153552)(2000002    -1351.16224012409)(2000101    -1294.85553812082)(2000102    -971.923882406962)(2000202    -345.136041825547)(2000201    22850.9029807008)(2000100    -237.205606929646)
10 2      - (2000202    -765.401019129342)(2000002    -1442.42403336992)(2000100    -946.469924081391)(2000200    -1258.12372616742)(1000000    -964.102440003823)(2000201    13499.5254173179)(2000101    -1250.41458380628)(2000102    -960.991766992463)(2000001    -972.470290399383)
4 7      - (2000101    -51.8875466330339)(2000201    -406.584404086028)(1000000    -788.754206110491)
0 12      - (2000002    25026.7794423452)(1000000    25262.5200831118)(2000202    25258.3607148488)(2000100    25210.2556893363)(2000200    25261.0031777747)(2000102    25183.4064826429)(2000201    25035.6657647573)(2000001    25260.5154220408)(2000101    25260.7642414721)(2000012    15764.1519994012)
9 2      - (1000000    24769.8279626135)(2000201    -568.793711246511)(2000100    3125.03614220411)(2000202    -894.618651111101)(2000102    -938.937375922584)(2000101    -1162.05044900065)(2000001    7502.68119692241)(2000002    -1176.99204759894)(2000200    -1311.48224799654)
0 11      - (2000201    13013.1915584598)(2000202    -1001.12023851345)(1000000    23883.3601615151)(2000001    25869.8686331011)(2000102    -1283.68364353939)(2000002    26757.6556041229)(2000100    12037.5380143926)(2000200    17059.4487581488)(2000101    20943.8384215894)
2 13      - (2000202    -857.670513091379)(1000000    9329.53969380958)(2000200    10027.9137475495)(2000201    1519.41130595526)(2000102    -633.280894706479)(2000001    -554.254314931727)(2000002    -43.0199885475948)(2000100    23502.6479221769)(2000101    5561.06394089206)(2000012    -832.447334030437)
14 2      - (1000000    14954.5880089046)(2000201    -1479.22393675946)(2000200    1760.49514984585)(2000002    -1301.08957861369)(2000101    5123.80989152483)(2000001    -1286.61833731381)(2000102    46.8152337529698)(2000100    -1322.66214244398)(2000202    -943.2019373908)
2 15      - (2000002    -1518.14059894957)(1000000    -1511.31495352551)(2000201    8790.62577151155)(2000101    4880.09317676872)(2000001    -1249.8978550448)(2000102    -1139.94832570851)(2000200    21201.2563119965)(2000100    -1356.25959781821)
12 0      - (2000101    14487.4154846265)(2000202    25444.1075465157)(2000001    19956.8319712212)(1000000    11536.9936008049)(2000100    8267.6769937195)(2000201    11124.1786056617)(2000002    2691.7850738522)(2000200    7833.06151033964)(2000102    10403.5620804242)(2000012    -231.110429680377)
4 9      - (2000101    -556.580061177821)
4 11      - (1000000    -138.558573463147)(2000201    -1559.62427131219)(2000012    -360.340483829011)(2000102    -1247.99460653836)(2000202    -677.290284872246)(2000002    10385.0442620479)
2 8      - (1000000    -789.42935498222)(2000102    -1072.65671085124)(2000200    -624.284895186539)(2000101    -586.820041345232)(2000002    -663.196644735815)(2000100    -589.840627651759)(2000001    -396.574360896821)
5 3      - (2000202    -651.47644019613)(1000000    5991.22005008373)(2000100    -920.811429222729)(2000001    -900.856928491792)(2000201    -238.55317626916)(2000101    -723.017848774318)(2000002    -1574.19128099663)(2000200    -557.633788645119)(2000102    -732.020188734604)
5 5      - (1000000    -917.960516222708)(2000100    -1360.09711290107)(2000102    -1260.99933389182)(2000002    -1033.01545395121)(2000201    -759.307396050458)(2000202    -500)
0 15      - (1000000    19344.4165793721)(2000100    -720.440398850325)(2000201    5877.33529941931)(2000002    -1209.56326735227)(2000101    2646.1799411591)
2 16      - (1000000    5165.3173377178)(2000200    -1482.30671420976)(2000001    19099.2517360751)(2000201    4716.50445072248)
4 6      - (1000000    -1250.10482608405)(2000202    -996.004034699301)(2000100    -1549.03803406907)
6 8      - (1000000    -606.019673954989)(2000101    -630.854451872511)(2000201    -272.116701387272)
13 2      - (2000002    -1118.40342393395)(2000200    -1002.37435367817)(2000100    -1000.63857564979)(1000000    -1072.84051369435)(2000102    6853.51901812335)(2000101    -1047.23096834912)(2000202    -941.234420213923)(2000001    8855.48367793784)(2000201    -1335.78593076725)
4 8      - (1000000    -797.402609193933)(2000201    -535.09264208623)(2000102    -903.305132528232)(2000101    -343.032835113962)(2000001    -392.053419457294)(2000002    -588.203341345232)(2000100    -397.314160896821)
13 0      - (1000000    2549.26241273013)(2000001    11151.1969867296)(2000002    13022.8980218824)(2000102    25633.0455597371)(2000101    1629.6624029665)(2000100    9957.34372422912)(2000202    2327.94714371362)(2000200    9052.97605636713)(2000201    6525.31489814103)
4 15      - (2000001    4871.51066634028)(2000201    2901.36324239709)(2000100    -1236.38353357857)(1000000    -1173.81318132478)(2000002    24060.2781195371)(2000200    4478.01947767432)
11 0      - (1000000    11874.0053213103)(2000002    13536.1879722517)(2000001    5906.02557233558)(2000202    1299.59585814311)(2000201    15041.4445667035)(2000200    25946.6684078522)(2000102    5439.87810387918)(2000101    1826.03111314067)(2000100    -737.966129062352)
8 3      - (1000000    -19.2388758910917)
12 1      - (1000000    -730.678363280244)(2000200    5617.38786983351)(2000100    4014.221683924)(2000201    -1160.4993568026)(2000101    -657.587191651818)(2000001    -1171.52223458367)(2000102    -418.593953814957)(2000202    2706.83066142721)(2000002    26024.4971825087)
1 14      - (1000000    -1510.96300125898)(2000002    21739.3285639586)(2000202    -1432.79311670393)(2000101    4840.37836804631)(2000012    -1175.82693925854)(2000201    406.252984992409)(2000001    2540.89414639869)(2000100    -1256.68308906384)(2000102    -1455.42882229011)(2000200    -1216.83791785096)
3 9      - (1000000    -736.138736594628)(2000201    -837.190573682841)(2000200    -1258.19977838342)
1 7      - (1000000    -621.576092930702)
0 16      - (1000000    -1205.92573614979)(2000200    -1206.84086665474)(2000102    -470.825841425083)(2000201    -1354.63583770172)(2000002    17376.5593512642)(2000101    -1280.44617149375)(2000100    -705.5798940843)
11 2      - (1000000    11923.6261711562)(2000101    1320.20829458402)(2000001    -1049.82510709168)(2000201    -1126.46271227998)(2000002    -1008.34242437431)(2000200    -1091.76040824197)(2000202    5438.47907792479)(2000102    9750.05227858108)(2000100    24506.9844424468)
5 4      - (2000002    -712.010283436119)(2000202    -933.207954623753)(2000201    -1214.96873536414)(2000200    -1268.42105232335)(1000000    -1038.32361553116)(2000001    -1917.56933058155)(2000101    -958.682775870301)(2000102    -1155.43953242732)
4 13      - (2000001    22214.2067744593)(1000000    21752.8717160837)(2000002    17165.991508866)(2000202    25273.5385622355)(2000200    20470.6334821488)(2000102    17350.4745474281)(2000201    21650.759128085)(2000100    22462.7719600117)(2000101    18928.6074337957)
3 16      - (2000201    20416.2308593227)(2000001    -1246.92795248685)(2000200    -1423.12029315131)(2000101    83.129401768045)(2000100    -1372.53117477537)(1000000    -1352.57991665526)(2000002    1912.70022002611)
1 16      - (1000000    -1013.21843165937)(2000100    -1806.55451062927)(2000001    -1316.99272340176)(2000002    -1248.8963119095)(2000201    18753.2848522256)
3 15      - (1000000    2585.37845246588)(2000200    22789.6099674673)(2000002    8823.89178111044)(2000100    -1457.56746946063)(2000202    -847.780783746997)(2000201    4157.94007340092)(2000101    1158.0026121482)
12 3      - (2000002    -1087.00078088515)(1000000    -771.660673549624)(2000101    -599.905588066345)(2000100    -404.807049665697)(2000001    -447.492583309876)(2000202    -266.097244375614)
6 1      - (2000001    -1628.14891330035)(2000102    -1792.49796601882)(2000202    -2003.09697806231)(2000200    -350.499435698394)
3 12      - (2000101    23838.1338628944)(2000200    23001.7311003792)(2000201    23839.8855655559)(2000100    25264.5733826805)(2000001    20175.5898430395)(2000202    22472.8536742495)(2000102    22921.7088959561)(1000000    23686.849156507)(2000002    24041.7445233621)(2000012    3434.51258933857)
3 13      - (2000201    -659.696509727874)(2000101    407.393143129288)(2000200    -897.085338168137)(2000001    -564.778576460697)(2000002    21101.6920486371)(2000102    -423.458838891015)(2000100    -352.004821243421)(1000000    3700.0041313821)(2000202    -306.191525468673)
1 8      - (2000001    -714.485989322367)(2000002    -833.576943423653)(2000200    -960.502885858166)(2000201    -931.582548884574)(2000102    -1776.75389127736)
3 14      - (2000101    1536.53074032856)(2000002    -1186.8807504342)(1000000    25221.9164781819)(2000102    -1024.83555754137)(2000200    -828.428383502108)(2000202    -901.704748542787)(2000100    -1099.27473229157)(2000201    12330.4384848189)(2000001    -1096.73293239037)
7 3      - (2000101    -596.382136706684)
6 2      - (2000201    -1847.6330528695)(2000200    -1387.66651308177)(1000000    -1388.11168427306)(2000001    -1389.18185705062)
5 6      - (2000201    -873.26514376568)(1000000    -1141.96429754782)(2000001    -770.31479062117)
4 12      - (2000001    24825.9600942687)(2000201    18221.3349934602)(2000101    17496.0955265731)(1000000    23547.288347829)(2000202    25273.5973361238)(2000002    22813.6186277973)(2000100    20018.3936769192)(2000102    21111.575756885)(2000200    21918.9981656091)(2000012    5508.71489546106)
0 7      - (2000002    107.40086129243)(2000101    82.0915793273841)(2000102    54.8055195515894)
1 15      - (1000000    3019.2291640593)(2000201    18147.6471793971)(2000100    -1512.04851478296)(2000101    -1636.4497897907)(2000202    -1040.76080022504)
6 0      - (2000001    -1326.56069927514)(1000000    -1417.46945102183)(2000101    -1165.99899355445)
16 2      - (1000000    -945.095083053811)
11 4      - (2000100    -1066.10557841794)(2000101    -717.211250677641)(2000202    -363.245015122686)(1000000    -300.595819914301)
11 3      - (2000200    -891.195572949064)(2000202    -637.215942099756)(2000201    -839.46541944987)(1000000    -508.509953438177)(2000002    -674.237557546996)(2000102    -539.547258017714)
6 6      - (2000201    -612.9243767693)(2000102    -1031.47435311756)
3 10      - (2000202    -1254.33749684426)(2000201    8702.84249043027)(2000001    10523.4850269609)(1000000    18483.1132901053)(2000102    -1106.05092514155)(2000002    27574.9658243991)(2000100    11023.3600470886)(2000200    15138.3989925496)(2000012    254.483632003661)(2000101    4444.49449178165)
12 4      - (1000000    -959.725411925475)(2000202    -927.928558789699)(2000101    -828.361736437966)(2000201    -849.452209376837)
15 2      - (2000200    -1743.60441829841)(2000100    -746.928001536173)(2000001    -497.952001024115)(1000000    -558.077547731579)
15 3      - (2000002    -550.734764738143)
15 1      - (2000002    -864.095723089487)(2000201    -1673.37194882224)
6 7      - (2000200    -622.062239650992)(2000102    -900.531245674179)(1000000    -958.249524179665)
4 10      - (2000001    1572.66470834686)(1000000    5659.13047932083)
14 3      - (1000000    240.431573312646)(2000201    673.699297457659)
3 6      - (1000000    -967.706850367353)(2000111    -0.4932)(2000002    -1101.92813946172)
5 15      - (2000101    -1137.03402803472)(2000002    -616.162359229528)(2000201    1054.64290822732)(1000000    1521.10403976977)(2000202    20418.5176621067)(2000200    1366.29750770721)(2000001    4088.56439684581)
8 0      - (2000201    -730.327256569085)(2000200    202.004557573186)
13 4      - (2000102    -903.079376931382)(2000100    -920.413098115758)(2000101    -526.709935042426)
10 4      - (2000101    -384.917317503291)(2000200    -673.80165563076)(1000000    -613.900281433748)(2000002    -452.336104815353)
9 4      - (2000201    -753.247776126688)(2000001    -754.665276126688)(2000202    -435.348217373389)
13 3      - (1000000    -794.05726371687)
7 8      - (1000000    -235.549690461909)
9 9      - (2000001    -532.969354641129)(2000102    -1350.99180324438)(1000000    -1140.80207702791)(2000100    -578.532859896184)(2000101    -531.954942490808)(2000202    -1452.42749439839)(2000201    -505.536150858173)(2000200    -629.901978490099)(2000002    -616.444661173105)
10 9      - (2000102    -780.169510389146)(2000200    -629.707304798853)(2000202    -697.577794116894)(1000000    -650.388819933529)(2000201    -734.935319011137)(2000001    -626.387982878432)(2000002    -707.697627967302)(2000100    -456.356798674749)
10 10      - (1000000    -641.362668453281)(2000200    -588.51957737581)(2000201    -549.669559459086)(2000101    -609.912408805501)(2000102    -945.540210828313)(2000001    -561.458316741487)(2000100    -523.707404564207)(2000202    -495.131008377885)(2000002    -706.378425776854)
10 13      - (2000200    -258.968272716561)(2000002    -668.405071377942)(2000100    -641.797852162651)(2000201    -209.475441518402)(1000000    -624.531515637823)(2000001    -245.74507469681)(2000102    -1390.46498454878)(2000202    -824.410617900134)(2000101    -610.959579905666)
10 12      - (1000000    -1084.56783732468)(2000201    -528.491473777616)(2000002    -486.553238481674)(2000102    -656.119338599773)(2000100    -673.080577758927)(2000001    -602.519183760648)(2000202    -1173.09870814525)
12 12      - (2000002    23608.51908493)(2000200    17352.602807799)(2000202    19345.8352710813)(2000201    19569.9762122544)(2000100    25261.5200831116)(1000000    21905.7348323677)(2000101    24488.7267664368)(2000102    17365.3247145699)(2000001    21760.1504028231)
10 11      - (2000002    -1049.68047809326)(1000000    -151.179899834911)(2000102    -968.385639536661)(2000202    -972.718009816896)(2000101    -592.554092601823)(2000001    -122.656524692471)(2000100    -346.417180884993)(2000201    -685.117821484832)(2000200    -704.953398411132)
12 9      - (2000200    -585.117433091782)(1000000    -781.113760356836)(2000001    -551.163857536635)(2000002    -749.403848866225)(2000102    -1468.66001114173)(2000202    -979.106674094488)(2000201    -541.570485052226)
14 13      - (1000000    -654.893734885168)(2000001    -573.452696512905)(2000201    -802.268719563527)(2000002    323.799750276362)(2000202    -1444.7465713949)(2000102    -1658.42236891599)(2000100    -967.540154392946)(2000101    -751.813724974465)(2000200    -629.158120116119)
9 10      - (1000000    -464.471974649884)(2000102    -523.679418338436)(2000100    -428.152035324213)(2000101    -562.427574331422)(2000002    -690.596233955693)(2000201    -514.76309211145)(2000001    -436.178774920293)(2000200    -748.581797807086)(2000202    -924.545047616566)
10 14      - (2000100    -518.902831915138)(1000000    -460.535225339555)(2000201    -538.431555376817)(2000200    -904.86644212541)(2000101    -452.640937358508)(2000202    -1051.22490460957)(2000002    -595.77432307218)(2000001    -750.024890258104)(2000102    -825.407003066356)
13 10      - (1000000    -490.063160589087)(2000101    -685.219582267963)(2000200    -600.941458871954)(2000202    -1260.84036008748)(2000201    -599.987738191179)(2000002    -794.515042214484)(2000001    -962.455677701072)(2000100    -710.76848084274)(2000102    -1044.01790109624)
10 8      - (1000000    -130.643227093337)
11 9      - (1000000    -640.530726494124)(2000200    -663.13359222185)(2000002    -970.312035872386)(2000201    -579.987838709837)(2000101    -923.133708754268)
12 10      - (1000000    -1008.78238355553)(2000001    -606.973817095977)(2000200    -566.870483892856)(2000102    -1118.79225753369)(2000002    -571.071080085013)(2000201    -501.519282490851)(2000100    -1027.36361456721)(2000202    -659.190289078909)(2000101    100.782256991795)
11 12      - (2000200    -505.745358624978)(2000102    -1579.09872512532)(1000000    -981.911471486185)(2000101    -510.163459288427)(2000002    -489.079180247077)(2000202    -500.9864)(2000201    -681.28234119865)(2000001    -488.665046748942)(2000100    -245.437683073979)
11 13      - (2000200    -1280.65221964752)(1000000    -57.1211125976812)(2000201    -838.333932731989)(2000102    -1007.99966336328)(2000101    -693.035839612028)(2000202    -1375.72172804293)(2000100    -595.520220350793)(2000002    -713.926590052161)(2000001    -552.156992509755)
13 11      - (1000000    -678.984677285108)(2000001    -733.15586237001)(2000100    -518.646393974321)(2000201    -606.862642814638)(2000101    -442.017084844406)(2000202    -710.742424586788)(2000200    -510.97022284495)
14 10      - (2000201    -1093.41557570568)(2000102    -836.061545662206)(2000001    -515.244943611346)(2000002    -572.02474607887)(1000000    -649.18484928711)(2000100    -548.159268290386)(2000202    -1176.39466540048)(2000200    -848.273078315876)(2000101    -1192.65018046469)
14 14      - (1000000    -663.74189790311)(2000200    -972.143429492721)(2000101    -1070.43574757995)(2000102    -1838.89882790635)(2000002    -836.670592305255)(2000201    -124.310738564046)(2000202    -680.254420361141)(2000100    -730.432206303263)(2000001    -945.647142856219)
12 14      - (1000000    -620.608327125335)(2000002    -747.73212966197)(2000001    -550.748892203921)(2000201    -586.759369379404)(2000200    -559.862606748084)(2000101    -551.86188062091)(2000102    -653.791832382564)(2000202    -623.455241536989)(2000100    -556.641076303693)
13 13      - (1000000    -125.379022346988)(2000200    -1323.01746068901)(2000102    -1290.33306474777)(2000101    -104.996267413464)(2000002    -82.2751574702114)(2000100    -439.155000684441)(2000201    -245.777483073979)(2000202    -119.638069905742)
15 15      - (1000000    -595.468017638367)
4 14      - (2000101    18132.0784326455)(2000100    -459.471082481011)(2000200    15875.0537527651)(2000002    12032.5420411842)(2000102    6739.36311305308)(2000202    10088.645995855)(2000201    25297.0994534993)(2000001    10466.6245200924)(1000000    13684.9719626527)
14 11      - (1000000    -654.474149190096)(2000201    -683.306595141583)(2000002    -655.308905188643)(2000101    -732.757402409485)(2000102    -915.094358438337)(2000200    -698.09486296159)(2000202    -1108.85988739153)(2000001    -507.861245089318)(2000100    -641.008067545459)
13 14      - (1000000    -640.676156387451)(2000200    -621.92002006623)(2000102    -1231.81160975455)(2000202    -1299.60017703581)(2000100    -900.293418518604)(2000002    -634.867008367429)(2000101    -578.812459241923)(2000201    -789.187532948818)(2000001    -579.384299171393)
13 9      - (1000000    -227.882029632066)(2000102    -1505.92771028269)(2000100    -600.084319662366)
11 11      - (1000000    -489.496476488969)(2000202    -617.147295956645)(2000100    -478.882672849326)(2000002    -242.37003631365)(2000200    -554.726406774999)(2000201    -474.872773455834)
9 13      - (1000000    -654.864443892463)(2000102    -1175.83767741534)(2000100    -632.506493234959)(2000202    -577.971940796409)(2000200    -464.572350660384)(2000201    -889.63177893216)(2000101    -519.00791184331)
6 11      - (2000201    -1150.29531677841)(2000100    -829.596250110142)(2000002    346.430387742019)(1000000    5677.91107794453)
9 12      - (1000000    -402.16337743145)(2000002    -384.238899660955)(2000202    -1086.48819647573)(2000001    -292.198697393992)(2000102    -1116.66672461097)(2000101    -622.663424462003)(2000201    -414.417180600881)(2000200    -749.355399577957)(2000100    -600.084319662366)
13 12      - (2000101    -924.386221151439)(2000200    -61.7772178757073)(1000000    -1666.67564008369)(2000201    -741.755025755402)(2000102    -686.856916500623)(2000001    -1221.61359524759)(2000002    -610.345645204663)(2000100    -700.063971931833)
15 8      - (2000101    -581.960638709837)(2000002    -387.973759139891)(1000000    -250.831810960503)
11 10      - (2000202    -1041.77736442482)(1000000    -650.72842962484)(2000201    -660.327619953173)(2000101    -490.337525065309)(2000100    -574.079573537511)(2000002    -365.579783848393)(2000200    -489.982186332877)(2000102    -459.914916346559)
8 14      - (2000002    -553.843664978819)(1000000    -960.747996546154)(2000101    -650.449320640339)
12 11      - (2000100    -497.399858346963)(1000000    -475.380878645518)(2000201    -451.849588597448)(2000102    -1265.01339022956)(2000002    -455.10953076371)(2000200    -424.180524516318)(2000202    -573.6168173192)
14 9      - (2000101    -582.330538709837)(2000002    -561.192566962871)(1000000    -570.854929141874)(2000200    -581.730538709837)(2000102    -887.720359139891)(2000100    -617.318872421275)(2000001    -489.230404599534)
11 14      - (1000000    -552.198619218565)(2000002    -533.77990673467)(2000101    104.621559386851)(2000202    -443.693228141429)(2000102    -976.589571262926)(2000001    -578.736577129005)(2000201    -115.228819473421)(2000100    -491.938131679467)(2000200    -82.2773990542347)
12 13      - (2000200    -785.145153813209)(2000101    -1059.84183012607)(1000000    -182.423950589463)(2000002    -484.244428624089)(2000102    -1118.14632461097)
9 11      - (1000000    -621.472603195352)(2000002    -147.354028098216)(2000102    -1535.28066109389)(2000202    -870.899710810016)(2000201    -600.228957678839)(2000101    -556.28007049817)(2000001    -581.474717592117)(2000100    -578.688428673349)(2000200    -576.474506570535)
6 13      - (2000002    19037.6151476443)
8 13      - (2000202    -1388.11442431082)(1000000    -850.805450507492)(2000100    -582.330538709837)(2000001    -464.471814395941)(2000102    -887.720359139891)
15 9      - (2000002    -292.158469354918)(2000202    -887.720359139891)(1000000    -420.010260017143)
7 13      - (2000102    -631.949335046161)(2000002    -476.776695507517)(1000000    -489.565301530049)(2000101    -475.535510955834)
8 12      - (2000100    -534.894245261188)(2000102    -742.718283073979)(2000200    -243.064883073979)
8 10      - (2000201    222.858075558603)(1000000    218.699996557204)
9 14      - (2000201    -644.413658175756)(1000000    -695.514240945794)(2000002    -678.539841919369)(2000001    -741.851467598374)(2000102    -1367.64820423348)(2000200    -1082.26343882037)(2000202    -588.3494771776)(2000100    -637.674848084463)
7 10      - (2000100    -168.008109546588)(2000202    -1740.72875754231)(1000000    -452.464040020608)(2000002    -488.115162693617)(2000102    -495.311998739632)
6 14      - (2000200    4355.49567899637)
16 14      - (1000000    -633.598870181267)
8 9      - (2000200    -240.112684480697)(1000000    -700.90718396939)
16 13      - (1000000    131.93325499344)
11 8      - (1000000    -626.471335768354)
12 15      - (2000100    29.7370413386677)
14 12      - (1000000    -1096.09151642701)(2000102    -714.010075195115)(2000100    -590.726846643014)(2000002    -1157.89455853803)(2000202    -1183.33307024334)(2000200    -411.205511644619)(2000201    -575.198830193379)(2000001    -27.4661078527544)(2000101    -520.219214983782)
8 11      - (1000000    -716.36362476863)(2000202    -888.424853058091)
9 8      - (1000000    -623.453758521356)
9 15      - (1000000    -521.777290728921)(2000101    -93.9003075448441)
7 15      - (1000000    -775.499641776905)
16 15      - (2000100    -661.47897609562)(2000201    -224.892013508235)
16 12      - (2000101    -1066.38029075021)(1000000    -921.793529611744)(2000102    -1194.24051520743)
16 16      - (2000202    -1453.01670412212)(2000101    -43.4790981692762)
12 8      - (1000000    -404.775474482752)
13 8      - (1000000    -446.638322137905)
14 8      - (1000000    399.109861769911)
8 15      - (1000000    -1604.76643332367)
15 4      - (2000201    -811.99706031803)
11 16      - (2000201    -486.246652349926)(1000000    -517.043735875212)
7 16      - (2000001    -1.924325)
15 10      - (2000202    -1751.4138652363)(1000000    -916.343005698972)(2000002    -613.29278969317)
13 16      - (1000000    694.998423947719)
9 16      - (2000200    -1.12765356836948)(2000201    -216.221672689731)
16 8      - (1000000    -631.324318441065)
6 12      - (2000101    -36.7394805215692)(2000100    11559.8958108255)
16 0      - (2000101    -423.500598721699)
7 11      - (1000000    185.046465452717)
13 15      - (1000000    -362.298623787707)
14 15      - (2000002    -161.624934380598)(1000000    -296.315609647488)
11 15      - (1000000    -487.960504599534)(2000002    -325.907003066356)
6 16      - (2000200    8435.46531355287)(2000202    25981.436187735)(2000101    839.753158503523)(2000001    6036.47445581054)(2000002    5223.32266165978)(2000201    2936.25244939409)(1000000    4900.86425529189)(2000100    6572.49536459394)
6 15      - (1000000    7315.50188088588)
5 10      - (2000002    16093.1894297525)(2000201    3279.77167796603)
10 3      - (2000001    2352.94470278493)
6 17      - (2000200    2643.97968225932)
5 18      - (2000200    1478.3366634747)

