421
0 0      - (2000102    15460.2339246561)(2000001    30127.360852174)(1000000    29271.3726447993)(2000202    16959.3503371325)(2000201    19599.3621811303)(2000002    18537.3230303555)(2000200    16830.4052251792)(2000100    23375.2756355942)(2000221    16214.2964468558)(2000211    17465.9666781754)(2000012    9775.68433060528)(2000111    14424.3003349931)(2000101    20928.3937630856)(2000121    12298.4921263187)(2000022    16301.9257081509)
2 1      - (2000100    31443.5657718246)(2000101    26260.2601709084)(1000000    31435.6159109272)(2000211    29357.4710347873)(2000012    21160.585701903)(2000221    31241.7064536062)(2000102    30028.9118795865)(2000202    25763.5027059741)(2000200    31449.1461302319)(2000001    32149.1643297063)(2000002    26566.1188870551)(2000201    23935.6827035517)(2000121    28727.4485288756)(2000022    28656.6364554505)(2000111    30680.1494185022)
0 2      - (2000200    30931.6694606097)(1000000    29513.9632470503)(2000022    18100.4528288681)(2000002    20335.2809694876)(2000201    29587.1182954809)(2000202    31293.6778762422)(2000101    24525.7572214102)(2000100    31114.5638931996)(2000102    30221.478491885)(2000111    31054.7192058057)(2000012    31747.3099092303)(2000121    22569.9934548346)(2000211    28281.4874826835)(2000221    31621.3388715266)(2000001    31293.553750168)
1 3      - (2000201    26484.7233003108)(2000100    32129.560716177)(2000221    24508.0634405259)(2000101    30743.4782723521)(2000202    32142.0477764349)(1000000    30102.7324551171)(2000002    30422.7743183099)(2000121    24416.0603736749)(2000200    24631.0107793445)(2000001    32139.9905375004)(2000102    31065.1781299064)(2000022    27192.2100459656)(2000211    30314.3433960966)(2000111    30031.5693492269)(2000012    27747.8226542928)
1 1      - (2000102    24329.060605786)(2000001    31552.5611777782)(2000211    24279.5845885332)(2000100    31070.8401071297)(1000000    25967.0373702324)(2000101    30040.3659472341)(2000121    27962.0157279697)(2000201    22593.5363703541)(2000002    17105.1474611168)(2000200    30794.4696717269)(2000202    26340.1341299734)(2000022    28030.5278230866)(2000111    28191.4449793556)(2000012    28036.4118630273)(2000221    29995.4407131089)
0 1      - (2000100    31110.3706105975)(2000221    30498.6306323317)(2000200    31146.1540367037)(2000002    29789.860791544)(2000201    26026.4478125631)(2000012    26003.1762323659)(2000121    29748.188001121)(1000000    30391.2804073644)(2000102    27268.2568568478)(2000022    30410.5930849234)(2000101    23061.4378916586)(2000202    27890.3531174706)(2000211    30547.5514168708)(2000111    30559.0311138559)(2000001    32985.493311078)
1 4      - (2000001    32308.1417607465)(2000012    32719.5861320389)(2000101    31395.4483317187)(2000201    32308.279665142)(2000100    31328.2776138478)(1000000    31527.9492311498)(2000002    32321.3326332972)(2000211    33076.9680619234)(2000121    23758.0900357431)(2000202    24460.3987346196)(2000200    32283.6444559313)(2000102    32305.2512149431)(2000221    31730.912174014)(2000022    16440.6775400456)(2000111    30053.62943206)
2 2      - (1000000    25500.9482454916)(2000200    30184.9455118504)(2000012    22429.1843379994)(2000201    29161.1422404964)(2000022    23110.824549607)(2000202    18188.8097622543)(2000001    31148.9997141424)(2000101    26408.8170126775)(2000002    27736.1905668448)(2000221    25774.4324174965)(2000211    22283.6396291467)(2000111    25348.6915064796)(2000100    26900.2590184743)(2000121    23518.0276527123)(2000102    24720.6943630692)
1 0      - (2000022    23411.0526859254)(2000201    26505.5839419536)(1000000    29308.598118091)(2000101    26482.7253641412)(2000200    31044.5835369836)(2000221    22423.3443038132)(2000211    19281.6349670541)(2000100    31064.6980005026)(2000202    29460.1254959589)(2000121    27289.990089003)(2000002    29155.7970976106)(2000001    31739.2081930056)(2000102    15491.6106544957)(2000111    28302.951475649)(2000012    29331.1548894144)
0 3      - (2000002    28018.907648236)(2000111    26707.9122207203)(2000101    31924.085374528)(2000102    32341.3439386281)(2000100    32341.5428377784)(2000022    29387.772733673)(2000001    32262.8813483493)(2000201    32088.3610007043)(1000000    31937.6358146766)(2000200    32237.0728379361)(2000221    30154.1634657571)(2000012    30413.0078547407)(2000211    23126.3461250086)(2000202    32327.5418712707)(2000121    28070.1492687981)
1 2      - (2000200    31275.4506879871)(2000111    28619.6008731417)(1000000    30738.7484740437)(2000202    26301.352479623)(2000121    19928.1285756479)(2000201    24623.1083568049)(2000100    31422.8266088943)(2000002    17454.2859858269)(2000102    22327.4985599206)(2000101    28237.1065992572)(2000211    30929.1247914189)(2000221    28150.1637785691)(2000001    32468.5015126888)(2000012    30872.2582674231)(2000022    23803.0037196763)
2 0      - (2000101    30423.5619929572)(2000100    27160.1133758976)(2000002    30617.047954792)(2000202    23472.2992553302)(2000111    24174.2508038915)(2000022    31340.5670873938)(2000201    23995.9019917447)(2000200    31948.4176493273)(2000102    26339.869168748)(1000000    31028.5888108744)(2000221    31441.4134303898)(2000001    31545.8805529301)(2000012    30572.5515570477)(2000121    31195.1941222779)(2000211    20281.0918072563)
3 3      - (2000200    32325.7886641646)(2000202    24033.7911387297)(2000211    31098.0228257838)(2000100    32310.3649445388)(2000012    31121.1891165333)(2000101    24602.3322584026)(1000000    28114.0930907942)(2000201    31798.9212127724)(2000102    26738.9225222439)(2000002    19098.8562736838)(2000001    32292.2600055454)(2000121    30176.4768167599)(2000111    27756.7132619747)(2000022    16624.7375053794)(2000221    27474.6093330457)
3 4      - (2000102    24730.819026865)(1000000    32437.6327910763)(2000200    32250.3022679381)(2000101    27094.3260689439)(2000201    33175.422636931)(2000100    32955.930932509)(2000012    32134.8454391624)(2000121    23016.2937571669)(2000002    32417.8619489103)(2000202    32532.3287705359)(2000211    25135.0283196077)(2000001    32723.8377536094)(2000111    31168.9828288279)(2000022    12373.2443103092)(2000221    18138.1859483027)
2 3      - (1000000    27392.9322524472)(2000202    20012.3962199452)(2000002    27754.7708728272)(2000102    31424.065746153)(2000200    28064.8937573438)(2000100    31423.4589608202)(2000001    31400.5093797286)(2000101    27728.0416489046)(2000201    24049.4940372151)(2000012    31286.7828487003)(2000022    24181.6879120702)(2000221    31054.3793716618)(2000111    32312.1907647754)(2000211    30845.9559739385)(2000121    25873.9448869777)
4 0      - (2000111    25759.0953988668)(2000101    31912.1220710751)(2000202    32107.0409411161)(1000000    30945.1539773112)(2000002    32285.0135459643)(2000221    16628.2966913355)(2000102    32185.7973922969)(2000121    31611.5331504934)(2000211    32571.1107954612)(2000201    31639.7451792465)(2000100    27858.6483177174)(2000012    31268.8957963586)(2000200    32353.2807965254)(2000001    32313.7956883799)(2000022    28619.8586965271)
2 5      - (2000211    16217.4027800784)(2000201    32275.5812957064)(1000000    32006.5027876029)(2000101    25136.2413356768)(2000202    32350.4475244333)(2000111    25334.867876916)(2000002    28899.4235547249)(2000200    32091.1158955011)(2000100    30270.9498254383)(2000001    26400.4059886807)(2000121    19008.4409351432)(2000102    32360.386208769)
0 5      - (2000201    32064.2287187577)(1000000    31629.3412421143)(2000002    33098.2277317144)(2000102    31001.2637932583)(2000101    33100.9583492892)(2000200    32902.709337722)(2000001    30006.6602120614)(2000202    32014.9931289384)(2000100    24717.9026901271)(2000012    7221.65659218192)(2000121    9803.09958935844)(2000111    24392.7995703266)(2000221    11272.4977064175)
4 3      - (2000102    29523.9477996505)(2000202    33053.2823937446)(2000201    33040.3382051516)(2000100    32946.7252507784)(2000101    30414.9721553593)(2000001    32858.1444975351)(1000000    32400.5910795397)(2000012    27301.6844234268)(2000111    27654.3690575041)(2000211    29147.2412334653)(2000002    27803.5699729671)(2000200    33048.3341416009)(2000022    14044.0065171755)(2000121    4997.36599892462)(2000221    24864.8132940621)
3 0      - (2000200    24839.5372551168)(2000221    29935.4385511806)(2000022    29516.1403636726)(1000000    31338.9826057412)(2000211    26236.1735858449)(2000111    30497.3989284262)(2000002    31383.8747483113)(2000101    31380.6819988766)(2000100    31384.7297346482)(2000201    27444.733758778)(2000202    31372.5042648396)(2000102    28589.0921937542)(2000001    31440.7300926343)(2000012    30693.2594635365)(2000121    26881.7539209391)
3 1      - (2000101    31967.9909012778)(2000100    32004.0243852302)(2000111    31346.3465642803)(1000000    32010.3751933262)(2000201    31837.952746227)(2000012    28671.048393493)(2000002    26543.4832025419)(2000211    30832.0683014508)(2000102    32002.4755314945)(2000221    32838.403871826)(2000200    31971.6681106777)(2000001    32020.7683001235)(2000202    28937.3861720715)(2000121    20734.9804917139)(2000022    26601.5501542302)
0 4      - (2000111    32759.6027721197)(1000000    31408.9828692363)(2000102    32443.7004944804)(2000101    32972.2350498156)(2000121    25041.3723759556)(2000202    32904.9214920636)(2000200    32049.3030510116)(2000002    27541.5129170683)(2000201    32714.1542630756)(2000100    33049.5628121466)(2000211    31712.3847313439)(2000012    32459.1181956574)(2000001    33034.9099586262)(2000221    26386.5746657713)(2000022    22306.0599114386)
3 2      - (2000121    23920.0345802709)(2000202    30982.2914502417)(2000002    28882.2188802682)(2000102    20260.6254886446)(2000101    31516.8175399103)(2000100    27005.6140907812)(2000200    30733.8477777581)(1000000    30443.26750581)(2000111    22628.5155107288)(2000201    30689.6853975809)(2000022    26315.9255454576)(2000211    29740.2006858837)(2000221    19509.7705294739)(2000001    32215.593201075)(2000012    19421.0788232278)
2 6      - (2000102    27358.204130793)(1000000    33640.1221754706)(2000200    25603.9996262737)(2000101    23065.7916620063)(2000002    13364.9900219588)(2000201    33772.5209751846)(2000121    5792.56071084998)(2000211    5870.53849595702)(2000202    20840.0543672972)(2000001    26126.1548158474)(2000100    25426.9979702407)
4 5      - (2000002    24728.1683823501)(2000101    28912.4100495948)(1000000    32096.6835712953)(2000102    14715.104531218)(2000200    32093.7007063316)(2000001    19120.5035273396)(2000201    21403.1391984498)(2000202    30922.4544263356)(2000100    16106.0157262153)(2000211    8346.96505865188)
2 4      - (2000022    29797.4271481749)(2000002    32083.2888074578)(2000200    32597.4151311481)(1000000    31833.9830489449)(2000101    28745.2792430176)(2000121    11816.1976805287)(2000100    32817.4404776455)(2000102    30291.2883872277)(2000201    30604.1859218754)(2000111    23196.1221677983)(2000001    32780.3591910275)(2000202    32798.7373256224)(2000211    28810.2133406502)(2000012    32991.4985710112)(2000221    22722.278772316)
4 1      - (2000200    32150.4472388565)(1000000    30775.7931125067)(2000100    32131.3495616774)(2000001    32456.7073637478)(2000211    31497.4312939818)(2000201    28839.8166989889)(2000002    28450.6873155905)(2000101    27822.1227127248)(2000202    31969.4962705271)(2000102    32153.0014889048)(2000022    27055.0987781408)(2000121    30429.6876201542)(2000012    28030.6259315239)(2000221    27333.4915461902)(2000111    26428.4401649257)
4 2      - (2000102    32244.65717058)(2000002    24731.9569579981)(2000201    31052.0202626888)(1000000    32157.5761406517)(2000211    27653.3611612283)(2000101    27020.9625029662)(2000012    26487.8077889856)(2000200    31471.4614440967)(2000100    32331.2451852903)(2000001    32483.3209963254)(2000111    26525.3250093543)(2000221    27876.2076585213)(2000202    32485.9892741236)(2000121    15261.0851030254)(2000022    9193.12058801377)
5 4      - (1000000    32326.1915504243)(2000002    26344.0796821693)(2000101    18635.3326765836)(2000202    24473.555261105)(2000100    26438.5517376519)(2000001    23965.2150568139)(2000102    32320.303800413)(2000201    14658.1339074309)(2000200    29181.2694252776)
5 1      - (2000012    7963.08491199959)(2000101    32165.6127837082)(1000000    32167.7479011376)(2000100    32157.2774169458)(2000002    32159.5711128409)(2000201    27018.9591926108)(2000022    9398.25608361331)(2000102    26199.3635850303)(2000200    24956.1749866494)(2000001    29608.7891378735)(2000202    32178.0571692477)(2000121    10171.3454362772)(2000211    17319.9168960963)(2000111    9856.59398202955)
5 0      - (2000121    9682.0876592778)(2000002    28636.3515824964)(2000201    32443.5387087678)(1000000    32367.9792650108)(2000101    32370.9311800903)(2000200    31432.4544948696)(2000100    32183.9874552898)(2000001    18973.8501052878)(2000102    32407.9201452212)(2000022    16063.8212045221)(2000202    32332.5610165081)(2000012    18378.3958801959)
5 3      - (2000100    33212.035443502)(2000121    2521.51050971715)(2000202    21281.0342055062)(2000002    29537.3887534548)(2000101    33155.1699355472)(1000000    33194.443704899)(2000200    29289.9766198527)(2000001    22832.4315759432)(2000102    30542.4088195465)(2000211    17592.8911168227)(2000201    31443.7959194045)
5 2      - (2000100    32385.6483057073)(2000201    31578.7137626969)(2000102    29579.7098178414)(2000002    32042.9221190144)(1000000    32448.4553304177)(2000101    30828.8461619725)(2000111    13973.2225665217)(2000202    32444.1800435462)(2000001    29561.8649315157)(2000200    25683.0147722771)(2000121    8898.75943859911)(2000012    8291.83648175027)
3 5      - (2000101    31724.7741640339)(2000100    30196.2494425133)(2000201    32401.7250838384)(1000000    32219.5326772558)(2000001    12876.2120658006)(2000202    26214.7185407089)(2000002    32294.5487865224)(2000022    5491.94156439842)(2000200    29060.3488034536)(2000102    29421.8143008934)(2000012    10053.2803092655)
4 4      - (2000201    33218.790491271)(1000000    32412.742853525)(2000001    33216.5676959631)(2000200    33243.0327765346)(2000202    33238.8262829326)(2000002    33258.0382002757)(2000100    32972.4256905029)(2000102    33258.5480496613)(2000211    18669.1469742688)(2000101    30813.741959539)(2000022    4718.34473751152)(2000221    5319.1763086474)(2000012    11043.7466436575)(2000111    22513.1237076794)
1 5      - (2000111    15036.9729826727)(1000000    31336.2876178501)(2000002    24864.5425239576)(2000101    28133.1548058204)(2000012    2421.57884987794)(2000121    3830.27677217667)(2000202    28410.0891765917)(2000201    26914.9765426472)(2000200    31816.9776314979)(2000102    30703.1242872796)(2000100    28984.9307738177)(2000001    24145.9585092704)(2000211    17332.7362850224)
6 0      - (2000102    29619.3035412597)(2000002    24768.9173254042)(2000202    24171.8680988798)(2000201    29097.5012308676)(1000000    30995.8781265006)(2000001    28168.5733331621)(2000221    5382.0720051198)(2000100    14638.1228427182)(2000200    19959.3464041444)(2000101    8360.77094953177)
6 5      - (1000000    31946.1482078393)(2000100    3555.03967016486)(2000002    11724.0274088478)(2000101    25022.9322640461)(2000202    16576.5040818536)(2000102    23286.9302537291)(2000200    9210.77523360524)(2000001    8385.76800852594)
6 1      - (2000200    32943.793382732)(1000000    32414.2719883961)(2000101    31571.4494702263)(2000201    29437.4788370086)(2000002    4905.13857381795)(2000102    30529.0456614421)(2000202    27689.748950253)(2000012    7639.42243837323)(2000100    23733.4599013377)(2000001    11357.1906371925)
6 2      - (2000002    32849.0538593434)(2000100    31123.3452722035)(2000101    29539.0924320945)(2000202    8146.54646235075)(2000201    6757.31647087414)(1000000    15726.8449764848)(2000102    6844.03943756481)(2000001    16318.2384149114)(2000211    11129.9311163676)
1 9      - (2000001    19617.1695960434)(1000000    29789.8926582091)(2000200    21986.6714728281)(2000202    25038.6858469587)(2000201    29998.3843801701)(2000002    30632.8534351205)(2000101    22501.2802587434)(2000100    22370.2928769663)(2000102    25681.4780782368)(2000211    18250.0869492989)(2000022    18868.1566199023)(2000012    5399.17954550718)(2000121    7414.78605015215)(2000221    20575.5988923461)(2000111    12488.6841668276)
0 9      - (1000000    17626.4569128906)(2000200    6239.93905291422)(2000002    30683.5539379497)(2000102    22319.3849930873)(2000201    15838.848221294)(2000100    15422.6177127031)(2000001    16304.3907098343)(2000101    29344.4372789571)(2000202    23683.9854797477)(2000111    7409.48790564881)(2000221    11464.7446449423)(2000022    20444.7730471857)(2000211    13208.2277816868)(2000121    9535.30480349392)
9 2      - (2000202    10898.6314838825)(2000002    32386.7169200181)(2000102    22511.0890168185)(2000211    15200.2408341376)(2000012    18661.0129643277)(2000121    6335.2449994861)(2000101    14008.6594784158)(1000000    18765.7461830805)(2000201    8827.6137505614)(2000100    8212.60902599237)(2000200    7349.09760902352)
1 10      - (2000200    3400.69502343877)(2000002    17673.3312154053)(2000201    31013.1607604116)(2000100    2155.57780634778)(1000000    14216.6297037848)(2000012    24725.876648)(2000202    17018.5619146542)(2000022    7746.89909178715)(2000111    7102.26520938203)(2000101    7362.54133715113)(2000102    20042.1772546009)(2000121    14249.2260912477)(2000211    10654.6938946919)
1 12      - (2000101    15864.6375072613)(2000200    4526.03932139978)(1000000    16833.7629212728)(2000202    27964.7231724307)(2000102    8796.1843870888)(2000002    33240.3005996557)(2000211    33361.5099818852)(2000022    11988.7791375844)(2000121    22499.4260583022)(2000012    10545.4240211569)(2000221    17005.8746660338)(2000201    8236.30029541001)
0 11      - (2000101    12016.7382841624)(2000012    34458.7787593856)(2000201    14938.89012407)(2000100    4794.10287877292)(2000221    17995.3673478119)(1000000    29416.3424392187)(2000022    22009.2095190326)(2000111    20739.1144512439)(2000202    13372.9097459118)(2000121    4519.43773851352)(2000211    13161.8523329889)(2000002    11356.1795758245)(2000102    10611.3739656112)
12 2      - (2000101    -0.442666666666667)(2000200    1944.63807750485)(1000000    2969.72952252132)(2000022    22850.4235659115)(2000102    2404.84116550342)(2000111    13942.5492536603)(2000211    4080.59922178042)(2000201    32782.0117411216)
11 1      - (2000100    5326.11418054433)(2000102    4474.00505047702)(2000201    3689.28116781097)(2000221    22944.9738035041)(2000121    4410.5382699526)(2000111    5389.59392957467)(2000202    32559.7413888971)(2000002    6858.39872523578)(1000000    9208.38563004831)(2000101    8257.93651766681)(2000211    16903.9040885332)
0 14      - (2000221    4905.09564544293)(2000101    13172.6844113665)(2000102    33206.4093380033)(2000121    2398.84992293832)(2000202    13463.2348903681)(2000111    20767.3982039724)(2000201    11739.2192803784)(2000012    19007.664430515)(2000002    13662.0466778418)(1000000    33362.7143260311)(2000022    15982.580063295)
1 8      - (1000000    7575.4084562215)(2000200    12206.8095609181)(2000001    2391.46698289294)(2000201    11510.8828333651)(2000111    28596.2970485894)(2000121    8522.88466288193)(2000101    32152.5421211958)(2000202    8126.20523727377)
0 13      - (2000100    3242.25087467691)(1000000    32608.4928895641)(2000121    11669.6719269509)(2000002    28384.7752100263)(2000101    19142.7806825174)(2000211    13079.1478749213)(2000202    22321.6628331538)(2000012    4619.05968444002)(2000022    24154.11352673)(2000102    17007.6548755573)(2000201    8838.46951380185)(2000111    10670.2374522666)
2 12      - (2000100    -0.664)(1000000    32753.953853812)(2000101    19338.8074770152)(2000121    17627.0647011328)(2000002    13617.047510767)(2000012    19956.2738093547)(2000102    18104.2206452858)(2000211    15862.8446053212)(2000201    26036.0142707404)(2000202    9646.33677124267)(2000022    16803.9313602831)(2000111    8240.44622699897)
0 12      - (2000211    25145.6728043433)(2000022    23009.4590702594)(2000111    30629.9495688962)(1000000    31799.0659136378)(2000201    32598.6351049321)(2000202    31910.0939435112)(2000002    31449.8168945896)(2000102    26752.2428015572)(2000101    30631.0523112362)(2000121    25105.3813555661)(2000221    25682.5469375075)(2000012    15430.3233762893)
1 11      - (2000201    22391.6045119645)(1000000    33060.030994955)(2000002    26560.4394376759)(2000202    13711.5198592692)(2000101    28480.8398746896)(2000012    19583.7511183109)(2000111    26414.7814859634)(2000121    14744.0193529749)(2000022    10304.0506039566)
14 0      - (2000102    33030.5284201497)(1000000    3422.44062660108)(2000012    4410.44144858726)(2000221    6126.52868552536)(2000002    24483.9164675549)(2000202    9702.11364594739)(2000121    10603.631818981)(2000201    16690.9214239256)
14 2      - (1000000    33665.8664754646)(2000111    2289.09012962893)(2000002    20126.0447946372)(2000022    25140.4931010032)(2000201    23720.5367846204)(2000102    10650.8596077669)(2000202    8284.16745088042)
2 9      - (2000102    18242.0503137676)(1000000    24155.5014215721)(2000201    23753.0417301981)(2000002    17152.9301127269)(2000101    30182.6898574724)(2000202    11883.8963376264)(2000100    2849.90408406957)(2000012    13298.2277165474)(2000111    10450.2651056861)(2000221    9717.43608459338)(2000211    12074.246389132)(2000121    15487.8623841233)(2000200    7810.7567955983)
3 12      - (2000102    -1000)(1000000    -1000)(2000200    2407.31513559632)(2000002    26892.2499125743)(2000012    35180.5718671752)(2000022    11560.5063208235)(2000201    8727.86211031846)
12 0      - (2000221    14779.0244369092)(2000121    1713.37988548302)(2000202    3501.44299803377)(2000201    32021.4556921818)(2000012    7532.52698501781)(2000101    17477.2511803703)(2000102    10676.7285541741)(2000002    11459.5498957528)
13 1      - (2000101    32886.4700152669)(2000221    2262.51966069989)(2000012    21460.2882152751)(2000111    19255.3975824001)(1000000    12499.9662153488)(2000002    14466.2068503389)(2000211    15781.5388442899)(2000201    16273.749339507)(2000102    12154.5434666568)
3 16      - (1000000    28659.5755364278)
0 8      - (2000200    23318.4323261917)(2000022    33867.7003209589)(2000012    5238.32116575539)(2000111    14856.4985670904)(1000000    29982.4163619492)(2000001    14524.2970779111)(2000002    8399.44015125746)(2000101    14461.6896571877)(2000201    8318.77924787214)
3 8      - (2000202    29838.1623746329)(2000101    2665.47106819501)(2000201    4474.0897395674)(2000100    2979.15136434775)(1000000    7995.73102332146)(2000002    8245.53102332146)
9 1      - (2000001    6610.09848323455)(2000002    4430.7390083009)(2000201    16324.6265196583)(1000000    31938.43587909)(2000200    1983.52105635222)(2000121    13126.0144826779)(2000101    16231.8839261178)
3 11      - (2000200    3155.92818917672)(1000000    11105.0501574273)(2000002    1168.14204933782)(2000201    34488.1975053411)(2000211    10099.7784080683)
1 13      - (2000111    17454.616722567)(2000102    33508.5896338224)(2000101    7437.98680954126)(2000201    3207.43570159665)(2000022    14597.8529778315)(2000221    11480.4450211604)(2000002    9517.04351146663)(2000211    18097.3649164567)(2000012    29468.1563508527)(1000000    25387.897874088)(2000121    16718.5040907694)
2 14      - (2000102    9887.05475566926)(1000000    21856.9508823099)(2000201    10856.8946688944)(2000202    19503.5511143032)(2000012    4669.13197724086)(2000121    4402.52929460644)(2000111    21998.8398053445)(2000002    34134.6241756455)(2000211    12518.8671975492)
1 14      - (2000002    34490.8102515235)(2000111    21375.3992175671)(2000211    5500.82650525068)(2000101    10452.0881949286)(2000201    12305.6553109435)(2000121    17321.0351916402)(2000102    5867.03774789593)(2000202    6088.48053312249)(1000000    22883.3798460661)(2000012    18218.6670717764)(2000022    11529.4603850466)(2000221    17079.0872954999)
9 0      - (2000201    32491.2744899554)(2000200    4110.33417619185)(2000002    7481.05335490565)(2000121    8493.48508027755)(2000211    14920.6169517025)(2000102    4924.7747732283)(2000012    8152.69516309959)(2000111    12488.6841668276)(2000101    8304.87811041556)(2000202    7985.02551180512)
10 1      - (2000001    2438.96894753116)(1000000    6060.81550434321)(2000002    11041.143151052)(2000101    32918.9858816661)(2000012    15281.8326134188)
13 2      - (2000102    5381.3511828432)(1000000    1825.30345968724)(2000101    24296.124615731)(2000201    33994.5109867921)(2000022    5812.53639264098)(2000111    10133.6302800213)(2000012    11513.2365504582)(2000221    8145.03308208699)
2 13      - (2000002    33838.8939899148)(2000022    2324.80345968724)(2000102    17351.4430833188)(2000101    12237.1345129134)(2000201    17138.1864452379)(1000000    8109.22423571554)(2000211    18724.8021466788)(2000111    10679.3955161441)(2000202    23312.0086372545)(2000012    16005.7677563977)
12 1      - (2000101    33347.0957084201)(2000002    14886.3994251451)(2000012    19126.9525818085)(2000202    6335.2449994861)(2000022    14695.2366338037)(2000102    17443.5810299612)(2000121    11299.5300471834)(1000000    17736.5498862381)(2000221    17866.9858997513)(2000211    8283.10764335817)(2000201    8130.87883060684)
14 1      - (2000201    -750)(2000202    34463.591929683)(1000000    3435.32210730672)(2000101    28247.3880671554)(2000002    7381.54265736064)(2000102    8148.75947479926)(2000221    10965.3291785125)(2000121    11611.7110501976)(2000111    11616.2284042684)(2000211    16503.6204356305)(2000022    8617.92291149681)
2 11      - (2000202    13869.9551155416)(1000000    19273.6675140724)(2000022    23931.219288659)(2000101    8488.34111020232)(2000111    33317.9598750271)(2000121    10977.0230573996)(2000102    27933.450282939)(2000211    30336.152245715)(2000221    8207.20619357352)(2000002    10642.4907926337)(2000201    24074.1514100435)(2000012    27404.7809051947)
3 9      - (2000201    2050.45994319064)(2000200    2227.37241752256)(2000101    31916.1422270549)(2000102    10060.223978213)(2000111    13377.8346570433)(2000121    -0.3)
10 0      - (2000202    33225.9194334593)(2000200    2709.52068892469)(1000000    2209.22068892469)(2000022    14304.1332810881)(2000012    13068.8527064126)(2000211    5653.98422353233)(2000121    7139.73542812147)(2000201    27392.4856804372)(2000102    6957.77052164052)(2000101    13528.7143104104)(2000111    8773.94074518385)
10 2      - (2000111    7796.23780347175)(1000000    2412.86498525648)(2000101    4085.74048620549)(2000012    14276.4184825032)(2000211    18340.5059014263)(2000121    4774.95025217842)(2000002    35186.9614428164)(2000221    10999.7631927589)
11 0      - (2000101    33474.3457957679)(1000000    8082.06314797103)(2000211    7022.00113157721)(2000102    11674.9472910095)(2000221    15045.8145864754)(2000111    11416.2536595297)(2000121    8409.47532564316)(2000022    8697.73838904052)
0 15      - (2000201    17542.7967496682)(2000012    6323.6921555842)(2000202    33583.1685680111)(2000101    10009.8446010522)(2000002    12084.8957479432)(2000111    11339.3816791362)(2000022    9207.87628511181)(2000211    8281.55064643756)(1000000    8704.89599113564)
11 2      - (2000200    3425.8188724431)(1000000    15158.4201795658)(2000101    2910.97802148676)(2000201    32661.6349180264)(2000111    6353.5658099811)(2000022    3168.70910403837)(2000221    2715.63956594782)(2000211    3461.07756602522)(2000002    9450.85309580738)(2000012    8779.35684471177)
4 10      - (2000102    23494.9336251967)(1000000    6747.70126373138)(2000202    6865.45020014691)
2 10      - (2000001    5398.36224324745)(2000002    1338.35404038101)(2000012    34748.1877444139)(1000000    17938.4818506768)(2000111    13789.063983956)(2000211    16907.1746150362)(2000101    30579.4025836737)(2000202    13285.0319396883)(2000102    19772.1004076918)(2000221    8945.59977402159)(2000201    9146.1570526774)(2000022    8619.79310714423)
4 9      - (2000202    19443.1648460989)(2000201    2483.93459392314)(2000101    2413.81908151965)(2000102    2096.60285921106)(2000002    2825.52890456235)(2000100    2617.69994012538)
0 10      - (2000201    32021.3137484422)(1000000    24807.2460423085)(2000102    31994.416964792)(2000100    4439.44387949238)(2000211    1829.63474080381)(2000012    25511.6573507258)(2000022    10717.3603990967)(2000002    4477.19769049697)(2000101    10156.8035643871)(2000221    20068.3986357814)(2000111    8595.22850346402)(2000121    12119.7079211811)(2000202    15314.2769190341)
15 0      - (1000000    13806.1860818837)
7 1      - (2000102    30099.964242079)(2000100    20479.6498411511)(2000001    18983.7750773267)(2000201    19354.7793138977)(1000000    13962.253671893)(2000200    8330.0547403723)
2 15      - (2000201    33646.0071539678)(2000111    6708.43154918988)(2000022    8964.63019060055)(2000002    19407.0149204421)(2000012    16785.1317278346)(2000102    10947.0865053669)(2000121    8267.06361142062)
8 4      - (2000101    9051.97980651515)(2000201    3232.92256568557)(2000202    2479.41936434775)
1 6      - (2000102    32083.6211094165)(2000001    14809.6881960025)(2000101    26737.6174749211)(2000202    23490.8946716882)(2000200    21381.0652175947)(2000100    26665.2924400217)(1000000    31612.7845419721)(2000002    29465.4716524194)(2000121    13728.1028303333)(2000201    19624.4749875835)(2000022    14817.9015794482)
4 11      - (1000000    3625.84465651461)(2000202    34115.151360366)(2000101    1739.51787642493)(2000012    11599.7387282329)(2000221    15858.5093260717)
4 8      - (2000100    4828.50935637034)(2000201    30832.9403791009)
3 14      - (2000121    3854.17849758992)(1000000    33570.2560996311)(2000101    10683.3942814892)(2000012    11244.4019553124)(2000221    8443.23655290056)
2 8      - (2000200    5104.05904743347)(2000201    31671.7498499299)(2000101    10187.4715258461)(2000111    6857.88552817568)(2000002    9656.72271069375)(2000102    12291.9874578793)(2000012    12623.4648733895)(2000100    8330.1797341926)
13 0      - (2000102    22108.1591420919)(1000000    9107.67805024489)(2000201    9205.77485644424)(2000101    33053.2800868046)(2000211    5310.87114076796)(2000012    6454.82801543864)(2000221    15739.7896025967)(2000121    8199.26610839781)
3 13      - (2000101    33425.1167309835)(1000000    6367.18427450094)(2000111    16154.7637620081)(2000201    11516.5935610145)(2000221    15169.4898640218)(2000012    15765.5431804616)
1 7      - (2000200    4380.50573167169)(2000102    31120.2752705419)(2000111    7598.59550819598)(2000100    19384.0407155976)(2000101    23287.5324053715)(2000202    8113.62252729711)(2000002    8309.72930058325)
6 4      - (2000201    33559.9841614027)(2000200    16979.9195703807)(1000000    31757.3417413674)(2000202    12824.3598964096)(2000100    22338.9940481277)(2000001    18530.5857195139)(2000101    15293.0291872439)(2000002    21069.0258461463)(2000102    10968.0686066783)
7 3      - (2000001    32828.7805661234)(2000200    2666.97568857361)(2000201    3014.81653984156)(2000100    15596.2991992438)(2000101    15596.2991992438)
5 10      - (2000001    6215.5119705825)(2000201    2849.37912585965)(1000000    2696.34437734124)
4 13      - (2000002    36479.5820376852)(2000202    11739.9470826994)(1000000    16405.4910709821)(2000101    10592.0681196906)(2000111    10157.1911640804)(2000201    8658.12358517994)
2 7      - (2000202    31336.3346273533)(2000221    4230.35118931592)(2000201    20262.8937263225)(2000001    24795.4429043153)
3 6      - (2000002    33331.1007996657)(2000001    20584.6535472692)(2000102    15306.7362978914)(2000101    20071.7953747363)(2000202    24636.7821036528)(1000000    27059.3855473772)(2000200    12638.5476517089)(2000100    8654.112128553)
0 6      - (2000101    32626.6669550909)(2000001    13750.1702195004)(1000000    25460.9458693934)(2000102    24729.9997738356)(2000002    28189.0920991016)(2000202    22237.3924689539)(2000100    29333.3843234415)(2000201    10566.2104064694)(2000200    20299.0724187582)
5 6      - (2000102    32548.1015504242)(2000201    15192.2412335854)(2000200    15264.678969249)(2000101    11401.9735971198)(2000100    5400.8011715231)(2000002    6495.89488556573)(2000202    25880.8479546495)(2000001    15684.102732715)(1000000    30198.8440359929)
5 5      - (2000012    4675.90462413929)(2000200    19066.5656968853)(2000111    4077.83325425089)(1000000    32272.2193769948)(2000201    20904.3583226674)(2000202    20158.1608228357)(2000102    7035.03595575534)(2000002    32319.5231779933)(2000001    25240.9704248881)(2000100    25058.6952863241)(2000101    9771.55426896229)
1 16      - (2000101    33288.6409063009)(2000012    7964.5419449107)(2000201    11382.9713787792)(2000121    8135.85341595252)
2 16      - (2000111    8080.3573928183)(2000101    33949.1909363648)(2000121    15955.0867926976)(2000022    17892.9175261237)
4 6      - (2000101    33849.4992729412)(2000100    3473.67513026911)(1000000    31453.5671860795)(2000201    5942.581805952)(2000102    19218.1111462949)(2000001    4075.310968729)(2000111    11349.6836442369)(2000002    20693.8015532349)
8 1      - (2000101    30992.8818953265)(2000211    8131.02043333755)(2000002    8215.87344361862)
10 4      - (2000202    11140.6117033269)
6 3      - (2000001    19888.697822776)(2000200    25598.8016595778)(1000000    32041.4155105841)(2000201    27159.2056444108)(2000102    29119.1527080828)(2000002    11064.7443484129)(2000202    28336.3902028435)(2000012    10941.0673322859)(2000101    21025.7019544445)
0 7      - (2000121    8151.02193745801)(2000101    33043.9775728064)(2000100    7598.34550819598)(2000200    15278.4091417287)(2000221    7340.04579766238)(1000000    25445.1615506131)(2000002    14819.418599162)(2000202    14319.818599162)(2000001    14605.0302702552)(2000102    8083.19561126024)(2000201    8314.6528387014)
3 10      - (2000101    31015.1964682265)(2000012    15177.2188984355)(2000202    3958.05552974294)(2000002    7840.73895362205)(2000102    34199.0184276721)(2000201    15481.8278711258)(2000111    16054.420716967)(2000022    8720.24192447392)(1000000    9127.25280337087)
0 16      - (1000000    32448.1733307973)(2000101    10980.2064336799)(2000211    8778.27622524885)
1 17      - (2000111    21517.6990252682)
3 15      - (1000000    33111.4735606861)(2000201    7985.22650757389)
4 16      - (2000002    3620.82229022402)
9 3      - (2000002    27681.0887061147)(1000000    7968.26024549038)
4 15      - (2000022    7615.54206425858)(2000101    32721.7462452813)(2000211    12878.9161070833)(2000121    12011.8494558405)
15 1      - (2000012    5516.29893411298)(1000000    14699.0752045983)
4 12      - (2000111    29940.2451444518)(2000221    11643.9974454427)
4 14      - (2000221    4423.20485830727)(1000000    32755.9639907472)(2000022    12170.8606023955)
1 15      - (2000111    -0.5)(2000012    34818.7438486731)(2000101    27178.2504327091)(2000002    9229.53753317373)(2000022    8779.82242207138)(2000202    8226.43875722407)
4 7      - (2000100    35360.5584331479)
14 3      - (2000102    30821.7103047962)(2000202    8294.33484206661)
7 4      - (1000000    33175.808639052)(2000100    7139.27542534975)(2000201    16783.0349176677)
5 15      - (2000022    16695.4156737346)
10 3      - (2000102    23914.9466456477)
7 2      - (2000002    31762.8983825638)(2000102    9821.10570541596)(2000001    16579.1888414775)(1000000    8086.58477222261)(2000201    8330.64874242524)(2000101    8237.15331586268)
3 7      - (2000100    32930.1610478407)(1000000    13783.3781051411)(2000200    8133.72733641059)
5 7      - (2000100    30932.7128806663)
8 2      - (2000012    26950.7891752919)(2000211    11971.5172326842)(2000201    31937.8583178812)(2000101    8179.14246275219)(2000102    7926.15882884671)(2000002    8196.91506103021)
7 5      - (2000102    26124.6189038111)(2000200    11556.0086090948)(2000100    11235.4274144536)
13 3      - (2000012    14600.8032213008)(2000022    8169.2652354341)
16 1      - (2000102    20241.2349570301)
16 2      - (2000101    30126.3800188988)
8 0      - (2000102    30197.4452817234)(2000001    8224.71499433039)
12 4      - (2000022    15862.1508754468)
6 6      - (2000101    33545.6495882759)(2000102    15142.6673394203)(2000100    15358.2413260717)(1000000    11191.2857005749)
3 18      - (2000121    11946.4320826589)(2000101    8581.76509304846)
16 0      - (2000201    16243.5884024394)
7 6      - (2000202    32737.2825888062)(2000200    9877.89735115744)(2000100    9877.55655115744)
1 18      - (2000201    14978.0117962747)
15 3      - (2000202    15896.1686428796)
6 7      - (2000101    15827.0736874531)
7 7      - (2000100    23002.1611409653)
7 0      - (2000200    21583.1739218437)(2000201    31911.908205235)(1000000    16133.6152563652)(2000202    7957.89597725412)(2000102    8054.0025267283)(2000001    8164.80478446474)
5 8      - (1000000    26251.6235854703)(2000102    10745.6587989308)
6 13      - (2000101    18171.6643444596)(2000012    8201.22640751415)
13 7      - (2000211    29009.2422407143)(2000202    8672.50695488592)(2000101    7979.47718175027)
9 13      - (2000201    22607.6320749078)(2000211    15380.9194877933)(2000012    9090.08645197197)(2000102    8607.48468836212)(2000202    8288.99099876216)
12 9      - (2000002    32906.1000881504)(2000102    8984.12896448043)(1000000    7829.36254691136)(2000121    8426.43902622826)
13 9      - (1000000    31787.9603545155)(2000002    9991.6139433978)(2000221    15329.5953395743)(2000101    8439.90127679507)
11 14      - (2000012    24885.5677463956)(2000101    8670.53692065167)(1000000    8607.48468836212)(2000002    8837.29706247249)(2000202    3795.6261711902)
12 12      - (2000211    25240.9955403515)(2000022    23708.7925810252)(2000201    22121.6632862185)(2000102    20096.899990412)(1000000    24384.0259587795)(2000111    23873.1138900767)(2000002    22447.0388994553)(2000012    24196.8929603354)(2000121    23425.0763056073)(2000202    23172.2769871838)(2000221    33993.7713095499)(2000101    8882.58756621552)
11 10      - (2000101    32733.879091266)(2000221    8770.0836924996)(2000102    8960.13671455073)(1000000    8080.94903676855)
10 9      - (2000221    34360.6685618964)(2000202    10310.3480524934)(2000002    21139.8734348414)(2000201    8818.94443371852)(2000101    8685.26040928727)(2000111    8618.78037816726)
9 10      - (2000111    32919.0793025064)(2000201    11115.4802430001)(2000101    14488.713856772)
11 11      - (2000211    30557.9922979356)(2000002    21104.5420185151)(2000102    14911.2594043465)(2000202    8397.60513957673)(2000101    8058.09598505859)
12 14      - (2000211    30908.0136892448)(2000101    18295.2883061876)(2000202    8420.40634679803)(2000002    8665.86952400229)(2000102    19372.0606830059)(2000012    8107.15621071231)
12 13      - (2000002    15654.6869302609)(1000000    32790.7380202361)(2000221    9209.91751455073)(2000102    15090.5181335328)(2000121    8246.1175361783)(2000111    8130.9772284934)
9 9      - (2000121    34034.6833605713)(2000100    9268.96139406772)(1000000    8939.90563006269)(2000211    14959.0041292295)(2000201    8061.2118716901)
14 10      - (2000022    20089.9473780559)(2000002    9117.17524872903)(2000012    14910.8198773981)(2000102    7318.3103018356)
12 11      - (2000121    31893.1890259078)(2000201    8760.58679646608)(2000101    8421.70918509419)
10 12      - (2000002    34099.4379850539)(2000201    9438.07890418671)(2000121    8573.68996794995)
11 9      - (2000101    32933.7005721492)(2000202    10212.9179554841)(1000000    8524.9446541905)(2000012    8677.00201808066)(2000111    7802.19009739254)(2000002    8070.58816978122)
9 11      - (2000022    32754.0399195166)(2000101    7598.21352717405)(2000202    8664.04108494396)(2000102    8668.04298977224)(2000221    8751.59315591782)(2000002    8564.97845365723)
12 10      - (2000211    30812.7712638123)(2000111    14781.9586075449)(2000101    13960.4440308414)(1000000    8051.94009739254)
10 10      - (2000012    33730.1953155316)(2000002    8677.65928120411)(2000121    8123.23843518386)(2000101    7982.58750857675)
10 11      - (2000002    32886.2873010985)(2000111    17044.156888323)(2000201    17258.5869495967)(2000101    9106.96966275807)(2000012    9304.97795074434)(2000121    14296.3114186859)(2000221    8917.47563449925)(2000022    -0.25)(1000000    8767.52566897254)(2000202    7996.89878444612)
13 12      - (2000111    20083.0816990549)(2000002    32224.516620843)(2000211    20749.5076921985)(2000022    9103.35597004633)(2000121    9015.0219243039)(1000000    8283.87456337386)
16 14      - (2000201    24325.0632727729)
13 13      - (2000002    32533.1983012794)(2000121    17126.3992144953)(2000101    9092.96089414124)(1000000    8328.88378589059)(2000102    14389.0698375865)(2000111    8629.94298831364)
13 14      - (2000201    27954.3270776843)(1000000    8425.39449949068)(2000102    8365.89798242076)(2000101    8456.20407760542)
11 12      - (2000121    30054.2204125029)(2000201    8830.50928599895)(2000202    6788.30775237384)
13 16      - (2000201    24967.8170154022)
8 11      - (2000101    32956.3662593691)(1000000    10988.5910923958)
9 12      - (2000121    11089.8008039351)(2000221    28704.3276749248)(2000201    8517.04593019002)(2000012    20116.4292393554)(2000211    8486.96587214283)(2000101    8097.04829370053)(2000022    -0.25)
8 10      - (2000111    31333.4711126361)(1000000    8993.73864706348)(2000002    9054.10457153539)(2000022    8998.89791084813)
7 11      - (1000000    32895.9177938941)(2000211    8232.90410311669)
10 8      - (2000102    33434.0688525845)(2000221    8770.0836924996)
13 11      - (2000211    30680.9243204787)(2000221    8582.28028813683)(2000101    8232.90410311669)
11 8      - (2000202    33274.0383719191)(2000211    8239.73234518351)
14 14      - (2000202    27449.7208234311)(2000022    9020.63328199803)(2000221    6485.09009644184)(2000201    8865.54264910521)(2000101    8671.00221674272)
8 9      - (2000121    34107.0221214167)(1000000    8183.32114910105)
10 13      - (2000111    23890.990375781)(2000201    14957.7755798236)
6 12      - (2000012    23426.766730319)(2000102    8828.37718911275)
13 10      - (2000101    24970.3344299168)(2000012    8746.75396786283)(2000022    8464.61514570959)
9 8      - (2000221    33859.3749000442)(2000201    15567.57657201)(2000002    9033.12703951412)
14 13      - (2000121    24340.7598762337)(2000202    32223.7160762)(2000101    15198.1127051137)(2000111    8284.03162036414)(2000201    8675.14449949068)(2000221    8767.62720640442)
11 13      - (2000012    27571.5571692634)(2000022    9302.14388909602)(2000221    15467.1222685654)(2000121    8843.41796062761)
8 12      - (1000000    32946.4476269802)(2000121    8086.66260937071)(2000002    9050.38542230931)
12 17      - (2000111    13826.873190903)
10 7      - (2000022    24371.6883318724)
7 10      - (2000101    32276.7241916352)(2000121    8733.70763609041)
15 14      - (2000002    29931.4864804459)(2000221    8669.93745940277)(2000012    8325.90630410347)
14 4      - (2000022    9382.34458151256)
14 12      - (2000202    28115.9638546931)(2000002    9127.93039764944)(1000000    8524.78555343865)(2000101    8524.9446541905)(2000221    8922.22702584498)
14 15      - (2000211    30830.431348997)(2000002    8652.96705712235)
14 11      - (2000211    28590.8869278669)(2000202    -250)(2000111    8092.26754741302)(2000012    13323.1404887295)(2000022    -0.25)
15 15      - (2000002    25144.4613976512)(2000102    8460.28363419644)
15 8      - (2000201    7714.72662478875)(2000111    17395.3350366698)(2000002    4891.92770210121)
12 7      - (2000022    25991.9329317142)(2000002    15367.4925684067)
8 13      - (2000201    25182.3307616281)(2000202    8422.75695488592)
13 8      - (2000111    26622.288706463)(2000022    7529.15967410142)(2000002    8419.9021405782)
10 14      - (2000201    33798.1904320015)(2000121    8589.95902972786)(2000221    8917.83178977224)(2000101    8592.31769465481)
9 6      - (1000000    28121.978552887)
12 16      - (2000022    30653.5748568217)
9 14      - (2000121    33566.6777627318)(2000102    8489.50084629173)
8 14      - (1000000    29242.3830318045)(2000101    8953.09637516507)(2000221    8381.11447573617)(2000102    7836.85103517156)
14 9      - (1000000    32568.8376608156)(2000101    8173.3092742421)
7 13      - (2000121    30854.5713559365)
7 12      - (2000202    33358.9694341734)(2000012    8976.59289450226)(2000211    8800.63542230931)
12 8      - (2000121    32363.7341416533)(2000022    6243.50064625494)
11 7      - (2000121    32608.1286565969)
15 11      - (2000111    30633.0619218959)
11 15      - (2000102    29925.8480181748)(2000022    9033.18376175957)(2000202    8295.94802561644)
16 4      - (2000211    9122.69325471488)
15 13      - (2000012    30108.4838238262)
14 8      - (2000002    33532.2721355807)
15 16      - (2000221    8629.85896848411)
11 16      - (2000102    24414.3126549421)
16 11      - (2000002    8771.54276412401)(2000022    19806.055613248)(2000121    6984.34363905929)
9 15      - (2000121    26866.4770830249)(2000012    8812.73305510397)(2000111    9272.66924459699)
13 15      - (2000101    31356.2604557171)
15 9      - (2000221    26819.6862192341)(2000102    13578.5499460447)
6 11      - (2000121    29461.7161079088)(2000012    14889.4321122792)
10 15      - (2000022    11668.8455444467)
9 7      - (2000221    30552.9078617764)
7 14      - (2000101    17600.2424711002)
7 9      - (2000111    30833.9098398964)(1000000    8489.89460026983)
12 15      - (2000012    32356.0844140856)
5 17      - (2000221    8446.33144373208)
16 15      - (2000202    14863.6866618911)
11 6      - (2000101    8991.23731913941)
12 18      - (2000121    15222.2840405148)
16 9      - (2000002    20462.4151031347)
6 18      - (2000111    8426.71695261582)
7 15      - (2000121    22539.6982374752)
16 16      - (2000022    8748.36912865701)
15 10      - (2000111    28411.9398433432)(2000121    8513.37357660286)(2000202    8546.42445772669)
8 15      - (2000221    24185.4278193004)
8 8      - (2000101    23418.6899706658)(2000002    8699.30939728944)(2000201    8612.85499497484)(1000000    8073.15191663673)
11 18      - (1000000    8486.96587214283)
10 16      - (2000202    14352.9510500676)
17 11      - (2000012    8336.41260937071)
16 10      - (2000100    8173.3092742421)(2000211    21875.1784267688)
17 10      - (2000102    11782.5352341841)
17 18      - (2000111    8359.27911610927)
11 3      - (1000000    23466.1248155463)
11 4      - (2000201    8808.77384046123)
16 12      - (2000012    23051.696014283)
11 17      - (2000111    14313.9701857265)
9 16      - (2000121    20796.4778280696)
10 17      - (2000100    8357.13279790109)(2000002    16990.5411717828)(2000201    7590.92519896436)
10 18      - (2000211    14589.1649135185)(2000201    8006.68262070927)
16 13      - (1000000    17349.3974367587)
15 2      - (2000022    20038.6738056424)
3 17      - (2000102    8684.29973375856)
15 12      - (2000002    19043.3241519875)
2 17      - (2000111    19995.7374785678)
4 17      - (2000111    8709.85715840469)
17 2      - (2000002    8804.74658629507)
2 19      - (2000101    8559.79830249112)
8 16      - (1000000    14330.5749603776)
8 17      - (2000022    8627.90587503599)(2000101    8400.33143405344)
13 18      - (2000022    2855.87650700131)
21 2      - (2000101    15130.3583459764)
6 10      - (2000211    8730.43494640796)
7 16      - (1000000    14275.7710615383)(2000221    8399.31826121608)(2000211    7226.63052787483)
0 17      - (2000022    15082.8474632849)(2000202    8611.8470859651)
6 14      - (2000200    7930.43656132031)
2 23      - (2000102    8641.61854882637)
8 7      - (2000121    -0.25)(2000101    8616.7034243059)
2 21      - (2000102    8628.17970371406)
23 2      - (2000012    8630.04018221019)(2000002    8547.92868115906)
16 8      - (2000002    14532.3171154165)
15 4      - (2000111    22239.492601186)
23 0      - (2000102    23486.6384208235)
23 1      - (2000102    15116.3742207408)
2 18      - (1000000    8584.43886260959)
3 19      - (2000012    19970.3522755904)
19 3      - (2000201    6470.9890881082)
1 19      - (2000022    8641.23250237006)
8 3      - (2000211    8626.92808227591)(2000101    29884.4958340106)
9 5      - (2000012    8613.32445352285)
18 1      - (2000211    15128.8078936522)
14 16      - (2000201    8535.80659634598)
5 12      - (2000022    8759.13077767016)
0 24      - (1000000    14881.5862800921)
0 23      - (2000111    8757.28865755844)
21 0      - (2000101    15205.8004770106)
24 0      - (2000002    25563.2334863738)
4 24      - (2000111    8674.54609216375)
5 14      - (2000121    8659.20381471655)
8 18      - (2000022    8637.60143300694)
0 22      - (2000211    15070.9991481564)
5 19      - (2000202    8679.38105597414)
18 12      - (2000002    8588.76596615445)
15 7      - (2000002    24564.6791169403)(2000111    7682.38556993554)
5 20      - (2000101    8617.89791149681)(2000111    8498.55959172341)
9 17      - (2000202    6648.24972406988)
0 18      - (2000221    8649.91314937297)
12 3      - (2000121    19055.7861713235)
11 5      - (2000101    8120.91167853826)
20 11      - (2000211    6322.45458468898)
13 4      - (2000111    14694.2062165405)
24 2      - (2000022    8612.87999497484)(2000101    8619.45295263357)
18 9      - (2000022    4891.92770210121)
0 21      - (2000012    15039.8601052088)(2000102    8548.36788666526)
17 13      - (2000221    12705.9605187957)
4 22      - (2000022    15113.7216948707)
20 12      - (2000111    8115.01597407081)
14 19      - (2000111    7986.61190674506)
24 1      - (2000101    14774.8929232109)
18 16      - (2000211    3781.01727840453)
17 9      - (2000111    13686.9490186877)
20 10      - (2000221    10986.6122630008)
21 14      - (2000012    8416.71564975532)
17 17      - (2000221    6497.73323292855)
18 8      - (2000211    8516.7027676149)
16 7      - (2000202    7226.65132787483)
21 13      - (2000101    17420.8097483777)
18 14      - (2000201    -0.25)
7 8      - (2000111    8611.3596066789)
7 18      - (1000000    8577.78924124311)
19 10      - (2000022    3797.02918103253)
23 3      - (2000211    -0.25)(2000002    8088.68673129826)
22 2      - (2000002    8595.43274437422)
18 13      - (2000101    8089.74235854336)
13 21      - (2000121    7928.51732203193)
21 11      - (2000121    12901.1081883907)
12 21      - (2000202    7588.05090013518)
18 11      - (2000002    7333.45532067952)(2000221    7899.65877623303)
14 24      - (2000102    18212.0853622397)(2000022    5854.42249266645)
20 9      - (2000121    4989.20930848174)
24 12      - (2000102    31327.396412644)(2000221    8504.05919715619)
4 20      - (2000211    19856.9408638234)
0 20      - (2000101    8571.24341896301)
12 25      - (2000022    -0.25)
0 26      - (2000101    14746.7467197284)
22 11      - (2000202    7590.92519896436)
20 17      - (2000002    7333.45532067952)
9 24      - (2000202    18020.2127317812)
22 12      - (1000000    13922.3886212956)
20 16      - (2000202    8308.44457360814)
23 11      - (2000201    13217.4341923075)
24 13      - (2000121    21693.1598221198)
25 14      - (2000211    10769.6313248623)
15 21      - (2000202    7507.51514047422)
14 23      - (2000002    8618.27095170223)
19 16      - (2000202    18246.5167126825)
24 16      - (1000000    15684.6552892761)
26 13      - (2000102    18305.3059262873)
18 17      - (2000012    14803.5250836702)
14 21      - (2000002    17814.0963293117)
21 12      - (2000002    8535.60935264953)
10 21      - (2000101    5504.53509228244)
26 14      - (2000221    6174.21023485564)
10 25      - (1000000    7934.32621707959)
11 25      - (2000022    4998.2906617581)
8 20      - (2000102    8597.31493290491)
13 28      - (2000111    12889.282531642)
20 2      - (2000202    8548.80970381237)
24 15      - (1000000    7873.7294339473)
24 14      - (2000022    6742.75394798091)(2000201    23402.8175265757)
26 15      - (2000012    14807.3050436843)
23 8      - (2000012    7840.67519896436)(2000101    7060.59575795113)(2000202    7002.31056017856)
22 14      - (2000022    7519.13468483461)
2 20      - (2000102    8474.95208437538)
13 22      - (1000000    7707.99410680849)
14 28      - (2000002    13643.6159100913)
12 24      - (1000000    17943.5869022529)
23 13      - (2000111    25397.1715260913)(2000002    8553.37155750201)
10 26      - (2000102    18328.7209580318)
2 25      - (2000101    6252.84068414893)
19 13      - (2000002    13042.143447764)(2000211    7902.12322239103)
9 22      - (2000102    13696.545066598)
9 19      - (2000211    7934.32621707959)
22 10      - (2000002    7145.03108109918)(2000101    6247.98323292855)(2000102    8010.62495677791)
20 15      - (2000221    8184.14365707959)
27 10      - (2000022    3742.25151163364)(2000211    12513.8481918474)
26 10      - (1000000    14400.4954965693)
10 22      - (2000101    13276.966446705)
19 14      - (1000000    6746.2821385574)
13 26      - (2000211    14156.156636546)
12 28      - (2000101    13789.9529588847)
9 25      - (2000002    7689.71847743488)
8 24      - (2000221    7252.06056017856)
22 13      - (2000201    13344.8954090082)
23 7      - (1000000    8174.99246165683)
10 6      - (2000102    8426.43902622826)
21 8      - (2000102    6648.24972406988)
27 12      - (2000202    7929.30077903895)
25 13      - (2000201    7929.30077903895)
26 12      - (2000221    8271.0266585753)(2000211    2156.08763203257)
20 13      - (2000002    14680.0123230484)
24 8      - (1000000    20790.2283053407)
25 17      - (2000121    -0.25)
3 20      - (1000000    8444.51806375435)
25 0      - (2000211    8432.20786562472)
26 11      - (2000211    8161.50178849196)
10 27      - (2000111    14261.7328740663)
19 15      - (2000002    8500.49350880068)
25 8      - (2000101    7463.64283898412)
25 16      - (2000201    7420.23108011968)
23 9      - (2000121    8260.37495677791)
13 27      - (2000002    -0.25)
22 5      - (2000002    8419.73014891153)
23 14      - (2000221    3649.9508053252)
19 9      - (2000202    7761.43297373469)
25 9      - (2000012    7365.17902697719)
28 10      - (2000102    8635.19642370333)
9 23      - (1000000    8260.39575677791)
11 29      - (2000201    8237.2977340912)
13 25      - (1000000    7806.12915521076)
25 15      - (2000111    7696.99008862886)
8 23      - (2000012    8114.31960198863)
14 26      - (2000202    8351.99145781546)
9 4      - (2000200    3246.04087742786)

