141
0 0      - (2000201    -1545.3556433461)(2000202    -1551.04065390344)(2000200    -1687.48529430745)(1000000    -1755.01015042697)(2000100    -1730.27067796124)(2000101    -1420.76577436844)(2000102    -1753.79722731837)(2000001    -1267.11576510988)(2000002    -1732.06409399211)(2000012    -1430.9176701163)(2000212    -1829.75608425936)(2000112    -1515.46382029012)(2000211    -1916.2502705582)(2000210    -1262.88299646332)(2000111    -1854.0674389121)(2000022    -1409.48732871294)(2000110    -1443.61505646975)
1 2      - (1000000    -1315.08469247004)(2000201    -1644.24943135387)(2000101    -1607.37975352777)(2000001    -1469.84741379241)(2000200    -1493.96074816469)(2000002    -1252.10342833957)(2000100    -1621.18545241258)(2000102    -1450.38055730777)(2000112    -1721.68787800982)(2000210    -1441.14278468832)(2000211    -1662.38944544497)(2000202    -1445.79711043937)(2000110    -1182.14183169265)(2000212    -1453.92313532771)(2000022    -1253.23437668846)(2000111    -1698.97802463343)(2000012    -1248.48729437803)
0 2      - (2000102    -1607.84693926507)(2000200    -1501.67560200512)(2000002    -1261.34969745202)(2000100    -1640.13101126293)(1000000    -1971.6650300447)(2000201    -1648.58319757744)(2000101    -1427.25058336607)(2000001    -1536.22743648625)(2000212    -1598.72148559677)(2000202    -1667.13560252841)(2000012    -1255.69044144287)(2000111    -1798.30529243394)(2000110    -1153.24785940251)(2000210    -1397.26542052383)(2000022    -1362.87326298097)(2000211    -1736.04351408479)(2000112    -1670.30899966221)
2 0      - (2000201    -1764.54531096068)(2000102    -1488.72793892071)(2000101    -1826.49613935172)(1000000    -1252.60972208119)(2000100    -1717.8186275936)(2000200    -1267.63809013024)(2000001    -1255.93020428988)(2000202    -1670.50542267585)(2000210    -1617.22151374579)(2000002    -1721.9199805021)(2000112    -1734.46839915742)(2000012    -1250.15188681812)(2000211    -1752.08924404652)(2000022    -1247.67708845838)(2000111    -1652.89052272427)(2000212    -1521.19477373278)(2000110    -1184.35011361161)
4 2      - (2000100    -1700.24902133886)(2000002    -1600.59738450267)(2000001    -1459.55225984844)(1000000    -1334.30993870303)(2000102    -1570.39352563546)(2000202    -1648.35819850117)(2000201    -1707.32636792304)(2000111    -1326.99722538828)(2000101    -1592.4529699632)(2000112    -1490.37962717435)(2000012    -1028.98432308211)(2000212    -1201.42616231531)(2000200    -1793.49484258767)(2000211    -1388.08947624033)(2000210    -1198.01716899317)(2000022    -1400.5325351904)
1 0      - (2000200    -1560.96339260199)(1000000    -1377.81758189543)(2000001    -1545.52931620752)(2000202    -1639.98537640162)(2000102    -1544.04731539005)(2000101    -1705.29457826464)(2000201    -1466.09182465861)(2000100    -1627.47296136028)(2000002    -1222.25257129342)(2000022    -1221.64843354144)(2000012    -1437.43423947717)(2000211    -1702.81526555278)(2000111    -1728.32021200006)(2000112    -1742.79104488213)(2000210    -1613.56029896046)(2000110    -1505.6424376214)(2000212    -1376.26134508789)
2 2      - (2000200    -1587.63315235404)(2000001    -1511.7618510732)(2000201    -1578.75982833531)(1000000    -1419.81217992285)(2000102    -1443.4132957486)(2000100    -1835.5807351394)(2000101    -1521.12966093359)(2000202    -1677.6511835719)(2000002    -1255.365565216)(2000111    -1661.26934529696)(2000211    -1789.15090313352)(2000212    -1518.80387865952)(2000210    -1274.56340581059)(2000012    -1257.26362489548)(2000110    -1126.77307026344)(2000112    -1845.34479915268)(2000022    -1252.62986077414)
3 1      - (1000000    -1510.04590156842)(2000101    -1565.80718682917)(2000102    -1400.5816638856)(2000200    -1644.70577998277)(2000202    -1447.17799490387)(2000100    -1382.96722809031)(2000201    -1663.29569324995)(2000001    -1093.66297471348)(2000022    -1018.76264320443)(2000002    -1660.35194984217)(2000112    -1491.47250658204)(2000012    -1222.09549822584)(2000111    -1247.83318544252)(2000210    -1538.64148489733)(2000211    -1285.63373370236)(2000212    -1544.29608582168)(2000110    -1004.80705429078)
1 1      - (2000102    -1567.00146662224)(2000001    -1484.6064017721)(2000202    -1276.56782273067)(2000101    -1524.647817102)(2000201    -1259.05909110195)(2000100    -1560.53272837126)(1000000    -1274.0877756899)(2000200    -1475.07215575114)(2000002    -1584.00753709426)(2000210    -1277.66004479425)(2000112    -1556.76622109723)(2000212    -1669.89226872599)(2000110    -1472.15004721518)(2000022    -1255.56651066)(2000111    -1762.85158631182)(2000012    -1541.73354767115)(2000211    -1652.10275476409)
3 0      - (2000202    -1423.90517437594)(2000012    -1178.98670604268)(2000201    -1180.57237078056)(2000001    -1747.29608275238)(1000000    -1649.89855390499)(2000200    -1621.17192015816)(2000101    -1536.00642538979)(2000002    -1516.18469539241)(2000110    -805.922121725267)(2000100    -1664.43215994852)(2000211    -1409.52459946947)(2000102    -1561.34875870682)(2000022    -1175.37834003571)(2000210    -1485.9714528904)(2000212    -1213.25445486489)(2000111    -1179.17067085443)(2000112    -1441.82627314355)
4 0      - (2000002    -1344.68576463107)(1000000    -1646.34792253019)(2000211    -1334.21344998581)(2000200    -1413.52347908843)(2000202    -1384.53820625428)(2000201    -1730.91912241575)(2000102    -1315.9530670721)(2000012    -1142.73812916784)(2000100    -1527.09109210438)(2000110    -1422.81920752824)(2000022    -954.481745888619)(2000101    -1395.00084460126)(2000112    -1350.90591541348)(2000001    -1487.67257410655)(2000210    -1334.75971271323)
0 3      - (2000101    -1594.00987664507)(2000102    -1392.8152510895)(1000000    -1263.64192699062)(2000202    -1670.99313326448)(2000002    -1563.63170910683)(2000200    -1432.60397442333)(2000201    -1614.25006754563)(2000110    -1307.32827992247)(2000012    -1100.84660242303)(2000100    -1578.88476997252)(2000112    -1365.76916832128)(2000001    -1077.77198394837)(2000210    -1244.37990170691)(2000111    -1284.86082441876)(2000212    -1590.98067906114)(2000022    -1100.95491321007)(2000211    -1229.13614591656)
3 2      - (2000201    -1321.54517918687)(2000202    -1360.01401488629)(2000200    -1584.16196603898)(1000000    -1487.39603111069)(2000001    -1262.29184606014)(2000002    -1344.52909006535)(2000022    -937.050389052822)(2000101    -1443.59221401225)(2000100    -1469.80084342722)(2000102    -1437.28753868825)(2000110    -1329.13001173541)(2000112    -1517.03710761049)(2000012    -1363.24916069785)(2000111    -1453.22955257322)(2000211    -1554.31328810315)(2000210    -1335.76530962274)(2000212    -1495.67878735205)
2 3      - (2000102    -1534.41301498181)(2000100    -1530.91929401023)(2000200    -1469.96282663997)(1000000    -1874.90847515312)(2000012    -996.578054738731)(2000022    -910.410418020377)(2000202    -1542.28151311009)(2000002    -1559.16883973208)(2000001    -1507.60844791086)(2000101    -1607.62148110821)(2000201    -1262.53807412396)(2000211    -1546.5138116603)(2000212    -1387.66572500138)(2000112    -1375.95381807199)(2000110    -1438.60676387561)(2000210    -1610.96560392116)(2000111    -1585.49950186063)
2 1      - (2000201    -1636.19222025822)(1000000    -1572.5863129195)(2000102    -1271.4467842074)(2000001    -1273.00128306981)(2000002    -1294.13007409541)(2000200    -1667.51813174081)(2000202    -1563.90805672535)(2000101    -1712.09260425332)(2000100    -1713.09266004453)(2000210    -1132.81370037839)(2000022    -1246.8495447024)(2000012    -1252.25983755198)(2000212    -1676.68247121816)(2000112    -1768.18794433278)(2000110    -1406.5049984447)(2000211    -1623.80185893517)(2000111    -1668.09967344651)
0 1      - (2000200    -1534.98674245843)(2000201    -1566.50448396651)(2000100    -1516.1105161255)(1000000    -1430.92060411612)(2000101    -1598.62000062414)(2000102    -1389.11247225382)(2000210    -1392.01099959312)(2000002    -1234.31577248552)(2000202    -1658.07305686241)(2000112    -1578.79541957562)(2000001    -1579.66342786215)(2000111    -1663.64366857801)(2000012    -1227.49995842821)(2000022    -1226.88438937416)(2000110    -1176.78540024536)(2000212    -1657.58614678542)(2000211    -1775.97823596323)
1 3      - (2000002    -1633.14518904618)(1000000    -1513.34943416209)(2000201    -1713.16351406161)(2000100    -1636.59080484151)(2000200    -1815.35168774155)(2000012    -1151.15518775314)(2000001    -1757.33266933467)(2000202    -1359.77302294033)(2000212    -1510.58563594681)(2000102    -1550.75172778649)(2000112    -1682.6137735883)(2000101    -1522.37325386293)(2000111    -1473.83511558141)(2000210    -1190.22570266067)(2000022    -1275.83001228497)(2000211    -1468.7605872242)
4 3      - (2000202    -1373.66099769089)(2000102    -1545.89864924355)(2000002    -1492.87186324853)(2000101    -1383.77566093293)(2000201    -1501.31459380648)(2000001    -1405.05359758989)(1000000    -1603.91361816002)(2000100    -1430.21409671769)(2000200    -1536.77655437432)(2000212    -1505.77267506439)(2000211    -1593.8193073152)(2000112    -1422.67401502571)(2000012    -1543.80954514761)(2000110    -1251.79330577739)(2000210    -1451.05294283371)
3 3      - (2000001    -1265.34265292538)(2000100    -1488.97867614067)(2000101    -1456.14628110328)(1000000    -1713.94183892234)(2000002    -1544.95881820193)(2000200    -1386.26224613913)(2000212    -1464.23817737679)(2000201    -1208.9968369749)(2000102    -1287.99479113034)(2000202    -1357.34591803134)(2000022    -759.503943850501)(2000012    -1065.79085449446)(2000111    -1496.19544622574)
3 4      - (2000100    -1321.71314845206)(1000000    -1419.59697628871)(2000102    -1312.75467606681)(2000200    -1413.41648586869)(2000112    -1307.13853280141)(2000101    -1592.1317420538)(2000211    -1275.4763632543)(2000002    -1088.63208574225)(2000212    -1531.12513212029)(2000201    -1367.26342070222)(2000202    -1416.10792055467)(2000001    -1555.84441010046)(2000012    -798.502734341016)(2000111    -1205.39404498978)
5 0      - (2000102    -1155.50447623953)(2000200    -1080.88572494351)(2000022    -577.201441420326)(2000112    -1072.28296042629)(1000000    -1354.23465278516)(2000002    -1148.98799025838)(2000001    -1108.89293947007)(2000100    -1173.17001754623)(2000201    -890.731819799337)(2000202    -920.795093837178)
4 1      - (2000200    -1708.23662521532)(2000102    -1552.5213706024)(2000201    -884.690597822925)(1000000    -1589.08100471012)(2000100    -1592.17349449091)(2000210    -1568.31575138438)(2000101    -1502.6318555982)(2000002    -1683.10082801922)(2000001    -1616.84472101546)(2000012    -807.038551682035)(2000202    -1487.6795700278)(2000112    -1201.00280187898)(2000211    -1475.57653356277)(2000212    -1483.17838001721)(2000022    -1062.51611729553)(2000111    -865.512314953622)
2 4      - (2000201    -1332.92030033901)(2000002    -1380.8331994499)(2000012    -1071.0088180898)(2000102    -1681.84049108783)(1000000    -1641.18064522824)(2000100    -1539.93336898946)(2000001    -1441.15288462226)(2000022    -1198.62694337948)(2000212    -1246.52773780768)(2000202    -1284.76924452491)(2000112    -1198.55519865564)(2000200    -1574.80577204542)(2000101    -1355.74073229814)(2000210    -1185.51754438742)(2000111    -1008.90279473504)(2000110    -1390.56970216182)
4 4      - (1000000    -1832.30903043653)(2000101    -1572.30137979738)(2000200    -1450.05547033189)(2000202    -1522.84690321428)(2000002    -994.929708509928)(2000111    -1300.95552930597)(2000201    -1539.02948668182)(2000102    -1418.28765122247)(2000100    -1473.28610439303)(2000001    -1348.11921803795)(2000212    -1623.38920337417)(2000012    -1420.83984456475)
0 4      - (2000101    -1611.40820990624)(2000012    -1302.9415895143)(2000002    -942.802522051529)(2000202    -1233.90773725191)(1000000    -1575.81894402181)(2000201    -1275.0783679388)(2000001    -1390.02407163483)(2000100    -1523.21493053969)(2000102    -1349.04923206078)(2000212    -1104.52040816874)(2000022    -868.608196979946)(2000200    -1361.19855298036)(2000112    -1435.88136014261)(2000110    -874.440037498071)(2000210    -1091.26247506213)(2000211    -1005.04023463997)(2000111    -1135.24379447979)
0 5      - (2000102    -1251.40528744827)(2000002    -1139.63274302463)(1000000    -1700.45034265585)(2000201    -1149.75139730609)(2000202    -1158.24765457127)(2000200    -1064.22800185512)(2000101    -1114.85351972431)(2000022    -524.117137857772)(2000100    -881.026319456399)
1 4      - (1000000    -1780.13919928485)(2000101    -1572.16890369667)(2000201    -1591.01725308957)(2000100    -1507.78184254632)(2000200    -1577.90320112809)(2000210    -1156.85136008991)(2000111    -1410.04359139653)(2000212    -1370.29177360125)(2000001    -1513.81891870071)(2000202    -1108.9795892789)(2000102    -1476.276241466)(2000110    -1171.02896344709)(2000002    -1550.93888642463)(2000112    -1318.49402963108)(2000012    -1261.47086278567)
3 5      - (2000002    -1340.52162676313)(2000212    -1330.62087655989)(2000110    -975.124488748627)(2000100    -1340.10166799132)(2000102    -1324.79317141597)(2000101    -1610.40776334959)(2000201    -1625.00899374269)(2000202    -1447.95059393384)(2000200    -1412.1431530469)(1000000    -1952.566610034)(2000001    -802.177939106194)
5 1      - (1000000    -1566.33056878896)(2000101    -1701.29025991881)(2000111    -1414.08549410019)(2000100    -1811.08183870747)(2000200    -1431.56155214111)(2000202    -1223.67222714444)(2000002    -1536.45463489483)(2000001    -899.062452373399)(2000201    -1214.31418217266)(2000102    -1182.92560513791)
5 3      - (2000012    -1297.13535210988)(2000112    -1039.59330386082)(2000200    -1289.01426311723)(2000211    -904.407929627246)(2000201    -985.085725496788)(2000102    -486.41010332814)(2000001    -981.80627183285)(1000000    -1027.43246137496)(2000101    -1002.04161117743)(2000002    -1102.13563794498)(2000100    -929.007295243234)(2000202    -1030.34067225885)
4 5      - (2000202    -1157.6179263779)(2000002    -1439.74597136516)(1000000    -1524.34338886055)(2000012    -613.38680228131)(2000100    -1255.42935900399)(2000101    -1466.98479611027)(2000001    -1253.11491363353)(2000200    -1513.21399027721)(2000022    -528.078912260883)(2000102    -586.946919145456)
6 0      - (1000000    -811.956486712373)(2000001    -854.197215717659)(2000101    -815.538978282765)(2000002    -966.333784075653)(2000200    -816.919969118995)(2000100    -858.752966877347)(2000202    -1023.57313678344)
3 6      - (2000001    -670.010864108097)(2000111    -761.200778969365)(2000201    -688.518697242881)(2000202    -913.386882728968)(2000110    -175.231566034135)(2000101    -705.852875477548)(2000200    -1017.36256885585)(1000000    -1360.18333239814)(2000002    -191.351409064546)
5 4      - (2000022    -399.406575101488)(2000001    -1083.64278176242)(2000202    -1044.73941650445)(2000012    -400.094422709752)(1000000    -721.155260987588)(2000002    -575.757041607315)
1 9      - (2000201    -810.642632463604)(2000100    -835.851249086871)(1000000    -896.662601298191)(2000200    -807.654999753845)(2000002    -818.654096456454)(2000101    -832.941558842629)(2000102    -820.586685124994)(2000012    -825.135021176404)(2000001    -819.241643318117)
6 1      - (2000102    -1386.80837644721)(1000000    -1553.17864555872)(2000200    -1631.80337661944)(2000201    -1520.10332153803)
2 9      - (2000101    -836.995364243136)(1000000    -781.353093558918)(2000112    -327.94719998238)(2000100    -743.550049909353)(2000102    -793.552243223932)(2000110    -690.760643660948)(2000201    -760.123722274079)(2000210    -652.448050638578)(2000012    -666.286910932674)(2000002    -767.38449125463)
9 0      - (2000201    -730.912827256907)(2000202    -687.060107070278)(1000000    -909.905712563879)(2000100    -749.424931319114)(2000200    -738.905606615662)(2000101    -732.595755872279)(2000002    -727.62825678419)
10 0      - (2000200    -689.992414734908)(2000202    -630.938621397207)(1000000    -698.15184725177)(2000002    -714.900802304311)(2000101    -711.085473395377)(2000001    -659.729427077889)(2000102    -264.125965450289)
2 6      - (2000200    -1031.05297327989)(2000201    -1132.95197738114)(2000102    -991.673203347139)(2000002    -1063.97383259391)(2000012    -709.807938393975)(1000000    -803.528191257362)(2000101    -1277.75003525977)(2000202    -826.81981746405)(2000210    -486.297606728814)
0 9      - (1000000    -829.345798560467)(2000012    -755.456095385465)(2000100    -1092.27287362616)(2000201    -807.345644506778)(2000101    -822.903552988602)(2000200    -996.176235289534)(2000102    -781.671646078501)(2000002    -811.589605220878)(2000001    -793.840435352546)(2000202    -779.057362921547)
11 2      - (2000210    -279.663565555896)(1000000    -131.241442340902)(2000201    -189.07977241245)(2000101    -359.803800799543)(2000002    -455.915049460191)
11 1      - (1000000    -159.518642905121)(2000002    -261.957980938978)(2000001    -127.400533801867)
9 2      - (1000000    -822.377086185164)(2000202    -833.260314724873)(2000001    -791.793683518169)(2000200    -808.240983292896)(2000002    -818.564874129069)(2000201    -823.522478144419)(2000101    -818.458946738621)
6 2      - (2000012    -446.028205256733)(1000000    -1260.24655111548)(2000201    -698.342887956231)(2000002    -1149.51928553035)(2000200    -1321.42437581201)(2000102    -1212.25999445658)(2000100    -837.134380481008)(2000101    -796.558532102329)
10 2      - (2000002    -652.076529941101)(2000201    -680.359496074033)(2000210    -602.891909212385)(1000000    -321.781844140744)(2000200    -591.509417498401)(2000101    -638.155157320294)(2000102    -184.522551489567)
2 5      - (2000001    -1006.13410297725)(2000201    -1128.30155919637)(2000200    -1279.3560102839)(2000012    -643.069431619683)(2000100    -1446.5923692173)(2000102    -954.269370880957)(2000202    -1252.91320770976)(1000000    -1587.49535625837)(2000002    -867.751083276806)(2000212    -839.851928530063)(2000101    -1006.82278045689)
5 2      - (2000110    -1241.94930133934)(2000201    -1551.12464993594)(2000002    -1142.58142835924)(2000101    -1409.25231737706)(1000000    -1665.96624924104)(2000100    -1570.70457930341)(2000102    -1512.12730283649)(2000001    -1591.34937803048)(2000200    -1581.65633779448)(2000202    -598.340282829239)
5 5      - (2000202    -1234.29562665229)(2000201    -1208.6096270295)(2000111    -1053.07232322796)(1000000    -1141.89027741042)
3 8      - (2000002    -883.73061495055)(1000000    -845.376056364807)(2000001    -866.857353633859)(2000012    -807.555923676408)(2000200    -763.711598771921)(2000100    -751.245281149012)(2000201    -824.153426357765)(2000110    -645.7811431837)
1 10      - (2000101    -343.364397532465)(1000000    -316.749102667222)(2000100    -207.903529952696)(2000200    -266.260942265112)(2000102    -263.557798197065)(2000001    -471.369904739448)(2000210    -213.691282232391)
11 4      - (2000012    -135.15006928694)
2 11      - (2000101    -179.811039529611)(1000000    -236.378380798586)(2000201    -266.70670555498)(2000100    -211.621488440423)(2000200    -174.894901745591)(2000001    -227.423433861002)(2000012    -167.866633984532)
0 10      - (2000001    -558.684668668513)(2000100    -490.027110986151)(1000000    -566.257376374761)(2000201    -546.670710516146)(2000202    -542.449859672349)(2000101    -538.081684725983)(2000002    -598.315908413884)
2 10      - (2000200    -571.125583307774)(1000000    -270.543701317384)(2000201    -519.249001418927)(2000002    -551.696788568301)(2000100    -626.21782405109)
0 11      - (2000001    -240.53749048689)(1000000    -22.439130068404)(2000201    -401.983034584477)(2000101    -407.361592591514)
2 12      - (2000102    -392.753180426144)(2000101    -437.39962463911)(2000002    -258.928210036345)(1000000    32.6320819737731)(2000100    -84.0486643557779)(2000201    -178.298673679987)
1 12      - (2000201    -327.59223467869)(1000000    -30.2890930788203)
10 1      - (1000000    -600.666120304193)(2000001    -522.587568818606)(2000100    -712.297408770374)(2000101    -564.558211969115)(2000201    -627.41836863582)
9 1      - (2000110    -634.068244320723)(2000202    -586.873347355422)(1000000    -759.054131908862)(2000201    -690.39924505023)(2000101    -693.531863435916)(2000100    -668.773283120666)(2000001    -722.624547915325)(2000200    -730.350680571419)(2000002    -691.349336833826)(2000012    -612.48102113248)
4 6      - (2000112    -1049.88188034002)(2000201    -797.300194740145)(1000000    -1537.52897202185)(2000001    -1103.49415733579)(2000101    -750.847902561595)
2 13      - (1000000    -42.8617560124297)(2000201    -238.569902114977)
0 7      - (2000200    -578.183149367677)(2000001    -544.398259572946)(2000101    -575.672293973672)(2000100    -718.231840527163)(2000201    -592.797882456956)(1000000    -857.652624367494)(2000102    -449.156588385512)(2000202    -408.652131065144)
1 7      - (1000000    -604.751655782491)(2000101    -490.946946256305)(2000200    -1296.1046921093)(2000100    -528.544921914768)(2000002    -610.037015398121)(2000201    -560.576770593901)(2000012    -500.859317508784)
4 9      - (1000000    -598.005254303891)(2000101    -572.016888484511)(2000002    -594.232249616658)(2000100    -948.366201555624)(2000200    -608.515210766708)
1 13      - (1000000    -115.134139241129)(2000002    -260.813955927071)(2000001    -64.6697228398801)
2 8      - (2000001    -756.683672529076)(2000012    -721.269986523785)(1000000    -781.580195033237)(2000200    -760.28749158069)(2000201    -770.758680356046)(2000202    -773.058474899389)(2000100    -739.778738559611)(2000102    -792.713392438477)(2000101    -772.893956384693)(2000210    -763.551055709541)(2000002    -773.809291545995)
4 10      - (2000101    -516.747556840621)(1000000    -640.260993933838)(2000100    -551.456568181345)(2000200    -1062.46493667947)(2000201    -474.007083157114)(2000002    -642.735152596353)
9 4      - (1000000    -169.704347203099)
0 12      - (1000000    -432.46309171348)(2000001    -416.429092854982)(2000202    -306.458395442375)(2000200    -444.927864683376)(2000012    -419.362720937355)(2000002    -235.267834336972)
0 8      - (2000100    -828.253369071508)(2000002    -751.671187669216)(2000101    -826.684567620355)(1000000    -806.156831197345)(2000200    -774.573259997278)(2000210    -610.152938024569)(2000202    -701.696055856852)(2000201    -822.458589302081)(2000001    -811.211355569595)
14 1      - (1000000    388.855310624174)(2000100    -295.557179037879)
4 8      - (2000100    -656.415378442786)(2000200    -687.960071106372)(2000002    -673.431422504922)(1000000    -689.583909841536)(2000101    -676.955388582241)
0 13      - (1000000    78.254742657477)(2000002    377.328057650835)
3 15      - (1000000    -479.795470057465)(2000002    -564.787580576111)(2000012    -380.994129582742)
11 0      - (1000000    -450.200319018206)(2000200    -508.838247320846)(2000002    -467.501926856956)(2000100    -540.772614205045)
14 2      - (2000101    -202.47584699394)(1000000    -276.993991934955)
1 14      - (1000000    -374.652611695358)(2000002    -509.420526650638)
13 0      - (1000000    100.25304421392)(2000200    -501.711529350564)
3 9      - (1000000    -719.334356033813)(2000200    -627.466109399708)(2000201    -716.739391448736)(2000100    -546.529288380806)(2000002    -394.4181631131)
1 5      - (2000201    -1324.17866346529)(2000102    -1417.46528679426)(2000200    -1516.84196295013)(2000001    -1256.07535728089)(2000210    -1385.82843195016)(2000101    -1392.24697873388)(2000100    -1357.97083155074)(1000000    -1603.29508152566)(2000002    -1433.86020916547)(2000202    -1361.51142129951)(2000212    -1386.85576980327)(2000211    -1442.74978540684)
12 0      - (1000000    -312.583294504837)(2000002    -362.730084854156)(2000200    -395.197818510052)
3 10      - (2000002    -413.195594650595)(2000100    -439.401658752032)(1000000    -101.58667488748)(2000200    -626.706792125284)
3 13      - (1000000    139.900521746033)
13 1      - (1000000    307.382327451908)(2000200    358.853492750252)(2000101    190.864134121927)(2000100    131.033611473864)
7 0      - (1000000    -523.00559513776)(2000001    -230.199507908379)
12 2      - (1000000    -440.20486327049)(2000002    -328.885455142566)
0 16      - (1000000    318.978325696182)(2000100    376.305702037325)
12 1      - (1000000    395.619126738262)(2000201    471.671142685797)(2000101    456.50186730885)(2000102    -252.47569868376)
7 2      - (2000102    -246.070511762183)(2000002    -367.159686680129)(2000100    -590.867109351609)
1 11      - (2000200    -552.888037562669)(1000000    196.442145303)(2000110    -170.85091811791)(2000101    -121.169357066029)
4 14      - (1000000    -9.88353876147493)(2000200    284.363056282335)
3 12      - (1000000    85.4581990366119)
3 7      - (2000002    -797.939617777838)
1 8      - (2000001    -714.864926529798)(2000101    -747.700358208333)(2000002    -747.007388158976)(2000200    -728.65247796401)(1000000    -781.597139478412)(2000100    -741.694365704874)(2000012    -753.496318935287)(2000202    -747.534996211229)(2000201    -750.827165384566)(2000102    -773.641604726683)
2 15      - (1000000    -513.293749427361)(2000101    -315.481975102659)
14 0      - (2000200    -319.360122943223)(1000000    286.006322594541)(2000201    -200.213047199076)(2000001    -314.867873327565)(2000002    56.5006635418849)(2000101    173.059636500903)
0 6      - (2000100    -793.682360519578)(2000001    -775.335792159079)(2000101    -1092.97582975186)(2000202    -1021.62640354693)(2000110    -999.611386278405)(2000012    -609.563179605583)(1000000    -940.724468726986)(2000002    -766.416862303223)(2000200    -278.840092393711)
2 7      - (2000200    -287.416224246397)(2000002    -353.383146040221)(2000001    -341.127053970421)(2000201    -304.437618214198)(1000000    -932.490561883555)(2000212    -426.462588842224)(2000202    -470.265456752372)
4 7      - (2000201    -716.559287518725)(2000112    -643.965037120202)(2000212    -966.497555680303)(2000100    -503.395924914544)
8 5      - (2000200    -1028.41696086308)(2000100    -769.380782775047)(2000101    -1015.40241580048)(2000110    -600.28543861408)
6 5      - (2000112    -556.414061396381)(1000000    -1143.57889621516)
4 13      - (1000000    125.327827951412)
1 15      - (1000000    -592.451405612489)
2 14      - (1000000    -666.953680947555)(2000002    -559.179715512151)
3 11      - (2000012    -293.730124723309)(1000000    176.593458431372)
8 0      - (2000201    -701.348717035457)(1000000    -798.922960599835)
1 16      - (1000000    250.90214161255)
1 6      - (2000001    -865.264980068946)(2000102    -1111.02387255921)(1000000    -1069.75971492438)(2000100    -1303.72150667348)(2000202    -1126.14856802678)(2000201    -1011.13619764844)(2000002    -1415.82235412003)(2000101    -1186.57042892538)(2000211    -1216.2019814648)
9 5      - (1000000    -83.1068074641713)
0 14      - (2000002    158.650055230337)(1000000    116.014672526191)(2000101    157.574224834941)(2000100    -106.931469925284)
13 2      - (1000000    -26.924250939344)(2000100    158.963726520563)
6 3      - (2000002    -1297.13727775884)(1000000    -1058.78036671578)(2000202    -881.493451561969)(2000201    -916.758569690054)
4 11      - (2000001    -178.521353028525)(1000000    -692.324722977899)
7 3      - (2000002    -537.344869179175)(2000101    -831.819816693564)
8 4      - (2000101    -278.595382531212)(1000000    -537.566727458916)
8 3      - (2000001    -192.232248993974)(1000000    -316.279040569223)(2000002    -564.251211435559)
0 15      - (1000000    -248.811551942203)(2000202    -147.756639242208)(2000100    -368.273361122119)(2000002    -210.441920641211)
15 4      - (1000000    319.437514136777)
4 15      - (1000000    -804.65616671394)
4 12      - (1000000    92.1491138852905)
5 6      - (2000102    -250.866149444684)(2000100    -239.339625471722)
9 3      - (2000102    -210.983430358868)(2000100    -214.234272853379)(1000000    118.970715535557)
7 4      - (2000101    -169.453634110427)
3 14      - (1000000    -251.04556920766)
8 2      - (2000200    -478.637001448552)(1000000    -582.181681982146)
12 4      - (1000000    273.531856210567)
5 11      - (2000201    -484.924523696327)(2000210    -178.304501284129)(2000100    -215.034198910955)
5 8      - (2000202    -768.252148006506)
6 4      - (2000100    -883.922529450258)(2000012    -639.70215872964)
8 1      - (2000200    -615.639871472373)(2000002    -36.1097438261632)(1000000    -12.6388299646332)
10 3      - (2000002    -172.436068055275)
6 9      - (2000002    -57.197234405733)
7 1      - (2000212    -1251.65050495303)(2000002    -465.982530249825)(2000022    -216.232530249825)
3 16      - (1000000    -362.561177272998)
5 10      - (2000002    -382.228045713226)(2000001    -187.746990129442)
4 16      - (1000000    129.314756046412)
2 16      - (1000000    -437.107313104001)
6 11      - (2000002    -361.349755883869)(1000000    -216.79372699736)
5 9      - (2000012    -187.121692715732)
3 17      - (2000201    -23.1747345199254)

