652
0 0      - (2000101    4189.71144742384)(1000000    4153.77412391355)(2000012    2763.7717140835)(2000001    3574.65482255142)(2000201    2825.27125535814)(2000221    -1004.1677213607)(2000002    3212.97957210264)(2000111    4052.23238503627)(2000211    -674.526966474332)(2000121    -1201.93110501472)
1 1      - (2000201    4006.84323023102)(2000101    4005.3040243434)(1000000    2998.76522779656)(2000002    3966.67080659933)(2000001    4155.03501676395)(2000111    -655.960304631415)(2000121    -585.295956919622)(2000012    -869.766882857892)(2000211    -786.34306945302)
3 0      - (2000111    755.216310367445)(1000000    4012.09606374914)(2000002    1397.38005543018)(2000101    3826.04058855905)(2000001    1646.2104387585)(2000201    1218.88633831887)(2000211    -1061.85950850484)
1 0      - (2000001    3315.10549909203)(2000201    3420.06812418565)(2000002    3035.11997163803)(1000000    3547.98904300697)(2000101    4144.73556014578)(2000012    -972.847582915696)(2000111    -143.652357304317)(2000211    -500)
1 2      - (2000201    4024.36816002501)(2000001    4105.81667114313)(1000000    3949.9111066588)(2000002    3961.76229300395)(2000101    4153.96580584421)(2000211    -990.852227281563)(2000111    389.228665724711)(2000012    -574.237754957342)
3 1      - (2000001    970.623972028691)(2000002    1273.91525659694)(1000000    3777.64273442863)(2000101    3973.57315913517)(2000201    1585.88331470954)(2000111    1765.86047175367)(2000211    -308.377054794082)(2000012    329.837943399678)
2 1      - (2000201    3867.90511042021)(2000002    3709.70258654768)(1000000    4063.67944950413)(2000001    3977.79886148503)(2000211    -986.811705243386)(2000101    4168.27409946946)(2000012    -429.183713475459)(2000111    937.184689992)
4 2      - (2000002    3318.94310346966)(2000201    3475.00632881879)(1000000    3927.16374506348)(2000001    3080.71579906516)(2000101    2809.73356567133)(2000211    -500)(2000111    -146.736495871607)
3 2      - (2000001    2092.77916230021)(2000201    2120.91203133752)(2000101    3991.45432052865)(2000002    1447.45397633637)(1000000    3662.2618446236)(2000111    1029.41421310186)(2000012    -167.218769904999)(2000211    -737.5)
2 0      - (1000000    2736.62831200184)(2000201    4033.94572561255)(2000001    4073.0859267371)(2000002    3827.80199686117)(2000111    -119.325676331648)(2000101    4162.18410178932)(2000211    -646.709455030569)(2000012    -19.982006580197)
3 3      - (2000101    4149.54227986621)(2000002    3086.03840271196)(2000201    3173.26442633601)(1000000    4095.72952052623)(2000001    1005.55215862081)(2000111    799.645201692912)
1 5      - (2000001    1457.48075172941)(2000101    2998.15370766729)(2000201    1087.90751693922)(1000000    4389.94554217993)(2000002    330.140974876991)(2000111    616.999037139656)(2000211    -500)
0 3      - (2000001    4107.41449343138)(1000000    3207.12455072243)(2000002    4107.46411464034)(2000101    4068.94524751668)(2000201    4169.43590018992)(2000012    -831.959039426511)(2000111    -290.524985781453)
0 2      - (2000002    4111.37167668937)(2000201    4111.31422336271)(1000000    3098.5630989667)(2000101    4168.57136723441)(2000001    4111.14604096617)(2000111    782.768312151316)(2000012    -700.534402266392)(2000211    -788.320182225641)
1 4      - (2000101    1675.28663272431)(1000000    4418.38994732829)(2000111    -1374.15671983849)(2000201    1627.84565295779)(2000002    1923.4375253462)(2000001    577.570597691409)
2 2      - (2000001    3755.44222687609)(2000201    3900.43201306078)(2000101    3851.20385316107)(1000000    4033.82353959877)(2000002    4064.0254400136)(2000111    -810.232212325114)(2000211    -449.359508504836)
0 1      - (2000201    4019.45646905254)(1000000    2794.11074574502)(2000101    4148.83239609363)(2000001    3340.51102159939)(2000002    4090.83610944794)(2000012    -828.864162411262)(2000211    -914.51864359879)(2000111    487.499200877402)
2 4      - (2000201    3146.72134434276)(2000101    3969.49394673407)(2000001    1106.69293279114)(2000012    -550.255783658466)(1000000    3765.409568646)(2000002    760.621149849485)(2000211    -500)
2 5      - (2000101    4059.37347300186)(2000001    1810.48835115085)(2000002    2016.94207814772)(2000201    72.1363926546028)(1000000    4046.68972470419)(2000111    782.966179676327)
0 5      - (2000101    1379.08566180015)(1000000    4048.47929445673)(2000001    223.185501633763)(2000201    1699.25637981953)(2000002    750.578372430232)
0 4      - (1000000    3895.01850278418)(2000101    1701.13069295983)(2000002    599.768630557423)(2000201    1307.88100103687)(2000001    2307.37151888583)(2000111    427.575852940417)(2000012    -239.425470628649)
4 1      - (1000000    3970.36264281942)(2000001    2843.71186720347)(2000101    4159.05977218281)(2000002    2703.94783707273)(2000201    3071.48559975658)
2 3      - (2000001    596.027894027329)(2000002    665.679439676869)(2000111    -538.134593239739)(1000000    3179.31384862328)(2000101    1369.55841979279)(2000201    1051.68421032024)(2000211    -567.231391539968)
6 0      - (2000201    2398.89979471677)(2000001    2347.64265209064)(2000101    2499.89374553485)(2000002    325.3908187033)(1000000    4950.83764377218)
1 9      - (2000101    -1040.34618264911)(2000111    -1010.55652276294)(1000000    -691.502228952103)(2000012    -21.8021895852739)(2000201    -881.928484329601)(2000211    -973.99578574597)(2000001    -180.110658795178)(2000002    -920.633567410995)
4 4      - (2000201    1502.86268209321)(2000002    1690.92210045752)(2000001    -632.162303644427)(2000101    3661.79458881374)(1000000    3089.80565563556)(2000211    -278.818018474236)(2000111    1849.36322955868)(2000012    739.261365225827)
6 4      - (2000012    -443.297329320359)(2000001    461.493299355798)(2000201    -147.279951736154)(2000101    603.614113202885)(1000000    918.673218342171)
9 1      - (2000012    -1546.27061281826)(2000101    -1121.8158912439)(2000001    -871.057201937593)(2000111    -962.25487195021)(1000000    -1168.07891456784)(2000002    -912.337772145794)(2000211    -838.805036772277)(2000201    -1059.48913976484)
11 1      - (1000000    -893.667719280527)(2000121    -500.11628)(2000211    -797.637346970838)(2000111    -911.75953304184)(2000001    -145.851601890329)(2000012    -269.291901740474)(2000201    -1009.39070429755)(2000002    -99.1573488564471)(2000101    447.435396902625)
1 13      - (2000012    1074.40926824392)(2000201    -750.895382303259)(2000001    -1267.84756785222)(2000111    -880.61180723668)(2000002    -554.372710257769)(1000000    -1112.27248272167)(2000211    -391.006461174612)
0 8      - (2000111    -397.657414369024)(2000201    307.119653445674)(1000000    4862.2962601029)(2000002    726.616866449402)(2000211    -800.272454461125)(2000101    2129.77999201624)
13 1      - (1000000    -1006.994865653)(2000201    -1065.61116592862)(2000111    -611.193565685202)(2000002    -718.955092616038)(2000012    601.068798191288)(2000121    -571.227808662123)(2000001    -375.604272689695)(2000211    -803.533208477292)(2000101    -625.100415209387)
14 2      - (1000000    -221.491310986139)(2000201    -709.578577468261)(2000001    -251.847316894055)(2000101    -969.640277429929)(2000002    -765.4653119487)(2000111    -774.278436533609)(2000211    -823.592641984709)(2000012    1486.05953807575)
1 8      - (2000012    -542.870119429883)(1000000    3792.45336158038)(2000002    -585.478079662257)(2000111    -949.638234006009)(2000001    732.49459962477)(2000101    -434.78814676996)(2000201    1145.6842871434)
14 0      - (2000002    3059.07200616134)(1000000    923.660368143149)(2000111    4066.11893271001)(2000001    1334.23167460576)(2000012    4070.59966162419)(2000201    1865.61124216193)(2000211    1511.14848717754)(2000101    1978.79147183896)
0 12      - (2000002    4068.95419750713)(2000201    2133.33524111314)(2000111    2881.7851344759)(2000012    4073.30633970125)(2000101    3257.83226696204)(1000000    3077.57549626602)(2000211    2783.10937950777)(2000001    2918.00325574955)
12 1      - (2000002    455.19684352665)(1000000    -926.285883611665)(2000111    -562.804033298221)(2000211    -933.754365479683)(2000001    -309.652020019076)(2000201    -680.980678806511)
0 9      - (2000012    -879.308042931431)(1000000    1724.84360575121)(2000001    -786.412288759164)(2000201    -976.045360971771)(2000002    -1099.71517281357)(2000101    -1177.91497180069)(2000111    -935.91001558354)(2000211    -841.168508842234)
11 0      - (2000111    -1277.68327366799)(2000002    -82.0254500042751)(2000001    -750.119848732937)(1000000    -472.417851990682)(2000101    -934.00534000399)(2000211    -532.708896149406)(2000201    1139.80545900519)
0 14      - (2000111    2974.75157364071)(2000001    3391.75343286456)(1000000    2998.58760600251)(2000101    2491.31158323781)(2000211    2945.76493919331)(2000012    4087.80290483873)(2000201    2984.01911172712)(2000002    3847.59759582326)
1 15      - (2000001    -492.949602629642)(2000211    -1360.63710038467)(1000000    -857.559351627383)(2000012    -54.6358344840506)(2000111    -1027.20399901542)(2000201    -1174.00349740999)
2 10      - (2000111    -1007.65349405083)(2000101    -403.553861535043)(1000000    -1050.8511714093)(2000201    -902.334114850311)(2000002    -830.626242577701)(2000012    124.381313509679)(2000211    -933.468499472631)(2000001    -641.038905470356)
1 7      - (2000211    -799.073436724018)(2000201    1307.99706469444)(2000101    3252.49170972278)(1000000    4616.84925554421)(2000002    1214.9666603493)(2000001    2218.78370211679)
2 14      - (2000211    -785.509427474718)(2000002    -324.390952006669)(1000000    -191.878372075234)(2000101    -172.655983452)(2000111    -997.077557152657)(2000201    -834.194068549219)(2000221    -1125.67153672744)(2000001    -1151.64979330822)(2000012    3022.70291238576)
3 10      - (2000101    -965.667218525313)(2000001    -154.249554566095)(1000000    -449.344409199232)(2000211    -1095.10292097192)(2000201    -993.296973665193)
1 12      - (2000001    -1015.08677702673)(2000101    -1125.52166882782)(2000012    1535.27832665536)(2000201    -899.626670816398)(2000211    -5.06781186827459)(2000002    -34.7846175478787)(1000000    233.413679316043)(2000111    -489.714917327031)
2 15      - (2000001    -1005.79979745304)(1000000    -782.051166953376)(2000012    1641.1336839284)(2000211    -288.944805957221)(2000201    -288.944805957221)(2000002    -559.541906292035)
2 11      - (2000002    363.612964586434)(1000000    34.5874470518177)(2000101    -442.110185149585)(2000001    -579.483505108174)(2000201    -534.338959258763)(2000012    3441.87001621963)(2000211    27.582985685064)
13 0      - (2000201    1522.68695842095)(2000001    -498.830153732055)(2000002    4069.85204896991)(2000101    1460.52092881442)(1000000    1773.41705687842)(2000111    2140.48182328367)(2000012    4093.59999750744)(2000211    1828.32356660034)
12 0      - (2000201    1323.50659329451)(2000002    1847.66334798282)(2000211    18.3213410641123)(2000001    343.206073125809)(1000000    128.783776454862)(2000101    74.9574798838829)(2000111    755.776122905576)(2000012    3702.01087935786)
9 2      - (1000000    -1026.22130160134)(2000002    -1219.77548448115)(2000201    -1064.59679787528)(2000001    -289.161515344782)(2000101    -1101.45431261545)(2000111    -1054.54493821012)(2000211    -1035.05174017045)
2 8      - (2000201    1844.74396913733)(2000001    723.441656452018)(2000002    2085.70836490314)(1000000    3363.7689297121)(2000101    515.778618528757)
4 11      - (1000000    -882.480916210526)(2000101    -751.855641317618)(2000012    1002.90775271588)
9 0      - (2000002    -617.973996435332)(1000000    1177.67853646064)(2000101    -1006.2436979166)(2000201    -1071.83855626102)(2000111    -998.694396635927)(2000211    -869.33715863399)(2000012    -149.53944235217)
0 13      - (2000211    2102.99117011902)(1000000    871.643632754008)(2000002    3945.15160403446)(2000101    922.923653955331)(2000111    2254.95229091683)(2000012    3086.04941885158)(2000201    2060.90753790318)(2000001    148.156106239825)
2 13      - (2000111    -1019.14708824164)(2000001    -403.766592671517)(2000211    -556.857980895306)(2000012    2405.85953289891)(2000101    -825.987367633087)(2000002    -321.682271895347)(1000000    -264.531133332256)
0 15      - (2000211    -1019.74646950553)(2000111    -1071.56863313008)(2000101    -796.092802827462)(2000001    -407.466401888574)(2000002    -1025.9911145172)(2000201    -1081.49412372521)(1000000    -868.744241440022)(2000012    -264.259240655025)
8 0      - (1000000    2618.46542839554)(2000002    1169.40329415603)
1 14      - (2000101    -1201.77504792465)(2000012    -142.216536272658)(1000000    -900.705490537546)(2000201    -677.123039629882)(2000002    -1014.65657293812)(2000111    -584.169235842583)(2000001    -888.407083757194)(2000211    1193.76570805462)(2000221    -794.69083696582)
4 0      - (2000201    2660.82684740977)(2000002    1920.14527742083)(2000001    3487.20238383333)(1000000    4170.99227554734)(2000101    3685.84346825972)(2000111    -40.4075579696838)(2000211    -551.517269912794)
3 4      - (2000002    2415.67424003957)(1000000    3896.20158727903)(2000201    1930.24227768656)(2000101    3924.33026759718)(2000001    1727.87813189065)(2000012    513.328541225483)(2000211    -500)
10 1      - (2000101    -928.236091129615)(2000211    -750.859379387719)(1000000    -882.661473987707)(2000111    -1068.6329198944)(2000002    -938.608728312308)(2000201    -423.979085742953)(2000001    -485.97241123989)(2000012    -743.176843352346)
3 8      - (1000000    3297.36390646828)(2000201    -875.187517550875)(2000001    161.72726986243)(2000101    787.109315138977)(2000002    233.641214326463)
3 9      - (2000002    -81.7441486862799)(1000000    -176.88919023648)(2000001    322.108077438031)(2000111    -480.155111681358)
0 10      - (1000000    -710.458420359555)(2000101    -1074.84549435736)(2000002    -1175.17506506813)(2000001    -993.998278374392)(2000201    -1107.99815343096)(2000211    -1129.17825847983)(2000111    -1071.50507757661)
2 9      - (1000000    -953.59062443427)(2000101    -957.887162010996)(2000001    -171.573645307539)(2000002    -1037.44020975917)(2000201    -932.558294652935)(2000012    -132.184129882271)(2000211    -898.690732107618)(2000111    -878.426171545328)
1 3      - (1000000    3047.21653476934)(2000201    4042.82201550761)(2000101    3859.08665516935)(2000001    4125.75290201063)(2000002    3979.60222964654)(2000211    -541.89218928108)
14 1      - (2000211    -806.285587503048)(2000012    631.447092786088)(2000111    -841.274789093983)(2000001    -505.238249509042)(1000000    -1073.12534711794)(2000101    -1328.0677572026)(2000201    -875.75192677698)(2000002    -919.925284486182)
13 2      - (2000111    -1154.39153233854)(2000101    -1444.40899208453)(2000001    -190.667389308123)(2000211    1531.40840042445)
3 14      - (2000201    -670.634207589981)(2000001    -250.114582166794)(2000002    1492.47747718574)(2000012    -222.697170577211)(2000111    -559.443853062612)(2000211    -422.229780377004)
1 10      - (1000000    -124.652451094462)(2000201    -385.324507189836)(2000101    -925.296481895981)(2000211    -727.9531690268)(2000012    43.6652052186319)(2000002    -650.940929915055)(2000001    -664.509161715486)(2000111    -875.654341872656)
2 12      - (1000000    -186.531875996939)(2000201    -987.107172887683)(2000012    1949.83492901609)(2000002    313.089905428515)(2000001    -628.04195857125)(2000101    -349.868175906231)(2000211    -1172.21822497367)
12 2      - (1000000    -1176.41314574614)(2000111    -1269.00587131849)(2000101    -656.921732783723)(2000001    -739.194434274539)(2000002    2108.01665604376)(2000012    -467.644278472988)(2000211    73.1697014000566)
3 13      - (2000002    -236.165294363782)(2000201    -932.449508287074)(2000101    -1039.37925262835)(2000111    -714.324808556452)(2000012    2388.45243925417)
4 9      - (2000201    -982.858360102901)(1000000    -605.844930174542)(2000001    -866.938202770892)(2000111    -1052.21099276726)
4 3      - (2000001    -94.4458751458378)(2000101    3605.49392839972)(1000000    4091.42089529324)(2000201    2497.18169270175)(2000002    1478.60185628662)
1 11      - (2000211    -942.825820719681)(2000002    -98.9476692383604)(2000101    -1150.32329438246)(1000000    -916.039366656829)(2000012    -192.720596055003)(2000111    -434.276413843124)(2000201    -674.427897208047)
4 13      - (2000012    888.685059316808)(2000101    44.6899951883518)(2000002    135.379715334675)
2 16      - (1000000    -1238.6004854546)(2000201    -1233.13527067093)(2000211    -1274.40353667418)(2000001    -951.104754349753)
3 16      - (2000002    -345.345158605994)(1000000    -692.469494602198)(2000111    -984.05322624545)(2000101    -528.958773437329)
8 3      - (2000201    920.376664898659)(2000101    3506.79269387981)(1000000    1097.57964939624)
11 2      - (1000000    -1324.26823290283)(2000111    -147.961307925226)(2000201    -768.57904704766)(2000101    434.290381708103)
10 0      - (2000101    -919.60319245606)(2000002    -1177.7445947087)(1000000    -674.479341603153)(2000012    -100.41888524009)(2000211    -925.487991896633)(2000111    -815.183951847981)
10 2      - (1000000    -869.451946492734)(2000211    -791.122159243423)(2000101    -854.918305190753)(2000001    -301.653199194517)(2000111    -608.465678213057)(2000002    -356.627723163407)
3 15      - (2000111    -549.167994978054)(2000001    -434.680303583734)(2000201    -464.234461625776)(2000002    -178.209095684983)(2000221    -403.700966100214)(1000000    2836.28782939911)(2000012    378.967572165782)(2000101    606.109702898849)
0 16      - (2000012    -52.3508841377312)(2000201    -856.068078329277)(2000002    -0.47481)
4 10      - (2000201    -594.735420655363)(2000211    -396.858832236166)(1000000    -547.533802317335)(2000012    -378.357247676331)(2000002    -589.506340344656)
4 15      - (1000000    -1165.8724853079)(2000002    -203.27935905552)(2000221    -818.00394771729)(2000001    -984.255668184102)(2000211    2111.71448220885)
8 6      - (1000000    1043.70440036154)
5 0      - (1000000    4363.09872372421)(2000002    1299.88972161777)(2000101    2041.643659115)(2000001    3126.31226507435)(2000201    2352.94493630845)
1 6      - (1000000    4164.69851144887)(2000101    114.856890958305)(2000002    2402.05223369411)(2000001    150.152010375714)(2000201    1138.26094844662)
2 17      - (2000111    -1571.88387217737)(1000000    -1510.17509097046)
0 11      - (1000000    88.1401119394849)(2000101    -985.403901551835)(2000211    -603.455972545343)(2000001    -634.525694413067)(2000111    392.688095585754)(2000201    -518.16038793716)(2000012    1035.71753460924)(2000002    -439.256460879586)
8 4      - (2000001    -176.640500949646)(1000000    927.418831988682)(2000111    -780.034737046533)(2000201    49.1493552367276)
3 11      - (2000111    -1101.8541156926)(2000101    -820.084633268217)(1000000    -28.8142820822601)(2000002    -455.683045013976)(2000201    -52.8612064060243)(2000012    1340.74351158822)
5 6      - (2000001    -1249.86006966605)(2000201    -1502.52983946481)(1000000    -68.9101802514139)(2000101    751.878577111963)
5 3      - (1000000    2544.05007106211)(2000001    -588.277862166678)(2000201    1190.82506983729)(2000101    4314.81493771346)(2000002    1627.39824995046)
5 1      - (2000002    2547.86528073434)(1000000    4447.98372812904)(2000101    3259.42805689247)(2000201    2032.52870417391)(2000001    2228.02239655204)(2000111    355.287787718613)(2000012    181.466289905407)
0 17      - (2000211    -998.351074271819)
12 4      - (2000211    -944.33943786104)(2000002    1358.76536420261)(2000111    868.062167188933)
5 2      - (2000101    1753.47786365087)(2000002    3084.48128078077)(2000001    1180.81685792016)(1000000    4246.54722555081)(2000201    3160.51112402884)
4 16      - (2000111    -1311.3969748449)(2000001    -1090.4657553838)
3 12      - (1000000    -750.283563333333)(2000211    -189.600648402092)(2000002    214.763792127484)
5 4      - (1000000    628.156875994923)(2000001    -331.870555893424)(2000002    -19.660484654987)(2000201    -343.930536168566)(2000101    3177.34737832876)(2000111    518.375062295677)
6 2      - (2000111    -919.181847478701)(2000201    2634.82192077002)(1000000    4447.23142317144)(2000001    1308.27021517296)(2000002    1911.14581573873)(2000101    3818.13257503332)
12 3      - (1000000    2211.91353812217)(2000111    -832.096125126447)(2000002    407.412969896144)
3 5      - (2000001    1035.39765168122)(2000101    4187.87132116867)(1000000    1256.69908039505)(2000002    1003.85869148369)(2000111    1200.78081194764)(2000201    911.151439710082)(2000211    -449.359508504836)(2000012    770.116304461801)
16 0      - (2000111    -694.05010188887)(2000002    -830.395463973267)
3 17      - (1000000    -1228.80400105174)
0 6      - (2000002    -26.807760674877)(1000000    4196.66104458391)(2000201    841.61500312016)(2000001    2145.18965780552)(2000101    2154.56051721593)
1 16      - (2000211    -1020.5920053338)(2000002    -42.2921993540896)(2000201    -819.843115702713)(2000001    -292.310421541674)
5 12      - (1000000    80.2652130302333)(2000111    -337.558007879696)
5 10      - (2000201    -816.878631286619)(2000211    -476.604820121344)(2000012    -95.0430979685527)
4 5      - (2000201    -1030.2515771888)(1000000    700.030536236471)(2000101    2858.49146217952)(2000002    -502.132660739963)(2000001    -956.606601450231)
4 12      - (2000211    -1028.61059696174)(2000002    1239.21869947374)(2000111    -943.214174815885)(2000201    130.205278708003)
4 6      - (2000101    490.290602323591)(2000002    392.986301350647)(2000001    967.761453223178)(2000201    525.883041154992)(1000000    347.542790355378)
5 5      - (2000201    -205.101115578454)(1000000    -551.417772838884)(2000001    -432.635255512743)(2000002    -225.653272928583)
0 18      - (2000101    -423.166146211178)(2000012    4195.40592826686)(2000211    -825.006160370598)(2000111    1991.46990120199)(2000001    985.637792880352)(2000201    -787.440569786323)(2000002    2414.85199205455)(1000000    -1043.74356908097)
4 14      - (2000012    1793.23107380145)(1000000    -29.9808913999177)(2000111    -476.18754183326)(2000002    391.924109079695)
7 1      - (1000000    4917.877416159)(2000002    1249.33784215452)(2000101    1475.34114654328)(2000201    1509.9737649935)
1 17      - (2000111    -967.62849532364)(2000101    -549.578674428224)(2000001    -988.254206382189)(2000002    -867.407533419361)
15 2      - (2000211    -531.38523625701)
5 7      - (2000001    -243.833558221196)(2000201    162.417601030707)(2000002    -709.131642431533)(2000101    1911.01157567203)
8 1      - (2000101    4558.77135721867)(2000001    -317.381884553612)(1000000    993.18936512044)
5 13      - (2000002    -15.1630840010062)(1000000    425.308328105976)(2000201    -541.880858694045)(2000001    -541.880858694045)(2000211    -541.880858694045)
10 4      - (2000201    -468.846951700908)(2000012    916.28995692651)
11 3      - (2000201    -306.090699215091)(2000111    212.946549132365)(2000002    180.458882640308)(1000000    515.773844980869)(2000012    3911.59832414296)(2000211    796.603419274299)
6 10      - (2000111    -496.488659715576)(1000000    -469.616080577065)(2000001    -74.5062669896521)
6 11      - (2000101    -43.9624399278612)(1000000    -786.450406745663)(2000002    1332.33371277064)(2000201    -260.733813075553)
3 6      - (2000002    352.470488352036)(2000201    -918.908589232)(1000000    939.454486891567)(2000101    3231.07829563258)(2000001    554.892736076898)(2000111    876.198693456355)
9 9      - (2000101    1412.41720200553)(2000002    889.287026945918)(1000000    4152.46042446581)(2000201    1183.18356997947)(2000111    -575.4317749101)(2000001    671.082625359147)
10 7      - (2000101    -82.7035410758775)(2000001    -438.158335304248)(1000000    -25.3802017172648)(2000201    349.094946221762)(2000002    181.236154265485)
11 8      - (1000000    652.516659323332)(2000001    260.661253285931)(2000201    -182.196883653113)(2000002    126.35635681681)
11 11      - (2000101    3889.4868402738)(2000211    659.108499226096)(1000000    4124.84505348836)(2000002    3784.76974373958)(2000001    1499.26131850056)(2000201    4160.99360545979)(2000111    -202.003590991552)
10 9      - (2000001    997.390117110591)(2000201    960.317395465656)(2000211    -515.851635308764)(1000000    3727.86666002732)(2000002    -40.8529086116041)(2000101    722.953160319757)
10 11      - (2000101    2198.14417992525)(2000001    1739.26003262495)(1000000    4063.13292657211)(2000201    2123.7489958726)(2000211    -401.373204043174)(2000111    -892.120750634814)(2000002    2895.57014488533)
9 11      - (2000211    -664.241620138648)(1000000    2960.44423762187)(2000002    136.852196271858)(2000101    99.5508991660474)(2000001    1578.6149711857)(2000201    2090.41355463697)
1 19      - (1000000    -856.931171602841)(2000001    2329.61721941881)(2000101    -406.484123781138)(2000111    1755.52438344935)(2000211    -980.559712240002)(2000201    -472.874103290744)(2000002    2591.9452060938)(2000012    4195.65073526256)
8 12      - (2000201    365.559151451507)(1000000    2812.21320343201)
7 11      - (2000101    -568.018726612193)(2000002    552.227807896729)(2000201    100.270274635486)(2000012    3374.7307896805)(2000111    -395.031448990487)(2000001    748.262975819134)
7 10      - (2000002    -297.26048939716)(1000000    617.33544153305)(2000101    712.687722084219)(2000201    689.73803767898)
10 13      - (2000002    -664.966450070554)(2000211    -751.491295006154)(1000000    1510.50235661743)(2000201    -413.102924248894)(2000001    731.949519145139)(2000111    705.950721676203)
12 12      - (1000000    4142.34680803279)(2000201    3893.30445669505)(2000001    3646.30886904569)(2000111    462.117249177734)(2000211    1255.49540474604)(2000101    3898.93269086367)(2000002    4176.24705441304)(2000012    -542.885094462075)
19 3      - (2000111    1605.81799827806)(1000000    -497.53839770241)
21 1      - (2000201    -1000.92018820774)(2000111    35.4907641604642)(2000101    -552.328971091453)(2000012    4207.89975496476)(2000002    1271.83816510932)(2000001    1100.29284681209)(1000000    -1039.66283902478)(2000211    -916.245669690688)
1 20      - (2000001    2014.39562550519)(2000002    2155.07862198147)(2000101    303.039568774915)(2000111    1407.69579181354)(2000201    -1103.25219197031)(1000000    -534.676710821756)(2000012    4189.97240692413)(2000211    -742.613964997396)
10 12      - (2000002    1440.64854570637)(2000201    4259.16098327543)(2000101    1420.48683191997)(1000000    2314.76750248508)(2000001    1258.88998183606)(2000111    -204.13522137132)(2000211    11.974217062473)
3 22      - (2000211    -843.034857450395)(2000002    1327.48401060416)(2000201    -54.8566733324235)(2000012    4117.93246156476)(2000121    137.129536136851)(2000101    -665.90634031205)(1000000    45.2941929685902)(2000111    628.306259397289)(2000221    -657)(2000001    909.39813866834)
2 22      - (2000002    2053.05486020187)(2000101    -1015.03801101709)(2000121    1303.35508261179)(2000012    4143.94281890633)(2000211    -758.353470769113)(1000000    -526.143909441777)(2000201    -673.104054705575)(2000111    -208.855328150056)(2000001    -686.33275108604)(2000221    -500)
23 0      - (2000201    -669.413344999208)(2000001    -403.792955963709)(2000101    -763.76167019172)
12 9      - (1000000    1080.31421461133)(2000211    218.79159697956)
2 18      - (2000012    -451.534423422318)(2000111    -950.92301543675)(2000101    -826.769924274955)(2000002    -374.930269461694)(1000000    -520.208182680337)
9 8      - (2000101    526.2214912669)(2000002    652.698925953858)(1000000    1412.68633415673)(2000201    851.23585010982)(2000001    27.3534383514759)
0 26      - (2000012    1437.90247219872)(2000201    -1298.31374554245)(2000002    199.57041239794)(1000000    -1070.25000502012)(2000111    -1248.00744343365)(2000101    -1475.08287820679)(2000211    -1283.91177614973)(2000001    -737.258477189239)
0 24      - (2000211    -940.857150264878)(2000002    -130.037740542485)(2000111    -1079.36493157858)(2000101    -719.372420045326)(2000001    -946.047674304872)(1000000    -967.968181903654)(2000012    1484.17879598593)(2000201    -885.000596004812)(2000121    -500)
24 1      - (2000221    -500)(2000002    374.412163974912)(2000101    -1019.5379445665)(2000012    4021.73775563079)(2000001    -712.746994384984)(2000111    -518.500268945004)(1000000    -436.209660042339)(2000201    -450)
26 1      - (2000211    -1031.94655041775)(2000201    -1021.6219487386)(2000101    -1184.32651831801)(2000002    -535.62413547453)(2000111    -702.888178089455)(2000001    573.927536834561)(1000000    -757.805097842691)(2000012    3855.18286068165)(2000221    -507.446469599849)(2000121    744.876692257065)
4 20      - (2000201    -1043.25667032549)(1000000    -556.302049316711)
26 0      - (2000211    -517.882970555973)(2000111    190.565005358417)(2000101    -474.498458897139)(2000201    -657.549002739576)(2000012    2056.26978629886)(1000000    -729.414905298862)(2000002    2622.02334874214)(2000001    483.614147587513)
2 23      - (2000201    -1212.56620844086)(2000211    -983.292027802985)(2000111    -1393.86505413852)(1000000    -647.638980045006)(2000012    3453.59896341168)(2000001    -1111.81320344591)(2000002    -870.922743980619)(2000101    -795.061942503525)
13 10      - (2000101    -892.207830073931)(1000000    -42.9810010433436)(2000201    715.589287676307)(2000111    -133.999972295431)(2000002    1698.71081135597)
22 1      - (2000012    3710.5134420468)(2000201    -500)(2000001    -128.854653980654)(2000211    -875)
0 23      - (2000101    -1459.50567239983)(2000001    -584.790288620632)(2000012    864.320478571778)(2000111    -1107.09089051789)(2000211    -1092.77692283316)(2000002    -1020.01328712885)(1000000    -985.354729704181)(2000121    -942.854521302213)
1 27      - (2000002    -93.5100973676698)(1000000    -965.517766234537)(2000211    -875)(2000111    -653.184193641421)(2000012    3545.27290318828)(2000201    -1018.68222327563)(2000101    -730.882549033218)
7 9      - (2000002    -509.521182428988)(2000012    -10.0211824289879)(2000201    -841.917255709711)(2000101    160.726672834258)(1000000    295.751713128395)
10 8      - (2000101    711.575575437226)(1000000    1511.98022472589)(2000201    421.90194343236)(2000002    194.056094751345)
10 10      - (2000001    3236.97447855355)(1000000    4135.87472122878)(2000201    4210.05516865375)(2000002    4232.63996358703)(2000101    4067.22272684652)(2000211    -189.907151259043)(2000111    -306.316138818811)
1 25      - (2000001    -492.991243259642)(2000012    -28.5030356459174)(2000002    -501.416037757287)(1000000    -1088.32659959726)(2000211    -1050.69420815939)(2000221    -818.284344391057)(2000201    -644.580757672391)
2 21      - (2000111    -248.393619387933)(1000000    -1102.88089425344)(2000201    -872.916754262588)(2000001    -194.866183841435)(2000012    2261.66172760402)(2000101    -988.49912780405)(2000221    -1146.58671160307)(2000211    -1264.35483617635)(2000002    88.2141034892363)
11 10      - (1000000    3856.8876623952)(2000201    1289.39769913517)(2000002    1811.52553652015)(2000111    -459.765131949001)(2000001    642.883813017012)(2000101    2236.91252466769)(2000211    -181.339332237815)
12 11      - (1000000    4161.96744168617)(2000101    3946.63893805919)(2000002    4219.68645624833)(2000201    3929.36009695143)(2000001    3724.72183242454)(2000211    579.394668070903)
3 27      - (2000101    102.048939499694)
21 2      - (2000002    212.915933081102)(2000211    -1060.72193405912)(2000012    2813.7829480292)(2000201    -951.135609304769)(2000001    -347.634511074445)(1000000    -874.551161885435)(2000111    -684.486097615079)
8 11      - (2000012    -286.27973587106)(1000000    -223.269847253907)(2000002    98.2715302443874)(2000201    -152.046584452788)(2000101    883.366233110331)
20 0      - (2000211    -1251.99130108234)(2000001    -567.293027865559)(1000000    -1023.33172129985)(2000002    276.933260144244)(2000101    -709.03403658637)(2000012    4077.56355802516)(2000201    -765.692618128505)
9 13      - (2000101    -80.932017755885)(2000012    -42.99617704693)(2000002    165.52855771211)(1000000    649.946585664233)(2000201    285.845718821723)(2000001    665.252711397347)
0 20      - (2000211    -623.69200804657)(2000012    4188.43990090221)(2000001    2561.04875036814)(1000000    375.197101729948)(2000201    -461.622244855987)(2000111    2360.25277725771)(2000101    -527.866162598867)(2000002    2747.8355121706)
2 19      - (2000012    4191.92409806998)(2000211    -787.894928557365)(2000111    2031.33575700795)(2000201    -864.494564569227)(2000002    2085.01821526505)(2000101    -281.038119303745)(1000000    -1268.8055102745)(2000001    2589.41378295738)
9 10      - (2000001    2014.61478529566)(2000111    -744.866789467202)(2000201    4242.92935829255)(1000000    4242.44600596911)(2000002    4242.58348877889)(2000101    3984.47447247246)
1 26      - (2000201    -1236.83817804192)(2000012    1036.33636741429)(1000000    -1042.42118054527)(2000111    -641.979911940663)(2000001    -791.410500179044)(2000002    37.1968875246457)(2000101    -932.657607032212)(2000211    -908.911776149733)
7 7      - (2000111    -947.445792889141)(1000000    1733.70167436891)
2 26      - (2000012    3145.86973759275)(2000001    331.721398191205)(1000000    511.304405910183)(2000201    -1118.97539366157)(2000211    -837.350834007215)(2000111    -254.518352797996)(2000101    -173.741670338334)(2000002    664.551569825577)
4 21      - (2000211    -678.172694258532)(2000101    -750)(1000000    -364.416502003393)(2000012    4033.72645136616)(2000111    -862.623160103235)(2000002    1087.48803628704)(2000001    -520.772282623194)(2000221    -300)(2000121    888.670085290392)(2000201    -327.413005004769)
10 16      - (2000201    3460.39605742519)(2000001    4084.76104421327)(2000101    2749.50357202515)(1000000    2373.98390078504)(2000002    3704.1399864914)(2000012    2510.86535848146)(2000111    2435.56455286215)(2000211    2906.11681635973)
0 28      - (2000211    -784.073533577314)(1000000    -85.5444450191831)(2000201    -106.338750357423)(2000111    -22.1799128639018)(2000001    500.178924635596)(2000002    4125.08529496581)(2000101    157.550005453371)(2000012    1049.13108864931)
5 15      - (2000002    58.6510015537904)
2 24      - (2000001    -846.353791700672)(2000012    3367.86640921027)(1000000    -1102.06401715334)(2000111    -1654.95228471712)(2000211    -730.562453019075)(2000002    -1119.88611107163)(2000201    -280.813564618166)
0 21      - (2000211    -935.699230406361)(1000000    836.540872514656)(2000101    -378.020369158437)(2000111    2320.0554164111)(2000001    3231.9127648835)(2000121    -743.481041996988)(2000002    2307.76281907579)(2000012    4190.73737696943)(2000201    -593.861948008676)
3 19      - (1000000    -1012.37731902481)(2000101    -735.509063862183)(2000001    335.917565398808)
1 28      - (2000012    4176.48667085783)(1000000    -577.271686284108)(2000201    -266.488577576822)(2000002    1114.46643175712)(2000111    -1202.51087871835)(2000211    -744.977613203726)(2000101    -22.649023246823)(2000001    380.506188877841)
3 21      - (2000001    -1218.39581121675)(1000000    -937.5)(2000111    -1244.504576038)(2000012    -504.264009479427)
27 1      - (1000000    -695.557689378988)(2000101    -441.447743274823)(2000111    -1072.34403465534)(2000002    3043.62963547403)(2000001    88.8471125800505)(2000211    -917.903276336723)(2000012    327.838727994445)(2000201    -533.332827566558)
28 3      - (2000201    -996.869410363983)(2000002    1163.24640992512)(2000012    3455.263340663)(1000000    -541.55613178509)(2000211    -410.961671284722)
24 4      - (2000201    -930.432393017027)(2000111    -1139.91243829723)(2000002    -1073.05256425745)(2000121    -330.283440891532)(2000221    -1125.1465)(1000000    -882.040986261153)(2000101    -495.930310863245)(2000012    1081.98021110117)(2000001    -291.154399401531)
15 1      - (1000000    -500)(2000002    -75.5558557084917)
15 7      - (2000211    -750)(2000001    -460.053736255518)(2000201    -387.462631012868)(2000111    -307.906281901427)(2000101    -177.932338522741)(1000000    -251.056863621338)
25 2      - (2000002    1732.46646906618)(2000001    2581.3652168718)(2000101    271.42228117527)(2000111    586.73819155959)(2000211    -140.983806914478)(2000201    -839.809474061097)(2000121    -450.889727991871)(1000000    -283.782348268381)(2000012    4046.00182201026)
24 0      - (1000000    -704.307042056555)(2000111    -517.728223670825)(2000012    4148.55152888791)(2000201    -297.593410259698)(2000101    -735.468232775242)(2000211    -997.702543547738)(2000002    -211.660221009501)(2000121    -570.170936563293)(2000001    1085.3781664664)
24 2      - (2000211    -117.752987259418)(2000002    333.273649042198)(2000012    3821.26923980555)(1000000    184.937099374626)(2000101    -705.918203410857)(2000111    173.246010119413)(2000201    -755)(2000001    767.838129991964)
26 2      - (2000201    -556.783530952311)(1000000    -20.2887827714455)(2000012    3140.59139659985)(2000002    1797.500330504)(2000111    -190.464101969471)(2000221    -500)(2000211    -241.435537227259)(2000121    -352.124143435802)(2000001    4111.03945307845)(2000101    72.6088670254732)
11 7      - (2000002    -659.745732305662)(2000201    300.810809377353)(2000101    23.7008706301305)(1000000    116.689965563785)(2000001    -417.935741742829)(2000012    1299.77598016795)
3 24      - (2000002    1266.58804267525)(2000211    -114.133723927543)(2000201    -1089.7024732396)(2000001    3764.78184354284)(2000111    275.60473994959)(2000012    1264.25249228326)(2000101    -607.121888888573)(1000000    -147.910150867827)
18 3      - (2000002    -881.475749949614)(2000211    -750)
3 26      - (1000000    131.658284565841)(2000111    332.964812953993)(2000012    1849.539985217)(2000211    713.863504436523)(2000002    2279.52811655898)(2000201    -463.265464776002)(2000001    4075.22558480288)(2000101    816.944999604229)
4 23      - (2000221    -500)(2000001    647.362006557867)(2000012    4142.21189550046)(2000101    -1012.69379193631)(1000000    21.5000905129115)(2000211    -500)(2000002    932.267835268488)(2000111    -490.638034542925)(2000201    -521.146099677045)(2000121    -55.3564865270412)
2 25      - (2000211    -1066.1796193111)(2000012    1914.70128276835)(2000111    -655.426740848433)(1000000    -500)(2000001    -743.361205619945)(2000002    479.80968581482)(2000201    -922.74669965883)(2000101    -690.051031120881)
3 23      - (2000101    -548.365573532887)(2000201    -1246.67799174825)(2000211    -514.451355871502)(2000002    1197.6335844645)(2000012    4138.68759766929)(2000111    505.21218809613)(1000000    956.778531979405)(2000001    1167.38674765562)
0 19      - (1000000    -1081.9602109225)(2000101    -183.150675901248)(2000012    4188.75160898598)(2000211    -766.750967748416)(2000201    -488.183560697295)(2000111    448.845190575036)(2000001    2367.81553742013)(2000002    1811.00295905006)
11 9      - (2000201    165.818124729142)(2000001    -135.180233654163)(1000000    288.367628120215)(2000111    -1332.83553778185)(2000101    1840.97465552588)(2000002    801.855414257547)
1 22      - (2000111    -985.704181433212)(2000001    -799.025874392449)(2000012    2708.75932824233)(2000211    -909.827266226501)(2000101    -761.50829138959)(1000000    -825.26660165141)
6 12      - (1000000    -197.975374423595)(2000001    -1049.05086607503)(2000201    589.209469544641)
8 10      - (2000001    -93.0346663342569)(2000101    446.200383675697)(2000211    -179.074164431252)(1000000    2309.32437778364)(2000201    103.547778573414)(2000002    380.687373209048)
12 13      - (2000101    1540.49765193281)(1000000    2349.88084758014)(2000001    4231.65753493592)(2000002    2677.02456218112)(2000201    311.097150168936)(2000211    892.443219428648)(2000111    583.760456537351)
11 12      - (2000201    4171.83661664049)(2000211    -366.771484303303)(2000111    380.297845939647)(2000001    2390.10534425548)(2000101    3901.24020800062)(2000002    3911.81328092567)(1000000    4038.04485683218)
1 21      - (2000012    4211.29719230418)(2000001    1288.27768448851)(2000002    856.577643490097)(1000000    -1152.77250975109)(2000101    -1227.91058895745)(2000211    -1008.05444734439)(2000201    -451.500838889422)(2000111    1205.35718130795)
17 12      - (2000111    2771.79589725808)(2000201    175.67455666305)(1000000    453.378398480174)
11 16      - (2000211    2126.10537724642)(2000201    3096.39306195273)(2000001    4032.17644638337)(1000000    2095.61501243921)(2000111    1384.55255839527)(2000012    1625.02364694654)(2000101    1558.40545998885)(2000002    2764.60707314871)
15 14      - (1000000    1855.77109340192)(2000111    1543.07503515633)(2000002    2334.23382455832)(2000201    1707.03494476306)(2000012    1001.70079085135)(2000101    1858.31302348156)(2000001    4181.3125174392)(2000211    1592.3690736473)
9 12      - (1000000    -85.4871755572592)(2000001    216.252938526026)(2000101    -875)(2000002    609.647013491977)(2000012    753.667862272668)
1 24      - (2000111    -1208.81315378445)(2000211    -1324.99941859282)(2000101    -1256.48795822451)
14 10      - (2000012    3253.14023500087)(2000101    3383.87915798828)(1000000    2840.15399157896)(2000001    3543.91153459253)(2000111    4169.42099050155)(2000211    2648.17185781145)(2000201    2574.1383484273)(2000002    2781.3711200547)
12 14      - (2000211    -190.116624099079)(2000201    4145.36964484034)(2000111    424.062921440789)(2000001    4084.52539818405)(2000101    4100.70481601207)(2000002    4175.96513363094)(1000000    4007.77820653585)
5 24      - (2000121    -56.8334322275575)(2000101    186.43696145602)(2000221    -1480.30187335024)(2000111    -1099.76060758292)(1000000    -632.192492133199)(2000012    2670.50262635149)
6 1      - (2000201    2300.17100854956)(2000101    4008.06616449961)(1000000    4739.36098330449)(2000211    -500)(2000002    2240.63905556741)(2000001    2376.41434014159)
13 9      - (2000201    371.676143070022)(1000000    421.296606537613)(2000002    303.468951699962)(2000001    727.14994027763)
5 11      - (2000002    -844.032773973511)
0 22      - (2000211    -884.296160736522)(2000002    -792.471381622705)(2000101    -804.419223518484)(2000111    -1529.90212605799)(2000201    -1344.11187709285)(2000001    -887.566798259484)(2000012    662.016616663882)(1000000    -942.854521302213)
0 27      - (2000002    584.528220581431)(2000201    -1054.75945262659)(2000012    1768.54163100993)(1000000    -840.691376826657)(2000111    -811.782841024272)(2000001    310.436393222529)(2000211    -266.960694738218)
14 9      - (2000001    751.98952534322)(2000111    -598.585191465646)(2000002    298.208402837473)(2000201    506.614853011159)(1000000    1631.99323913277)(2000101    753.901650593951)
10 14      - (1000000    2158.9185526145)(2000211    2396.50604454575)(2000111    3398.22405795122)(2000101    4017.6663855191)(2000201    3701.94033786254)(2000012    581.788451293571)(2000001    3761.41987770061)(2000002    3292.93706457401)
13 12      - (2000111    290.325367511525)(2000002    2335.24815410581)(2000101    1638.30124043499)(2000211    883.487402491182)(1000000    2716.7827488203)(2000001    4229.93131271272)(2000201    2629.87439871105)
22 0      - (1000000    -1169.10735749798)(2000201    -856.724967735782)(2000101    -1117.64785526387)(2000001    2775.6076776598)(2000121    -721.217589189402)(2000111    495.114482549005)(2000002    763.99067190664)
4 29      - (2000101    -1275.76683153936)(2000201    -769.157308830291)(2000012    3807.70747739204)(2000111    28.7589471943214)
4 22      - (2000221    -755)(2000001    818.505350978586)(2000002    1288.39330120291)(2000111    -407.682635961049)(2000012    3970.76083508021)(2000101    -1140.62082386774)(2000211    -781.094865437261)(2000201    -702.539346769671)(1000000    -559.433983071518)(2000121    687.361617104616)
23 2      - (1000000    -702.277153681508)(2000211    -521.449232730006)(2000111    375.42887436185)(2000101    -322.592337551285)(2000002    -95.784893689816)(2000012    4122.00431903003)(2000201    -1172.00558194888)(2000001    -773.060805384076)(2000121    495.114482549005)
25 1      - (2000201    -1202.08239429174)(2000111    -320.596658649655)(2000012    722.987425114202)(1000000    -550.209442620045)(2000101    -455.309421970056)(2000211    56.5472002863196)(2000002    3084.70583825792)
12 10      - (1000000    2322.35943835006)(2000001    446.658556119231)(2000201    860.756774154298)(2000002    3855.35306045837)(2000101    913.592349141856)
10 6      - (2000211    -1388.14471270441)(1000000    -703.693990005903)(2000012    -103.103096953873)(2000001    -66.7074269151195)
11 6      - (2000211    -522.256686435185)(2000201    210.285615206421)(2000002    2222.48726965349)(2000101    244.266823955879)
27 0      - (2000001    -45.5220157786595)(2000002    3017.74018099681)(2000101    -872.275562313593)(2000012    584.998788213196)(1000000    -532.532672630949)(2000211    -500)(2000111    -1052.23461713434)(2000201    -1121.47592208936)
8 2      - (2000012    -657.145606156256)(2000101    1710.1016351605)(1000000    3848.13905445219)(2000201    780.061755174455)
25 0      - (2000111    -1550.31899925234)(2000002    -453.516943154807)(1000000    -1104.87968555603)(2000201    -1158.23892374476)(2000001    -183.79398006696)(2000012    813.417096095722)(2000101    -921.077258135036)
13 13      - (2000001    3871.82367740417)(1000000    4140.20446170289)(2000111    3008.75424285782)(2000211    3838.41302558277)(2000012    310.190396186543)(2000101    3817.09288171637)(2000002    4182.15094762456)(2000201    4176.0409224505)
19 0      - (2000101    -1165.98731463657)(2000211    -1000.91990482777)(2000201    -902.847056219064)(2000012    3219.71526979902)(2000002    13.225995560448)(1000000    -544.146205479975)(2000111    -70.1630845911162)
2 27      - (2000101    -757.515886821741)(1000000    -715.434541883276)(2000001    245.492115079119)(2000012    4007.96089649379)(2000111    -48.8055998262111)(2000211    -300.710609216428)
11 13      - (2000211    841.314575707846)(2000001    1377.47867446681)(2000101    1340.93864461591)(1000000    2561.92553090802)(2000201    840.453797808799)(2000002    1244.36628674424)(2000111    -44.7025549764468)
5 16      - (2000101    -523.499417439789)(2000201    -500)
21 0      - (2000211    -749.174442378578)(1000000    -299.158410811787)(2000201    -752.006675625846)(2000101    -917.010605210941)(2000012    4216.74077435657)(2000002    1862.21716171308)(2000111    292.203887164965)(2000001    507.735170527792)
16 2      - (1000000    -1085.34604510804)(2000201    -750)(2000111    -675.64547759025)
20 7      - (2000002    -323.939692582382)(2000201    -1027.05629443962)(2000001    -269.2050451435)(1000000    -536.81432647996)(2000012    91.5772280429785)(2000101    -357.409604921675)(2000211    -272.56416948951)
19 6      - (1000000    -791.428462940473)
28 4      - (1000000    -857.182995796544)
1 18      - (2000111    2072.85789887813)(1000000    -300.987074678718)(2000012    4195.31684572733)(2000201    -1164.84876792317)(2000001    991.016799990774)(2000211    -715.725630237084)(2000101    -363.932511709694)(2000002    1861.36122827024)
8 9      - (2000001    549.271534550993)(1000000    1240.39817424718)(2000002    590.130931092047)(2000101    1121.73243429537)(2000201    1144.67499463382)
15 10      - (2000211    1755.55606985059)(1000000    2474.95928542937)(2000201    1252.76360966359)(2000001    4226.53211879931)(2000101    1781.83128353281)(2000002    2131.38720930908)(2000111    557.332115052703)(2000012    1063.62384538918)
0 25      - (1000000    -1034.24167569261)(2000002    -470.875506143516)(2000111    -1213.4804973265)(2000012    1534.84101334876)(2000211    -1009.09490515926)(2000001    397.955785501973)(2000201    -500)(2000101    -535.168186334784)
2 20      - (1000000    -1056.78747421654)(2000001    -1125.17997684485)(2000201    -981.320067744005)(2000101    -924.957237739499)(2000111    439.30755943397)(2000012    4250.56738329899)
11 15      - (2000111    -943.375479626955)(2000002    1696.43823374155)(2000201    -931.071412364505)(2000211    531.011856896684)(1000000    4094.04361253769)(2000101    1991.74440854859)(2000001    802.425332639988)
5 28      - (2000101    -875)(2000001    1647.71363287559)
3 28      - (2000201    -992.986205619945)(1000000    -890.342123427221)(2000211    -462.608991501426)(2000002    3473.77376812965)
0 29      - (2000111    -270.753627646846)(2000201    -181.72746082848)(2000001    1058.99252089474)(2000101    -564.264934714119)(1000000    -857.71215230411)(2000211    -1030.32029344475)(2000012    4145.9604392944)(2000002    1496.00371016063)
18 0      - (2000111    -1187.07511397367)(2000002    -622.794903781326)(2000211    -750)(2000012    -128.230308182721)(2000001    -739.39886523846)
28 2      - (1000000    -588.864097494512)(2000101    -520.775689161962)(2000001    -85.9031026537694)(2000002    3680.04291407306)(2000211    -811.319288433849)(2000201    -703.443659481722)(2000012    493.390449258191)
22 2      - (2000101    -1339.87405657866)(2000002    800.285207343282)(2000201    -1312.5)
27 2      - (2000001    -288.904034045992)(2000002    2110.83365381323)(1000000    -717.812175152041)(2000211    -1392.55365628448)(2000012    400.924344350488)(2000201    -595.333694654061)
15 5      - (1000000    -500)
20 2      - (2000201    -1140.69261812851)(2000012    4098.53877381788)(2000101    -1019.08416438331)(2000111    49.9606737034663)(2000211    -753.723234799925)(1000000    -656.640201572565)(2000002    365.801385786763)(2000001    570.744975628247)
11 14      - (2000002    2457.25838058059)(2000211    1338.89492312458)(1000000    1951.05211341521)(2000201    1944.21800600014)(2000001    2166.09245915021)(2000101    4237.79762497971)(2000111    2122.19926657749)
16 1      - (1000000    -1022.46246844491)(2000101    -549.578674428224)(2000211    -500)(2000111    -763.76167019172)
23 3      - (2000012    3847.50930726174)(2000101    -1427.2059022471)(2000111    -917.996613889418)(2000121    -541.215479902509)(2000201    -654.826010009538)(2000002    1047.58362240521)
13 14      - (2000002    4167.42356606889)(2000201    3833.35538521897)(2000211    3768.70771622784)(1000000    4122.6468521705)(2000001    4216.51411000779)(2000101    3690.50424529596)(2000012    402.121997098225)(2000111    2923.39145253787)
12 6      - (1000000    2776.6166804494)(2000001    222.039546016919)(2000111    165.809507341771)(2000211    733.938674192882)
2 28      - (2000001    -169.802055306175)(2000101    -433.746783361792)(2000002    3990.91365797706)(1000000    -1529.63061610321)(2000201    -1414.28178195332)(2000211    -1718.20219937148)(2000111    118.123326949047)
12 7      - (2000012    1606.01914421748)(2000111    -1164.99788576998)(1000000    -786.34306945302)(2000201    -117.267334089542)(2000101    591.02871603959)(2000001    62.567423541141)(2000002    348.281802672785)
3 20      - (2000201    -1047.60985286958)(2000101    -1084.79996985686)
9 14      - (2000002    -879.549632674698)(1000000    1293.87077924695)(2000101    -608.208165098943)(2000001    2087.26023991339)(2000201    821.569495236427)
16 6      - (2000101    -734.423475850454)
18 1      - (2000111    -839.490325622557)(2000211    -1425.94933480947)(1000000    -1415.59551674443)(2000002    1595.3501475697)
14 13      - (2000211    3592.46691936709)(2000201    3582.66926046607)(2000002    3899.82304872784)(2000001    4190.01151849887)(2000012    87.0101138463473)(2000101    3660.37821054938)(1000000    4151.33346980033)(2000111    2827.58468642001)
23 1      - (2000101    -1301.81439709063)(2000201    65.955192994275)
1 23      - (2000111    -1009.3989822597)(2000012    782.365837326865)(2000101    -743.972110357913)(2000002    -510.64498838318)(2000211    -750)
13 16      - (2000001    3299.86936572298)(2000211    188.024846456942)(1000000    3147.02535535177)(2000002    3983.59989325381)(2000201    4149.48097330716)(2000101    3065.59470440993)
2 6      - (1000000    4771.35043922547)(2000001    -344.904801906729)(2000201    2405.40847199996)(2000101    1027.1578480824)(2000002    2185.03678106247)
19 1      - (2000211    -1335.20469913618)(2000101    -1015.68162958972)(2000002    2305.58990269353)(2000201    -935.67544407519)(1000000    -614.347417196611)(2000001    759.995777818755)
15 12      - (2000111    -650.53320330282)(2000002    1279.09012085918)(1000000    -269.381084103761)(2000211    217.206939938011)
14 12      - (2000211    -688.25980473002)(2000201    2502.34004779107)(2000111    340.036129063882)(2000002    666.870417394773)(2000101    1603.13398188405)(2000001    4240.32386933382)(1000000    2848.45065273853)
14 14      - (2000101    3783.85942969359)(2000002    4139.09437831708)(2000211    3494.12060441916)(2000012    511.011301078735)(1000000    4127.40135496538)(2000001    4188.28944649014)(2000111    2849.97227334036)(2000201    3744.73695473657)
5 25      - (2000221    -1179.81894033116)(2000012    3055.54802092706)(2000121    -341.233539893599)(2000201    -500)(1000000    53.0476605513618)(2000001    689.029381444844)(2000111    589.888309226589)
12 15      - (2000101    -744.642365109471)(2000201    -633.739246684781)(2000002    34.6207767938034)(1000000    235.276575087715)(2000001    1052.77538917645)
7 14      - (2000201    -828.601287514582)(1000000    307.937196019158)(2000111    -687.569942750175)(2000211    -711.929845465809)(2000012    3062.98346750138)(2000101    1118.91020075025)(2000001    583.916263599616)
14 11      - (1000000    1045.90386495074)(2000101    4080.57275297172)(2000201    737.589941649782)(2000111    2706.03839510957)(2000211    1085.57278306385)
20 1      - (2000101    -943.6952086136)(2000111    -765.226709773071)(2000002    -340.527162141297)(2000211    -1379.33851389794)(2000012    4251.08666308246)(2000001    636.178470037223)(2000201    -1088.66177588338)(1000000    203.879071893298)
3 18      - (1000000    -1021.10856042818)(2000201    -865.616926128431)
9 7      - (2000101    -10.8315321179166)(1000000    58.4177007601727)(2000001    -51.859081854358)
5 18      - (2000002    -500)
17 13      - (1000000    -645.745059829361)(2000211    758.633313231371)
10 3      - (2000201    -941.034896478617)(2000101    -661.675446903458)
4 24      - (2000001    -180.234674299776)(2000012    4087.22200475639)(2000101    -438.878800847538)(2000111    -551.984694818495)(2000121    -227.400683864617)(2000201    -409.563553780173)(2000211    429.080386084667)(1000000    520.563760877872)
7 13      - (2000211    551.715169541557)(2000201    622.974132066033)(2000111    2356.91214398399)(2000001    634.90348570907)(1000000    639.097542470241)
9 6      - (2000111    -685.416378655964)
12 5      - (2000012    18.7239309141493)
17 0      - (2000001    -698.86788009302)(2000101    -644.580757672391)(1000000    -793.118803496388)
8 13      - (2000101    1013.32648464276)(1000000    119.697693609075)(2000002    200.889309263272)(2000001    193.183861181189)
4 25      - (2000201    -175.458367952508)(2000211    707.296617490724)(2000111    346.864187493973)(1000000    1023.58485356721)(2000121    -768.998982237275)(2000012    2380.47913688656)(2000002    2163.75624946907)(2000101    707.39722158224)(2000001    4070.67467421716)
13 8      - (1000000    2259.85145963074)(2000201    -167.854027179164)(2000111    543.109097116815)(2000101    227.66672881464)(2000002    522.434099301086)
18 11      - (1000000    -297.863704779831)(2000201    -629.033858887973)
13 5      - (2000201    59.3409633218548)
9 16      - (2000201    2013.90511025783)(2000001    4131.06295601363)(2000211    1975.85549037076)(2000002    583.587145174548)(2000111    409.1160162999)(1000000    1392.63012666998)(2000101    1071.60176764544)(2000012    495.760640780332)
29 2      - (2000001    42.8823800562679)(2000012    4109.02995028246)(1000000    40.3197373006433)(2000211    -666.924621326589)(2000111    153.111638547829)(2000101    119.928865819587)
6 9      - (2000001    -861.010585758642)
13 11      - (1000000    1501.352134766)(2000111    766.385365949707)(2000002    923.484899633824)(2000001    2920.90616455556)(2000201    -44.6386959723371)(2000101    429.264266718733)(2000211    -222.432063654598)
13 7      - (2000111    -188.086542757363)(2000001    41.1008143792296)(2000101    482.696848583993)(2000012    3804.89470574452)(2000002    492.445984188133)
20 4      - (2000012    -85.4096562943892)
5 23      - (2000111    730.371342679815)(2000201    -112.016334027984)(2000211    -811.769077791984)(2000002    4116.47759596257)(2000001    383.57612166384)(1000000    277.004164010939)(2000101    89.6913410506521)
16 9      - (2000101    1784.85717613768)(2000001    4161.75335520027)(2000211    1046.83534711148)(2000201    2267.12957228484)(1000000    3225.31580452991)(2000002    2123.2986467782)(2000111    2409.16785111744)(2000012    1542.47326525476)
11 21      - (2000001    -926.546697818073)(2000101    264.892052658637)(2000002    1061.36617301678)
4 19      - (2000201    -500)(2000001    -209.91193391782)
22 11      - (2000001    -853.851794618942)(1000000    -1150.20949417241)(2000101    450.118647927772)
14 8      - (2000001    431.462695283178)(2000201    379.126678021636)(1000000    -850.823458261131)
6 3      - (2000201    1888.34682764262)(1000000    1173.2369690415)(2000101    1571.56860329944)(2000001    433.663787915614)(2000002    3697.774358338)
5 19      - (2000111    -443.171361302213)(2000211    -711.888948943882)
6 20      - (2000101    -1180.0873611455)(2000111    -999.157684044962)(1000000    -979.249555629056)
11 22      - (1000000    -502.898860033242)(2000201    62.9541725705702)(2000101    1116.00754692142)
16 11      - (1000000    80.1124988712456)(2000211    1583.44642752805)(2000111    3945.71886494784)(2000001    1704.29626708531)(2000101    1599.32773529578)(2000002    3077.25173595429)(2000201    818.452895560716)
5 21      - (2000101    -831.747397634047)(2000002    -942.231524147859)(2000211    -1701.28069859478)(2000201    -635.565872164174)(2000012    3984.56429804846)
26 5      - (2000211    -1310.74543820544)(2000221    -1050.48293301907)
26 8      - (2000111    -777.18935107075)(2000012    4172.14900429641)(2000002    -899.684974605568)(2000221    -603.966293068404)(1000000    -733.562589837244)(2000121    717.734937769699)(2000101    -446.813042422119)(2000201    -200.907157941266)(2000211    -253.966293068404)
25 4      - (2000101    27.0465025013522)(2000002    4331.13000990954)(2000201    -884.710210965509)(2000211    -618.32897454068)(2000121    -823.394201094814)(2000001    1564.48159631559)(2000012    507.589178163198)(2000111    296.308415066973)
16 3      - (2000211    -901.307773707)(2000012    -94.8990180500816)(2000002    542.595743884774)
8 24      - (2000201    -538.176678147099)
22 14      - (1000000    520.605848615718)
27 4      - (2000111    -1246.67424299931)(2000001    -127.807651318634)
21 5      - (2000201    -812.56783)(1000000    -337.939689192484)(2000012    2345.76065827022)(2000211    -1651.44879905722)(2000001    -844.589806755174)(2000101    -595.333694654061)
23 4      - (2000101    -1291.25554559228)(2000111    -871.294487431969)(2000012    2783.96090197486)(2000002    452.098847816815)(1000000    -500)
23 14      - (1000000    -557.164414893848)
19 2      - (2000121    -934.668579316995)(2000211    -755.553251316074)(2000001    158.84629917277)(2000101    -978.157699049053)(2000111    577.477812483886)(1000000    -500)(2000002    191.704541014779)(2000201    -837.822738795125)(2000012    4075.16043810663)
17 4      - (2000201    -1126.92073205247)(2000002    -23.2963204697768)
20 5      - (2000002    2917.59430180527)
21 4      - (2000002    -548.103279694963)(2000001    -746.273760839839)(2000111    740.381385254237)(1000000    -557.65257869264)(2000211    -510)
22 6      - (2000101    -1377.82551062574)(2000211    -0.3128)(2000012    811.466265166261)(2000111    -290.281501077035)(2000001    435.649346949189)(2000002    3279.62958843271)(1000000    -280.813564618166)
25 7      - (2000001    -886.554678427347)(2000121    -954.016016704966)(2000012    618.565364284759)(1000000    -514.739022384189)
12 25      - (1000000    -953.792959681976)(2000101    -526.827803971278)
12 16      - (2000111    -177.393628140426)(2000101    733.364422326571)(2000002    1239.03952152797)(1000000    200.647391861706)
3 25      - (2000001    1949.92378259415)(2000012    4050.54715897626)(1000000    864.336650186377)(2000201    -794.72718764623)(2000111    -183.731002728178)(2000221    -926.925897309471)(2000002    2517.40744789308)(2000211    416.417383427017)(2000101    596.248829534313)
24 3      - (2000002    -1142.91090846983)(2000111    -662.996225097993)(2000001    2025.89005136497)(1000000    -453.835435533946)(2000121    -1098.89911960987)(2000211    -443.515037208628)
4 17      - (2000002    -33.7448539212821)
4 27      - (2000201    -354.51126857306)(2000012    1794.20739047232)(2000211    92.6062042596596)(2000002    391.643211550386)(2000101    -33.3962950536217)
26 9      - (2000121    -927.328915354641)(1000000    -736.012792982978)(2000012    4069.74786773388)(2000002    689.979833165777)(2000111    -179.212710871124)(2000201    -950.359518008745)(2000101    247.461905513052)(2000001    -1230.41557718301)(2000211    -842.934428151526)(2000221    -636.223234799925)
14 23      - (1000000    -38.6730200694691)
20 6      - (2000101    -1013.08052506333)(2000001    -989.193718242771)(1000000    -500)(2000211    -494.603888681327)
20 3      - (1000000    -500)(2000002    -523.998984294986)
21 16      - (1000000    -261.472596223145)
8 14      - (2000111    -859.35399608889)(2000101    -833.964706493619)(2000001    134.21960343912)(1000000    2469.7947790877)(2000211    672.93544801552)
21 15      - (1000000    2806.85563236409)
28 0      - (2000211    -1151.19557358964)(2000012    1150.43899134661)(2000001    -13.5255184264445)(2000002    3731.75911282275)(2000101    -463.365168180607)(1000000    -473.560141180301)(2000111    317.560873489529)
26 14      - (1000000    -551.20740529683)(2000111    1847.75255241927)
28 1      - (1000000    -1295.33337436)(2000201    -1475.22618447493)(2000111    -1096.68134764449)(2000002    2816.37787647239)(2000001    -107.666889924971)(2000211    -1439.10415728977)(2000101    -874.334584403801)(2000012    761.816486715706)
4 7      - (2000201    604.231190808538)(2000002    722.486937013403)(1000000    1823.04820701053)
22 16      - (1000000    436.867859100001)
13 19      - (1000000    -48.426046179118)
13 27      - (2000002    -903.732926821519)(2000111    -477.161472111712)
21 8      - (2000111    -38.2186163296195)
26 16      - (2000101    -800.080099064786)(2000201    1364.57783875289)(2000002    205.284088088455)
14 24      - (1000000    1033.88100004333)
18 2      - (2000101    -804.218775587234)(1000000    -877.5)
28 11      - (2000211    -534.244950450873)
6 5      - (2000101    1181.47487991244)(1000000    437.191686883277)(2000201    -488.155775073316)(2000001    360.01035992864)
22 4      - (2000221    -500)(2000121    -824.597000846311)(1000000    -189.416502003393)(2000012    3141.82266555308)(2000101    -730.882549033218)(2000111    -564.35744238461)(2000002    -826.13307120225)
11 23      - (2000101    -880.51001172552)
9 15      - (2000211    277.25604109808)(1000000    2993.1920734385)(2000101    156.362652674308)(2000111    301.208569096416)
7 25      - (2000101    -1084.27662019455)
16 13      - (2000012    77.3868985448942)(2000111    -183.60309470488)(2000201    663.709410022537)(2000002    582.104452558231)(1000000    494.355824719567)(2000101    746.162097803661)(2000211    970.070337197143)(2000001    892.980126824454)
16 12      - (2000002    1362.34778743187)(2000201    190.830310190074)(1000000    -349.235918025967)(2000211    174.087355916901)(2000001    750.425649868886)(2000111    1056.03374286256)
1 29      - (2000201    72.0522882948732)(1000000    -220.317136341208)(2000211    -774.874246032952)(2000001    1693.84806748185)(2000002    4130.95372064619)(2000012    2731.26762471551)(2000111    389.215288723634)(2000101    -378.738924350483)
13 4      - (2000211    -795.867183376361)(2000002    2977.06764020427)(2000001    -532.615728353887)
14 16      - (1000000    3406.15761390514)(2000002    3653.62732397288)(2000211    612.11889963988)(2000101    4233.86168606778)(2000001    3266.08245301339)(2000111    263.916519943353)(2000012    499.782848982759)(2000201    3534.67160655428)
14 15      - (2000101    467.464269376409)(2000002    4224.02462845521)(2000111    1893.05740670475)(2000211    1250.71917423329)(2000001    1481.09435266794)(1000000    2852.08186879627)(2000201    2040.12173740547)
25 3      - (2000211    -765.407357448913)(2000111    440.364511229721)(2000001    4109.39435780669)(1000000    802.183093192348)(2000002    1248.82274783796)(2000201    -451.088088401364)(2000101    539.95273648819)(2000012    787.986052260133)
12 24      - (1000000    -258.141067067249)(2000001    -14.8929391996978)
16 15      - (2000001    2348.52071426664)(2000201    352.565565127542)(2000012    721.104425279708)(1000000    1035.52820929393)(2000101    628.403017916264)(2000211    -27.9847597980788)
22 3      - (2000012    2363.32467058497)(2000121    -824.597000846311)(2000111    -831.803750864784)(2000001    -963.668181467799)(1000000    -401.107287084437)
16 19      - (1000000    -223.409299962555)
7 21      - (2000002    689.648154700146)(2000012    4066.90791549104)(2000201    269.967430467036)(1000000    133.81958166384)(2000111    788.339632123057)
2 29      - (2000001    862.269396411493)(2000101    225.829829899923)(1000000    -302.410950375737)(2000012    1249.95256573248)(2000002    4136.71022695488)(2000211    -607.393941479732)(2000201    323.327097776244)(2000111    -488.89547722727)
12 8      - (2000101    -22.64738427152)(1000000    1083.54725841228)(2000201    -672.819220034863)
21 7      - (2000211    -506.07283534955)(2000001    2397.08674521529)
14 22      - (1000000    -181.00813243288)
7 22      - (2000111    1408.74708908043)(2000012    4116.73256241084)(2000201    313.997357652503)(2000101    1298.08326338947)(1000000    1254.13358051809)(2000001    2073.36650704526)(2000211    -106.234981047208)(2000002    3603.39431649376)
19 4      - (1000000    -523.998984294986)
24 5      - (2000211    -778.419562745989)(2000001    -787.575723060483)(2000111    -842.54732088844)(2000101    -972.841874600304)(1000000    -542.88929689676)
21 3      - (2000001    -393.078153055493)
19 9      - (2000201    -46.84462942176)(2000111    -917.996613889418)
22 5      - (2000101    -986.927490558385)(2000002    3678.76917334071)(2000111    239.186559002012)
25 8      - (2000012    244.96800415057)(2000211    -507.446469599849)(2000121    309.524952834158)
8 15      - (2000201    650.457264008211)(2000002    1804.432768942)(2000211    -744.768625551857)(2000001    320.394050329338)(1000000    522.210270533558)
8 22      - (2000101    -1064.42496273672)(2000211    -0.171912)(2000002    1809.15507417398)(2000111    237.688833407374)
15 18      - (1000000    444.335051245662)
8 25      - (2000101    -513.1614923242)
10 15      - (2000201    709.607754225335)(2000211    970.602770282242)(2000002    728.223126860406)(2000001    3956.39537954621)(1000000    1129.19651034301)(2000101    1244.5872251064)(2000111    1401.64374712571)(2000012    722.415745650065)
27 15      - (2000101    70.1290693091073)(2000002    2173.00043207762)(2000001    511.261273403752)
13 15      - (1000000    1438.25067588896)(2000111    2613.14481133349)(2000101    2076.25518340565)(2000002    238.842327737864)(2000001    4286.92284713759)(2000201    2654.92902652887)(2000211    333.029067792831)
20 8      - (2000201    -789.974736557522)
8 20      - (2000012    188.62484608757)
14 7      - (2000101    -680.728107914377)(2000002    983.989919633567)(2000211    -628.207819320408)(2000001    237.814261296431)(1000000    70.9381485760897)
19 7      - (2000012    5.66665142280535)
15 13      - (2000002    3414.34030066204)(2000012    624.852170339887)(2000211    -398.095013339868)(2000001    4091.7776071442)(2000101    4090.16513039633)(2000201    3992.19583539257)(1000000    4294.4174023923)(2000111    190.734855798221)
18 16      - (2000111    -609.227245298173)(2000002    743.143730908924)
17 1      - (2000201    -937.5)(2000101    -1096.32382354983)
11 4      - (2000012    3131.55685280345)(2000101    175.67455666305)(2000201    280.603265086154)(2000002    856.611234495242)
9 25      - (2000111    -846.536163576914)(1000000    -673.22627543426)(2000002    -661.689964650887)(2000201    -500)
7 20      - (2000111    -987.625524173067)
6 22      - (2000001    175.721360612664)(2000201    106.449123059201)(2000002    4124.95262723894)(1000000    -436.209660042339)(2000101    154.345090551333)(2000211    -753.397043806907)(2000111    -314.936796791791)(2000012    2469.00669908744)
6 21      - (2000012    3398.48385822372)(2000001    656.503663167313)
6 19      - (2000201    -1365.9566040454)
21 6      - (2000111    -974.188094494919)(2000101    177.246837325347)
25 9      - (2000211    -1215.4394534929)(2000111    -246.591822133791)(2000201    -1029.44929872399)(2000012    3989.16277587593)(1000000    -350.137628584493)(2000001    -659.546808150998)(2000002    -470.851401328022)(2000101    -822.172330780003)(2000121    1372.07368182201)(2000221    -612.486418289873)
4 26      - (2000211    725.921157110776)(2000012    3408.28683557861)(2000221    -500)(2000002    3521.59340303508)(2000201    -802.651724814923)(1000000    135.70556118374)(2000121    -323.745149058561)(2000101    1586.83477743084)(2000001    4096.21757102054)(2000111    438.424255313751)
16 27      - (2000001    -318.685302455751)
27 10      - (2000002    -305.203973649216)(2000111    -1214.19645152685)
14 17      - (2000201    994.911595496365)(2000002    74.7586662503581)
8 21      - (2000001    -325.76660165141)
18 6      - (2000211    -0.52938)
16 26      - (1000000    -52.1100379314665)
18 7      - (2000012    -61.1584102357889)(2000211    -366.50614143092)
0 7      - (2000201    986.395555229134)(1000000    4796.87912921128)(2000002    -47.7659451879192)(2000001    1284.15413867392)(2000101    1308.34448460975)
22 7      - (2000001    443.866040979132)(2000002    4096.57750384042)(2000201    -279.396018916052)(2000211    -514.905776658237)(2000101    -411.243230584106)(1000000    50.549048031185)
16 14      - (1000000    665.612713756566)(2000012    234.417116106504)(2000101    706.002519534586)(2000001    2349.3614323054)(2000211    326.121483838784)(2000111    -274.613387132732)(2000201    412.120345376069)(2000002    1362.93257981081)
7 0      - (2000101    1168.43961578924)(2000201    216.962899091974)(2000001    1472.22415855369)(1000000    4603.47894921666)
19 8      - (2000012    355.336958780266)
15 15      - (2000111    735.269462607329)(2000012    121.262850664849)(2000201    1449.49799540559)(2000101    1274.51558095829)(2000001    1371.74585950023)(2000211    -243.075712003562)(2000002    3856.00468383961)
25 5      - (2000002    -102.182237164677)(2000012    1579.33579843787)(2000211    -452.17926341076)(1000000    -258.937338039164)(2000001    174.285330674522)(2000101    -793.339306343956)(2000121    -551.551548476937)(2000201    -596.560793108668)(2000111    -574.444170967371)
7 15      - (2000211    -609.173355753777)(1000000    -256.325357686058)(2000201    -15.8106350340187)
19 5      - (2000101    -1108.98450008144)(1000000    -772.606740711963)
23 6      - (2000001    716.086697762624)
10 25      - (2000101    -1645.4496628556)(2000111    -957.908504882555)
16 8      - (2000101    4180.42403938678)(2000001    1273.56680212751)(2000201    1662.18994388846)(2000111    667.268155880701)(1000000    778.370948220478)(2000002    825.778763034329)(2000211    851.165830961555)
22 8      - (2000002    2664.1981400847)(2000101    -675.64547759025)
26 3      - (2000201    -644.442290774328)(1000000    -258.021764733235)(2000002    2254.94110586746)(2000101    325.122330391867)(2000001    4128.6824101208)(2000012    2543.81131471296)(2000211    326.030954114117)(2000111    770.273183290271)
14 28      - (2000211    274.140458073324)
17 10      - (2000101    3042.50012046567)(1000000    290.631908903998)(2000012    790.237212306775)(2000211    747.534631491368)
8 26      - (2000211    -750)(2000001    -333.31757048689)
9 26      - (2000111    -1058.17020447114)(2000201    -999.991033532448)(2000101    -1196.18885364368)(2000211    -1428.18281907462)
17 19      - (2000201    -595.466252562857)(2000001    -599.262741843247)
26 10      - (2000211    -1421.25236027588)(2000201    -1082.90396342586)(2000002    -563.817675524177)(1000000    -593.452008557425)(2000001    -799.866725854053)(2000101    -500)(2000012    812.446433525007)(2000111    -459.867393484883)
2 7      - (1000000    4052.67309855241)(2000101    4506.84809959394)(2000201    124.701421249714)(2000001    1060.74197594158)(2000002    827.419163672071)
21 14      - (1000000    2430.02945948735)
10 17      - (2000002    4253.31842152033)(2000201    429.905278708003)(2000001    1318.05784586062)(1000000    786.990752525578)(2000211    1681.81050315657)
6 6      - (2000201    -1346.11808400138)(2000001    -388.713342265152)(2000002    -626.335583615037)(1000000    492.014639975744)
17 14      - (2000002    987.780898516383)(2000211    -141.510647992135)(2000101    2792.47551104056)
7 2      - (1000000    4458.08227625551)(2000002    1971.89635143129)(2000101    2378.31657982286)(2000001    1370.5834461346)(2000201    1228.65843221975)
13 6      - (2000002    21.8559795597527)(2000211    105.052619137722)(2000012    4077.21752010485)(2000201    345.660310178583)(2000111    814.289104102849)
15 16      - (2000211    489.868972653105)(2000201    2822.0587220954)(1000000    4265.34832035312)(2000101    2135.76475416466)(2000001    3401.8568393924)(2000002    1782.23040102848)
7 12      - (2000101    476.122177162759)(1000000    457.832939887776)(2000001    3105.94827655424)(2000201    410.846478185108)(2000111    446.40251103705)(2000211    881.644356123095)
18 25      - (1000000    -641.741875957417)
28 10      - (2000012    601.822454941155)(2000211    -1353.52200628127)(2000002    -326.625400609807)(2000001    -1086.74022731608)(2000111    -1226.88752008991)(1000000    -540.235935296208)(2000201    -775.603702648415)
17 20      - (1000000    150.579453251969)
3 7      - (2000101    1086.68704742542)(1000000    3729.48947192682)(2000201    62.4612528600629)
14 19      - (1000000    534.24241955998)
25 10      - (2000012    23.6884498533671)
24 9      - (2000101    -1100.73540194979)(2000001    175.949486464904)(2000121    2993.98212266451)(2000211    -572.414389945081)(1000000    -300)(2000012    1502.34759401504)(2000111    495.114482549005)
18 12      - (2000211    -657.746909537954)
28 9      - (2000002    -625.169575)(2000012    318.760845203221)(2000001    -772.586271007624)(2000201    -500)(1000000    -500)
17 11      - (2000201    -42.9466170893085)(2000001    2851.71321658509)(2000012    700.531784044763)(2000111    817.117394944668)
14 6      - (2000201    -402.271218609538)
11 17      - (2000002    1661.94090491388)(2000111    1965.40946627546)(2000101    3792.4244937564)(2000211    1734.01060055081)(2000001    2004.18402403427)(1000000    595.670268903328)(2000012    470.08175941455)(2000201    995.086429382964)
24 21      - (1000000    -269.420421931018)(2000001    -257.359238622193)
16 16      - (2000201    -386.92173099435)(2000002    1098.98242756416)
15 6      - (2000002    962.925817970487)
16 10      - (1000000    2457.32072828387)(2000111    1292.57133122466)(2000001    2969.94162105695)(2000201    1217.70023488108)(2000012    3694.32260814371)(2000101    3774.42526180244)(2000211    2175.84728690046)(2000002    2284.69822492958)
7 3      - (2000201    299.357725376162)(1000000    4641.46863281693)(2000001    80.0843509040114)(2000002    1272.62535972102)(2000101    2909.83454886508)
29 6      - (2000012    288.996633233349)
26 7      - (2000002    -1010.41107236857)(2000121    2231.56631146093)
16 17      - (2000001    442.205184236404)(2000201    611.356615735751)
16 7      - (2000002    3149.49693459429)(2000211    671.766005943519)(2000101    664.995611482041)
14 21      - (1000000    1729.27900534831)
26 4      - (2000221    -1213.81105071645)(2000211    315.474906202738)(2000111    150.062678053932)(1000000    815.765405771822)(2000001    4152.15609590958)(2000101    23.316303948594)(2000002    1151.51585661345)(2000201    -305.01631862643)(2000012    809.172970439093)
12 19      - (2000111    -290.807926851716)
25 21      - (2000101    25.9854793055517)
15 8      - (2000111    -225.992402882237)(2000101    435.527248411521)
21 28      - (2000101    -51.4885581493879)
23 27      - (1000000    -310.578720125333)
17 3      - (2000012    -0.5)
15 11      - (2000002    2510.67735527203)(2000101    555.201615329969)(2000201    330.492985340429)(1000000    477.092721751931)
25 24      - (1000000    125.971652859887)(2000211    252.340287324118)
21 22      - (2000111    831.204120512601)
20 21      - (2000111    -696.937509937466)
24 24      - (1000000    3562.24434186404)(2000101    4113.98255748951)(2000211    3200.86235538024)(2000001    3235.05353843893)(2000111    3167.00167056264)(2000002    4139.54064223212)(2000201    3236.94472205056)(2000012    2416.15538458513)
27 7      - (2000211    -1339.91379692415)(2000101    -529.164473474841)(2000111    -77.1392345936663)(2000012    4141.4051599549)(2000121    919.82240220321)(2000201    167.938729773719)(1000000    -388.607854002391)(2000002    472.760298825786)(2000001    -179.409794035973)
22 22      - (2000211    -164.511309807959)
27 24      - (1000000    -189.538286166645)
26 26      - (2000101    -184.432444905199)
22 21      - (2000101    232.7182572207)
15 17      - (2000101    621.037658257895)(2000211    868.8097433473)(2000012    536.647274078236)
5 22      - (2000111    323.507204432555)(1000000    -341.479960482651)(2000201    -220.405694415514)(2000002    102.018359907399)(2000001    1846.92264703467)(2000012    4244.48535209497)
26 24      - (2000002    1785.17880617535)(2000111    557.440761298055)(1000000    -31.4076550039999)
13 23      - (1000000    396.221777168851)
27 9      - (2000211    -919.442798644799)
23 21      - (2000201    -408.015824358364)
25 6      - (2000211    -1586.1007909494)(2000221    -1001.44918523024)
7 4      - (2000201    404.933214763482)(2000101    636.381333860568)(2000001    26.4801245320281)(2000002    909.533367247566)(1000000    2912.60332169162)
17 2      - (2000001    -563.059871170116)
5 29      - (2000211    -1004.91069471272)(1000000    13.6271191358189)
6 7      - (2000201    -21.8961491934779)(1000000    1109.72336775724)
27 3      - (2000012    266.136769700581)(1000000    -388.373041366085)(2000002    827.360938168522)
7 16      - (2000002    880.907576458826)(1000000    454.797445023553)
19 22      - (2000211    -402.733463817945)
5 26      - (2000121    -792.29798080644)(2000001    2666.77069835048)(1000000    18.167410162599)(2000211    248.144143987928)
7 5      - (1000000    1766.48758221977)(2000101    138.24854899275)
10 26      - (2000111    -546.249812204122)(1000000    -883.747367529865)
13 17      - (2000002    2029.3997673073)(2000001    595.995287911324)
8 16      - (2000002    3281.85998537187)(2000201    154.312266570937)
13 20      - (1000000    73.0152683909086)
6 25      - (2000002    602.784163331261)(2000101    -959.645718175096)(2000121    -499.437515642845)(2000211    -500)
5 20      - (2000001    -1035.7207710185)(2000201    -968.75)
4 28      - (2000002    2237.82531325963)(2000201    -104.921511998955)
25 25      - (2000211    -56.2644317025452)(2000012    660.498925306602)(2000101    -323.651053180632)
25 23      - (2000211    349.052919894821)
24 26      - (1000000    545.303465079206)(2000211    296.185121377196)
6 15      - (2000001    245.044862770974)
6 26      - (2000002    -916.998563503108)(2000101    -782.429985236461)(2000121    667.33198969129)(2000211    -752.976538925989)(2000001    -894.8749299)(2000201    -778.82628934632)
29 0      - (1000000    -1166.47302865894)(2000002    3503.63575595349)(2000012    578.412992306035)(2000101    -317.811589297596)(2000111    287.527429272788)(2000211    -561.319288433849)
9 29      - (2000002    -0.27132)
27 25      - (2000001    -257.359238622193)
21 11      - (1000000    697.157563134289)(2000201    216.941677287831)
6 24      - (2000221    -1391.83536747505)(2000001    -967.191950961744)(2000211    -750)(2000201    -626.600797604691)(2000012    4101.4318879122)(2000111    24.0233473706414)(2000101    634.762279414045)
24 6      - (2000111    -1011.00642334587)(2000121    -917.225302554719)(2000201    -938.578632755483)
28 24      - (2000002    611.964717267397)
29 1      - (2000101    -707.115366771111)(2000201    -302.96312283565)(2000012    923.694763055997)(2000111    -558.299782085831)(1000000    -646.921724584758)(2000002    3510.56604119735)
25 26      - (2000211    -68.0601921488314)(1000000    -243.335729387258)
14 3      - (1000000    2636.27222800136)(2000101    -192.80629866734)
26 6      - (2000211    -1131.10580030044)(2000101    -1024.07322472266)
14 18      - (2000002    509.805807505738)
28 26      - (2000201    181.846528176111)
28 25      - (2000002    650.311697452319)
9 27      - (2000101    -592.2162224526)(2000111    309.524952834158)(2000002    443.801641520717)
17 16      - (2000211    356.29153344958)
13 3      - (2000211    -14.0933229058614)(2000002    44.9451641248459)(2000201    881.069964187837)(2000012    49.4243951291262)(1000000    96.9275299497983)
25 22      - (2000001    728.84629814062)(2000002    1642.77165592032)
29 9      - (2000101    -846.622656403821)
26 25      - (2000201    85.3353444375191)(2000101    271.856475098976)
24 25      - (2000002    -197.206432803237)(2000201    -315.477715033231)(2000211    205.8128953425)(2000101    385.696034450707)(1000000    35.3145626717262)
29 11      - (2000002    -59.0511391689036)
21 20      - (2000002    -432.788820789699)
26 27      - (2000012    803.253389718936)
6 16      - (2000111    -37.787889135067)
20 28      - (2000201    4.53386104118974)
27 6      - (2000012    996.333060683951)(2000211    -507.446469599849)(2000002    -75.512719307884)(2000201    -500)
7 6      - (1000000    1854.70890741667)
25 29      - (2000101    -102.069528636431)
20 15      - (1000000    2539.62170088323)
17 25      - (2000001    -126.153792934196)
28 20      - (2000201    311.984372546655)(2000012    1160.98569105452)
6 13      - (2000101    -289.131882387555)
15 25      - (2000002    12.6326404056491)
19 27      - (1000000    430.980971202923)
14 25      - (2000001    -140.84039001031)
17 27      - (2000002    129.99726306739)
26 29      - (2000012    395.26333733354)
3 29      - (2000101    571.332570876708)(2000201    -444.652113792068)(2000012    4184.99269036614)(2000111    605.195068695685)
21 26      - (2000002    209.412117061361)
22 15      - (1000000    1565.80325515538)
29 21      - (2000101    35.9271515740078)
23 12      - (2000002    153.445689771987)
29 3      - (1000000    -237.481089913773)(2000012    3868.3365098629)(2000002    603.822724861955)(2000111    53.333370999553)
19 29      - (2000111    528.297706931672)
27 5      - (2000101    -305.391804446806)
28 21      - (2000201    -16.721062088099)
6 27      - (1000000    -790.976875863038)(2000101    -633.321157974274)
5 27      - (2000211    -812.5)
26 21      - (2000211    764.83008497057)
13 26      - (2000111    200.438940629573)
28 23      - (2000201    140.762834249806)
22 29      - (2000002    49.4243951291262)
27 22      - (2000002    146.319826910894)
28 6      - (2000221    -507.446469599849)
24 23      - (2000111    198.367706845211)
23 19      - (2000211    186.134008519319)
13 24      - (2000201    186.134008519319)(2000002    841.259402237724)
23 24      - (2000201    212.318939836647)(2000211    416.307729982859)
6 8      - (1000000    1921.38851581133)
23 8      - (2000002    114.960719075839)(2000211    -878.723234799925)(2000101    -256.159840879099)(2000001    1181.29623520516)(2000111    -67.6783036573849)(2000201    504.01385554111)
24 8      - (2000111    -370.51478579596)
15 23      - (1000000    -228.894540600924)
12 17      - (1000000    546.208222393122)(2000201    639.583403776397)(2000002    2873.78670141111)
23 23      - (2000001    724.843910365724)(2000002    434.838630329756)(2000111    292.680045727396)(2000201    429.104016969634)(1000000    1088.47209126892)
29 26      - (2000002    -153.632877608643)
28 7      - (1000000    -866.991546369955)(2000101    -492.020063932644)(2000012    3966.98089011757)(2000121    206.98398847578)
14 26      - (2000101    261.582697406667)
29 25      - (2000211    -106.57531057564)(2000111    700.184326558196)
5 8      - (1000000    1396.44927193317)
23 29      - (2000101    118.726834542768)
7 26      - (2000101    -725.802793712462)(2000001    -557.65257869264)(2000121    155.497068307196)
27 21      - (2000201    1511.19406493577)(2000101    848.402283482233)
23 5      - (1000000    -117.785273995397)
24 13      - (2000002    546.668602077014)
14 4      - (2000111    666.186390582275)(2000012    3874.7585742697)(2000201    1850.71477158669)(2000211    363.634716981509)
20 14      - (1000000    1170.6825024475)
24 7      - (2000101    -507.992626884811)
27 8      - (2000002    112.506051855263)(2000012    3939.55626994566)(2000111    -399.929236518274)(2000101    -818.027312908695)(2000211    -300)(2000201    -607.012617418987)(2000221    -606.25)(2000001    -250.833008812104)(2000121    615.809521495875)(1000000    -247.66441640664)
4 8      - (2000201    703.53478118344)(2000101    4039.69489795442)(1000000    1250.35291936651)
29 4      - (2000201    -378.258342166174)(2000101    617.344528394408)
24 22      - (2000111    100.801334887114)
8 27      - (2000211    -1021.96559834153)(2000111    -72.6074005368529)
6 23      - (2000101    509.683297756578)(2000012    4145.83308057042)(2000111    602.50640498022)(1000000    258.818172299685)(2000201    489.552117287062)(2000211    -444.057478222657)(2000002    1962.55763413046)(2000001    936.075773102424)
12 18      - (2000002    657.689462601687)(2000101    328.68771279304)
13 25      - (2000002    400.742029248794)
21 21      - (2000101    255.807942543937)
7 23      - (2000211    -775.82366090284)(1000000    -61.6612946495239)(2000001    1210.59874565166)(2000111    1281.74380990232)(2000201    190.216132587179)(2000101    -204.660917533733)(2000012    4133.88924719565)(2000002    1082.32558344868)
15 3      - (2000211    103.652716503927)(2000111    2896.57397428309)(2000002    186.493263206627)(2000201    512.49591132473)
28 15      - (2000002    895.092335207695)
7 28      - (2000001    1071.34834944011)(1000000    -322.666756712548)(2000121    451.055980656353)
8 28      - (2000001    -418.779852062602)(2000012    521.980254238118)
18 15      - (2000002    766.552331795374)
26 13      - (2000001    625.126403535253)
23 7      - (1000000    -502.764639897316)(2000101    493.448808209778)
15 9      - (2000002    2865.04869666941)
19 15      - (1000000    1365.4705623131)
9 24      - (2000101    -644.565941193778)
28 8      - (2000002    39.3627220189656)(2000012    4137.13276627446)(2000111    127.995056181472)
28 27      - (2000111    214.941065747199)(2000211    254.88979588942)
15 28      - (2000002    330.439501479804)
15 4      - (1000000    3198.9634281061)(2000101    235.641486980418)(2000111    230.508720823059)(2000012    353.674065559957)
29 16      - (2000101    272.158301270338)
27 16      - (2000201    1784.55773496511)
20 25      - (2000211    130.205278708003)
29 15      - (1000000    1722.21158187981)
9 4      - (2000201    741.419275698479)
17 9      - (2000211    1250.05122328064)
7 24      - (2000002    3759.63414533692)(2000201    3.53660596865476)(2000001    252.703711640545)
8 5      - (2000101    768.990031832858)
17 8      - (2000012    453.871184346961)(2000101    1414.88990378292)
8 23      - (2000002    3964.42696437152)(2000001    249.746006527595)(2000101    441.267535998146)
27 14      - (2000001    1581.46170041615)
7 27      - (2000002    37.6180266529129)(2000121    2555.51776724563)
28 14      - (2000111    592.874525908127)
28 22      - (2000111    226.734320552965)
18 23      - (1000000    540.018424839797)
14 27      - (2000211    221.209741427928)
15 22      - (1000000    466.21554477114)
23 11      - (2000201    184.984706234618)
9 17      - (1000000    1478.78077523689)(2000101    4030.79574388726)(2000001    527.38838481464)(2000012    613.829403383834)(2000002    636.226292967206)(2000211    620.420784494092)
18 22      - (1000000    632.729067792831)
5 14      - (2000012    619.529482143642)
19 28      - (2000101    303.787201498591)
16 22      - (1000000    447.706243254593)
22 19      - (2000002    499.869793267277)
20 29      - (2000101    554.684316862181)
17 15      - (2000002    939.896510271045)
7 29      - (2000012    1104.66257666138)
20 17      - (1000000    1014.38239865358)
8 17      - (2000101    124.805224476438)
9 3      - (1000000    50.8248602147571)

