138
0 0      - (2000101    3386.35349234259)(2000200    1644.97770687699)(1000000    3357.61812255042)(2000102    1735.74314671243)(2000201    1702.97570975374)(2000202    1659.65719644776)(2000001    1683.37083095327)(2000100    1674.32104057851)(2000002    1658.96337591195)(2000012    3500.36636618164)(2000211    -1140.74324550379)(2000111    -260.545331903881)
1 2      - (2000001    -1247.95725017827)(2000101    -995.172371529353)(2000002    -1060.27805309354)(2000202    -667.002376697433)(2000100    -1033.56476379778)(2000200    -916.153859945217)(1000000    -989.473958607408)(2000102    -890.08036908899)(2000201    -1378.94465665939)(2000012    33.6695942588306)(2000111    -1029.63376158177)
1 0      - (2000102    1600.14734451792)(2000101    2479.15858727817)(2000002    1839.44559649627)(2000100    1903.0888492094)(2000001    1544.21524733911)(1000000    2984.53373404816)(2000202    1443.10637249931)(2000201    1355.28899632142)(2000200    1835.02258850919)(2000012    -994.103985490861)(2000111    555.577118574787)
0 3      - (2000200    -1153.21642412087)(2000002    -1185.51617885894)(2000102    -1657.25700655837)(1000000    -877.871808176439)(2000201    -854.440646456247)(2000202    -1587.81129924288)(2000100    -1362.87053502159)(2000001    -1075.72040958468)(2000101    -622.059933130744)(2000012    -952.459119177461)
2 0      - (1000000    3346.01926376043)(2000200    1600.17738411554)(2000101    1560.14576962924)(2000001    2503.01874443539)(2000002    1369.64479337553)(2000201    1822.05238716569)(2000100    1485.98006397065)(2000102    1731.1700081375)(2000202    1575.81896290296)(2000012    -639.077875763483)(2000111    -480.111199976564)(2000211    -750.2466)
0 2      - (1000000    3249.49582326426)(2000102    -125.463304678806)(2000200    1443.42789814507)(2000201    1744.86533109082)(2000001    1878.87341045139)(2000100    3307.91845181857)(2000101    1357.29715095087)(2000002    1914.40559126441)(2000202    1554.60135660414)(2000012    -1809.52763439926)
2 3      - (1000000    -1529.71857457926)(2000102    -1166.48766226486)(2000200    -2229.63843823876)(2000201    -994.938872426119)(2000002    -960.377737969549)(2000202    -1031.62466093814)(2000001    -1562.7063764389)(2000100    -868.197161481073)(2000101    -975.154288574012)(2000211    -2016.70406076786)(2000012    -914.998596207293)
2 1      - (2000200    1747.04106261635)(2000101    -658.545328328314)(1000000    -1792.87852236113)(2000001    -2122.11165359831)(2000100    -1962.10403931081)(2000201    -748.008128036283)(2000102    -1607.7762283901)(2000002    -1769.99000772552)(2000202    -2263.428752029)(2000111    -1348.54228668647)(2000012    -2024.20219768975)
2 2      - (1000000    -1225.74736853374)(2000002    -1749.06208041041)(2000102    -1566.31788479906)(2000001    -628.088935028436)(2000200    -1456.8659458564)(2000201    -1148.3917701895)(2000100    -1435.43583704133)(2000202    -1673.00874575584)(2000101    1547.37207991263)(2000012    -961.495447975597)(2000211    -1719.44897685237)(2000111    -1012.63971501485)
3 1      - (2000100    -1296.36094220804)(2000200    -798.520625735874)(1000000    -1458.85882213274)(2000102    -1668.7953668128)(2000202    -1206.27965814573)(2000201    -1231.72312403899)(2000002    -801.11189268899)(2000101    -395.432757588578)(2000001    -1035.46328431583)(2000012    -2026.60700848559)
1 4      - (2000200    -872.217745680915)(2000102    -1676.80254453165)(2000001    -1330.12800484307)(2000101    -518.879596690374)(2000002    -836.146069320277)(1000000    -1433.08333706673)(2000100    -1190.01847710859)(2000201    -1378.59459023847)(2000211    -1275.56221102214)(2000202    -1640.24430487731)(2000012    -425.529580609469)
3 2      - (1000000    -2080.87259418253)(2000001    -1518.50548531756)(2000201    -1541.57041592673)(2000002    -1708.61612680105)(2000101    -436.04112603622)(2000200    -1693.34104161453)(2000102    -1602.5346702416)(2000100    -1332.79384684321)(2000202    -1294.39021908686)
3 0      - (2000201    -1171.32211826975)(2000100    -109.643818789297)(2000202    -1549.92561196875)(2000200    -1378.98080907865)(2000002    -1971.79778229418)(2000102    -1498.64583541557)(1000000    1653.94582150996)(2000101    -965.377264277799)(2000001    -1487.72868657881)(2000012    -1973.51964472514)
1 3      - (2000100    -792.3814786282)(2000202    -1126.11247888338)(2000102    -1745.42139758961)(2000200    -1340.52705335612)(2000101    -617.592727380657)(1000000    -1405.47257378815)(2000201    -2356.91752362231)(2000001    -1680.48944032091)(2000002    -842.420370495267)(2000012    -128.397203178792)
4 1      - (1000000    3031.69131679207)(2000201    1060.63214282746)(2000100    -1054.79733971269)(2000101    -900.740436495079)(2000200    1219.25250323682)(2000001    1333.10679634261)(2000002    483.932645486973)(2000102    -353.212003494777)(2000202    0.944283255733694)(2000111    -90.2782221339025)
1 1      - (1000000    3066.87477074779)(2000200    2477.99525199545)(2000201    1893.86596345608)(2000100    1400.73867982108)(2000001    1512.06844547366)(2000101    1524.30877062747)(2000202    1621.54551157293)(2000102    1616.07917444327)(2000002    1678.97276661268)(2000012    -1778.74284610519)(2000111    680.770373774141)(2000211    -166.150034060907)
0 1      - (1000000    2893.08216311748)(2000102    1363.48600137349)(2000002    1166.08479837922)(2000100    1574.01789769803)(2000001    1169.08241133433)(2000200    668.687463441259)(2000201    1813.8571402752)(2000202    1263.77569985867)(2000101    1615.44231018969)(2000111    493.228865659885)(2000012    -1178.74581828159)
3 3      - (2000102    -1902.25728484968)(2000202    -1523.07318787481)(2000200    -1285.20313822116)(1000000    -1107.34097599945)(2000001    -984.251212603573)(2000201    -1863.33382382346)(2000211    -1491.69881729014)(2000002    -1653.09036002555)(2000101    -637.313278471049)(2000100    -1956.26258248467)
4 4      - (1000000    -384.408644678588)(2000102    -1033.0844511084)(2000200    -649.889065260558)(2000101    -644.333898400633)(2000202    -1084.51954546884)(2000100    -1642.53600406668)(2000201    -384.655402523135)(2000001    -535.368371539732)(2000002    -1049.70806736241)(2000012    -212.751604090068)
4 2      - (2000200    -1620.44539913571)(1000000    -1695.46519897019)(2000101    -1077.41645149165)(2000001    -2322.67850512542)(2000202    -2197.79035330474)(2000201    -1815.20931832122)(2000102    -1807.4551215647)(2000002    -1736.12462522691)(2000100    -1999.60526678812)
2 4      - (1000000    -703.263509636942)(2000200    -806.45745659957)(2000201    -1413.98106123016)(2000102    -974.242931847922)(2000101    -552.817290432967)(2000001    -901.280495772399)(2000002    -1267.82998725343)(2000100    -1023.24166012228)(2000202    -1128.74210022347)(2000111    -0.4932)
0 4      - (2000201    328.55047136881)(1000000    -539.89179159269)(2000200    -2122.03142287432)(2000101    -859.157993317011)(2000001    -1437.48704137626)(2000100    -1556.66781223336)(2000202    -1581.16813356296)(2000102    -1803.37058916853)(2000002    -351.135135388356)(2000012    405.608206280313)
4 0      - (2000201    383.874640320781)(2000100    -1094.52941198691)(2000001    731.063696798711)(1000000    2896.8833584418)(2000200    -1202.03048765425)(2000002    -998.114016835433)(2000101    4.0416778228838)(2000012    -679.530731016628)(2000102    -298.070967625301)(2000202    -1405.36660039656)(2000211    -858.530532750996)
5 3      - (2000102    -1194.12698042243)(2000002    -1069.32470147747)(2000201    -1538.34342974742)(2000111    -150.541803544018)(2000200    -1444.91982541521)(2000001    -1459.12226386867)(1000000    -1417.98575097899)(2000100    -1045.64208073524)
5 0      - (2000102    -1255.78285522478)(2000200    -864.373987915463)(1000000    -1547.8924142188)(2000202    -1251.40000149224)(2000001    -1018.57323230817)(2000100    -1270.45175435737)(2000201    57.8892397323947)(2000002    -538.846431553131)(2000101    -634.199481656993)
5 4      - (1000000    -850.623569980137)(2000100    -766.831093235346)(2000002    -496.381000744728)(2000001    -1028.76893025425)(2000102    -1611.92691804973)(2000202    -986.219646226043)(2000201    -1461.02525799238)
3 4      - (2000201    -2103.76810367019)(1000000    -2344.3908632697)(2000202    -2250.36439746523)(2000100    -1788.81553750126)(2000200    -2194.11666809781)(2000002    -2103.03471977618)(2000101    -1994.2727919781)(2000001    -2031.39318699085)(2000102    -2359.9426036826)
2 6      - (2000201    -923.345730847427)(2000102    -1526.57053338836)(2000001    -1200.12841014323)(1000000    325.70787877214)(2000200    -1198.12690470166)(2000202    -1640.03822087898)(2000100    -1158.70678125847)(2000101    -1125.75)(2000002    -1050.53135265801)
6 5      - (2000200    -399.416943039804)(2000001    -372.787313475401)(1000000    -372.187313475401)
4 3      - (2000101    -844.290125060653)(2000200    -1830.7932744752)(2000002    -1701.29268649397)(2000202    -988.004648397533)(2000102    -1633.39696830057)(1000000    -1691.50382045995)(2000001    -1765.4672674523)(2000201    -1804.83141487068)
6 1      - (2000201    -1288.74588428036)(2000200    1944.48925570589)(2000001    -915.346080949337)(1000000    409.144459950583)(2000202    -1123.62427928418)
2 9      - (2000101    -753.358534542078)(1000000    2282.93397689545)(2000202    -2102.12298949155)(2000201    -725.242794049323)(2000002    3180.07010656509)(2000200    1164.34727583787)(2000001    4134.505313315)(2000102    -2773.2750490211)(2000100    1439.00694570273)
0 9      - (1000000    2621.2992323169)(2000102    -298.364080383968)(2000200    482.912953213881)(2000201    -392.46426379966)(2000100    -341.990263216866)(2000002    376.701653165358)(2000001    3945.29993176689)(2000101    1579.00351512999)(2000202    -1299.94515353204)
9 2      - (1000000    1558.98440991106)(2000201    -786.362040294947)(2000002    -202.468960494597)(2000001    4128.91078423552)(2000102    -2347.17064887925)(2000100    834.306016304528)(2000202    -1799.69006801801)(2000200    2497.14320828655)(2000101    -174.984309581081)
1 9      - (2000101    989.854061295616)(2000102    -974.335700262695)(1000000    3057.45691337432)(2000100    433.09229786534)(2000001    1566.80721675618)(2000201    -850.513695865817)(2000200    590.676273791125)(2000002    -84.5599956173303)(2000012    697.812146121892)
2 11      - (1000000    2918.04070499826)(2000002    1625.77796775365)(2000101    1980.48664040007)(2000001    1501.64417532512)(2000102    1452.15722042331)(2000202    1653.5793264523)(2000201    2331.44746301793)(2000100    1233.90093391285)(2000012    -613.193425998345)(2000200    899.987971699033)
10 1      - (2000102    -1669.53077230867)(1000000    270.978591840595)(2000200    -1125.5889967746)(2000001    -1959.26826752478)(2000100    2975.02184924952)(2000101    -1450.04536579386)(2000201    -544.223566299992)(2000002    7.7479531595927)
12 0      - (2000100    1129.98557014561)(2000201    2094.54155122642)(2000002    1937.01864007071)(2000012    -1488.21734552723)(2000200    3025.35814148067)(2000101    862.985442138379)(2000001    1920.84953362294)(2000102    1041.96675140138)(2000202    2495.69471669215)(1000000    1341.82269950099)
13 2      - (1000000    160.001042235401)(2000200    1204.18806245896)(2000002    -899.790253721826)(2000102    2673.39688970677)(2000101    -577.465517963956)(2000201    -1229.09806698485)(2000001    -732.132665700323)(2000202    -932.206171273616)(2000100    -1228.48921504016)
4 7      - (2000202    -1166.75868938132)(2000100    -799.104252816912)
12 1      - (1000000    2225.771170847)(2000201    1685.85771961168)(2000102    2210.30351350623)(2000202    2238.29703039034)(2000002    2229.21891261746)(2000101    2177.6770952523)(2000200    2133.57366533687)(2000001    2021.5732802247)(2000100    3002.07662356178)(2000012    485.918797830014)
2 12      - (1000000    2178.74640305705)(2000202    1841.34253194397)(2000201    2478.19453960102)(2000200    1712.74870574316)(2000102    878.274976526362)(2000100    2224.12037916329)(2000002    2210.65863994616)(2000001    3070.59988266726)(2000101    2190.86877285717)(2000012    438.816182005254)
1 6      - (2000001    -1264.10139889632)(1000000    -2014.02361849148)(2000102    -1728.19367594471)(2000101    -1125.65590329094)
0 8      - (2000200    -1168.87744419294)(2000102    -1603.1481543259)(2000001    -1650.15406197008)(1000000    -1294.06569544069)(2000100    -1464.4125039666)
14 1      - (1000000    795.223415969768)(2000101    -1391.30616776348)(2000002    929.63410310432)(2000102    -905.102649857195)(2000202    -508.11030613898)(2000200    -1325.80171217062)(2000001    1531.16853426512)(2000100    -1362.74027301362)(2000201    -1462.64314271422)
1 10      - (2000102    -301.00281567431)(1000000    587.92721668589)(2000002    -252.051048045228)(2000101    -805.861022646288)(2000001    -612.021637267045)(2000202    -570.643845292666)(2000200    3486.09672463524)(2000201    -500.339304811417)(2000100    1818.485336161)
4 14      - (1000000    -1707.9700163725)(2000200    -1320.85472254306)(2000202    -1130.80065235474)(2000100    -1396.25171001716)(2000101    -1318.74479439383)(2000002    -683.974531606929)(2000201    372.282800811195)
9 1      - (2000202    -1426.70232573257)(1000000    -223.395209083608)(2000201    -198.145399691141)(2000100    2660.76154754743)(2000200    141.686961687878)(2000101    -1354.07961926011)(2000001    4174.52807746153)(2000002    -254.684467160393)
1 16      - (1000000    -1610.91200624249)(2000201    814.454310788369)
11 1      - (2000200    215.990418535329)(2000101    334.974893383599)(1000000    2918.6903431979)(2000202    1134.8327684858)(2000001    831.80422815987)(2000201    1499.0577372918)(2000102    751.395062718933)(2000002    1053.14081812089)(2000100    1492.5412386003)
1 13      - (2000101    739.589164977475)(2000202    1906.64276086746)(1000000    2905.26799910549)(2000002    531.855196818676)(2000001    1707.80207206543)(2000012    -950.775414246871)(2000111    -0.4932)(2000201    635.186935937106)(2000102    1259.17459428148)(2000200    -106.230666094068)(2000100    1372.02842830839)
1 14      - (1000000    -616.127217756733)(2000202    -366.627351136451)(2000001    -1308.28583170852)(2000102    2921.45227692773)(2000101    30.3211703226557)(2000201    -325.649640528044)(2000002    -451.190352932271)(2000200    -177.814705060798)(2000100    1783.1317128186)
9 0      - (2000102    -2050.44144962012)(1000000    726.1885959002)(2000100    1320.57117151667)(2000200    85.7204878184211)(2000101    -855.541909025612)(2000001    4391.21870791581)(2000201    -798.43911145629)(2000002    2645.38185914007)
11 2      - (2000101    2245.36767563253)(1000000    520.143010611932)(2000002    585.982125278785)(2000201    -567.743227959526)(2000012    -462.027634067334)(2000100    1210.00962729585)(2000102    664.99375321835)(2000202    1007.12230612302)(2000200    1708.7603797808)(2000001    3152.16833305471)
2 10      - (1000000    2053.26391008033)(2000001    3521.24904298713)(2000102    631.732733834757)(2000201    651.131123264226)(2000002    129.205123658384)(2000202    -629.365829708525)(2000200    62.453574256138)(2000100    -180.232295774559)(2000101    556.326164912871)
0 11      - (2000102    2587.95561219189)(1000000    2507.94111721982)(2000100    2177.16647914656)(2000200    2530.57679846886)(2000202    2496.6737254954)(2000001    2472.85258070278)(2000201    2451.12330511992)(2000002    2399.20920960358)(2000012    -59.2765920975708)(2000101    3199.80763360386)
1 8      - (2000102    -1565.50589367627)(1000000    542.171693129277)(2000202    -1809.45530855528)(2000101    -1686.76203450949)(2000002    -500)
2 15      - (1000000    1513.47915763356)(2000102    -602.377057186348)(2000002    -1292.10001582531)(2000201    -1287.20266673919)(2000100    -1727.94550120315)(2000101    -1075.42917137812)(2000200    -1305.59903171799)(2000202    -773.683197989785)(2000001    -1250.79829319077)
0 10      - (2000201    -212.625414844899)(2000100    2422.45872087854)(2000001    -460.06007780558)(1000000    1600.26535508922)(2000202    -1117.35671622757)(2000102    -874.189832207297)(2000200    -39.2769456911635)(2000111    -0.9864)(2000002    2791.19291679903)(2000101    -1108.61088570502)(2000012    -812.752204284224)
14 0      - (2000200    -268.122986538032)(1000000    -859.560650156543)(2000100    -1370.61949000565)(2000101    1743.2614061043)(2000201    -817.860590191602)(2000001    -1427.15903040072)(2000002    -393.382837497105)(2000102    -479.72888568059)(2000202    -817.436049812345)
0 15      - (1000000    -1259.75504233799)(2000201    -1380.21569042131)(2000002    -1117.60115438408)(2000200    -1586.97018653047)(2000202    -423.838657742781)(2000001    2380.94210167138)(2000100    -550.912736344606)(2000101    -1326.07369083526)(2000102    -582.319435212604)
14 2      - (2000202    -876.587051593167)(2000201    -697.018816428174)(1000000    -1283.444408891)(2000001    -1271.54640531955)(2000100    -1437.51018996872)(2000101    -1536.21083093983)(2000102    408.24339777046)(2000200    1677.01512814706)(2000002    -1267.17188873275)(2000012    -553.60428778571)
0 12      - (1000000    2314.90083433392)(2000200    2325.15746126279)(2000100    2411.51013350069)(2000002    2483.86058115182)(2000101    3060.70652914826)(2000202    2394.84381927409)(2000201    2288.6725893439)(2000102    2317.19172066608)(2000001    2518.53077765405)(2000012    141.498075890973)
0 13      - (2000001    632.626649559322)(2000100    3315.32810926554)(2000202    1232.56216555171)(1000000    947.405968815695)(2000002    -561.181563677254)(2000200    455.613158425416)(2000102    1741.9887272095)(2000201    439.222215668394)(2000101    691.139694927077)
1 11      - (1000000    2181.19495127678)(2000101    2164.34652679536)(2000200    3169.67606264809)(2000201    2332.10329159414)(2000102    2081.65564605662)(2000202    1237.37187156059)(2000100    2365.41341348437)(2000001    1852.97409451681)(2000002    2369.3617077551)
2 13      - (2000200    1492.23928552404)(2000002    1282.68104574382)(2000101    606.02978336753)(2000201    825.285894527918)(1000000    -178.979182001323)(2000202    -10.609281092612)(2000100    1071.02898337546)(2000001    2956.45345699991)(2000102    1504.89779673784)
10 0      - (2000002    803.194486742898)(1000000    -268.08605038173)(2000001    3644.65378167144)(2000101    16.573218396346)(2000200    349.023870235712)(2000100    -69.2911033143707)(2000201    -897.627466539954)(2000102    908.278101294462)
13 1      - (2000101    -303.850329779569)(2000100    -315.744125339486)(1000000    -927.138192814087)(2000200    -441.839159690648)(2000201    2273.28767370266)(2000001    162.876176061215)(2000202    557.934805087431)(2000102    -977.909936383428)(2000002    501.158261114417)
1 12      - (1000000    1799.62376289543)(2000001    3121.97073321758)(2000201    1903.11070931256)(2000200    1869.00733060515)(2000102    1808.97366041809)(2000002    1491.77466815817)(2000202    1793.67582113024)(2000100    1897.93444945063)(2000101    1875.19491463991)
10 2      - (2000001    378.622712039986)(2000200    -214.079141045417)(2000101    -1170.87575315983)(1000000    3192.02279335047)(2000102    -412.924280316744)(2000100    -305.350549632368)(2000201    -103.915884870791)(2000002    536.474914387572)
4 12      - (2000001    -1387.12381512223)(2000202    -879.984670273981)(2000002    -394.478117518661)(1000000    -1196.43113850313)(2000201    -1207.50966720111)(2000200    -1482.69172502026)
3 8      - (2000202    -1965.54208377805)(1000000    -1084.18205383317)(2000101    -328.285996449664)(2000200    -1303.35439420805)
0 14      - (2000201    -1384.32729426578)(1000000    -552.779951235071)(2000101    -1371.91539888429)(2000202    -532.78558894561)(2000100    -729.433258889006)(2000012    -1391.0605811597)(2000001    -1529.33942607406)(2000200    -1123.0627105371)(2000002    2443.88582561841)(2000102    -258.384597143916)
1 15      - (1000000    -794.07219169501)(2000101    -1501.92639630897)(2000002    -777.86799577865)(2000200    -1314.77278525471)(2000100    -1201.321233281)(2000102    -925.228268038853)(2000202    -1576.03180650446)(2000001    -1308.69807745685)(2000201    1540.92773651435)
13 0      - (1000000    -1241.19472831154)(2000101    -318.06177120149)(2000002    1685.77035235525)(2000001    -1235.8316523377)(2000202    -777.825901445163)(2000200    -1264.373625617)(2000100    -1270.96906847879)(2000201    -1243.16045504811)(2000102    -865.768893149927)(2000012    -454.283759927659)
4 15      - (2000201    395.002013592404)(2000100    -796.163825871087)
2 14      - (1000000    964.926842784255)(2000001    -1479.63694463799)(2000002    -377.619741381)(2000100    -1390.11732470955)(2000101    3094.79958923418)(2000200    -1377.14491094522)(2000201    -1414.48524475241)(2000102    -680.718659608479)(2000202    -834.010154530032)
3 15      - (1000000    -1195.50513327295)(2000202    -1532.34584428932)(2000102    -958.25500427319)(2000200    -1124.535)(2000101    -1402.39514276818)(2000002    -516.857698411846)(2000001    732.813835537512)(2000201    -380.741683717444)
5 1      - (2000101    -1558.65118986792)(1000000    -2098.33083601301)(2000202    -1314.99999808547)(2000102    -1595.4193968063)(2000002    -1317.03816754278)(2000201    -2111.60394522262)(2000001    -1828.03019734255)(2000200    -1490.20093016266)
3 12      - (2000101    -1118.79845183987)(1000000    -1258.53370322123)(2000002    -1060.44264581305)(2000100    643.273571535696)
12 2      - (2000002    1764.83725360798)(1000000    2229.95969848189)(2000001    1895.16197319575)(2000102    1937.91984506738)(2000200    3173.40425724306)(2000101    1686.84634672676)(2000100    1858.02507525198)(2000201    887.258582974529)(2000202    1975.06530983734)(2000012    -394.332402291575)
11 0      - (2000201    -539.435229938094)(2000100    2881.63020388946)(2000102    1.19403743371106)(1000000    -705.397467661425)(2000202    1227.42261993641)(2000001    -610.426102079933)(2000101    -454.901627413363)(2000002    -359.04625434596)(2000200    -82.3378077584587)
2 16      - (2000200    -1156.10122704102)(1000000    -1002.69417534582)(2000100    -660.801203182586)
3 13      - (2000101    -1468.00688527089)(2000102    -892.32418863287)(1000000    -1244.00334473239)(2000002    -1849.12053421911)(2000001    486.765465863489)(2000100    -1300.57953569897)(2000202    -1200.5514837536)(2000201    1722.41732365578)(2000200    -678.780083612404)
4 11      - (2000101    -463.408165627826)
12 4      - (2000102    -575.617831116337)(1000000    -437.677756360899)
5 5      - (2000001    -1401.25658332357)(1000000    -1034.70092607297)(2000102    -1476.54439473924)
5 2      - (2000002    -988.660512367563)(2000201    -983.932774695092)(1000000    -947.557662795569)(2000001    -851.412380073934)(2000102    -1097.81890287896)(2000202    -979.747122520336)(2000101    -880.39590008461)
3 9      - (2000200    308.62808147222)(2000102    -1340.88893229541)(1000000    3625.37414312058)(2000201    -688.62237725035)(2000100    -400.696042428861)(2000002    3738.43807798991)(2000001    821.351244289336)
4 9      - (2000201    -925.369270770338)(2000100    -1026.33855888519)(1000000    -723.06593790845)(2000202    -501.544518367335)(2000101    -624.127752921424)
2 8      - (2000001    1231.71247785621)(2000200    -1234.3675721817)(1000000    -349.24287642833)(2000202    -1100.82647478194)(2000100    155.966640007031)
3 10      - (2000202    -1137.27369369364)(2000200    -580.103023727087)(2000002    326.949452326463)(2000101    -659.008120125081)(2000102    -1368.19333469076)(2000100    667.758365401068)(1000000    2180.31089257386)(2000001    4195.3720434954)(2000201    290.360099723942)
0 6      - (1000000    -558.807854356494)(2000202    -1226.81012329558)(2000102    -1715.77364708384)(2000001    -1278.37884928408)(2000200    -1889.5544040608)(2000101    -1138.80589826922)(2000201    -1100.09024594238)(2000002    -974.610369302361)(2000100    -58.8695095549111)
5 6      - (1000000    -1190.3898752896)(2000202    -1238.31265986462)(2000100    -738.812659864624)
6 2      - (2000201    -750)
0 5      - (2000101    -1329.36118288899)(1000000    -807.425506132179)(2000102    -1469.33710262669)(2000202    -1933.72280707438)(2000002    -1453.39455746432)(2000201    -669.929591369833)
3 5      - (1000000    -1418.41928000031)(2000002    -1783.51198728123)(2000001    -500)
0 7      - (2000001    -777.142027045177)(1000000    -124.412807182905)(2000102    -1229.99273630466)
4 6      - (1000000    -1142.28582281798)(2000102    -1953.99356884096)
2 5      - (1000000    -1889.7167046479)(2000101    -976.934657031741)(2000102    -976.934657031741)
2 7      - (2000200    -1627.88286579069)(1000000    -1699.98591379401)
7 2      - (1000000    -1072.91814419286)
15 0      - (1000000    -1619.32755317993)(2000001    -302.381210800057)
1 18      - (2000202    -1055.34259098218)
3 11      - (1000000    -1664.48516776574)(2000200    -41.4499526552417)(2000101    1834.0155316837)(2000201    361.927773341831)
1 7      - (1000000    -500)(2000202    -1674.02454334323)(2000201    -1333.51984806462)
1 5      - (2000001    -1515.23583813563)(1000000    -1438.00276692112)(2000100    -1159.88374994513)(2000200    -1160.95705695875)(2000002    -1187.72652534011)(2000201    -935.420669724065)(2000102    -500)(2000101    -847.026601240325)(2000202    -966.275752770411)
3 7      - (2000111    -0.4932)(2000100    -229.504596924881)
12 3      - (2000002    2588.24694056745)
4 10      - (2000100    -1186.4075910165)(2000101    -549.928364300747)
6 4      - (2000101    -565.119130654958)(1000000    -275.454085650852)
5 7      - (2000200    -1258.66946155941)(2000002    -1188.13990283178)
15 1      - (2000202    -981.08696804405)(2000100    84.3605165114111)
3 6      - (1000000    -713.670281040789)(2000201    -660.592049180118)
4 5      - (2000100    -1391.99165550451)(1000000    -1002.22508836778)(2000102    -825.363614514817)(2000200    -950.480942372442)(2000202    -1450.38094237244)
3 14      - (2000102    -379.1854)(2000202    -579.753655011497)(2000101    -1642.06408314516)(2000201    563.48513258284)(2000002    -1602.05683493405)(2000200    -442.298959013117)
16 2      - (2000201    -4.504875)
15 2      - (2000001    -333.169876053948)(2000002    -39.4470370992569)(2000101    -768.3938149964)(2000202    -29.0396416252312)
14 3      - (2000102    -722.349376640325)(2000100    -585.491230791417)(2000201    -147.023828698185)
16 3      - (2000202    -744.296058575886)(2000200    -580.159481204373)(1000000    -498.743737573514)
13 4      - (2000101    -222.743458991548)(1000000    -331.035695890686)
6 0      - (2000102    -3191.24493293189)(2000100    -1362.78250859233)(2000201    -587.295235804045)(2000002    -599.14609844851)(1000000    -531.38211114006)(2000101    -235.276931391077)
4 13      - (2000101    -1386.93299254546)(1000000    1497.17838367345)(2000100    -304.925524681763)(2000001    3329.64359396465)
11 3      - (2000102    -401.195632668878)(2000202    -414.568820424507)(2000002    -322.456506135102)(2000101    -214.048804090068)(2000100    2374.63015160649)(1000000    664.197304694681)
16 1      - (2000202    -592.088797218584)(2000101    -661.703964100742)(2000002    -342.446826632641)
6 3      - (1000000    -602.100857440057)
0 16      - (1000000    -1175.17480986113)(2000001    -1180.96105645338)(2000200    -1215.04234102131)(2000201    -1416.1297792821)(2000100    1654.651120088)
9 3      - (2000101    -284.123708294524)(2000200    2954.26460595486)
8 2      - (2000100    1288.40071081951)(1000000    -120.603006474035)
3 16      - (2000201    -447.073235367654)(2000002    -268.26567927142)
13 3      - (2000012    -451.437708158233)
9 4      - (2000001    2876.92660213051)(2000100    -278.134623024797)(2000201    -223.614257797387)
8 3      - (2000002    1430.29373318942)(1000000    2404.91096278952)
14 4      - (2000200    87.2151153343289)
10 4      - (2000200    987.986364877191)
8 1      - (2000001    452.504288410221)(2000200    486.216698016964)
8 0      - (2000001    84.7575205378735)
7 4      - (1000000    241.377181478784)

