160
0 0      - (2000101    -88.545137042983)(2000201    -156.606409289619)(1000000    89.484650421375)(2000002    130.767302498775)(2000012    66.5245781815471)(2000221    -181.793766142261)(2000111    -41.732551143471)(2000211    -104.826769310803)(2000022    687.61132354672)(2000121    -195.639505379363)
2 1      - (2000221    -879.035779474345)(2000201    -199.461879760913)(2000002    718.907675466647)(2000101    55.0585112842282)(1000000    712.215741723723)(2000121    -1125.125)(2000211    -801.534904428868)(2000111    -655.472358149562)(2000012    -391.787573420383)
2 2      - (2000101    -16.9817754086718)(2000121    -750.25)(2000022    142.320002514434)(2000201    -55.006827054997)(1000000    5.85231776352859)(2000002    -6.81045022339879)(2000012    -425.935648916012)(2000111    777.764862016159)(2000211    -284.571636045633)(2000221    -426.538415238946)
2 0      - (2000201    -199.503234023816)(2000211    -364.637591817253)(1000000    711.977471957029)(2000121    -665.457447131907)(2000012    -233.536122759647)(2000221    -1250)(2000101    -32.3245757306933)(2000002    719.129788637958)(2000022    201.931352495698)(2000111    111.930269853512)
3 1      - (2000101    -660.656135887378)(2000012    -538.257951873189)(2000022    279.163802225083)(2000111    255.398824135169)(1000000    532.444748221339)(2000211    -751.353008129169)(2000201    -416.084714321629)(2000002    -583.791527374006)
1 1      - (2000201    -188.123569431957)(2000121    -1128.1274584532)(2000101    -51.0780254783007)(1000000    708.708501101789)(2000211    -500.246188503055)(2000111    227.91206482205)(2000221    -1125)(2000022    242.426182411339)(2000012    -694.108502605005)(2000002    715.430395318293)
0 2      - (2000201    91.8630459572595)(2000101    357.109234145831)(1000000    1458.23631905574)(2000002    502.692048160393)(2000211    -389.22725404728)(2000022    211.506546724818)(2000111    10.3841664481779)(2000221    -500)(2000121    -500)(2000012    -234.555070438554)
0 1      - (2000201    -216.397387652248)(2000101    -255.189611745278)(1000000    713.066578986021)(2000002    720.680232015671)(2000221    -857.503608274027)(2000022    192.174566117588)(2000012    -743.35714287665)(2000211    -323.005707195247)(2000111    -258.474582788872)
4 2      - (2000002    -827.250716354384)(2000201    -507.617115206597)(1000000    109.412885748882)(2000211    -674.979728054956)(2000101    -551.972642471683)(2000111    -710.588997588834)(2000012    -571.338110139562)
2 3      - (1000000    205.766360264277)(2000201    -90.9790718844899)(2000111    745.874633253924)(2000002    -290.598278605488)(2000022    -502.5)(2000211    -1501.875)(2000101    -620.009081019027)(2000012    -514.567641063398)
3 2      - (1000000    348.379021025363)(2000221    -875.176)(2000201    -689.519599507513)(2000101    -724.799278242828)(2000002    -714.867526789295)(2000211    -1127.46574190061)(2000111    -798.884512351604)(2000012    -153.32385462994)
0 3      - (2000002    73.9704904756084)(1000000    141.69953729758)(2000101    -58.693283488029)(2000201    -339.759448840681)(2000211    -508.984313381228)(2000111    572.40988936782)
1 2      - (2000002    887.064770361386)(2000101    504.272495386517)(1000000    843.463150874995)(2000022    20.0554004948742)(2000201    -90.1465684684526)(2000221    -983.58218961813)(2000211    -452.765183468329)(2000111    296.74304364053)(2000012    -614.373724311544)
1 0      - (2000101    -189.380678462096)(1000000    708.847370050786)(2000002    720.144167769803)(2000111    200.11969935822)(2000201    -243.355487539757)(2000211    -793.667094007074)(2000022    197.784722374285)(2000012    -215.455646473644)(2000221    -367.593157277875)
1 3      - (2000111    -1194.22651299255)(1000000    168.253055927826)(2000101    -255.016285819402)(2000201    -370.702180688968)(2000002    -273.751507541073)
3 0      - (2000201    -623.086367102061)(2000002    -582.25039237747)(2000012    -827.802623521975)(1000000    -8.78370387586945)(2000101    -401.389871287683)(2000211    -444.563669387634)
0 4      - (1000000    461.690650895797)(2000101    -275.780973952559)(2000201    -463.352910221192)(2000002    -126.568531441096)(2000111    252.356976270498)(2000211    -225.987619331065)
3 4      - (2000111    806.04250922231)(2000201    -775.0414423551)(2000022    -1)(2000121    -542.631989103574)(1000000    300.375383906446)(2000002    -663.801400579052)(2000012    -469.844540182602)(2000101    -437.221780149987)(2000211    -147.334359513354)
2 4      - (1000000    356.320543923354)(2000211    -970.502526444784)(2000201    -97.1863048542945)(2000121    -502.044625)(2000101    -306.411098575214)(2000002    -138.185928023035)(2000111    696.095840013459)
5 0      - (2000002    -779.669306228354)(1000000    28.9046849751932)(2000101    -605.652053582588)(2000201    -407.523815954296)
3 3      - (2000121    -750)(2000002    -667.888210157167)(2000012    -810.315033473851)(2000101    -338.642754645921)(1000000    651.59110078695)(2000201    -792.334750578726)(2000211    -609.070798817677)(2000111    753.655225510182)
4 0      - (1000000    214.6961618564)(2000201    -304.501772602369)(2000101    -786.010185402781)(2000002    -626.297786305249)(2000211    -403.552210203815)
6 2      - (2000221    -1000)(1000000    334.506407102924)(2000002    -528.38823180419)(2000101    -2.97131249158635)
4 1      - (2000111    -706.982668348314)(2000221    -805.641531750103)(1000000    298.9537805221)(2000201    -344.132325833019)(2000211    -883.361633418339)(2000002    -784.45047707903)(2000022    8.83028973124682)(2000101    -279.987152757747)
1 9      - (2000221    -246.8595191814)(2000002    -201.641759279533)(2000022    673.442928932502)(1000000    -148.849361019833)(2000101    -265.670509311637)(2000201    -60.9666400139767)(2000121    -242.532266117305)(2000012    689.912883720913)(2000211    -204.704815461249)(2000111    -249.719617177632)
11 0      - (2000101    -303.452180468167)(2000221    -1122.8001799805)(1000000    640.566393694569)(2000022    79.5984128465786)(2000012    773.245838863679)(2000111    -694.767999672241)(2000002    -368.702984930634)(2000201    -65.5485275973942)(2000211    147.790985171849)
9 1      - (1000000    -617.233474111875)(2000221    -588.823897212227)(2000111    -747.247438419422)(2000101    -554.29449494717)(2000022    353.563933412125)(2000002    -707.286490770825)(2000211    -503.741639919323)(2000121    -717.658988366668)(2000012    714.548305363724)(2000201    -212.267189947171)
1 12      - (2000121    -875)(2000022    -45.4393028597096)(2000002    -104.316493263544)(1000000    742.169069290037)(2000111    -67.978636050027)(2000211    6.3271849088917)(2000201    -468.004670836928)(2000221    -479.041692208535)(2000012    751.609483667136)(2000101    -572.904320562572)
0 12      - (2000101    -276.9754831761)(2000002    -166.986031549998)(2000012    136.642030117059)(2000022    740.522368025856)(1000000    649.874385658232)(2000111    -28.6936797051553)(2000201    116.773367595004)(2000221    -543.324906884221)(2000211    -458.432193174256)(2000121    -137.290924196504)
0 14      - (1000000    613.376133104382)(2000201    275.879649137888)(2000012    664.958183965375)(2000211    412.791663378768)(2000002    -108.15563098834)(2000111    89.2227288375916)(2000101    197.118218903159)
2 11      - (1000000    555.73434568951)(2000002    149.280823566246)(2000221    -599.599422323593)(2000022    625.505236690266)(2000211    -685.098847927385)(2000201    -549.48524597028)(2000012    798.542515500016)(2000121    -251.007698343921)(2000111    -420.982792266622)(2000101    -527.599835486748)
12 2      - (1000000    728.314497022453)(2000201    75.0057974171638)(2000121    -831.243059646682)(2000012    730.180459820734)(2000221    -151.929318718253)(2000111    -120.091726141828)(2000002    424.701560047415)(2000101    335.169675029445)(2000211    458.919252680833)
14 0      - (2000121    -994.616831037394)(2000211    590.408497373502)(2000201    424.547416096367)(1000000    358.28609007069)(2000221    -935.620985832064)(2000012    428.013268382954)(2000002    357.792037901068)(2000101    520.483659748843)(2000111    393.79203177542)
13 0      - (2000211    132.377083770311)(2000012    448.728991835738)(1000000    565.13918683953)(2000002    720.201568894047)(2000201    407.981938022899)(2000111    -127.084051350203)(2000101    627.266916910584)
0 9      - (2000002    -309.229569385545)(2000012    592.014500673808)(2000201    -262.841286529443)(1000000    -362.064602471611)(2000221    -499.912159539637)(2000211    -298.968695692573)(2000111    -259.099829289456)(2000101    -432.202052402701)(2000022    692.170272398249)(2000121    -537.758675795998)
5 2      - (1000000    -398.358587788923)(2000201    -653.658553463039)(2000002    -779.389590185611)(2000012    -636.987969957126)(2000101    -184.534932004349)
0 10      - (2000221    -451.469393147503)(2000201    -524.893774705913)(2000002    -168.135469240227)(1000000    -481.277004543717)(2000101    -243.500694431952)(2000211    -409.662148922372)(2000121    -313.343340394059)(2000111    -308.325054079004)(2000012    713.92865008339)(2000022    481.155673735093)
9 0      - (2000002    -646.367017406529)(2000012    251.024556723667)(2000111    -713.353205937332)(1000000    -550.558448503296)(2000211    -593.796355438024)(2000022    802.517645684193)(2000101    -698.13379917216)(2000221    -576.665193468008)(2000201    -613.448944442148)(2000121    -507.891244164649)
2 9      - (2000002    -385.239662918836)(2000022    703.080335986759)(2000012    627.590936284911)(1000000    -344.92243692774)(2000211    -256.781817613862)(2000201    -492.497480151307)(2000121    -386.783791766759)(2000101    -395.966685402457)(2000221    -494.567643578197)(2000111    -456.922567924707)
2 12      - (1000000    753.28181073519)(2000111    -736.023436589492)(2000221    -569.805550944043)(2000002    -717.373116304672)(2000121    -685.605660406215)(2000201    -281.51943659445)(2000101    -462.750425560426)(2000022    -49.4388274065459)(2000012    753.804176629501)(2000211    173.873578430367)
13 2      - (1000000    684.40390694885)(2000201    402.778103448421)(2000111    561.113326579492)(2000002    696.244621725747)(2000211    436.455400624569)(2000012    563.373189432185)(2000101    395.246772336923)
1 4      - (2000002    -96.9017603888849)(1000000    268.94302803763)(2000201    -617.484604287247)(2000101    -745.532887953501)(2000211    -384.569826662433)(2000111    759.625881014233)(2000012    -71.38282199988)
0 16      - (1000000    735.442234771717)(2000211    260.330130115155)(2000101    448.092426515631)(2000002    735.804143634925)(2000111    -175.573968821182)(2000201    38.2059302047294)(2000012    528.414585228745)
5 4      - (1000000    -511.140477175567)(2000201    -552.699579376646)(2000111    484.393946984201)(2000002    -323.857285655735)(2000101    -592.104256005478)
11 1      - (2000012    769.294254834348)(1000000    758.437366343114)(2000201    107.2994463978)(2000022    208.869846838311)(2000002    -252.349037693224)(2000101    -799.939576429749)(2000211    -632.654927994812)(2000111    -951.597471973439)(2000221    -719.996840182918)(2000121    -496.331210784476)
0 11      - (2000121    -641.992720396668)(2000111    -391.461086997411)(2000101    -594.316643347537)(1000000    591.003210253935)(2000002    -451.371261064983)(2000022    404.790933895302)(2000221    -673.532322118971)(2000201    -68.2815372151118)(2000211    -554.218787506626)(2000012    748.261253607245)
0 13      - (2000221    -1639.47832300108)(1000000    565.025978640427)(2000012    537.687861731055)(2000111    556.689869566039)(2000211    254.980379887488)(2000101    304.156311977054)(2000002    438.248958082188)(2000201    371.206397615728)(2000121    -261.890380930593)
4 3      - (2000002    -725.647469043895)(2000201    -357.476705705228)(1000000    228.616948076151)(2000101    -437.741896075687)(2000111    735.172042252776)(2000211    -201.638892190882)(2000012    -74.0186782284555)
9 2      - (1000000    -400.638712433816)(2000012    474.587345384279)(2000201    -567.398963490277)(2000002    -646.529856976599)(2000211    -528.163329833874)(2000121    -457.159304974731)(2000101    -865.708655472963)(2000111    -597.177097678944)(2000221    -576.155959415746)(2000022    775.732978087389)
11 2      - (1000000    835.082865840718)(2000012    -318.962391213409)(2000211    -431.060421209333)(2000101    -788.098306350819)(2000022    528.730551683008)(2000221    -653.111036653231)(2000201    -474.822175960612)(2000002    209.108128360868)(2000111    391.742015881052)(2000121    -794.542537875841)
13 1      - (2000022    -0.75)(1000000    710.457909012203)(2000101    446.930107064582)(2000111    190.841717067113)(2000002    714.636946505419)(2000012    307.077148927341)(2000211    483.532315936478)(2000201    420.803544968046)
10 0      - (2000002    -845.48787181614)(2000121    -937.179680722912)(2000211    -580.023167779349)(2000201    -573.925082371714)(2000111    -634.978674488789)(2000012    728.190672379546)(2000022    511.72178300502)(2000101    -632.097545658096)(2000221    -665.050078600342)(1000000    -701.204988303513)
3 5      - (1000000    -598.098710650514)(2000101    -603.05248945057)(2000002    -819.685642488618)(2000201    -411.325641483273)
1 5      - (1000000    285.659670678698)(2000201    -821.546008197295)(2000101    -337.594040249356)
10 2      - (2000201    -650.401446404355)(1000000    -767.706943498005)(2000022    -56.9061217620747)(2000221    -768.947033313586)(2000211    -566.313202028644)(2000121    -682.393941262564)(2000012    738.731470464312)(2000002    -795.93921641794)(2000111    -650.592343704631)(2000101    -479.466321180962)
1 14      - (2000211    -72.6318716393825)(2000002    495.020623974592)(1000000    572.426545745344)(2000111    47.8099045495966)(2000201    423.373335092142)(2000012    668.679619424436)(2000101    321.94210637153)
15 2      - (2000002    -210.189291441117)(1000000    805.812716771962)(2000201    209.53509931423)(2000111    191.347156958273)
3 9      - (1000000    -834.374010764924)(2000022    792.138585526382)(2000211    -684.44380653777)(2000201    -538.15529490779)(2000002    -761.851462579274)(2000111    -545.746460391187)(2000121    -744.470313287726)(2000221    -706.73768358471)(2000012    1.29363719828596)(2000101    -393.656113627121)
12 0      - (2000201    446.142927493958)(2000022    113.540949545684)(2000121    -865.3967238498)(2000012    551.389311047897)(2000002    758.731108267316)(1000000    748.552189689107)(2000101    180.060320152291)(2000211    521.31922747107)(2000111    104.912396733031)
2 10      - (2000121    -165.631435390296)(1000000    -277.341466965552)(2000101    -262.989244477497)(2000221    -200.847694839952)(2000012    532.802886769147)(2000201    -185.42994740656)(2000022    697.128172203002)(2000211    -243.661960503162)(2000002    -258.90118317677)(2000111    -116.146905994587)
4 10      - (1000000    -953.101357842972)(2000022    645.481729809455)(2000002    -701.367180946686)(2000101    -437.921801280486)(2000012    4.5832503549242)(2000111    -570.003057401906)(2000201    -377.13990040358)(2000211    -383.113446451984)(2000121    -590.271463142226)(2000221    -378.318050328495)
2 14      - (1000000    549.626615564268)(2000211    258.326448792791)(2000201    105.262827268034)(2000002    507.642182200464)(2000101    368.925492848025)(2000111    -103.619002124483)(2000012    763.971751948491)(2000221    -291.388720601979)
10 1      - (2000012    769.917378848948)(2000111    -578.385141654101)(2000121    -727.604177000448)(2000201    -435.113240775283)(1000000    -585.943793344086)(2000221    -691.867887245423)(2000101    -599.99342939194)(2000002    -685.398358126443)(2000211    -685.642891451543)(2000022    394.811841315674)
4 5      - (1000000    -375.108037148155)(2000002    -493.773287101466)(2000201    -724.531889114432)
1 13      - (2000111    -533.269159858919)(1000000    32.3716507679162)(2000101    152.017396695581)(2000201    18.4496387689747)(2000002    118.745826178663)(2000012    724.629349136911)(2000211    -73.1588679808049)(2000221    -186.206263122762)
1 11      - (2000201    -415.336761739247)(2000121    -571.765638379138)(2000111    -590.200808038012)(2000002    -177.966479844346)(2000012    515.234058671912)(1000000    426.341228086864)(2000211    -584.039772516443)(2000221    -469.032807162727)(2000022    721.751849008205)(2000101    -307.402569078044)
4 9      - (2000002    -924.158023734983)(2000121    -831.406942328034)(1000000    -897.970520285527)(2000221    -759.265528811159)(2000111    -748.255379403402)(2000101    -847.814101539204)(2000201    -684.966167322596)(2000211    -775.450510746566)
0 8      - (2000022    46.5006042206747)(2000211    -490.686538792281)(2000002    310.710409027406)(1000000    768.861263880413)
3 11      - (2000201    -572.618625581429)(2000221    -479.663330055495)(2000101    -728.397720129137)(2000111    -593.733767908608)(2000012    734.07189408963)(1000000    -437.490912810636)(2000022    459.479492933652)(2000121    -681.460251187186)(2000211    -635.785198324655)(2000002    -454.864765123549)
14 1      - (2000211    318.329667786985)(2000012    693.522140562047)(2000201    109.214379203046)(2000002    699.707909559518)(1000000    695.438795567815)(2000111    389.738468689103)(2000101    519.505033044731)
2 13      - (2000012    843.010811100875)(2000201    -111.069222115994)(1000000    713.33456075036)(2000101    64.841504619081)(2000211    -169.332638616452)(2000002    -602.389518343053)(2000111    -374.380734257964)(2000121    -220.452446378245)(2000221    -416.139535773489)(2000022    340.381538537426)
1 10      - (2000211    -110.24787731625)(2000201    -307.920513914488)(2000002    -342.175065546685)(2000012    701.210797141676)(2000111    -261.260216983457)(2000022    670.001775827537)(2000121    -301.250015983403)(1000000    -217.162815828122)(2000221    -247.306096649532)(2000101    -289.968941975802)
14 2      - (2000111    589.524737589465)(1000000    692.761722867588)(2000211    668.503507287362)(2000002    688.916400678197)(2000101    600.76387856889)(2000201    686.352119827891)(2000012    648.172225576661)
12 1      - (2000002    593.594368332209)(2000012    774.922456174571)(2000111    -117.404786237417)(2000101    287.046671867005)(2000211    374.849393371538)(1000000    771.115248160588)(2000201    53.0689447969127)
5 3      - (2000101    -637.312684131139)(1000000    -39.5721435304583)(2000002    -665.436273101414)
0 6      - (1000000    -930.077463977266)(2000201    -450.842671819218)(2000002    83.6590694474269)
4 13      - (2000101    666.792826618887)(1000000    126.802260204471)(2000211    173.358834891902)
3 14      - (2000012    121.334877217763)(2000201    29.3342290529616)(2000101    -277.45398742874)(1000000    716.641727806206)(2000111    108.283566754093)(2000002    741.719874327596)
3 15      - (2000201    455.596664934181)(1000000    665.395244831743)(2000012    356.709001583666)(2000002    715.281627701503)(2000211    522.255974825098)(2000111    486.400070351622)(2000101    219.856033261041)
2 6      - (1000000    -304.325334502407)(2000101    -691.804337606143)(2000002    -659.456752577503)(2000201    -448.365022833356)
2 8      - (2000201    -925.829836322935)(2000211    -740.663869058348)(2000022    8.58613094165207)(1000000    505.618637463012)
2 5      - (2000012    -705.064398753623)(1000000    218.667342709594)(2000201    -722.738561281959)(2000101    -731.486274934764)(2000002    -735.712742388944)
4 4      - (2000002    -224.391296405408)(1000000    442.709487355534)(2000101    -447.077878664826)(2000201    -819.224930763292)
8 1      - (2000022    3.02275739009138)(2000111    -496.477242609909)
2 15      - (2000012    340.889550201704)(2000101    460.220883739477)(2000201    -180.906451748815)(1000000    733.902286431059)(2000111    444.686373343468)(2000002    763.01155705317)(2000211    453.775628369884)
1 15      - (2000111    36.2524562257498)(2000101    408.121415742344)(1000000    708.08790112037)(2000012    284.989852603484)(2000002    716.533803660619)(2000201    383.556751029664)(2000211    522.060976885983)
0 15      - (2000111    175.378717337741)(1000000    504.354561905468)(2000002    330.426238101448)(2000101    434.114241621786)(2000012    435.903434602372)(2000211    321.959238784526)(2000201    436.965976399507)
16 1      - (2000012    249.020909695364)(1000000    159.499827190027)(2000002    383.514354869435)
3 13      - (1000000    445.809974382942)(2000111    324.502830785138)(2000002    48.3412697509622)(2000201    34.2737404576658)
0 5      - (1000000    349.131848457381)(2000201    -795.939582095387)(2000002    -659.433591513589)
0 7      - (1000000    1202.81127252406)
16 4      - (2000211    214.697825755146)(2000012    -15.2953010440745)(2000101    -76.1991842112876)(1000000    464.642928849227)(2000111    347.821838812948)
6 4      - (2000101    -379.997702726701)(1000000    -58.4792834721422)(2000201    -63.3719438158664)
17 1      - (1000000    340.771532696223)(2000201    101.187466296401)
15 0      - (1000000    412.223402051694)(2000012    607.296777852202)(2000101    89.0413398773068)(2000201    187.683366035491)
5 1      - (1000000    -75.9196970898623)(2000201    -842.475633946658)(2000101    -367.944667087405)
3 10      - (2000201    -782.995248797696)(2000022    208.147679302829)(2000101    -508.336370202599)(2000221    -392.348116747633)(1000000    -613.229769285256)(2000012    781.825263283497)(2000111    -142.93547569471)
6 1      - (1000000    -199.745768331365)(2000101    -420.894726974439)(2000012    -427.233250256738)(2000002    -252.939939976608)
15 5      - (2000201    125.450310060276)(1000000    95.2761195517149)
4 14      - (1000000    779.337535270094)(2000002    810.878690838244)(2000012    268.926622618889)
4 7      - (2000201    69.5694434627712)(1000000    69.5694434627712)
15 3      - (2000002    698.141160642889)(1000000    594.394428698798)
12 3      - (2000022    37.5191475012122)
1 7      - (1000000    896.853122166165)
2 16      - (2000211    225.108270836187)(2000201    195.231760641075)(2000002    20.6321695830324)(2000012    416.169945346248)(1000000    584.350040128127)(2000111    -38.3191502504332)(2000101    103.340434034126)
1 16      - (2000101    331.733401569234)(1000000    700.113638819432)(2000201    -125.471511309492)(2000211    339.406970448845)(2000012    512.190852957053)(2000002    763.209476299309)(2000111    -230.44531129927)
4 6      - (1000000    -728.601937024457)(2000201    -515.338433739668)(2000211    -417.736031205808)
8 2      - (1000000    -592.854786522249)
3 12      - (2000012    797.279056438972)(2000121    -190.191760494172)(2000022    235.603217481223)
4 15      - (2000211    25.2797866864651)(2000002    502.812640839576)(1000000    739.34810984096)(2000201    219.995344273774)(2000111    51.7349152343578)(2000101    12.5328227283825)(2000012    154.426745247506)
6 3      - (2000211    -511.067112008873)(1000000    -483.727657964992)(2000201    -813.116614991665)(2000101    -561.819213797916)(2000012    -285.233995616681)(2000111    60.9747848576716)(2000002    -361.922831550876)
3 16      - (2000111    -128.881772166368)(2000201    393.913376903242)(2000002    318.88646927339)(2000211    282.607579440672)(1000000    707.431026761164)(2000012    310.316978169563)(2000101    403.290497184539)
3 8      - (1000000    63.3761592736238)
4 12      - (2000002    -635.576213084961)(1000000    -765.572772734818)(2000201    -874.822796707916)(2000101    -408.281893468581)(2000012    580.22752829284)
14 5      - (2000201    466.659013849112)
18 0      - (2000211    -97.072417608898)(1000000    79.8767551256473)
15 1      - (2000012    39.9209518678426)(2000002    795.206624224255)(1000000    279.467907610171)(2000101    -396.608950940835)
1 6      - (2000111    182.102630231288)(2000101    -270.533197179234)(2000002    -181.353551932081)(1000000    -244.929464673052)(2000012    -136.65149016492)
3 7      - (1000000    -496.090383195143)(2000201    -744.135574792714)(2000101    -496.090383195143)
17 0      - (1000000    -90.2026248874388)(2000002    106.384720754324)
16 2      - (2000002    752.999480296203)(2000201    -494.52732883837)(1000000    422.514005331481)
4 11      - (2000201    -953.555906061377)(1000000    -899.130642231203)(2000101    -920.598640905426)(2000002    -869.065911947867)(2000221    -805.031283509122)(2000211    -633.265222867671)(2000022    515.079662207587)(2000121    -399.368250807447)
10 3      - (2000221    -589.909763844741)(2000111    -687.617953935182)(2000121    -662.541836874265)(2000022    159.938243982083)(2000201    -441.608728888298)
4 18      - (1000000    721.494995019464)(2000211    235.874281848424)
16 0      - (1000000    371.310586592347)(2000002    781.094820500675)(2000201    130.340229829473)(2000111    294.523683889482)(2000101    180.855990505045)
10 4      - (2000121    -741.904949403287)(1000000    -730.027880319106)
9 4      - (2000211    -879.413997515244)(2000002    -811.982433221493)
17 2      - (1000000    22.2255017363898)
0 18      - (1000000    775.413283723009)(2000012    -90.7541702420486)(2000211    164.202648391896)(2000002    212.059751202176)
6 0      - (2000201    -852.718219727358)(2000002    -55.2547517269604)(1000000    502.666567223278)
2 7      - (1000000    561.357030679793)
7 1      - (1000000    818.941285394821)
3 6      - (1000000    -536.236126132478)(2000101    -682.328975181539)(2000201    -417.736031205808)(2000002    -302.840490263697)
6 5      - (1000000    -527.980144988386)(2000012    -383.115837257942)(2000201    -321.77983386961)
5 11      - (2000002    -746.948780718185)(2000111    -187.288081452208)(2000012    196.61340564039)
4 8      - (1000000    639.581901112541)
15 4      - (2000101    39.8310830493335)(1000000    1262.24026496971)(2000012    158.888045971048)
9 3      - (2000221    -664.68402118879)(2000111    -574.252692593546)(2000101    -382.835128395698)
1 8      - (2000121    -519.72916875764)
11 4      - (2000201    -700.023005534432)
5 10      - (1000000    -791.088730546456)(2000002    -597.494528410047)
16 3      - (2000002    119.162556158561)(2000111    -348.036619020024)(1000000    52.1444389063105)(2000211    305.086833870715)
1 19      - (2000012    97.0802833559254)(2000101    278.414766387325)
5 12      - (2000101    -574.869700202786)
5 5      - (2000002    -365.670302841021)(1000000    -27.2548734588032)
4 16      - (2000012    176.19282214555)(1000000    697.745685408234)(2000201    214.395048605634)(2000111    193.868963829035)
5 17      - (1000000    102.843006630505)
5 13      - (1000000    -666.311839456285)(2000012    149.776029708963)
5 16      - (1000000    914.501886622277)(2000111    -303.79396848275)(2000101    123.501136924542)
2 17      - (1000000    255.103280716026)
5 15      - (2000211    116.485516308687)(1000000    475.774395644616)(2000002    96.3052859293354)(2000101    178.320123796851)
16 6      - (2000012    381.095316352805)(2000211    184.982026378621)
5 6      - (2000101    -198.642547304367)(1000000    -65.3414457324162)
14 4      - (2000002    217.991668393166)
16 5      - (1000000    105.412770613156)
17 3      - (2000201    -401.035404733894)
13 3      - (2000111    210.331992906925)
18 4      - (2000002    171.970012814428)
13 4      - (1000000    441.792885260713)
17 4      - (2000002    27.6354328796309)

