574
0 0      - (2000002    2218.93697128566)(2000101    3821.2219579053)(2000001    784.441951407838)(1000000    3816.18593792495)(2000201    2055.70188868082)(2000211    875.261514327071)(2000111    2064.0988930666)(2000012    59.4454672799358)(2000121    -1039.22589399526)(2000221    -883.320646228206)
2 2      - (1000000    1209.14014222695)(2000001    845.492891256833)(2000002    1585.31287242266)(2000211    -1661.18346629095)(2000201    1850.12385459851)(2000101    2625.60570209545)(2000111    657.436343086196)(2000012    -339.757892705214)(2000221    -893.653840866284)
1 2      - (2000002    1469.51289435927)(1000000    2097.49200187724)(2000201    467.024794300297)(2000001    836.335818721733)(2000211    -237.882260607577)(2000012    -448.694294201197)(2000111    819.395944349798)(2000101    3394.62890578008)(2000121    -442.953419451328)
0 2      - (2000201    1754.24686255656)(1000000    1809.81746855678)(2000001    1427.5885473563)(2000002    1832.85787118738)(2000111    -168.653261605906)(2000012    -514.251992906232)(2000101    3120.34704057766)(2000211    -330.641556549777)
1 0      - (1000000    1855.96945932122)(2000201    1088.87973407072)(2000001    1474.8458016378)(2000101    3100.93109126593)(2000211    -258.502155621904)(2000012    -115.122464829152)(2000002    1540.39471263426)(2000111    666.958154142863)(2000221    -472.52651561223)
1 1      - (2000201    1587.93282050375)(2000002    1431.90961751599)(2000101    3277.23865234319)(1000000    1831.10712658991)(2000001    594.037614436571)(2000211    -779.817984041095)(2000012    -422.854862652275)(2000111    1330.57489169344)(2000221    -500)(2000121    -559.86756889908)
3 3      - (2000201    1340.32226431007)(2000211    -893.234169292876)(2000012    398.90577992528)(2000001    1537.34301146342)(1000000    1705.71132565271)(2000101    3326.08399239374)(2000002    1744.43867925293)
2 3      - (2000001    999.727943082269)(2000002    1734.50097415633)(1000000    862.352854944055)(2000111    547.11109555076)(2000012    -158.797852684484)(2000201    1209.11435072277)(2000101    2935.49365831883)(2000211    -167.32748728389)
0 1      - (2000002    1526.72101615592)(2000101    3070.77562069582)(1000000    1959.44877958597)(2000001    1787.34633546573)(2000201    1761.42091934411)(2000111    944.961015235486)(2000012    -115.611245714612)(2000211    -1133.86078925991)(2000121    -533.773577114766)
4 0      - (2000002    1619.21271303808)(2000001    1737.9085646168)(2000012    -0.5)(2000201    1818.73779664818)(1000000    1721.01662636429)(2000101    2663.42794152991)(2000111    477.10656729127)
4 2      - (2000211    -2453.70217208379)(2000201    1317.90934970479)(1000000    2342.23892104286)(2000101    2837.53070866018)(2000002    620.381903784591)(2000001    1337.57143608086)
2 1      - (2000111    38.3150790671436)(2000002    1310.44773680443)(1000000    1247.23148717484)(2000211    -1156.59879910076)(2000012    241.321599018615)(2000001    681.902331209292)(2000201    1507.04485009414)(2000101    3485.1270228483)(2000121    -837.966470280519)(2000221    -525.154184939407)
0 3      - (2000002    948.189108296743)(2000211    34.0694505214427)(2000012    230.178954795037)(2000001    1123.84703833615)(2000201    1469.05561309473)(1000000    1075.94453889952)(2000121    -865.826203266683)(2000101    2576.40644578023)(2000111    619.817149347282)
1 4      - (2000012    -7.37503387273472)(2000001    1335.39132407775)(2000201    1728.32027644993)(1000000    1664.01782560086)(2000002    1549.07428413945)(2000101    2830.6412118791)(2000211    -805.655390958196)(2000111    837.933252128826)
0 4      - (2000101    3043.9979282914)(1000000    1642.12913456402)(2000001    1151.10327347905)(2000201    1540.13998068961)(2000002    1063.07801383376)(2000012    71.9661038471877)(2000111    879.009318061308)(2000211    175.005178984918)
1 3      - (2000111    -200.450554009985)(2000121    -723.845121989508)(2000002    1324.32297590228)(2000001    1504.05750577694)(2000201    1584.13625631131)(2000101    1264.26836712125)(2000211    -1358.99785707818)(1000000    1545.45938080834)(2000221    -459.336671921682)(2000012    -308.105259783921)
3 2      - (2000001    1385.67152200506)(1000000    1838.78809675668)(2000012    105.362527227477)(2000201    1226.66115828377)(2000111    -29.1170948865015)(2000211    -740.957501698074)(2000002    1284.37878502934)(2000101    3380.41943818954)
0 6      - (2000101    2153.88690712814)(2000111    -445.702832494467)(2000001    1595.94920220591)(2000002    1259.67584359222)(1000000    1833.602702981)(2000201    1990.17671747581)
2 4      - (2000001    1911.39467589512)(1000000    1297.30260471471)(2000101    1724.05262729048)(2000002    1902.56293447935)(2000201    1575.44743731619)(2000211    -500)
4 4      - (2000002    1822.02944502597)(1000000    2915.47894467049)(2000121    -500)(2000101    1470.63571589512)(2000001    1178.84385735061)(2000111    -780.008012739182)(2000211    -509.654345122985)(2000201    1252.14684619225)
2 0      - (2000201    645.224170343185)(2000002    1648.29831052119)(2000101    3334.92145637105)(2000001    662.251859162209)(2000211    207.963207190462)(1000000    2013.46570957176)(2000111    1378.37160931088)(2000012    286.195544088634)
3 0      - (2000002    841.749773386145)(1000000    610.528158200632)(2000001    1443.95542279758)(2000101    3101.17156971602)(2000201    950.336102174826)(2000012    -817.878869746047)(2000211    -789.017544802126)(2000111    1274.2873840362)
3 1      - (1000000    1955.16171910147)(2000101    3312.31399763763)(2000002    1656.18498939119)(2000211    -66.7101496068777)(2000001    1353.46488232257)(2000201    1670.76406934368)(2000012    -297.298317636116)(2000111    545.46736630368)
4 3      - (1000000    1946.47082527459)(2000001    1206.4975704215)(2000002    1981.5608264196)(2000201    1582.7820075687)(2000101    1722.07784555411)(2000121    -959.260866240064)(2000111    679.88443436119)
3 4      - (2000211    -1146.75346419337)(2000001    1793.60689784634)(2000002    1411.36983985571)(1000000    2015.69183385919)(2000101    1716.16568498797)(2000201    1778.69061326878)
4 5      - (2000001    778.645394721262)(2000101    2177.22788129044)(2000201    964.608212653462)(2000002    31.1826335426998)(1000000    1877.19624304707)
0 5      - (2000111    608.875011933795)(1000000    1804.18270842942)(2000201    2677.57644384702)(2000002    1926.90123223729)(2000211    -619.047449406522)(2000001    521.216368103735)(2000101    1975.37627264311)
2 5      - (1000000    1726.28338798225)(2000001    1231.88201489007)(2000201    1796.47641416172)(2000101    2329.5498132736)(2000002    1433.34595740831)(2000211    91.1982073151007)
2 6      - (2000211    -954.57309954751)(1000000    2531.26788949141)(2000002    1699.38146322053)(2000001    1989.52668007709)(2000012    -0.5)(2000201    1822.00789916104)(2000101    1789.05885968044)
4 1      - (2000201    1831.49328975702)(2000001    1663.30392190221)(1000000    1952.05052734071)(2000002    1958.65309511252)(2000101    2856.93939467327)(2000211    347.693492757079)(2000111    296.938560121134)
7 0      - (2000002    -441.48964477559)(2000101    2514.11435079245)(1000000    2334.52243516188)(2000201    1264.71249945346)(2000001    244.853457335275)
6 0      - (2000201    1450.94776878803)(2000101    2423.24466844596)(2000002    1722.83494620537)(1000000    2169.32578289209)(2000001    391.43708419174)(2000211    -500)
1 9      - (2000201    1299.26613450897)(1000000    1422.42757056829)(2000101    1361.17443153458)(2000002    1465.59326354873)(2000012    2568.44422080634)(2000001    1802.33086778823)(2000111    716.564198501184)(2000211    1126.862837268)
11 1      - (2000111    337.906808186677)(2000012    430.649029912724)(1000000    2122.45393972843)(2000001    1656.65275774971)(2000101    1681.07206323518)(2000201    904.608518588085)(2000002    2200.26676387134)(2000211    435.436439897245)
10 2      - (2000101    1429.85479190225)(2000201    1364.38056598114)(1000000    1492.33178185302)(2000002    2663.53090121461)(2000111    1250.07168388454)(2000001    1470.06453939055)(2000012    2260.16147058226)(2000211    1388.20439867335)
0 12      - (2000211    1559.21279737536)(2000101    1852.91259773619)(1000000    2123.46003157934)(2000001    2371.81598647858)(2000012    2105.38198389039)(2000111    1453.40341568056)(2000201    1689.56820098788)(2000002    1797.33630684848)
2 14      - (2000001    2055.68956465666)(1000000    1951.66535780464)(2000111    1225.46841799146)(2000211    646.272240307756)(2000002    1325.79628305384)(2000101    1347.71958611356)(2000201    1389.88942094422)(2000012    907.112603674795)
12 1      - (2000002    331.70637026034)(2000201    1291.74957396721)(2000111    349.742339854646)(2000101    1457.38518902257)(1000000    1963.12477715312)(2000211    137.590222858157)(2000012    1307.23179826441)(2000001    740.765075668987)
2 13      - (2000111    684.945315896629)(2000002    1540.92432207194)(2000201    1307.34843930267)(2000012    1961.86854987446)(1000000    1901.66587025114)(2000101    2335.45085702305)(2000001    1571.99329679351)(2000211    1512.27705490037)
2 9      - (2000002    1540.71935226166)(2000111    -238.799344358959)(2000001    1724.39343117375)(2000101    1477.18984546436)(2000211    556.68460015761)(1000000    1627.89415090502)(2000012    562.207490130213)(2000201    1355.54932496049)
1 14      - (2000211    1158.30612461135)(2000101    1340.8127432486)(2000201    1205.21989159495)(2000001    1323.94826470875)(2000002    1125.05762921573)(1000000    1803.42968430216)(2000111    1311.11171982054)(2000012    1138.56249001932)
4 11      - (2000002    2261.48985502598)(1000000    2363.70122505381)(2000211    1157.04725263806)(2000101    2335.52669692977)(2000012    2450.01069516393)(2000111    762.273014429841)(2000201    2008.45084988113)(2000001    1918.21665312969)
3 8      - (2000001    1581.22580321959)(1000000    1919.18493737356)
1 8      - (1000000    2631.33045394395)(2000101    973.658525629067)(2000002    -559.710962088448)(2000111    -224.657422451716)(2000211    -588.743458533236)
9 2      - (1000000    1566.503225354)(2000201    1582.14490802793)(2000101    1650.48532699735)(2000111    1450.6254166958)(2000001    1571.67660472864)(2000002    1486.1224319261)(2000012    1383.32651439973)(2000211    1116.31568059495)
11 0      - (2000002    1823.60230511145)(2000101    1753.29541269616)(2000001    2361.73502190656)(1000000    2025.77088423857)(2000211    1496.84732123455)(2000201    1479.45868946107)(2000111    778.491088593091)(2000012    2340.08512379143)
3 11      - (2000201    216.1136909716)(1000000    2131.32686347774)(2000001    1927.33835838049)(2000211    1009.44059369979)(2000111    922.358360169693)(2000012    2361.27417732143)(2000002    2245.63561743527)(2000101    1614.69914382295)
1 13      - (2000211    912.673299176563)(2000101    1333.6574208748)(2000002    2160.33705466575)(2000001    2228.31606822723)(1000000    2128.76637183821)(2000121    -470.058280095651)(2000012    445.02387235494)(2000111    860.246362341545)(2000201    1486.22442300885)
3 9      - (2000002    -129.761172444816)(1000000    1138.22904824465)(2000111    -7.31084224642251)(2000001    371.932191974165)(2000211    -50.5815806306332)(2000012    -918.163226875179)(2000101    1212.48986530557)(2000201    617.737951610096)
13 0      - (1000000    2137.13457688252)(2000002    2300.35918631943)(2000001    2152.24125287411)(2000201    1286.94767380107)(2000111    1298.38324977432)(2000012    809.942629703314)(2000101    1660.60062821271)(2000211    1254.9445834389)
2 10      - (2000001    1588.27037406142)(1000000    1612.76208424744)(2000111    1150.29969394195)(2000211    1511.35264458176)(2000002    1523.8107912152)(2000201    1551.37212202922)(2000012    2216.99670774328)(2000101    1788.17284560124)
0 9      - (2000101    1352.10879342532)(2000201    1334.77433950367)(2000001    1390.24353255499)(1000000    1369.08107199634)(2000211    1388.78261903385)(2000111    995.271994268238)(2000002    1311.949754562)(2000012    2289.1590907224)
0 14      - (2000201    1183.89591637613)(1000000    1819.5918522833)(2000111    1190.74276779332)(2000101    1206.72783461386)(2000002    1285.66673912687)(2000012    1782.93003666172)(2000001    1476.03968977314)(2000211    1129.25813223253)
4 12      - (2000201    888.556932017658)(2000101    654.051484179715)(2000012    261.737425604452)(1000000    1313.93737424478)(2000211    639.441406297426)(2000002    1138.16201858092)(2000001    1586.59631940106)
11 2      - (2000012    2285.31888674811)(2000002    1963.28680745314)(2000111    869.89489459206)(1000000    2200.50108415939)(2000001    931.956884214769)(2000201    878.695384153856)(2000101    1489.57545345259)(2000211    1141.8915917907)
3 13      - (2000201    1409.63220799265)(2000101    1621.04402257856)(1000000    2487.58048012547)(2000002    -4.04045091650937)(2000001    1447.91120916834)(2000012    2845.59109443889)(2000111    804.711200794052)(2000211    260.005178642487)
9 0      - (2000002    1320.3169876022)(2000201    1691.61154870351)(2000211    1366.22587071953)(2000101    1214.88126273161)(1000000    1443.020473226)(2000111    1350.67501723922)(2000001    1282.57022638953)(2000012    2339.37855331025)
12 0      - (2000002    3643.33058254073)(2000101    2334.68444572616)(1000000    3629.20117369645)(2000012    2140.04105874489)(2000201    1811.79261266147)(2000211    2065.59613080638)(2000001    2476.7590180772)(2000111    1146.66049199514)
4 9      - (2000001    1224.57749784824)(1000000    1698.34968289108)(2000201    1078.34146521304)(2000101    586.386231300744)(2000012    54.3974106055524)(2000211    -117.799849023457)(2000002    1669.80492995914)
1 15      - (2000002    1334.91928657672)(1000000    1393.5373466524)(2000111    864.462774671923)(2000211    503.085552872869)(2000201    1404.48095766268)(2000001    794.812022030909)(2000101    1485.4523097132)(2000012    755.271936537394)
10 1      - (2000101    1512.28825275449)(1000000    1446.33539540736)(2000012    2112.11046130883)(2000201    1293.87074853557)(2000111    1096.42230507707)(2000002    2038.23837883495)(2000001    1514.68412925301)(2000211    1384.79385491104)
10 0      - (1000000    2463.27178163148)(2000002    1778.62646397235)(2000111    1070.10447178998)(2000101    1589.77661634897)(2000201    1522.17981022384)(2000001    1640.76153330471)(2000012    2331.27714854648)(2000211    1168.97218408937)
0 15      - (2000201    1298.10455229644)(2000012    708.769511322478)(2000001    1076.09503375988)(1000000    1258.13525492077)(2000002    1281.0559866879)(2000111    1301.86334791489)(2000101    1480.2883727316)(2000211    919.479011134093)
1 11      - (2000201    1522.05868018171)(2000111    -274.506871744959)(1000000    2157.25450755234)(2000012    2011.99752373551)(2000211    905.559143537293)(2000101    1762.59985357698)(2000002    2605.61110075613)
2 8      - (2000012    38.6515748148918)(2000002    -278.544997226839)(2000101    -194.795090777859)(2000001    2207.16607349239)(1000000    1599.87218444963)(2000201    762.563796085608)
6 2      - (2000001    415.229386258975)(2000201    1438.64206448834)(2000002    -545.993060050643)(2000101    2010.67519459385)(1000000    1380.37643850905)
5 2      - (2000101    2068.41231726674)(2000201    2220.68911048411)(1000000    2258.92100305447)(2000002    1362.87993258645)(2000211    -489.797977297611)(2000001    1421.17792163674)
2 11      - (1000000    2096.50180933909)(2000012    2189.5722250735)(2000111    428.625210872976)(2000002    2636.57586432613)(2000211    982.637365028965)(2000121    -649.715865002994)(2000101    1872.27681469198)(2000201    1723.01974040067)(2000001    965.802996079572)
9 1      - (2000001    1601.22474891512)(1000000    1698.83370673786)(2000111    1451.25878805339)(2000211    1463.12396296957)(2000201    1545.28536816914)(2000012    2262.71433825231)(2000101    1445.72493840027)(2000002    1656.39326810296)
0 16      - (2000111    605.761298501689)(2000001    1232.68965413355)(1000000    1157.88539219202)(2000012    1189.86619006046)(2000002    1164.04632893593)(2000211    749.915043012234)(2000201    1136.45622982597)(2000101    1110.38468390355)
0 10      - (2000201    1714.81020100271)(2000001    1501.28456289361)(1000000    2061.09340511008)(2000111    737.177834241996)(2000101    1484.99823417155)(2000211    1074.02080476158)(2000002    2229.25543638795)(2000012    2235.40660712204)
2 15      - (1000000    2285.13053746211)(2000001    1324.40110470051)(2000012    1215.3849993292)(2000111    904.245427781138)(2000211    -19.1314041458098)(2000002    1791.7006603568)(2000201    1594.29236636386)(2000101    423.722863185106)
0 11      - (2000001    1935.88127737126)(2000002    2260.88702332702)(1000000    1964.6207370888)(2000111    1128.33683490918)(2000201    2295.05055801473)(2000211    695.273493667083)(2000012    530.469529123378)(2000101    2036.80841826995)(2000221    -724.201086412187)
1 10      - (2000101    1590.77921172084)(1000000    1990.62878429655)(2000201    1729.50502118504)(2000001    1618.0968851656)(2000111    1714.79130944143)(2000002    1894.7637153853)(2000211    586.948585478314)(2000012    2235.9749744033)
5 3      - (2000001    1221.25221547579)(2000201    1446.0443204993)(2000211    -427.945178861303)(1000000    1912.16869560716)(2000101    2446.56865725688)(2000002    657.113014681808)
6 6      - (2000012    51.7336661871596)(1000000    1570.11659343743)(2000001    602.624283628062)(2000002    -441.822734400524)(2000201    2820.02914856809)
1 12      - (2000101    1945.03111715623)(1000000    1858.02426949431)(2000001    2221.79117365342)(2000201    982.192250326959)(2000012    2258.60974636232)(2000211    -910.744977649103)(2000111    -849.714419684454)(2000002    97.3731292301547)
13 2      - (2000002    1817.50229384987)(1000000    1919.6395598039)(2000012    1638.80445775041)(2000211    1213.30612937997)(2000221    -470.006724652896)(2000201    1356.17880091132)(2000001    1297.15267738761)(2000101    1306.98033616685)(2000111    1170.59147333227)
14 1      - (2000002    1554.12297868924)(2000012    1591.54320411253)(2000101    1440.48893066614)(2000001    1562.532397449)(2000201    1447.16331986612)(1000000    2123.03652623344)(2000111    1141.97817447226)(2000211    1424.12679047243)
12 2      - (2000001    -211.413548636028)(1000000    1357.12082656702)(2000002    1134.37509323781)(2000211    1140.79013087785)(2000101    1037.25369047913)(2000111    665.376822708552)(2000201    1329.78828806487)(2000012    2173.46943498313)
1 5      - (1000000    1652.99097380382)(2000002    1641.58012154726)(2000001    1404.41646129474)(2000201    1985.06199236224)(2000101    2506.05304748036)(2000111    882.975121752298)
3 6      - (2000201    490.790713890137)(2000101    1844.78822257443)(1000000    2042.69054085993)(2000001    451.356748916835)(2000002    2133.44364637921)
1 6      - (2000101    2316.26531317507)(2000002    1434.27149536682)(1000000    2293.07301696472)(2000001    725.416321177308)(2000201    2381.17917900264)
4 6      - (2000201    -352.714468855498)(1000000    1365.11963488788)(2000001    1848.55818143259)(2000101    2518.58358823805)
3 15      - (2000111    1017.41544195239)(2000201    -496.376310901661)(2000001    588.825714954425)(2000002    -975.071007668102)(2000101    -1110.19000454112)(2000211    1299.84693405677)(1000000    1379.75340670824)
3 10      - (2000201    1092.03184698003)(2000111    1176.78709755426)(1000000    1601.55991605545)(2000001    1476.29121079491)(2000012    2214.58966623777)(2000211    1129.88082122808)(2000002    1567.15931812049)(2000101    1438.28490220149)
2 12      - (2000101    -28.1041932655547)(2000211    1046.07509431022)(2000002    2118.52430295665)(2000001    1971.42464229099)(2000111    59.4425400214567)(2000201    1600.75692603924)(2000012    2547.11607356201)(1000000    2112.63079939089)
0 13      - (2000002    1617.07278716497)(2000211    1263.0205728349)(2000111    1273.46086153953)(1000000    2344.92410374551)(2000201    1313.60345820657)(2000001    2631.03495265322)(2000012    990.133478202226)(2000101    1480.52794279886)
3 14      - (2000201    1215.12661415211)(2000101    989.822499722524)(1000000    1943.92971016124)(2000002    2169.98338000054)(2000001    1893.55166522512)(2000211    731.811219342867)
0 8      - (2000002    84.5465347478553)(2000211    -627.770496321671)(1000000    1722.31006998447)(2000201    -657.539679416321)(2000101    1433.7621257522)
5 0      - (2000201    1727.93895847854)(1000000    1554.45206115198)(2000101    2981.2883693789)(2000002    1928.19538539604)(2000001    1738.83455468)(2000211    -400.689057471784)
5 5      - (2000002    -92.1807236348734)(2000101    2467.20714855143)(1000000    2127.20898206628)(2000001    -301.165604416005)(2000201    902.897422912445)
3 5      - (2000001    277.081938644544)(2000002    -227.004145145919)(1000000    1403.60706537946)(2000201    535.986646454607)(2000101    2051.87543361156)
0 17      - (2000101    1144.46709011639)(2000201    914.819784705522)(1000000    1273.69116369346)(2000211    1257.40084941851)(2000002    1493.54029935092)(2000111    311.166282705281)(2000012    492.413732566726)
10 3      - (1000000    1833.76548671538)(2000101    1658.8510983504)(2000002    1693.50456126867)(2000201    1607.40264170419)(2000211    277.112754827481)(2000001    1735.19735465191)
4 10      - (2000111    329.293999504076)(1000000    2180.51977818323)(2000101    1359.31685431115)(2000002    1156.51871389279)(2000211    108.802463274526)(2000001    516.938772041774)(2000012    2527.64647618335)(2000201    1564.16564657806)
4 13      - (1000000    2428.45193385391)(2000211    -247.03117632797)(2000002    1640.81682390894)(2000001    411.796063453377)(2000111    -67.6633835491784)(2000012    2206.23306106126)(2000201    531.020938965822)(2000101    1261.73154796045)
13 1      - (2000201    1429.57023230358)(1000000    2150.6599963086)(2000101    1654.06369795565)(2000211    162.193378050476)(2000002    2249.13644070084)(2000001    1782.90915719783)(2000111    838.596858862913)(2000012    1411.95633902315)
14 2      - (2000101    1230.92788862977)(1000000    1931.47585026078)(2000121    -914.059544855633)(2000201    1241.42591981969)(2000001    1331.95130757559)(2000211    1268.4849491166)(2000111    -50.3416065197874)(2000002    2006.59019356573)(2000012    2240.36410229631)
2 16      - (2000002    1291.57420385272)(2000111    -96.2943846363821)(1000000    637.154281400885)(2000001    911.931236976293)(2000211    135.749936520022)(2000101    936.022502190175)(2000201    785.82710728737)
5 1      - (2000002    1266.80416342712)(1000000    1802.60726314235)(2000001    978.729666286576)(2000201    1119.39850851544)(2000101    2289.61102910057)(2000111    16.5099828874465)
13 3      - (2000101    780.947212647931)(2000001    2101.94677905943)(1000000    2104.32744259873)(2000201    -78.5427954004235)(2000012    1997.45537917878)(2000111    579.701507395056)(2000211    1277.2266598062)(2000002    734.603296635189)
4 14      - (2000201    1034.51751099362)(1000000    2311.72738275148)(2000101    1271.95205039721)(2000001    2396.04717301793)(2000211    672.392891498053)(2000111    1002.67114876106)(2000002    703.970011196647)
6 3      - (2000101    2309.80502098614)(2000002    632.175196752337)(2000001    172.303288800526)(1000000    2503.08244604082)(2000201    48.4451755219762)
14 0      - (2000111    1190.44350132362)(2000101    1200.8968452085)(2000201    1147.28088755466)(1000000    1187.64667991286)(2000002    1629.44734701023)(2000211    1064.86359901081)(2000012    -44.226098125175)(2000001    1395.05651155949)
9 3      - (1000000    1777.35574510406)(2000111    621.49415533687)(2000002    1975.00383347636)(2000012    1469.13621179382)(2000201    1818.39814352258)(2000211    319.310883643184)(2000101    1916.79634951731)(2000001    1611.04960658694)
3 12      - (1000000    1968.4862924957)(2000001    1981.68546951571)(2000201    520.375305255897)(2000111    972.880413994487)(2000211    230.064548719794)(2000012    2134.29446871006)(2000002    1340.22872516481)(2000101    1172.10150659674)
8 3      - (2000201    -484.232616619772)(2000101    1792.02603980102)(1000000    1056.40751277087)
8 2      - (2000201    891.79771679895)(1000000    2442.08099525157)(2000001    824.689280914758)
5 11      - (2000211    -505.60149849659)(2000101    266.984936347217)(1000000    1710.64894991401)(2000002    1145.91179201003)(2000111    605.151734063041)(2000201    867.22486684448)(2000001    639.264696183658)
14 3      - (2000012    -119.019395040558)(1000000    1447.63699221281)(2000201    1818.57231086362)(2000001    1298.83836700723)(2000002    1066.18630876258)(2000211    1418.64961856993)(2000101    1039.8043274254)(2000111    585.555057200888)
16 2      - (2000101    1291.69391878)(2000012    198.621885056432)(2000211    -612.228059210138)(1000000    1150.53540150136)(2000002    1615.69706882158)(2000201    1129.67804557097)(2000111    155.627121665981)
6 1      - (2000101    2498.49929917198)(2000201    1254.7042517771)(2000001    706.817706474815)(2000002    1203.281805061)(1000000    2084.09531260783)
5 15      - (2000111    171.835740408337)(1000000    1407.37427335793)(2000101    1105.31439857077)(2000002    285.18484083605)(2000201    494.702554931027)
15 0      - (2000111    1065.55997505859)(2000201    909.485963004289)(1000000    1180.17551377442)(2000012    827.562635063963)(2000002    1612.82060721935)(2000211    1107.4086406601)(2000101    1076.76053943197)(2000001    1525.74929099703)
1 16      - (2000201    1388.95006187875)(2000101    1414.47018019532)(2000211    620.723957594043)(2000012    645.359054893779)(2000111    653.499505321067)(1000000    1409.20641790395)(2000002    1422.52365890685)
4 15      - (2000211    -99.1906383836638)(1000000    1806.395296326)(2000111    179.105043818557)(2000001    862.158518189669)(2000101    1177.42676417815)(2000012    716.787848895769)(2000002    287.89670313786)(2000201    304.064433571621)
14 4      - (2000001    532.472141422243)(2000002    1429.90166677673)(2000101    1129.43716296086)(1000000    2259.0594578979)(2000111    2.88378733742024)(2000211    341.317958042608)(2000201    811.887447569741)
5 4      - (2000002    1445.88702528454)(1000000    1186.23977595156)(2000001    418.345564908422)(2000201    769.556931670154)(2000101    1939.49864826774)
3 16      - (2000111    754.110147632992)(2000201    324.545813500514)(2000101    1387.43142829051)(1000000    118.138153176086)(2000211    924.697769632086)(2000002    1141.17101940508)
15 4      - (2000101    1791.78250699624)(2000201    1274.00743928075)(1000000    2004.47356418729)(2000111    802.565454348976)(2000002    697.011786840491)
3 18      - (2000211    442.422270232614)(1000000    959.521041785228)
5 12      - (2000002    878.867161307337)(2000111    -507.162864921279)(1000000    1782.88546444308)(2000101    1496.09471269511)(2000201    1298.3583866341)(2000012    615.858538150199)(2000001    538.280666378405)
6 15      - (2000211    -787.695299937564)(2000201    -324.005061256067)(2000101    -834.727779657507)(2000002    -966.696416233619)(1000000    885.662475336552)
14 9      - (2000101    249.625555431485)(2000211    -173.731421896627)(2000001    493.951212941215)(1000000    -60.9050217164236)(2000111    -548.463742435979)(2000121    -398.351652318308)(2000002    -950.449861966331)(2000012    2071.27876793633)(2000201    -545.059264601578)(2000221    351.447879359759)
10 14      - (2000201    -593.517867868975)(2000101    -1044.56105478484)(2000001    -616.629167412218)(2000012    1976.79150146292)(1000000    -357.487129983972)(2000111    -657.457948811772)(2000221    -461.3544397313)
10 12      - (2000211    913.735230320216)(2000012    2556.00961863612)(2000111    630.694413198508)(2000101    709.895514088444)(2000002    1484.56953120609)(1000000    531.563203527873)(2000201    912.716535291428)(2000001    1004.64119343812)
9 12      - (2000121    -580.577338844348)(2000012    2129.03453465744)(2000001    1719.09436763826)(2000201    270.652098423733)(2000101    -18.7371537564802)(2000111    142.866666823112)(2000002    1373.5247586006)(1000000    297.393056268374)(2000211    226.813284084655)
10 11      - (2000111    520.00926199479)(2000002    1712.91984222209)(2000201    609.73091895884)(2000012    2680.03856460895)(2000001    1505.95990120969)(2000101    500.836280735073)(1000000    839.654816168707)(2000211    850.699101877886)
14 8      - (2000001    -1629.63575800227)(1000000    -1246.27382087048)(2000211    -1411.20478230989)(2000111    -1136.60614248055)(2000201    -1094.75476634985)(2000002    -966.872080798533)(2000101    -240.415675132067)
12 10      - (2000111    942.583489920154)(1000000    586.424138303176)(2000101    791.048895656973)(2000001    1670.85670338633)(2000012    2519.22657022081)(2000201    586.850057644249)(2000211    731.242818299886)(2000002    1721.81067227486)
9 9      - (1000000    1138.61149188699)(2000201    818.914328993175)(2000002    1756.12847876304)(2000001    1839.24815525395)(2000101    850.64927621246)(2000211    1091.97459461214)(2000111    1202.29185321189)(2000012    2211.59055204985)
15 11      - (2000002    -451.353963677889)(2000201    -635.156332688356)(2000012    1807.67319734593)(1000000    -450.161582311657)(2000111    -799.552728804506)(2000121    -657.457948811772)
16 10      - (1000000    -162.148480930637)(2000012    2694.73968351169)(2000111    -527.629972741614)(2000211    -33.6515300136379)(2000201    152.364393665367)(2000001    -198.189666736828)(2000121    54.7794252745371)
12 12      - (2000002    1849.20442160553)(2000111    758.499040197384)(2000201    877.989312762813)(2000211    1086.41909771742)(2000012    3637.02319803701)(1000000    1182.77394892984)(2000001    1830.27009731102)(2000101    986.021453995271)(2000221    -1075.22631125718)(2000121    -692.372886857652)
9 10      - (2000211    1020.53730670839)(2000002    1698.91513676083)(1000000    1412.39721045311)(2000001    1788.36731378272)(2000111    940.876119839476)(2000012    1776.5006965557)(2000201    982.866211099132)(2000101    1251.74943776448)
10 15      - (2000001    215.462137562986)(2000002    -490.43038300981)(2000012    2128.213501837)(2000211    -770.113804415425)(2000201    138.014558655225)(2000101    -47.9641699559061)(1000000    509.300563500233)(2000111    240.012593670714)(2000121    326.796996412335)
9 11      - (2000201    1138.44897712669)(2000012    2219.97433043817)(1000000    1081.12434551283)(2000001    1125.29971877331)(2000211    942.378201771042)(2000002    1598.70003657179)(2000101    677.611434059861)(2000111    718.353757180803)
12 13      - (1000000    -260.518530395191)(2000111    -679.614845685854)(2000001    700.752164415782)(2000211    877.320729212295)(2000012    2260.16006616993)(2000101    194.091896103083)(2000221    -585.874032428816)(2000201    917.149640685416)(2000002    654.899798025811)
9 8      - (2000001    1377.88389235731)(2000201    1118.24011912526)(2000002    1831.76820280759)(2000111    782.488737121897)(2000012    2697.5194691347)(2000211    936.899793969602)(1000000    868.644503126569)(2000101    580.271905092401)
10 13      - (2000101    341.150171271234)(2000221    -906.548876870384)(2000211    956.573484433211)(2000012    2833.12252050074)(2000201    1005.19118479751)(2000001    1415.82135729546)(1000000    780.688483135782)(2000002    1404.72229374848)(2000111    317.402655303836)
11 15      - (2000201    -100.969362622406)(1000000    -625.867953577229)(2000012    1651.90206595567)(2000101    3.58724931346298)(2000221    88.5949990087511)(2000211    467.268827047084)
7 10      - (2000211    680.658158660925)(2000002    2275.12686956108)(1000000    2056.02353005715)(2000001    2363.12782270707)(2000201    736.527829240154)(2000111    -37.5116643137571)(2000101    1273.26762194868)(2000012    2247.29862362835)
12 17      - (2000201    -461.022501364674)(1000000    -685.4235233411)
10 10      - (2000111    1044.70100112761)(2000201    1026.0797031014)(2000211    1126.27348667801)(1000000    1207.3567173489)(2000101    753.18773479286)(2000001    1739.65528066898)(2000012    1721.12342468023)(2000002    2202.76591583374)
13 8      - (2000201    -637.355033642057)(2000002    -1196.58487016208)(2000101    -394.474899313208)(2000001    -1387.77553017594)(1000000    -1509.20337627498)(2000211    -1194.1210209069)(2000111    -555.680024160465)(2000012    -66.820245345798)
10 16      - (2000201    -342.77543306165)(2000111    88.1677917175411)(2000012    2029.41683579274)(1000000    -1045.1836706165)(2000101    -340.66907912253)(2000001    82.4682367745485)(2000002    340.817991395384)
6 14      - (2000211    -1151.42692147326)(2000101    -1280.23547818323)(2000201    991.950869466991)(2000002    453.132350113406)(1000000    590.902611232915)
6 12      - (2000201    354.193219742849)(2000001    -724.132035778137)(2000002    -638.047321985838)(1000000    1500.42348516836)(2000012    -155.374603846153)(2000111    1506.5617046185)(2000101    1392.51406648099)(2000211    247.512680387929)
16 9      - (2000201    -868.409874727132)(2000101    -1014.0203936389)(2000211    -878.297189176714)(1000000    197.608224690699)(2000111    -301.975614471617)(2000002    -614.508043679012)
8 0      - (2000101    2685.90317258872)(2000111    -113.41652388592)(2000201    2408.10073659668)(1000000    2215.74089929628)(2000001    2431.35490108643)(2000002    804.214614305071)
7 16      - (2000211    -1019.50103212265)
9 16      - (2000211    -886.094682385233)(2000001    579.656013784666)(2000101    -257.890770064501)(2000201    -843.62356529854)
2 17      - (2000001    1257.43948529013)(1000000    1261.04118668063)(2000101    844.460940429333)
15 9      - (2000211    6.31930463042349)(2000002    403.225985391147)(2000101    -490.459404176077)(2000201    -405.61506833044)(2000111    284.776346711859)(1000000    -91.9567305534095)(2000012    2099.75443311544)(2000001    302.267694277706)(2000221    249.549040759558)
9 17      - (2000002    -131.234569755285)(2000201    -888.089334097023)
17 8      - (2000111    -867.425718170161)
17 12      - (2000101    -749.820226384701)(2000001    270.437521318434)(2000111    -420.815165339071)
14 10      - (2000111    503.798748116757)(2000101    186.093991457019)(2000201    284.946589740331)(2000002    593.395465004296)(1000000    453.462684505783)(2000211    598.938010823156)(2000221    421.291936063703)(2000001    -53.1718450289279)(2000121    385.195918478438)(2000012    2830.47454399847)
16 14      - (2000111    -97.2928959562669)(2000012    2690.36560324967)(1000000    -274.540366844584)(2000211    412.209196550917)(2000001    425.318897266365)(2000101    242.284077987135)(2000121    135.721085627027)(2000201    150.204053425214)
13 16      - (2000001    474.283297249544)(2000002    224.394829752213)(2000211    69.6152300001497)(1000000    -40.1147520784083)(2000111    -9.07888283541649)(2000012    1167.54083988253)
13 9      - (2000002    477.906723964632)(2000201    -352.475390910102)(2000012    1414.93120349501)(1000000    318.400554511182)(2000001    62.663891963718)(2000111    -1140.34981768601)(2000211    -703.177500196711)(2000101    395.649321008843)(2000121    447.752418438152)(2000221    210.612856417765)
9 13      - (2000002    107.888634655332)(2000001    -990.828243421199)(2000211    1111.76441121293)(2000111    699.552827159084)(2000012    1869.17592861115)(2000221    245.79958168035)(1000000    272.11384975948)(2000201    482.289994687219)(2000101    417.064405808035)
11 16      - (2000012    1239.43000109413)(2000001    -410.476429743957)(2000211    86.393824799432)(2000121    73.3451439957623)
13 7      - (2000211    -1494.94412599831)(2000101    216.420440049253)(2000201    -1468.91959615221)(1000000    -1509.98105925805)
10 9      - (2000001    1751.6721792384)(2000101    793.176728614742)(2000002    1533.30699611714)(2000111    1176.5155212804)(2000211    905.892775579818)(2000201    1019.06231893111)(1000000    955.081515390766)(2000012    2193.53659100319)
16 3      - (2000211    1154.51350117624)(1000000    934.26259271963)(2000111    204.309498377548)(2000012    761.091038764711)(2000002    1136.7081284511)(2000101    780.154169855155)(2000001    278.083007897725)(2000201    266.024723266649)
15 8      - (2000201    -1516.79620028198)(2000101    -1024.27031260704)(2000012    543.089875408067)
10 19      - (2000101    -757.234080875767)
11 14      - (2000201    494.465405860545)(1000000    -1322.59725000216)(2000211    -1105.51463425405)(2000002    -454.258540312605)(2000111    -1114.3259714005)(2000101    -1017.73754882619)
16 7      - (2000211    -683.228858354326)
16 11      - (2000201    -1317.21597336492)(2000101    -972.9817882737)(2000002    347.741682664863)
20 10      - (2000101    -685.32742900148)
6 11      - (2000101    1942.80541552758)(2000012    2284.22579511227)(2000111    512.913690918769)(1000000    1550.43205386254)(2000001    522.28656950016)(2000211    281.064361545664)(2000002    542.159286504985)
12 22      - (2000201    -457.274186608284)(2000001    -213.022825954308)(2000012    -28.1041652887559)
24 12      - (1000000    -1128.52854584778)(2000101    -1291.76377491189)(2000001    -441.85020424852)(2000201    -1470.26873178323)(2000111    -1192.49451877893)(2000002    -70.3475839413152)(2000211    -1290.16307779111)(2000012    526.82419281376)
8 4      - (1000000    1952.13174446822)
5 10      - (2000002    2202.82426583644)(2000111    36.618054867879)(1000000    1968.49485170884)(2000101    1671.79035174096)(2000201    413.058414787965)(2000001    1107.26733146442)
12 5      - (2000012    2082.96304144453)(2000201    2019.50554179336)(1000000    902.762084464927)(2000211    841.507568357757)(2000001    904.773092204948)
7 13      - (2000001    -1132.27242674867)(2000201    -1445.16187919679)(1000000    -1217.36501340605)(2000101    -963.934493944355)(2000012    206.102031412978)
8 9      - (2000101    217.639209884535)(2000201    179.050100026983)(2000012    2649.97442922253)(2000211    937.445604645363)(2000002    1654.58025627672)(1000000    2121.81464048157)(2000111    1539.52580449246)(2000001    1815.63638611134)
14 11      - (2000101    -900.839266648331)(2000012    2471.01053448223)(2000211    -10.6086319111843)(2000201    -516.229377604588)(2000221    -739.749631660761)(2000121    -1313.58461093275)(1000000    -88.0894367341617)(2000001    707.879186894184)
7 17      - (2000101    -706.630550097342)(2000121    -657.723592285611)
12 11      - (2000111    333.561131043941)(2000001    890.460785175462)(1000000    831.437051574589)(2000101    923.34041376095)(2000201    987.625340791149)(2000002    1910.34366679449)(2000211    1101.82075239246)(2000012    1466.57336740704)
12 16      - (2000211    -88.5259455099924)(2000012    1084.76230669096)
12 7      - (2000111    -1073.69877696409)(2000012    -128.22493832007)(2000211    310.83433937402)(2000001    459.074157693707)(1000000    1968.64986351176)(2000201    580.072744140913)
8 5      - (2000201    1661.62617421704)(1000000    524.213480736445)(2000211    560.72206670656)
6 19      - (1000000    -870.162142947416)(2000121    -909.820431147114)(2000101    -702.941525481277)
15 10      - (2000012    2705.5462213099)(2000211    -851.856702166068)(2000001    144.359446209939)(2000101    -547.711488745575)(2000111    91.2358630503871)(1000000    -143.221736086199)(2000002    612.001368056498)(2000201    357.976794482074)(2000221    279.890730115581)
9 15      - (2000111    -147.381463066338)(2000101    101.213340137544)(2000121    -308.974054576608)(1000000    -535.076941354845)(2000012    2209.24340444258)(2000002    291.180409177874)(2000201    -724.247621802271)(2000001    144.526811829885)(2000211    510.767315256553)(2000221    120.444395461837)
14 12      - (2000002    886.724305733385)(2000101    -322.555760834063)(2000012    2225.03805409955)(1000000    757.796774193034)(2000201    45.7004800633515)(2000211    1317.56490943691)
20 7      - (2000001    -117.072106708941)
11 10      - (2000211    545.342472586905)(2000111    839.346752175818)(2000201    793.889962666362)(2000012    2649.34002686883)(2000001    1617.3716098659)(2000002    1729.91873567407)(2000101    1007.25884767317)(1000000    680.938209355144)
15 12      - (2000201    -836.06256263368)(2000211    -327.079320647509)(1000000    -460.746099758269)(2000001    -414.27576051746)
16 12      - (2000211    -557.375041755786)(2000012    1165.68304184816)(2000201    -487.686865678244)(2000002    441.885609699576)
12 15      - (2000211    -220.886528760151)(2000001    -580.775255127992)(2000201    -24.3539393617833)
7 12      - (2000111    420.379601078619)(2000012    140.417407291144)(2000211    -789.329109867053)(2000201    1404.13870883919)(1000000    1178.63357186337)
11 11      - (2000201    670.030741361001)(2000001    1040.16806544235)(2000211    1065.62732185891)(2000012    2475.25078794778)(2000111    707.788642877821)(1000000    695.729879385423)(2000002    1545.3722613139)(2000101    561.611161259705)
16 8      - (2000121    -657.723592285611)(2000111    -577.481668349267)(2000201    -709.187056190806)(1000000    -318.318258455311)(2000211    -643.244067154604)
13 6      - (2000012    2497.28288292485)(2000101    680.729714292427)(2000001    1408.00011586579)
12 6      - (2000012    1879.79010308191)(2000001    254.627401993693)(1000000    1706.62957661539)(2000101    647.360348640279)(2000201    668.21680913102)
6 20      - (2000101    -727.888558883)(1000000    -527.604165288756)
6 13      - (2000001    -1789.23027800989)(2000002    -304.533503532431)(1000000    1927.76942488577)
15 13      - (2000002    1165.76627397071)(2000221    -744.503386907491)(2000101    -865.243636068351)(2000111    642.861608700967)(2000121    -162.033769025298)(2000211    149.335386448672)(1000000    -57.0152348636631)(2000012    2467.70009118003)(2000001    -428.446011384423)(2000201    249.549040759558)
21 5      - (2000012    38.7539002417313)(2000201    904.135597429137)
12 24      - (2000111    -895.500645903665)(2000201    -1076.04980014212)(2000101    -1040.18060591522)(2000002    2544.0414488021)(2000211    -624.982849990601)(1000000    -799.552728804506)(2000001    -300.039648804506)(2000012    837.285949585515)
12 3      - (2000111    452.222437198604)(1000000    2006.77865306894)(2000002    998.463664833998)(2000201    881.307331479833)(2000211    925.310467705433)(2000101    1715.12803595623)(2000001    808.630263748169)(2000012    696.777862889533)
8 12      - (2000001    -528.225441136222)
14 16      - (2000211    -355.072597092993)(2000002    2182.2455539233)(2000111    -46.2475696211958)(2000101    615.075967944792)(2000001    -55.1963305430266)
23 14      - (2000211    -714.891501001883)(2000111    -1008.05056679411)
13 14      - (2000111    1529.99319299717)(2000201    592.781852957374)(2000002    841.548880449675)(2000012    2632.4285929299)(2000001    1227.62744823019)(2000211    588.840984648143)(2000221    -500)(2000101    772.867144947379)(1000000    399.314257332669)
7 14      - (2000012    1124.99441471894)(2000201    -1636.86030259146)(2000001    -838.670952676883)(2000211    -384.542176191062)(2000101    -1120.81720001799)(2000111    -879.676732741466)(1000000    -823.86717276468)(2000002    -342.974888020757)
6 5      - (2000002    101.129632760642)(2000001    1337.41813891064)(2000201    1032.70589065798)(1000000    2656.75340621298)(2000101    1598.27865786998)(2000111    1257.7052035344)
14 7      - (2000111    -966.294979759524)(2000101    -1320.93480710441)(2000002    -423.418889957662)(2000001    -881.157029425829)
6 4      - (2000001    -660.238341900387)(1000000    2197.01653279527)(2000002    -500)(2000101    2007.70621706134)(2000201    1682.85241375419)
15 14      - (2000221    -788.075229161861)(2000201    773.317215692)(1000000    538.90327078066)(2000002    887.141157141968)(2000101    -270.534553088515)(2000012    2623.77455618527)(2000111    -94.4953956415735)(2000001    1101.05529618388)(2000211    519.698263075619)(2000121    -657.457948811772)
14 13      - (2000111    -848.337737798312)(2000012    1452.6450153812)(2000001    1812.37494035518)(1000000    312.870034195348)(2000002    411.528057472196)(2000201    1046.60345932914)(2000121    198.242170802965)(2000101    570.677187787904)(2000211    1434.39642341492)
14 14      - (1000000    1217.84103146631)(2000002    2541.62589860637)(2000012    1442.7087621482)(2000211    1524.99797026131)(2000101    837.962859342107)(2000111    1540.71722349194)(2000201    1589.10484241306)(2000001    1532.60052773691)(2000221    -512.963628353379)(2000121    -443.320556107335)
21 10      - (2000012    45.6626508788452)
25 13      - (2000002    1429.55760001037)(2000111    73.2892316412528)
12 23      - (2000002    1615.33091342736)(2000111    98.0040730915878)(1000000    73.1912369954153)(2000211    573.921990122692)(2000101    368.774290048371)
8 1      - (2000201    2090.14760461975)(2000002    2629.85930864518)(1000000    2694.25579837818)(2000101    2644.35367806928)(2000001    2540.22416783388)(2000211    765.115115131328)(2000111    870.082377801652)
8 8      - (2000012    2390.03059582635)(2000101    345.040346617333)(2000201    -401.268484013886)(2000001    1009.89701903417)(2000211    -103.875140844236)(2000111    174.243280561825)(2000002    1341.37116205759)(1000000    243.971665908179)
21 11      - (2000002    -69.2830736802321)
22 11      - (1000000    0.163180324758031)(2000001    1537.03158955672)(2000111    503.463289811045)(2000101    263.937030924572)
22 12      - (2000101    -981.960336930903)(2000012    136.352724663795)
14 15      - (2000001    1227.75673563272)(2000012    2153.03070184201)(2000211    1555.09840354039)(2000002    2097.9965700576)(2000201    127.380582109759)(2000111    1179.94012276634)(2000101    -58.8368800901353)(1000000    533.615920459303)(2000221    -547.711488745575)
13 23      - (2000001    -362.116212373571)(2000002    147.214208164576)(2000101    -791.406247933134)(2000201    -642.030043704721)
22 10      - (2000211    -1036.10422311319)(2000101    -311.925158621928)(2000111    -169.980756743766)(1000000    69.796815511305)(2000012    2558.60660994187)(2000201    157.599127170042)
12 25      - (2000211    -592.059556064682)
13 15      - (1000000    -592.059556064682)(2000211    -888.089334097023)(2000002    -107.898439863665)(2000111    -362.027423027276)(2000101    -268.350782442365)(2000201    -906.179273650697)(2000001    2227.65399410675)
17 11      - (2000211    -465.497944115103)(2000001    -302.741719850219)(2000111    -510.153980739052)
13 10      - (2000001    -957.210442519007)(2000121    -115.18100325913)(1000000    -166.93335626371)(2000201    284.230828811456)(2000002    1504.05707596793)(2000101    -258.183020124595)
14 6      - (2000211    406.394179442804)(1000000    1044.89738769865)
10 17      - (2000012    61.3432809011539)(2000001    -126.450163776909)(2000002    1008.84691271533)(1000000    167.073519103563)
14 17      - (2000101    -645.921680913252)
10 18      - (2000001    -22.3749779634671)(2000002    156.621357117706)(2000201    -592.059556064682)
17 10      - (2000111    -601.627020961054)(1000000    -1237.83546399273)(2000201    -1180.182722076)(2000101    -25.9439879475404)
8 17      - (2000002    -15.2542274457458)(2000211    -92.5203560646818)
19 6      - (2000002    268.892468554474)
9 18      - (2000201    -566.062827259263)(2000012    -316.418762674425)(2000211    -7.93117580786025)
14 24      - (1000000    -403.015660293416)
13 11      - (2000012    1957.48757178274)(2000201    452.970252451079)(1000000    -423.407691955)(2000111    110.384267848985)(2000001    707.030849811212)
17 9      - (2000101    -1006.13437837114)(2000111    -15.834437199152)(1000000    -385.526526730074)(2000121    -643.802319195872)(2000001    -527.376596938083)
24 11      - (1000000    -391.525502641232)
8 18      - (1000000    -416.438851558906)
23 12      - (2000201    533.628402469768)
8 16      - (1000000    -309.536613388647)(2000012    733.551042898026)(2000002    212.988147722232)(2000001    -520.965718870509)(2000211    -186.650467770931)(2000201    -545.059264601578)
16 15      - (2000201    -485.186753356933)(1000000    -25.5499284780193)(2000101    -498.042329113257)(2000211    -2.97113952124763)(2000012    2713.86652187159)(2000002    524.590113433597)(2000001    450.485310919055)(2000121    -405.035571325943)
9 26      - (2000012    42.2276973982379)
10 22      - (2000201    459.695809647355)(2000002    1947.53525166308)(2000101    -153.176811957352)(1000000    -156.601099625233)(2000012    1596.82520409505)(2000211    293.350694573135)(2000001    316.435327326061)
26 14      - (2000211    1596.84521780876)(2000111    -945.132945211104)(2000101    295.818763506783)(2000002    1266.34633432798)(2000001    398.287149313492)(2000012    2059.85025809622)(1000000    640.289880682733)(2000201    592.91789571161)
15 15      - (2000111    1460.29147703159)(2000002    975.714107395921)(2000101    779.634753406615)(2000211    1473.5914405308)(2000201    912.012886740683)(2000012    2784.36858015418)(1000000    545.569733243829)(2000121    335.171668786867)(2000001    702.384086211484)
22 13      - (2000001    -117.116087412218)(2000111    -712.115584447677)
10 8      - (2000211    592.745214665142)(2000002    827.705414687147)(2000101    203.135706110409)(1000000    418.847956650218)(2000201    650.613654567523)(2000001    1986.51003225895)(2000012    1729.78818010382)(2000111    -75.7626137459315)
26 11      - (2000002    78.4852101350263)(2000012    31.8303160913976)
6 7      - (2000201    625.93407948816)(2000002    30.5850680871447)(2000001    30.7850680871447)(1000000    2124.91200011755)
4 7      - (2000201    574.527951382691)(1000000    3024.66845120947)(2000001    792.361525759032)
23 10      - (1000000    122.267013858333)(2000211    674.701509953779)(2000201    201.213705107501)(2000002    1645.88257566524)(2000111    -509.514334180063)(2000012    2389.38692682573)(2000101    35.0939663930387)(2000001    711.975611778198)
5 13      - (2000012    719.10716284992)(2000111    549.360254656913)(1000000    2149.26042099614)(2000101    793.183418998336)(2000001    1114.9758904426)(2000201    293.066511648722)(2000211    364.441182600357)
8 15      - (2000111    -743.325458662387)(2000002    -219.434487879926)(2000211    -1210.99624812425)(2000201    -769.548054514532)(2000012    1675.87289440641)(2000101    90.1435978104488)(2000001    -195.166105093408)(1000000    -145.684173041722)
19 9      - (2000012    90.1506446722745)
15 16      - (2000211    -631.667604269732)(2000101    -468.694485049071)(2000012    1957.12589576851)(2000201    -154.135141770313)(2000002    314.522291336826)(2000111    -422.842277201719)(1000000    31.0322569116527)(2000001    836.465362548779)
21 12      - (2000012    469.578425310551)
14 23      - (2000211    -1066.14358244777)(1000000    -695.298033658226)
11 17      - (2000101    -621.540807286085)(2000201    -861.824417646749)
11 12      - (2000002    1529.42273315234)(2000001    1219.05612239272)(2000101    481.742946373105)(1000000    636.092776802757)(2000111    742.569279212896)(2000201    1082.44492616466)(2000211    818.684581974605)(2000012    2429.85060452813)
23 9      - (2000111    86.0443961181195)(2000002    1746.80454121065)(2000101    307.630233850264)(2000211    600.914555458497)
18 8      - (2000111    -620.066468180291)
19 8      - (2000211    -7.93117580786025)
11 13      - (2000101    -686.4775789007)(2000111    140.498653273519)(2000201    136.571531807476)(2000012    2127.99940961735)(2000211    356.477571357683)(1000000    508.573534502058)(2000002    1219.02220870735)
11 3      - (2000012    119.039315090809)(2000111    513.081095524069)(2000002    2070.26462953904)(2000201    1617.06433452941)(2000211    1171.53293392271)(1000000    1818.0662313085)(2000101    1118.84454142588)(2000001    241.308317567412)
17 15      - (2000201    182.840281655254)(2000111    -228.202063111015)
9 14      - (2000001    -77.8276919615005)(2000201    -619.141085384146)(2000211    107.290327769385)(2000111    18.4126774088683)(1000000    245.498989929892)(2000012    1989.97460127139)(2000101    310.590657297343)(2000221    175.810106918853)(2000002    112.94624389971)
13 12      - (2000002    515.069915603635)(2000121    -856.220648840741)(2000201    -218.258038750716)(1000000    583.417739501951)(2000101    660.314191058482)(2000111    1093.27617429166)(2000001    1492.92933826636)(2000211    1251.13078349637)(2000012    1414.16838348975)
16 6      - (2000211    -378.245750711064)(1000000    959.143599444413)(2000001    357.695679811676)
24 13      - (2000211    -1294.12303944436)
25 14      - (2000002    1457.50575120224)(2000211    574.81371834054)
25 12      - (2000111    -652.231117681446)
25 10      - (2000012    2.99492777415454)
8 10      - (2000001    1053.88655061064)(2000101    542.05007990847)(2000002    2058.04924944759)(1000000    1792.80325778024)(2000201    1680.41779569701)(2000012    2623.2559574052)(2000211    947.55487227513)(2000111    1060.51698422128)
8 25      - (2000111    -1108.8727055927)
12 21      - (1000000    -937.5)(2000002    84.9701136083077)
26 8      - (2000002    285.371710285397)(1000000    -328.325685099928)(2000211    -454.020405409289)
16 16      - (2000012    1769.47420614722)(1000000    417.064405808035)(2000221    -480.793890406241)
13 13      - (2000211    1136.45488082821)(2000201    794.616733055544)(2000101    474.930425861861)(2000001    1264.80410516183)(1000000    870.096826471807)(2000012    2718.4135150869)(2000111    512.00532110028)(2000002    1272.78544068614)
25 9      - (2000111    -1212.50390413582)(1000000    -1240.39416191028)
21 15      - (2000211    -281.569332107056)
11 21      - (1000000    -370.027542640425)(2000002    -271.502558117671)
16 17      - (1000000    -1190.43317960352)
10 28      - (2000111    -1017.53909772329)
8 13      - (2000001    -885.793021356912)(2000012    442.948865703186)(2000121    115.419727265205)
26 9      - (2000211    -627.247681699927)(1000000    -588.094355869802)(2000002    781.752736689894)
25 7      - (2000201    -1483.70009076093)
8 27      - (1000000    -945.37002894645)(2000111    -921.20624472297)
27 7      - (2000001    96.13340851317)(2000101    -446.046023700177)
15 7      - (2000002    -1162.67002572503)(2000201    -1042.49131489835)(1000000    -1179.63086953129)(2000101    -666.634864509777)
28 12      - (2000002    283.970080120056)(1000000    -328.325685099928)
24 8      - (2000001    -68.1487631885435)(2000012    28.035100425864)
7 29      - (2000201    -372.493613491848)
28 9      - (2000002    -1.57812781351534)
27 6      - (2000012    38.7539002417313)
6 27      - (2000012    147.192339649288)(2000101    -547.52399159966)(2000002    -88.7302807941985)
6 26      - (2000002    -293.916861773497)(2000111    -446.046023700177)
25 6      - (2000101    -1157.61851333331)(2000111    -1236.50950782382)(1000000    -1667.2305464879)
26 7      - (2000001    -372.863129593702)(2000201    -434.575882407156)(2000101    -285.203186219498)(2000012    800.333391426435)(1000000    -500)(2000211    -329.94060118069)
20 15      - (2000002    697.850226352302)(2000012    296.57553910722)
10 25      - (1000000    -748.812558482163)
6 25      - (2000012    252.623697293653)
23 7      - (2000002    -0.5)
11 7      - (2000111    -1232.53786387446)(1000000    1678.45593163138)(2000001    543.479880194962)(2000101    728.818619186404)
27 10      - (2000101    -781.622486642388)(1000000    -500)
24 7      - (2000211    -989.130937032236)(2000201    -962.259222497819)
27 8      - (2000012    58.130850362597)
7 26      - (2000111    -712.115584447677)
6 24      - (2000111    -762.01647332063)
8 14      - (2000101    -680.624408685793)(2000001    -821.978408939207)(2000211    -654.338126870751)(2000201    -489.797977297611)(1000000    -376.613676783553)(2000111    483.195316949233)
18 18      - (2000211    -719.500489888369)
9 28      - (2000001    336.329273824503)(2000201    -952.703169421656)
15 3      - (2000001    1976.07617599794)(1000000    1774.13996661337)(2000111    739.08944648767)(2000201    547.140557578008)(2000012    708.477047817777)
8 11      - (2000002    1371.90451510784)(2000201    199.222329777246)(2000211    246.940449729237)(2000001    620.662769088846)(1000000    957.077211210115)(2000101    399.460297564206)(2000111    -5.1832442691275)(2000012    1741.9200742553)
27 5      - (2000002    -293.446638687568)
28 8      - (2000111    -600.031003112821)
7 8      - (2000001    2374.90421322699)(2000002    770.590951594804)(1000000    2463.87539292763)
5 23      - (2000211    -447.638934367646)
8 28      - (2000201    -1226.02718073618)
7 15      - (2000111    -1150.5514104206)(2000201    -711.22193421635)(2000002    -583.787077416963)(2000101    -792.385281561734)(2000012    556.338925903732)(2000001    -472.801294697224)(2000211    -432.810863971308)
13 4      - (2000201    74.8186506473675)(1000000    2128.0683845645)(2000211    439.282835755437)(2000002    911.66573693957)(2000111    279.714781274904)(2000012    709.487231565928)(2000101    804.301997244828)(2000001    553.834346904954)
29 10      - (2000201    -1259.12585730465)(2000012    42.2769699024417)
5 24      - (2000101    -669.069035550265)(2000012    90.1506446722745)
9 27      - (2000111    -648.6545255158)
9 25      - (2000002    1778.80189161739)(1000000    -214.47176971606)(2000201    128.802140132214)
7 11      - (2000002    1324.3368220499)(2000201    1708.47064446968)(2000111    259.091914393233)(1000000    1330.4989914174)(2000211    744.633859677891)(2000101    576.558607202748)(2000001    560.237089327633)
7 9      - (2000001    204.413288602286)(2000101    589.903181174958)(2000211    -124.741339872345)(2000111    -470.475966626865)(2000012    1536.54389529757)(2000002    1675.96994468874)(2000201    755.343367543302)(1000000    2193.46162811827)
23 6      - (2000211    -603.111778500367)
23 5      - (2000101    -958.166985299404)
10 4      - (2000012    2382.860019196)(2000211    -148.822618394596)(1000000    2075.25815536429)(2000111    1264.84028362176)(2000201    1835.34288951328)(2000002    1986.84430412758)(2000001    1808.7999680669)(2000101    1421.77830345842)
15 2      - (2000111    -68.2736741526401)(2000211    654.778585531311)(2000101    1293.71983897518)(2000001    2039.36083841076)(1000000    1878.35045630084)(2000201    1168.16065008778)(2000002    1886.38946564318)
29 12      - (2000111    -428.577973317183)
9 4      - (2000101    1521.98252302067)(2000111    1094.50925867145)(1000000    2048.16649475097)(2000201    1791.43851991741)(2000001    2004.80170876475)(2000002    2176.91587370507)(2000211    1418.0409694698)
5 26      - (1000000    -365.071344019714)
7 2      - (2000001    641.852357064101)(1000000    2839.63637829001)(2000201    1012.11736759639)
2 7      - (2000002    -146.210795830595)(2000001    4.91464857164638)(1000000    1524.66567943626)(2000201    1705.08809931532)(2000101    1046.35897938946)
0 7      - (1000000    2893.47143639858)(2000101    771.842012093706)(2000201    1303.21500277828)(2000001    1487.33127635539)
24 6      - (2000002    -283.002435360848)
29 8      - (2000201    -1692.99387019362)
7 27      - (2000012    738.0467299579)
11 4      - (2000111    380.906413518586)(2000201    1031.49847008585)(1000000    2252.77446207543)(2000002    1267.43691777653)(2000211    361.737026455704)(2000001    2272.12245568264)(2000101    981.815635088684)
4 23      - (2000012    2221.62203761545)(2000111    -15.2611693809061)(1000000    227.327319524963)(2000121    -200.525558682952)(2000211    429.165770047844)(2000001    275.294960805704)
3 24      - (2000101    477.576587639673)(2000002    355.508531130306)
5 6      - (2000002    -959.467851216957)(1000000    1985.35033239357)(2000101    2654.02759336579)(2000001    1713.70393042876)
24 1      - (2000211    -568.343964428352)
0 24      - (2000012    2609.65322608848)(2000201    -581.195589963283)(2000111    -661.011689348185)(2000101    800.523392913644)(1000000    166.897927312994)(2000001    1145.76104818533)(2000002    1189.91262708387)(2000211    735.106775250326)
24 0      - (2000211    1842.58437154174)(2000201    1550.46628375967)(2000111    1015.15437908939)(2000012    1934.55519534095)(2000002    2375.36667313064)(1000000    995.302996774281)(2000101    621.309109168805)(2000001    1791.23269389242)
12 4      - (2000201    -856.706551149188)(1000000    1888.22780150455)(2000002    -66.6487685041967)(2000111    886.314307424749)(2000101    1189.43753634252)(2000012    660.493970155589)(2000001    1038.43119726246)(2000211    337.695710818256)
15 1      - (2000111    56.218987363825)(2000001    1314.11725630463)(2000101    1578.44740030875)(2000002    1113.46507782032)(1000000    1117.76003947258)(2000201    1186.07998387483)(2000211    247.951657382515)(2000012    285.0614984003)
1 7      - (1000000    1527.90052998878)(2000002    750.09613837391)
16 1      - (2000211    569.04018547544)(2000201    1117.06866955339)(1000000    1079.1756991278)(2000001    972.817777250369)(2000111    1076.86225735368)(2000101    1074.33592793325)
12 14      - (2000001    427.803918756472)(2000012    2281.50697299525)(2000211    569.874125211655)(2000111    116.223968825272)(2000201    726.897158884593)(1000000    201.970473497286)
16 0      - (2000101    1088.75750415656)(2000012    788.812921336526)(1000000    1095.1134197607)(2000211    929.443777949594)(2000201    1073.96072880763)(2000002    992.029894421677)(2000001    1071.21198054327)(2000111    573.888583340813)
16 13      - (2000012    1303.2054296529)(1000000    -191.922875077847)(2000201    -545.059264601578)
11 9      - (2000201    537.404225200186)(2000211    548.320573213848)(2000101    936.19817149816)(2000012    2386.48995878353)(2000001    1504.38017263005)(2000111    670.317375852292)(2000002    1757.79276912208)(1000000    703.409366234503)
7 3      - (2000101    2178.37855687127)(1000000    1979.28214777468)(2000001    1534.45434201147)(2000201    530.03352537068)
17 2      - (2000001    1256.71946038338)(2000201    321.934343371128)(2000002    1076.83562990729)(1000000    1244.93985518757)(2000101    159.985184491186)
13 17      - (2000101    -9.07888283541649)
1 17      - (2000002    506.830460141351)(2000201    1040.79244920744)(1000000    1200.52736038544)(2000211    182.449326867092)(2000001    811.150695448124)(2000111    289.937603656695)
7 1      - (1000000    2997.6304812446)(2000001    775.830735468438)(2000002    909.083909565691)(2000101    1078.34953900047)
4 16      - (1000000    1397.90695514829)(2000001    1538.0838529348)(2000201    508.967552096044)
5 14      - (1000000    1576.00963014242)(2000201    844.608079900065)
15 5      - (2000101    631.130342699084)(1000000    2176.10005184888)(2000201    1129.79431968012)(2000001    1209.03731654326)(2000002    1279.17484401017)(2000012    1164.7706808111)
16 4      - (2000101    -279.204962821689)(2000001    488.477697189569)(2000002    1997.55059099533)(1000000    1390.67698460273)(2000211    368.88222969119)
17 14      - (2000001    566.575835833977)(2000211    -480.793890406241)
15 17      - (2000101    -86.6332521135624)
11 8      - (2000002    932.25437182257)(1000000    -235.734480221908)(2000111    -657.457948811772)(2000101    445.834798024261)
10 7      - (2000012    1786.08021719042)(2000101    123.013919042538)(2000201    1634.53067225678)(1000000    2386.28213390381)(2000211    351.501148276113)(2000002    394.971401647825)
17 0      - (2000101    1539.81634010069)(2000002    1408.24242786916)(2000111    885.505059283032)(1000000    1541.92939163788)(2000001    632.10255831381)(2000211    481.425965478549)(2000201    566.245290804548)
17 1      - (2000211    128.538988250623)(1000000    1149.93010754415)(2000101    -177.182965375111)(2000002    1070.07757159527)
5 7      - (2000201    1853.24610439989)(1000000    2637.28747294156)(2000001    914.006697075396)
3 7      - (2000001    470.929043967258)(1000000    2549.50988720146)(2000002    -500)(2000201    -42.5590820129405)(2000101    1495.35365440849)
3 20      - (2000201    347.824614385125)
17 13      - (1000000    49.1126517311116)(2000211    -751.628108163203)
12 9      - (2000002    502.945173071245)
20 5      - (2000121    -92.6920610659539)
19 4      - (2000121    170.811277547559)
14 5      - (2000201    812.490570489668)(2000111    106.648265127998)(2000001    820.41846356424)(1000000    2027.15369975832)(2000002    994.175056214011)
2 21      - (2000211    655.738292676387)(2000001    280.080449029888)
21 2      - (2000111    -657.457948811772)(2000211    -545.059264601578)(2000101    820.994205991966)(2000201    167.315597596211)
17 3      - (1000000    910.175976285647)(2000201    867.542067801255)(2000001    691.236968127164)
13 18      - (1000000    -545.059264601578)
7 5      - (2000201    416.732668125184)(1000000    3051.50254679452)(2000101    848.783025662721)
7 4      - (1000000    2313.39176189585)
0 18      - (1000000    1386.61611070261)(2000002    1751.65567237664)(2000201    322.772546966301)
0 19      - (2000211    113.238249858263)(2000001    1753.79372083108)
5 16      - (2000101    1198.55251195877)(1000000    1119.17144195366)
14 18      - (2000211    -545.059264601578)(2000001    328.15422049953)
1 21      - (2000012    2508.4457624589)(2000001    182.099071449261)(2000221    266.412419678069)
1 18      - (1000000    1604.43362538952)(2000002    1807.88189398914)(2000001    1519.55805812873)(2000201    1278.90955965539)(2000101    246.883537520323)(2000211    192.434364089089)(2000111    559.51460188399)
9 7      - (1000000    2298.05862752865)(2000111    129.814465383322)(2000002    1238.73837486667)(2000201    331.12730496641)
3 17      - (2000001    1303.12430202549)(1000000    1522.9812373759)(2000211    702.72651281576)(2000101    -24.8659591842192)(2000111    508.967552096044)
18 20      - (1000000    -153.180843568236)
18 9      - (2000002    57.4942669351213)
20 20      - (2000001    300.499475135392)
21 21      - (2000101    31.003511799055)(2000211    -488.39716943559)(2000111    854.809245447426)
22 22      - (1000000    -578.149031113924)(2000001    757.094201145464)
24 24      - (2000211    916.441767317916)(2000002    1543.12349421889)(2000101    993.749044257441)(1000000    1086.68865461171)(2000001    730.493458865251)(2000012    2222.44532295529)(2000201    1206.98180282417)(2000111    730.285595910747)
23 21      - (1000000    537.59027025434)
24 26      - (2000002    1228.98723248243)
22 25      - (2000001    1098.34916588281)
25 24      - (2000002    1891.67878925011)(2000001    445.903522762581)(2000012    393.302581699545)(2000111    121.552431053707)
23 22      - (2000012    2321.7112656022)(2000101    566.472189552621)
17 4      - (1000000    1268.93379683128)(2000101    1476.74175562863)(2000001    323.09535076761)
22 23      - (2000101    1115.22996253326)
25 21      - (2000211    494.337773886136)(2000111    -325.167784331249)(2000101    546.412128190128)
25 26      - (2000012    1543.10158296507)(2000002    71.6649515305869)
22 24      - (2000002    1062.9039541715)(2000012    1867.55141260683)(1000000    884.718880786434)
22 21      - (1000000    10.5222076775068)(2000012    1656.64561745994)(2000211    96.734587611806)(2000001    493.987011933784)(2000111    180.296692999081)
26 24      - (2000201    213.521618353562)(2000002    990.995157801449)
13 5      - (2000002    1534.36124170187)(2000101    749.784559071093)(1000000    764.794374705971)(2000211    601.076515542686)(2000201    700.324262091079)
21 23      - (2000012    2019.17732797201)(1000000    10.5222076775068)(2000001    230.024264425374)
21 24      - (2000001    827.763804642291)(2000201    308.368406339597)(2000111    384.544677194801)(2000012    1892.34180545129)(2000101    240.876788964709)
21 25      - (2000101    624.400491594039)(2000001    272.11384975948)(2000012    497.262983107624)(2000111    875.047264039094)
26 21      - (2000111    826.389353847304)(2000012    2043.24284815402)
24 25      - (2000211    231.139256736496)(2000002    963.578286618796)(2000111    -419.512366244656)(2000001    551.202857637051)(2000012    2523.15892914323)(2000101    368.582957628504)(2000201    280.080449029888)(1000000    391.91945011785)
26 22      - (2000111    -27.1720560138858)(2000201    322.462386767684)(2000101    939.195711440767)(2000002    598.096087510353)
23 26      - (2000201    1013.83314951476)(2000211    91.1982073151007)
4 17      - (2000201    1178.22472601733)(2000111    437.232563160414)(1000000    885.752084385515)(2000101    928.562818230552)(2000001    828.473400495333)(2000012    2397.34676086399)
18 12      - (2000101    123.013919042538)
26 26      - (2000211    -569.040219501803)(2000002    734.622159748068)(2000101    192.366212108674)
18 1      - (2000201    1331.29485702054)(1000000    713.555024494051)(2000101    279.714781274904)(2000012    559.937021341486)
24 22      - (2000111    511.173226321613)(2000211    420.145450994368)(1000000    513.698385316692)
23 25      - (2000002    1646.19273499308)(2000201    -300)(2000001    280.080449029888)
26 25      - (1000000    10.5222076775068)(2000012    1754.07850071978)(2000001    210.295309192503)
25 23      - (2000201    138.947538503643)(2000111    1174.72570881592)(2000211    23.2785571623247)(2000002    553.039523767736)(1000000    598.096087510353)(2000001    79.9563379964715)
26 28      - (2000211    -2016.96273888118)
23 24      - (2000012    2275.14881420547)(1000000    777.278584949981)(2000001    158.243690933581)(2000002    618.492816192094)(2000111    28.3213003656369)
22 27      - (2000001    -419.512366244656)(2000111    381.694605979926)(2000002    567.353458231186)
20 22      - (2000201    -133.103494098691)
26 23      - (2000211    210.612856417765)(2000101    -419.512366244656)
20 23      - (1000000    10.5222076775068)
25 22      - (2000001    807.861038775518)(1000000    6.93943593314089)
25 25      - (2000111    862.220045888539)(2000201    -48.6793366278636)(2000211    482.289994687219)
23 23      - (2000101    1091.77402800422)(1000000    655.276175511113)(2000201    112.3896612705)(2000012    2183.47255033317)
21 18      - (2000001    1050.77754446338)(2000211    23.2785571623247)
21 26      - (2000101    622.436590005552)(1000000    988.568665519712)
22 26      - (2000111    612.267564862093)(2000001    106.056766789219)
24 23      - (2000101    1.28249562127513)(2000111    811.135939501278)(2000012    1911.2438300131)(2000002    126.27810526871)(2000211    389.361565036424)
24 21      - (2000111    725.452121669117)
2 18      - (2000101    1221.70126261147)(2000001    463.42624509145)
11 5      - (2000002    2281.17772271181)(2000101    128.270541405584)(2000001    2283.98489953549)(1000000    2357.92262918185)(2000111    609.597419538441)(2000201    498.098631319837)
10 5      - (2000211    1707.26238494831)(1000000    2110.5907637522)(2000101    1107.69459270666)(2000201    833.674114014312)(2000002    1345.18489453876)(2000001    1033.30175258958)
7 6      - (2000002    -313.045771420444)(2000101    1522.26247863645)(1000000    1881.11740557365)
18 0      - (1000000    1631.04014919298)(2000111    361.683039064102)(2000002    646.60760794851)
24 27      - (2000211    791.552081581593)(2000002    1243.89619064706)
16 5      - (2000201    1930.5258557427)(1000000    1055.07637780145)(2000002    691.331487224434)
27 23      - (2000012    1129.33254788834)
27 26      - (2000201    337.272601299553)
19 25      - (2000111    546.412128190128)
5 17      - (2000001    1452.91550204074)(2000201    1512.9479423896)(2000111    741.21272417846)(2000211    604.808221839454)
18 2      - (2000012    947.648095997301)(2000201    1551.75103402133)(2000002    739.532053877068)(2000111    683.166974872078)
15 6      - (2000101    1677.14855351914)(2000002    530.052724876574)
17 5      - (2000101    1268.01864218416)(2000211    312.637179278759)(1000000    312.637179278759)(2000201    281.675725602969)(2000111    626.016807929656)
18 3      - (2000111    981.120345317171)(2000101    535.758612496099)
8 22      - (2000101    328.345550774793)
26 2      - (2000111    251.001925438007)(2000201    -67.4902742419139)
10 23      - (2000101    640.087264382769)(2000201    -33.0491348322956)(2000211    604.51160420321)(2000012    2658.72395226197)(2000002    1395.37822564246)(1000000    -115.779996253193)(2000111    490.235266366275)
9 23      - (2000012    2634.21723551762)(1000000    212.31866475462)(2000211    956.063171992725)(2000201    518.587900844417)(2000002    551.70481143027)(2000101    29.9910744255262)(2000001    814.38744319423)(2000111    191.165334160635)
7 23      - (2000101    141.516478312223)(2000012    566.361958404875)
18 4      - (2000001    823.500285266424)
11 23      - (2000111    129.744445418849)(1000000    623.473351547498)(2000201    325.000678024879)(2000002    2039.08365503146)
10 24      - (2000201    88.1578950883424)(2000012    2734.01575608815)(2000101    -229.061175040051)(2000211    79.9563379964715)(1000000    -64.2168260847766)(2000002    360.81449360784)
11 22      - (2000111    830.876846888933)(1000000    -119.301337232684)
12 27      - (2000111    -164.773020100842)(2000211    -510)(1000000    -427.025666987299)
4 8      - (1000000    2188.12313109903)(2000001    1203.04487965514)(2000101    1059.5656879815)
2 22      - (2000201    703.917464225206)(2000001    396.14120098071)(2000111    351.532699781091)(2000221    782.306509285573)(2000121    195.052720876177)(2000211    482.478835233844)(1000000    -416.658716127444)(2000002    456.745503347718)
7 7      - (2000201    1227.8518517922)
19 0      - (2000211    1122.15447188339)(1000000    405.443393204212)
19 1      - (2000201    1101.36081557473)(2000002    713.402785270198)(2000001    257.67423930786)(2000111    413.702785270198)
1 19      - (2000201    761.296606043973)(2000101    403.161308669745)
23 11      - (1000000    355.96681501184)(2000201    399.017662049416)(2000012    2718.13634583918)(2000111    41.2886376159139)(2000211    319.062749524638)(2000002    516.140400806626)
2 19      - (2000101    415.516673390348)
11 24      - (2000002    1726.63265089031)(1000000    89.3888817074144)(2000211    150.153153772208)(2000201    150.153153772208)(2000111    181.40839288802)(2000101    383.688409112224)
6 10      - (2000002    752.279693563229)(2000001    2248.6563394249)(2000101    466.081491654018)(1000000    2212.08759145753)(2000211    599.372653392895)(2000111    356.006314881429)
22 3      - (2000201    923.628573648541)(1000000    391.976208647204)(2000111    318.355072549901)
22 2      - (2000101    394.458000334546)(2000001    281.394478856606)(2000111    460.292512382028)(2000201    872.180425552391)
3 22      - (2000211    1392.75773038728)(2000221    566.600956684902)(2000012    1074.75614347805)(1000000    142.930989526667)(2000121    153.217028429718)(2000111    37.4825268860384)
3 23      - (2000012    2339.13491622283)(2000111    -15.2611693809061)(2000211    235.749434734427)(2000001    537.585949585515)(2000121    552.655730388605)(2000221    276.961336671255)(2000201    130.745309343975)(2000002    571.42760523371)
4 21      - (2000101    415.539848287548)(2000121    599.646161872654)(2000001    167.073519103563)(2000201    531.342832481836)(2000221    189.419005121092)(2000012    2881.66906492466)
22 1      - (2000201    1010.70221021118)
22 4      - (2000201    436.364571353556)(2000211    254.013048030978)(2000001    914.412644079042)(2000101    119.378949090698)
5 21      - (1000000    659.727787035553)(2000201    -301.816641301247)(2000012    2683.60077676749)(2000101    24.3463461541887)(2000221    264.259455353253)
24 10      - (2000111    861.244518856609)(2000201    -119.700244117184)
9 22      - (2000201    -230.143427387919)(1000000    238.599074651081)(2000012    2511.05698213942)(2000002    565.261554208725)(2000001    614.374325268418)
9 24      - (2000211    455.367718688535)(2000201    -366.258057839186)
23 2      - (2000101    1200.09563329183)
6 16      - (2000101    425.719649245131)
24 9      - (2000201    1018.34490297979)(2000101    -92.9744128097222)
5 18      - (2000101    -16.5116954293542)
22 9      - (2000211    -87.0955277080547)(2000111    593.54768635749)(1000000    96.4045513456031)(2000201    -183.763720016645)(2000101    157.599127170042)(2000012    877.306415419916)
6 18      - (1000000    657.003249524976)(2000002    201.954952597651)
4 19      - (1000000    427.643236950264)
2 23      - (2000002    1068.47304342145)(2000211    198.188766515828)(2000101    195.390540780794)(1000000    128.72842403343)
4 22      - (2000101    417.869369630438)(2000211    691.101905334686)(2000221    748.293204736297)(2000111    583.044326069457)(2000002    711.930668246202)(2000121    291.711013674318)(2000001    420.506549150715)(2000201    315.300798930588)
11 6      - (1000000    2289.8311719771)(2000001    989.055649011264)(2000002    1102.86485050852)
17 6      - (2000101    368.751809234437)
5 22      - (2000211    661.690513475561)(2000012    2728.14776035926)(1000000    622.175593874391)(2000111    585.878138792927)(2000101    328.696460699999)
22 5      - (2000001    249.062954528229)
1 22      - (2000101    366.98302876756)(2000211    1168.55709109453)
6 21      - (2000012    1186.24699536916)
23 1      - (2000001    452.331440782057)
1 23      - (2000001    691.817532718047)
11 27      - (2000111    280.058121199983)
23 4      - (2000002    1123.03139824788)
5 8      - (1000000    2254.89459500271)(2000001    970.500310785918)
22 6      - (2000001    126.981819685675)
6 8      - (1000000    2435.52902573126)(2000101    600.329169860326)(2000111    373.811993792245)
21 4      - (2000101    922.665387551826)
20 4      - (1000000    89.014567809929)
23 3      - (2000001    460.538310070255)
10 21      - (2000111    955.949927391936)(2000001    628.314293309508)(2000101    819.992194628119)(2000211    618.281148849766)(2000201    298.108709968809)(2000002    628.396460699999)(1000000    298.660202539513)
22 0      - (2000001    1028.67018418443)
11 25      - (2000211    1178.32539634685)(1000000    166.502747031931)
9 21      - (2000001    1283.8668133797)
21 3      - (2000211    786.7129119168)(2000111    364.421067913433)(1000000    372.229488761654)
0 23      - (2000211    579.226504641739)
26 13      - (2000002    1713.06301635492)(2000201    389.689738125274)(2000211    659.092992404403)(2000012    1528.89097848872)(2000101    372.906184857483)(2000001    428.597640864077)(1000000    241.907800116524)
26 0      - (2000002    1575.6579884057)
21 13      - (2000111    248.88350211626)
27 13      - (2000201    1084.69879364206)(2000101    233.107016569741)(1000000    180.698961923215)
8 29      - (2000111    738.852396413003)(2000012    582.873619784115)
5 9      - (2000001    2271.88585858115)(1000000    2447.67212290298)(2000201    1000.52502169522)(2000002    1770.85395026848)(2000111    387.109004222012)
13 27      - (2000201    650.751517076009)
9 5      - (2000111    803.142635705192)(1000000    2149.74776627311)(2000201    1025.8292495428)(2000001    1394.32395312514)(2000101    2087.95542896711)
14 26      - (2000201    796.453495203392)(2000211    207.014356101057)(2000012    2207.31053038613)(2000111    265.006496852682)(1000000    223.842806187321)
14 27      - (1000000    1106.89110467177)
27 16      - (2000012    2480.78956268712)(2000001    413.344676919653)(2000101    614.292549921008)
29 15      - (2000012    2227.39025883629)
3 28      - (2000201    279.996197855023)
15 26      - (2000211    1068.54648899601)
10 6      - (2000101    2384.52248892179)(1000000    1958.40502391256)(2000201    736.459523232791)(2000001    529.975980493016)
6 9      - (1000000    2429.996645093)(2000201    1028.29542240765)(2000001    637.288830966946)
13 26      - (2000101    789.172087023768)
9 6      - (2000002    2201.7569663669)(1000000    2188.47351222382)(2000201    1177.86506741683)(2000001    1710.54365220115)(2000101    332.56089769346)
28 16      - (1000000    701.837797173347)
17 26      - (2000012    513.167362164977)
17 28      - (2000001    474.46246632222)
29 16      - (1000000    687.346289164116)
27 14      - (1000000    746.391414729461)(2000111    320.422545612769)
27 17      - (2000001    437.450254672318)(2000211    110.384267848985)
14 25      - (2000001    515.331716812935)(2000101    628.110843198721)(2000002    537.382919389259)
8 6      - (1000000    1928.84585015641)(2000201    630.363987130982)
21 0      - (2000001    371.844000472056)
8 7      - (1000000    2129.79300611966)
21 1      - (2000221    1377.12327177547)(2000002    121.552431053707)(2000001    178.841100864077)
0 21      - (2000001    445.538210682929)(2000201    233.107016569741)
0 25      - (2000211    2139.37234572772)(2000101    372.229488761654)(2000111    832.573289030993)(1000000    543.452827426044)(2000002    657.311811125913)(2000201    899.192754622209)(2000012    1105.63151990127)
13 25      - (2000101    494.077742643123)(2000201    179.629401352859)(1000000    279.616728486099)
15 25      - (2000002    1345.6027593225)
15 27      - (2000002    600.909370273798)
1 25      - (2000002    2303.91787718464)(1000000    338.24940611468)
4 18      - (2000111    704.371957136361)
12 26      - (1000000    678.480585880283)
15 28      - (2000211    203.942229071543)
14 28      - (2000101    374.69582452056)
3 21      - (2000012    162.755599562898)
28 21      - (1000000    291.704726549156)
23 20      - (2000101    464.504840712844)
4 24      - (2000211    152.802833237294)
22 20      - (2000001    212.391278932756)
27 20      - (2000201    129.056148215868)
28 22      - (2000012    591.428015283579)
24 20      - (2000201    148.327440510806)
25 20      - (2000211    569.659619321094)
24 19      - (2000201    93.525940354557)
26 20      - (2000111    5.25019661688188)

