142
0 0      - (1000000    -836.944850247511)(2000102    -1351.7650446613)(2000201    -1269.38799191825)(2000200    -1212.53428661924)(2000001    -1198.39708506193)(2000101    -816.208806496037)(2000100    -882.511025122849)(2000002    -1230.6577550397)(2000202    -1261.46582946595)(2000012    -574.506366753533)(2000211    -1594.79211948394)(2000111    -580.738724110766)
2 0      - (1000000    -1214.21814646119)(2000200    -1633.76151717169)(2000202    -1641.62196554692)(2000101    -971.10739828201)(2000100    -571.538263962177)(2000201    -1721.81361353592)(2000102    -1793.45688085287)(2000001    -1650.7315332622)(2000002    -1673.70391078301)(2000012    -698.630167905921)(2000211    -2178.6048150464)
2 2      - (2000101    -1588.64876059425)(1000000    -1123.24288890346)(2000201    -1477.02013744567)(2000200    -1237.81212969288)(2000202    -1353.6382857504)(2000100    -570.994381784717)(2000001    -1299.03046301121)(2000002    -1490.24373373353)(2000102    -1614.02017340727)(2000111    -530.426256386626)(2000012    -1557.20676267442)
1 2      - (1000000    -1287.35583420743)(2000001    -1370.08925275483)(2000202    -1255.00795908805)(2000002    -1474.3432039058)(2000100    -1207.90430192872)(2000200    -520.241515541803)(2000102    -1349.01259524201)(2000101    -1410.27175482986)(2000201    -1337.12701163906)(2000012    -1197.0262894298)(2000211    -1754.45172179493)(2000111    -404.46886548187)
2 1      - (1000000    -1219.70382184151)(2000002    -1817.67811008748)(2000101    -649.303631636546)(2000100    -1447.88312036719)(2000102    -1382.07002692739)(2000202    -1383.18749716018)(2000201    -1413.29693293027)(2000200    -1372.92509926888)(2000001    -1803.63792089579)(2000211    -1349.6186403559)(2000012    -1657.60980730974)(2000111    -397.42951781418)
0 2      - (2000200    -1274.47441540982)(2000100    -1267.14122149008)(2000001    -1264.21889975208)(2000101    -565.478293244212)(1000000    -821.469097211155)(2000201    -1310.22495196239)(2000002    -1396.47867550091)(2000202    -1353.86171073439)(2000102    -1522.16182167217)(2000012    -660.63197024209)(2000211    -837.940599337172)(2000111    -517.614822613442)
1 0      - (2000102    -1000.21027915228)(2000100    -904.400623276987)(2000002    -1291.72445901172)(1000000    -1322.18109868824)(2000101    -1057.80483994712)(2000200    -954.728655399128)(2000202    -831.226801002108)(2000201    -1064.21889402384)(2000001    -1255.65007714936)(2000012    -858.122420442042)(2000111    -258.917897434893)
3 2      - (2000101    -1596.30217115065)(2000002    -1910.01897520554)(1000000    -1452.28799530364)(2000200    -1589.73855854751)(2000001    -1940.58110750877)(2000202    -1560.28271231386)(2000102    -1603.8459784793)(2000201    -1569.90319213287)(2000100    -832.275814149892)(2000211    -1437.5)(2000012    -1511.5145148209)
4 1      - (2000102    -1265.84748573122)(1000000    -1319.98039392427)(2000100    -1350.78011396798)(2000002    -1849.50875461018)(2000001    -1200.9073592431)(2000201    -1671.82671330927)(2000101    -570.786175682454)(2000200    -1108.62934751506)(2000202    -1746.2921941874)(2000211    -600)
0 1      - (2000102    -1398.6241059092)(2000002    -1249.19473107278)(1000000    -1267.81038109775)(2000001    -1338.38772423215)(2000200    -1476.39637501688)(2000201    -1298.0201998058)(2000100    -1648.66891852869)(2000101    -1376.37458855307)(2000202    -1340.42415503393)(2000012    -1786.84234957244)(2000111    -428.706286555185)(2000211    -728.102727913653)
4 2      - (2000200    -1145.54920420268)(1000000    -985.644778420727)(2000101    -566.73785262409)(2000202    -1202.9241133858)(2000201    -1237.70046022118)(2000001    -1644.13113183694)(2000002    -1134.05669134561)(2000100    -1196.9819280605)(2000102    -1528.87625090674)(2000211    -1350.99958964584)(2000012    -1162.09114073872)
1 1      - (2000200    -1503.57511393355)(1000000    -1454.10906616846)(2000101    -661.958656739173)(2000202    -1681.68397667334)(2000102    -1610.53817031814)(2000201    -1887.7788990115)(2000002    -1551.04978145596)(2000001    -1717.30434646123)(2000100    -1958.45318932827)(2000012    -604.067780758452)(2000211    -1720.26053401337)
0 3      - (1000000    -1447.29256881884)(2000200    -1517.05515668565)(2000001    -1503.92153466628)(2000100    -1654.81874185188)(2000002    -1743.9508497458)(2000101    -723.025513292562)(2000201    -1686.20961866114)(2000202    -1873.36572949476)(2000102    -1941.2758774452)(2000012    -1309.03813318985)
3 5      - (2000202    -1257.46302594004)(2000001    -1152.72246946516)(1000000    -1264.98305857494)(2000101    -920.097091319938)(2000012    -500.945472147475)(2000102    -1606.49858444027)(2000201    -1709.00590917236)
3 3      - (1000000    -1109.47444638958)(2000102    -1281.66012158039)(2000001    -1424.35905134034)(2000101    -1060.90296139502)(2000100    -1573.70848189353)(2000202    -1243.25142186153)(2000201    -1221.2655511577)(2000002    -1153.33992009531)(2000200    -1284.74343916593)(2000012    -1340.17102680791)
4 0      - (2000202    -1712.70043428664)(2000101    -770.293444802711)(2000102    -1529.35776561743)(2000001    -1524.55954810962)(2000200    -1622.03509511753)(1000000    -1194.30428060402)(2000012    -1612.7916241159)(2000002    -2061.01359558944)(2000201    -1857.86122429971)(2000100    -1809.36224476105)
5 0      - (1000000    -904.220375255001)(2000202    -1251.7296)(2000102    -1809.57179831059)(2000201    -1366.18097299538)(2000200    -821.895397652605)(2000101    -1505.3705738336)
1 3      - (1000000    -1529.93161999814)(2000201    -1569.3935087715)(2000101    -1987.13969823697)(2000002    -1311.59406978469)(2000200    -602.847547813181)(2000100    -1570.91873888906)(2000202    -1571.16303573935)(2000001    -1468.55832146754)(2000102    -1553.24477154309)(2000211    -1551.25670994536)(2000012    -1472.53602989736)
3 0      - (2000102    -1568.60469052419)(2000200    -1653.18852015538)(1000000    -717.215294761173)(2000202    -1609.54183791407)(2000001    -644.273405771338)(2000101    -1665.74808023321)(2000100    -1817.47294581406)(2000201    -1722.06855594249)(2000002    -1749.23028779099)
0 4      - (2000200    -1602.73747375669)(1000000    -616.37425638171)(2000002    -1291.04686596749)(2000001    -1489.27822855182)(2000202    -1607.56111651696)(2000100    -1801.07464414295)(2000102    -1537.21784064714)(2000211    -1813.88016377894)(2000201    -1203.92130158882)(2000101    -842.187410185947)(2000012    -511.253572582445)
2 6      - (2000102    -1257.66566667158)(1000000    -772.066809013565)(2000001    -313.315484597958)
0 5      - (2000102    -1491.40107318208)(2000202    -1324.56958644546)(2000002    -1304.46989927865)(2000101    -1015.37830085233)(1000000    -999.299330553037)(2000001    -1336.38786193032)(2000201    -1538.42069575387)(2000200    -969.816681175025)(2000100    -1104.93309211468)
2 4      - (1000000    -1461.45185523925)(2000102    -1310.21464790024)(2000202    -1656.11182625634)(2000200    -1891.49805157067)(2000101    -1522.39538785454)(2000100    -1427.29195420407)(2000002    -1585.73711938128)(2000001    -1643.44807694461)(2000201    -1323.99866152708)(2000012    -1163.64034638416)
3 1      - (2000202    -1635.53181020871)(2000102    -1532.90602940159)(2000200    -1758.65141138937)(2000100    -1682.99659692977)(1000000    -1194.82054398536)(2000201    -668.606844373949)(2000101    -1679.21782554459)(2000001    -1636.40277867408)(2000002    -1445.57148045445)(2000012    -273.130010215171)
4 3      - (1000000    -762.843717001202)(2000012    -1480.07605588103)(2000202    -1535.89272148091)(2000002    -1946.45193677569)(2000102    -1739.20287495454)(2000101    -734.130242710776)(2000001    -1757.77096751097)(2000100    -2066.05533525275)(2000200    -2065.60852065114)(2000201    -1424.28816026002)
6 5      - (2000202    -1291.94911845914)(1000000    -1301.75004244969)(2000100    -1279.40083755785)(2000001    -1746.62726198015)(2000102    -500)
1 5      - (2000200    -1994.53437711823)(1000000    -1081.692101303)(2000102    -1983.72704612292)(2000001    -1313.23118017957)(2000202    -1234.89922184802)(2000002    -1380.93320032879)(2000101    -743.93425501067)(2000100    -1458.02682490874)(2000201    -1402.71275167389)
4 4      - (2000200    -1862.55536136474)(1000000    -1891.74738908059)(2000101    -1622.47574131354)(2000201    -2028.94305787099)(2000202    -1977.80265857569)(2000100    -1575.65276317797)(2000002    -1696.06185464244)(2000001    -1701.64806082292)(2000102    -1905.1635204893)
2 3      - (1000000    -1894.79419025064)(2000100    -1657.88663933103)(2000201    -1784.37820246326)(2000001    -1658.8537569009)(2000002    -1666.67244552841)(2000102    -1785.56806797134)(2000200    -1381.5060494529)(2000101    -853.077088067941)(2000202    -1812.34915311772)(2000211    -1416.30041310674)(2000012    -1701.80835486307)
0 6      - (2000202    -1526.38521785778)(2000100    -1293.82306509479)(1000000    -1500.11465511337)
5 2      - (2000002    -1244.06569014028)(2000101    -1005.94503382842)(1000000    -637.725970379668)(2000200    -1193.91419422645)(2000201    -1208.57812897647)(2000202    -969.113735327431)(2000100    -769.938423186278)(2000102    -986.514629323947)(2000001    -1095.74366134231)
3 4      - (1000000    -1875.85392129459)(2000002    -1240.75369029225)(2000200    -1549.31244623919)(2000202    -1178.69364525936)(2000201    -1645.77670553133)(2000100    -1200.38723302322)(2000102    -1494.88202722528)(2000101    -1152.88703366999)(2000001    -1378.82905688509)
1 4      - (2000102    -1525.47364116549)(2000101    -1532.40219154687)(1000000    -1659.45282179278)(2000202    -1578.34594745447)(2000100    -1593.05088036693)(2000001    -1502.63229112808)(2000200    -1515.10951184316)(2000002    -1841.02413166551)(2000201    -1657.57081964564)(2000012    -1280.12736157129)(2000211    -1527.10444886873)
2 5      - (1000000    -758.784565415822)(2000100    -1490.7171392834)(2000201    -1365.48042514898)(2000102    -1315.93998742184)(2000101    -1144.46558402417)(2000200    -1413.0509487556)(2000002    -1566.84877253365)(2000202    -1604.9693225119)(2000001    -900.603133293026)
5 3      - (2000101    -1273.81390001919)(1000000    -822.184560918568)(2000201    -997.015911934151)(2000001    -1239.21800597516)(2000002    -1016.4141596941)(2000100    -590.032408952231)(2000200    -879.095970593979)
5 4      - (2000101    -1724.35778950367)(1000000    -1776.53136149999)(2000100    -1261.79386662504)
5 1      - (2000102    -1369.18293957016)(2000200    -1142.10127666318)(1000000    -879.953588694466)(2000101    -1656.4095391313)(2000002    -1311.18641164331)(2000001    -1542.58628735989)
6 2      - (2000202    -2287.83604611298)(2000200    -1652.9763711773)(2000102    -1928.36298759198)(2000100    -1087.17056161776)(1000000    -1265.07469601128)
1 9      - (2000202    -540.351777197293)(2000001    -1520.10802647745)(1000000    -1422.8293248362)(2000100    -1207.21928030201)(2000002    -1604.90448991803)(2000200    -1229.55539930462)(2000102    -1097.01046825147)(2000101    -1414.14125879652)(2000012    -540.667870688635)(2000201    -1321.31283236819)
10 1      - (2000200    -738.799222469317)(1000000    -558.853422434035)(2000102    -575.384248600611)(2000100    -819.734961086429)(2000201    -693.150643018613)(2000101    -826.212732335393)(2000001    -735.489428783925)(2000002    -550.668111460609)(2000202    -553.883920586722)(2000012    -700.011141077099)
2 9      - (2000002    -1276.48021959765)(1000000    -1021.94145917933)(2000100    -1881.21400471082)(2000101    -1509.91228560788)(2000201    -1592.59613437924)(2000001    -1737.43034592208)(2000102    -1368.31095094575)(2000200    -326.53659651627)(2000202    -1559.68181989443)(2000012    -453.367967314751)
11 1      - (2000201    -805.079038816662)(2000200    -1086.35763242104)(2000002    -742.779245676271)(2000102    -980.456793380596)(1000000    -990.020919616554)(2000100    -965.016099643209)(2000001    -789.672949181979)(2000101    -850.344453533993)(2000202    -920.587480478841)
9 2      - (2000102    -949.328281246591)(2000001    -1165.63513403878)(2000200    -992.028231506174)(2000002    -991.511741227594)(1000000    -797.478143504962)(2000101    -970.029581398836)(2000201    -1032.2694549088)(2000100    -658.739190900345)(2000202    -1068.62041062509)
10 2      - (2000102    -890.793079623092)(2000100    -607.6329730177)(2000202    -956.605456426068)(2000002    -861.826514137339)(2000201    -1345.26206770828)(2000101    -1125.84151700704)(2000001    -971.143954013591)(1000000    -944.399362381695)(2000200    -932.275090763768)
9 1      - (2000201    -1118.43469742919)(2000100    -914.275765854559)(2000002    -1345.51515117161)(2000200    -1047.58887324292)(1000000    -1039.60974361445)(2000102    -1139.93896011712)(2000001    -856.531051183185)(2000202    -736.303127911355)(2000101    -401.344047696988)
9 0      - (2000102    -1111.63101023443)(2000101    -974.061816623747)(2000200    -945.086209756788)(2000002    -821.388297118779)(2000201    -983.929956310933)(2000001    -901.112459694072)(1000000    -1041.33904816614)(2000202    -1119.12543202606)(2000100    -899.127465311624)
11 0      - (2000002    -858.603937699104)(2000102    -811.788019135933)(1000000    -537.279621841418)(2000201    -825.298071421996)(2000001    -739.401527817183)(2000202    -961.53485762691)(2000101    -851.49040987893)(2000100    -750.296756210544)(2000200    -768.49778907106)
10 0      - (2000002    -744.195485886722)(1000000    -612.885842232213)(2000102    -719.583686814664)(2000200    -623.955566091926)(2000100    -606.792957309784)(2000101    -716.127732201429)(2000201    -737.376779806234)(2000202    -629.37196201599)(2000001    -608.568811197486)
11 2      - (1000000    -1015.90750991488)(2000202    -572.451062598282)(2000102    -1088.49446410517)(2000200    -1055.31398985885)(2000001    -570.681716650956)(2000100    -951.323292745812)(2000002    -917.002741934027)(2000201    -918.511413015706)(2000101    -995.282082524592)
5 5      - (2000200    -1005.63997226132)(1000000    -826.975965974503)(2000100    -659.604750387078)(2000101    -209.330681392943)(2000001    -426.050758573199)
0 9      - (2000202    -1224.28943008863)(2000102    -1416.43242332583)(2000200    -1661.12251775715)(2000001    -559.009907658199)(2000100    -1658.58834546127)(2000201    -1434.90411482348)(2000002    -933.381324863125)(1000000    -1080.91423408689)(2000101    -906.263923241139)
3 9      - (2000001    -1275.37907506084)(2000100    -1278.44552179968)(2000200    -1190.57019691413)(2000202    -641.037665536159)
2 12      - (2000001    -877.108919703153)(2000102    -817.823885082366)(2000101    -1090.43982662609)(2000100    -894.455082600792)(1000000    -789.50335727966)(2000202    -871.558819653601)(2000200    -434.471216090867)(2000002    -939.016484780604)(2000201    -663.520508849463)
0 13      - (1000000    -1314.14979656582)(2000102    -566.66467961096)(2000101    -1084.97889339376)(2000001    -1048.64475970422)(2000201    -1077.50662928739)(2000002    -796.461103972354)(2000200    -1050.52390556775)(2000100    -646.237945605958)(2000012    -876.946263424129)(2000202    -989.947862949539)
0 10      - (2000101    -936.834410966018)(2000202    -946.326640331661)(2000201    -1019.18557242209)(2000001    -865.84656516181)(2000100    -958.103256317384)(2000200    -798.301867584208)(2000102    -962.06884174749)(2000002    -856.260476306613)(1000000    -981.335614290567)
1 10      - (2000202    -767.724625356501)(2000102    -722.320057565395)(2000012    -843.853409882911)(2000100    -882.293632681571)(2000101    -1050.42632417694)(2000002    -937.352496519988)(2000201    -1071.53468482813)(2000001    -793.856229296897)(1000000    -960.835191877311)(2000200    -742.111313767046)
0 12      - (2000102    -692.341463660261)(2000201    -845.505062930018)(2000200    -997.522240264602)(2000001    -372.324738369185)(1000000    -1219.54379738723)(2000100    -706.435488340747)(2000101    -961.138465131438)(2000202    -834.627087072726)(2000002    -1055.14622018095)
2 10      - (2000002    -879.072090555518)(2000001    -739.331644696858)(2000102    -666.384532716909)(1000000    -861.028148248686)(2000202    -612.683159701095)(2000201    -712.070863695933)(2000101    -808.608278054409)(2000200    -813.98321814141)(2000100    -694.095866413196)(2000012    -561.710970500284)
2 11      - (1000000    -1013.30781947221)(2000100    -843.049052951041)(2000202    -883.236441554639)(2000001    -977.469041741389)(2000200    -993.367453008732)(2000201    -895.292871188801)(2000101    -586.753820916175)(2000102    -897.779485552668)(2000002    -966.009526379488)(2000012    -283.520706505005)
3 11      - (2000101    -749.68805706587)(2000100    -906.897230274301)(2000200    -710.025854632217)(2000002    -719.331724148634)(2000202    -695.860535757896)(2000102    -720.556071049333)(2000201    -804.656175888298)(1000000    -708.821142932184)(2000001    -679.408947797573)
0 11      - (2000200    -974.627408868774)(2000100    -916.457551551758)(1000000    -1185.54666187168)(2000202    -526.971237498944)(2000001    -826.212725047019)(2000102    -1155.99113853931)(2000201    -1301.86775176851)(2000002    -1112.74994799092)(2000101    -1057.64020149955)(2000012    12.3253690807475)
4 5      - (1000000    -1292.83160526693)(2000002    -1353.93976428818)(2000200    -1156.67184589524)(2000201    -1802.47450157496)(2000001    -1382.40715381682)(2000102    -1723.52047742068)
6 0      - (1000000    -1181.71617947643)(2000202    -981.007173319866)(2000102    -1840.32033260835)(2000201    -1186.67598168006)(2000101    -568.758562927001)(2000200    -1094.33905052518)(2000001    -1285.97366453324)
2 13      - (2000101    -1155.60993767069)(2000200    -608.782633628833)(2000100    -1166.35365301983)(2000102    -778.214148587067)(2000201    -1186.0838229277)(2000202    -541.678298386224)(2000001    -1215.02756715823)(1000000    -1212.21446736579)(2000002    -1134.4024641007)
3 10      - (2000202    -554.068406792664)(1000000    -849.509120959146)(2000001    -880.862201177067)(2000101    -1137.08500048235)(2000201    -912.181048195382)(2000200    -825.399346333799)(2000100    -928.646749097335)(2000002    -1048.44076049411)(2000102    -664.635372424788)
1 12      - (1000000    -1049.04666466153)(2000002    -1110.48682293999)(2000200    -914.919769119266)(2000202    -566.313283575535)(2000102    -771.651822468664)(2000100    -710.924889013918)(2000001    -1103.17761407878)(2000012    -1098.76765257776)(2000101    -1051.93159740217)(2000201    -1217.53334405281)
12 1      - (2000100    -1158.5072079378)(1000000    -798.531304031618)(2000202    -816.447741181868)(2000201    -854.059361923397)(2000002    -1081.47360457885)(2000101    -1042.6698298331)(2000102    -1104.23411176082)(2000001    -374.525613218815)(2000200    -817.601603789113)
0 14      - (2000002    -1389.81490216251)(2000201    -1390.06065807096)(2000200    -1581.32039316355)(2000102    -683.896968965764)(2000100    -827.814339018872)(1000000    -1481.27913509808)(2000101    -1367.47905867662)(2000001    -1427.75745470434)(2000202    -1424.27093444428)
1 11      - (2000102    -735.61494795753)(2000202    -738.724163498726)(2000002    -752.053143552042)(2000001    -781.471341862878)(1000000    -845.916003955954)(2000100    -758.037611508038)(2000200    -482.853776426093)(2000201    -876.524135811183)(2000101    -833.506187957375)
0 15      - (2000001    -1006.95054006032)(2000002    -1338.07631989876)(2000201    -1171.02078933567)(2000101    -1220.46755811728)(1000000    -1070.50241917615)(2000200    -940.487277244321)(2000100    -1177.53639973914)(2000102    -211.608631900216)
4 11      - (1000000    -886.879007199565)(2000201    -573.505403177114)(2000200    -1063.31302890538)(2000001    -869.801062739361)(2000002    -745.493557141838)(2000101    -995.575816438813)(2000202    -803.184574576826)(2000102    -722.584136967553)(2000100    -869.227122571377)
11 3      - (2000002    -897.370171867735)(2000101    -856.773062137254)(2000001    -520.856357241203)
4 14      - (2000001    -831.314393569178)(2000202    -609.585858170953)(2000102    -1030.76844689195)(1000000    -842.933512472557)(2000201    -1089.21526972913)(2000101    -830.385902917843)(2000100    -852.016631370941)
12 2      - (2000002    -785.815427101105)(2000001    -540.523343198411)(2000101    -980.946032406884)(1000000    -756.114634559008)(2000201    -953.308505390435)(2000102    -760.299039621732)(2000202    -572.434777369358)(2000200    -688.097557816462)(2000100    -855.965045949462)
2 14      - (1000000    -1495.28061677909)(2000201    -1273.41516411648)(2000200    -1760.50569830944)(2000101    -1331.27781137874)(2000202    -546.338232998707)(2000102    -905.247731190165)(2000100    -1343.90498386696)(2000001    -724.896851946115)(2000002    -1301.68450388452)
1 14      - (2000200    -1374.8413910119)(1000000    -1376.18085797995)(2000202    -606.904080243907)(2000001    -1422.11410875025)(2000201    -1342.43418605605)(2000102    -637.751306667415)(2000101    -1643.33392330613)(2000100    -1232.73151587313)(2000002    -1492.38323072805)(2000012    -577.112598854223)
14 0      - (2000001    -1473.33310823672)(2000100    -1548.20577379765)(1000000    -1529.40801194832)(2000101    -1545.76763229676)(2000102    -763.351275421151)(2000002    -1488.98549842978)(2000200    -1446.65528138113)(2000202    -450.510866200677)(2000012    -1289.75773217775)
1 13      - (2000201    -1204.2852289542)(2000002    -709.20636146916)(1000000    -880.313734855582)(2000202    -721.169224519789)(2000102    -561.087624503491)(2000001    -1273.76827950962)(2000101    -1300.68042853187)(2000200    -1235.37504868503)(2000100    -1411.09753223565)
12 0      - (2000102    -1264.9009226014)(1000000    -1175.81923994136)(2000201    -883.059176485161)(2000001    -498.636953818413)(2000002    -968.214447552496)(2000101    -776.912486723888)(2000100    -1077.50205797571)(2000202    -495.798930261375)(2000200    -740.292404091299)
14 1      - (2000101    -1310.52572511346)(2000200    -1485.65877866042)(2000201    -1356.00221665563)(1000000    -1325.91140163607)(2000001    -1593.89315929136)(2000202    -942.862217820093)(2000100    -1095.47597071923)(2000102    -408.432725335439)(2000002    -1451.57006667673)
13 0      - (2000201    -1185.12629577339)(2000101    -1065.97710309727)(2000002    -646.195609951146)(2000102    -599.577993856842)(2000200    -1260.90083036209)(2000001    -1057.27975693065)(2000100    -1063.42951961127)(1000000    -1197.52839623435)(2000202    -1202.68404129757)
1 16      - (2000100    -963.417325569899)(2000202    -548.327961836941)(2000001    -709.25358176667)(2000200    -740.115153045196)(2000201    -790.197908619772)(2000102    -518.245499387099)
4 10      - (2000202    -764.967028315085)(2000100    -835.249111700268)(2000001    -1150.5401433946)(2000201    -1022.70008657486)(2000002    -910.943937164681)(1000000    -585.218741311019)(2000102    -1058.11222766729)(2000101    -837.253341854725)(2000200    -984.498103537175)
13 2      - (2000202    -902.566254744155)(2000001    -500.431378428671)(2000200    -878.755408703336)(2000201    -991.915302816332)(2000100    -928.27642445269)(2000102    -831.252619274217)(1000000    -849.705569151378)(2000002    -864.498456076344)(2000101    -850.320887846712)
14 2      - (2000001    -1281.4808780658)(2000100    -1207.36276202458)(1000000    -1319.85943267104)(2000201    -1271.54405289992)(2000101    -1435.61298553734)(2000202    -853.146830277634)(2000102    -453.335541649071)(2000002    -1326.64165184839)(2000200    -1356.01840963098)
13 1      - (2000200    -955.123842558274)(1000000    -1140.02737662822)(2000101    -1048.69510136356)(2000102    -839.997413175434)(2000202    -546.644339494119)(2000201    -1210.0407151707)(2000001    -1229.58770217721)(2000002    -1128.0243471321)(2000100    -1132.29364556694)(2000012    -726.819029282142)
3 12      - (2000101    -1194.65740865631)(2000102    -865.011264785862)(1000000    -861.67362382616)(2000202    -884.091231566514)(2000201    -933.561898997004)(2000002    -565.922221310765)(2000100    -878.301763997199)(2000200    -880.20555773454)(2000001    -895.079172832248)
2 17      - (2000101    -1322.05038290517)
13 3      - (2000201    -1086.82217524509)(2000100    -867.197950124652)(2000101    -378.693809636731)(2000202    -1099.26779858539)(2000102    -553.240252390218)
4 15      - (2000002    -853.64043851794)(2000202    -394.379990677185)(2000201    -689.113745563635)(2000102    -458.660564550978)(2000001    -216.670958525199)(2000100    -998.396172502667)(2000200    -670.188467948548)
11 4      - (2000002    -1127.14856243031)(2000202    -1073.89766597059)(2000102    -1424.46179233444)(2000101    -1573.42124618024)(1000000    -1526.89859232547)(2000201    -1215.29902920847)(2000001    -780.985488919936)(2000200    -378.472317840648)(2000100    -564.209057863337)
6 3      - (2000201    -2286.74381374161)(2000200    -2127.37793826041)(2000001    -2307.0094411996)(2000202    -2154.77524031697)(1000000    -2029.27145031213)(2000002    -706.570534896361)
10 3      - (2000001    -1495.61535697578)
4 12      - (2000002    -674.416785798429)(2000001    -759.083721800435)(2000201    -620.514489263787)(2000102    -640.822983936095)(1000000    -586.839174721421)(2000202    -624.6209690674)(2000101    -624.38381518733)(2000100    -672.439228727837)(2000200    -620.142960830843)
3 15      - (2000002    -1097.17969573826)(2000001    -727.985811326345)(2000200    -506.734754354016)(2000201    -638.83985280322)(1000000    -862.278837063277)(2000202    -786.389284519869)(2000012    59.5226113186047)(2000102    -458.36841655421)
4 13      - (1000000    -850.983486587665)(2000100    -723.468075357521)(2000102    -883.633159560325)(2000200    -811.833613302791)(2000201    -836.76956587733)(2000202    -817.80623564248)(2000001    -474.116341654117)(2000101    -821.075330334522)(2000002    -818.987136112315)
12 4      - (2000200    -1014.80888341559)(2000201    -802.910859043278)(2000102    -1028.62247535294)(2000100    -374.722777434943)(2000101    -635.846611927265)(2000002    -185.944892228053)
0 16      - (2000100    -1275.1668164112)(2000201    -1639.16766072335)(2000002    -314.606174358723)
9 4      - (2000102    -284.704377446057)(1000000    -134.404925644297)(2000200    165.753977959224)
14 5      - (2000201    -458.22915408962)(2000100    -217.826314623908)(2000102    -436.625)
3 14      - (2000102    -456.642677524723)(2000201    -1048.32074216265)(2000100    -1031.98682642883)(2000200    -1003.29005357666)(2000002    -1121.76262946148)(2000202    -378.916306553766)(2000101    -1091.36274550728)(1000000    -1121.68422143748)(2000001    -1049.69957801519)
6 4      - (2000002    -1022.39084836257)(2000101    -503.821259309895)(1000000    -1174.6999025739)
3 16      - (2000002    -1086.79247509542)(2000102    -471.867335537646)(1000000    -862.98046592773)(2000001    -1071.02301441145)(2000200    -1126.15350484071)
2 15      - (2000102    -324.080444866247)(2000201    -1187.81104005408)(1000000    -977.718377121105)(2000101    -876.682798272113)(2000202    -840.511540738406)(2000001    -994.744439200309)(2000002    -954.102512753942)(2000200    -1168.31125541019)(2000100    -912.671847911144)
3 13      - (2000002    -1250.35343786522)(2000202    -941.866490097405)(2000001    -1198.73738998563)(2000101    -1127.11728148243)(1000000    -1199.51909102648)(2000201    -1046.47848256051)(2000100    -905.89679482686)(2000200    -1070.85519264218)(2000102    -462.521700666824)
2 16      - (2000100    -908.698652269371)(2000002    -996.502996946226)(1000000    -1083.2847966845)(2000200    -1191.45291503951)(2000201    -1173.13178536794)(2000202    -886.833740493347)
1 15      - (1000000    -1374.87234381906)(2000001    -1046.62487748338)(2000202    -948.907096672505)(2000201    -1325.91286968514)(2000102    -364.927926781946)(2000100    -1132.32741143495)
6 1      - (2000002    -352.457203962835)(2000101    -537.817390151457)(1000000    -1033.51231802585)(2000102    -1117.39344836088)
1 17      - (2000001    -851.3757044878)
16 2      - (2000201    -699.785768204651)(2000100    -239.136364308611)(2000102    -358.587846462916)
3 6      - (1000000    -623.85264164555)
4 18      - (2000002    -1699.59537006663)(2000001    -1062.61096336393)
1 6      - (2000002    -1616.27251341688)(1000000    -495.340771325396)(2000200    -625.172550529389)(2000001    -415.172550529389)(2000101    -302.861673029119)
5 6      - (1000000    -1298.94032967639)(2000001    -657.273826732791)(2000100    -646.629623301298)
5 10      - (2000100    -112.871801829745)(2000002    209.183221351994)
4 16      - (2000200    -566.248446636176)(1000000    -427.745321866716)(2000102    -285.163547911144)
3 17      - (2000002    -338.186423446809)(2000102    -410.717940496115)(2000001    332.825056956005)
15 0      - (2000202    -607.306687719635)(2000200    -574.410305997267)
4 6      - (2000001    -765.548636660879)(1000000    -340.752975608617)
13 4      - (2000002    -610.252567799947)(2000201    -637.742350676011)(2000102    -405.835045199965)(2000100    -405.912845199965)(2000200    -406.025045199965)(2000101    -409.213012751031)(2000202    -345.61474847899)
7 4      - (2000101    -477.097353628294)
3 7      - (2000202    -1721.89230457309)(1000000    -1420.35008182644)(2000002    -377.539117787077)
0 7      - (1000000    -1108.75783130725)
1 18      - (2000002    -805.633707201779)
1 7      - (2000201    -784.866789716188)
12 3      - (2000101    -575.456775498986)(1000000    -543.16312594719)
5 14      - (2000200    -866.41000869795)(2000201    -500.822898253548)
9 3      - (2000012    -418.179237513959)(2000001    -461.863911076717)(2000101    -451.482287841607)
0 8      - (1000000    173.820931923797)
13 8      - (2000101    -352.568698230237)
6 7      - (2000202    -533.892848738518)
16 0      - (2000100    -332.846835153907)
15 1      - (1000000    -1669.04985526736)(2000200    -395.184681027691)
5 11      - (2000100    -387.486250721639)
0 17      - (2000200    -434.234273060519)(2000001    -357.634356578283)
14 3      - (2000200    -671.660107722976)
15 4      - (2000202    -216.684895331098)
2 7      - (2000102    -1436.99977392382)
14 4      - (2000200    -22.3926624291859)
7 0      - (2000201    -68.5997847929486)
15 3      - (1000000    -1.77074810370256)
11 6      - (2000100    9.02302435873463)

