145
0 0      - (2000001    -1411.16004590556)(1000000    -1023.77751969644)(2000002    -1560.64093525917)(2000201    -1352.40681979798)(2000202    -1018.13038855249)(2000100    -1289.22431281744)(2000200    -1404.7706406973)(2000101    -1524.28372423629)(2000102    -1535.23177970992)(2000012    -1301.25676562325)(2000022    -610.889791047442)(2000210    -1510.84085253656)(2000112    -1827.453090708)(2000212    -1683.41385266338)(2000110    -539.707618632459)(2000111    -1805.85271546307)(2000211    -1821.19700057961)
2 2      - (1000000    -884.740841600956)(2000001    -1444.5849865654)(2000200    -1531.98767903014)(2000101    -1593.52871870186)(2000202    -1455.88691797496)(2000102    -1394.21277556858)(2000111    -1638.20528098407)(2000112    -1536.10118922092)(2000002    -861.239029422848)(2000100    -1479.09446312684)(2000012    -1297.53880839763)(2000110    -1237.54041694487)(2000201    -1533.99903627468)(2000211    -1591.22592598398)(2000212    -1756.69693519403)(2000210    -1119.36298285124)(2000022    -625.638455553997)
1 1      - (2000201    -1471.32661093273)(2000200    -1555.0583056615)(2000001    -1491.71784450512)(1000000    -1077.75978508929)(2000002    -799.150299421106)(2000100    -1383.70280319493)(2000012    -1461.22039147278)(2000112    -1696.85279448107)(2000101    -1557.62746870646)(2000202    -1752.87073279398)(2000211    -1572.43870887036)(2000022    -609.283178032208)(2000102    -1462.45006880353)(2000110    -1768.38518590625)(2000210    -1080.22596520754)(2000111    -1679.71091862987)(2000212    -1637.19558782633)
0 3      - (2000112    -1469.83137945776)(2000201    -1304.2046072383)(2000001    -1512.765043772)(1000000    -1486.91454108821)(2000202    -1559.38234941698)(2000101    -1325.84820376441)(2000102    -1455.98824681455)(2000002    -888.157725656533)(2000012    -1244.23039188478)(2000111    -1406.592347617)(2000100    -1470.32009374985)(2000210    -1154.53217250268)(2000200    -1551.85388305333)(2000022    -662.258767309104)(2000211    -1245.95509811255)(2000110    -1010.81964024501)(2000212    -1342.67101642438)
1 0      - (1000000    -1217.43411491944)(2000101    -1508.45309574569)(2000200    -1555.8746516477)(2000201    -1554.46191284825)(2000202    -1456.2525643699)(2000002    -744.855201895642)(2000100    -1603.66100161127)(2000012    -1171.69956057508)(2000001    -1598.81475180525)(2000111    -1594.39738685625)(2000102    -1481.05471464975)(2000112    -1464.16157876955)(2000022    -627.263170927853)(2000212    -1530.07185032801)(2000211    -1498.20671186876)(2000110    -1390.52988722026)(2000210    -1618.84638935576)
2 1      - (2000102    -1501.38343171093)(1000000    -972.296882370324)(2000100    -1615.88689450701)(2000200    -1500.59160487807)(2000202    -1503.36459523608)(2000201    -1607.74704747011)(2000001    -669.661148614279)(2000022    -572.394233725228)(2000002    -1535.38947268473)(2000112    -1722.82388082593)(2000101    -1674.44896584568)(2000012    -1675.51498158027)(2000210    -1653.72668527987)(2000111    -1636.64609069454)(2000211    -1573.61602450936)(2000110    -1362.05234014504)(2000212    -1663.38087689129)
0 1      - (2000001    -703.710646877077)(2000101    -1372.82147419428)(1000000    -1226.01421756457)(2000201    -1464.46402924978)(2000200    -1011.67965723311)(2000002    -1581.22329025071)(2000012    -611.983564515239)(2000102    -1430.8994702228)(2000110    -1168.34460823739)(2000202    -1397.21812186438)(2000211    -1567.23301781062)(2000100    -1539.54541425244)(2000212    -1563.45694949372)(2000112    -1648.92080930468)(2000111    -1431.90163403148)(2000022    -946.344160880034)(2000210    -971.2529646582)
3 5      - (1000000    -1285.53886690718)(2000202    -1347.78140303372)(2000201    -1242.68610255635)(2000211    -985.19514652457)(2000002    -1401.15939860709)(2000100    -1458.09010675776)(2000102    -1443.60583179098)(2000200    -1353.41094498041)(2000001    -1306.46233484454)(2000101    -1271.10738877938)(2000212    -686.232328823616)
5 0      - (1000000    -1467.91620536421)(2000201    -1383.55364547523)(2000101    -1276.40825728861)(2000102    -1327.41032852322)(2000202    -1296.79947353733)(2000100    -1050.45701817382)(2000002    -1322.61594710735)(2000001    -840.348761378013)(2000111    -1219.97888302277)(2000211    -1162.9637140807)(2000210    -422.727085753813)(2000012    -680.250982633011)
2 0      - (2000101    -1574.37539141765)(2000201    -1443.0537596648)(2000002    -662.084431699179)(2000102    -1567.28439487722)(1000000    -1083.40142058728)(2000200    -1394.53155385873)(2000012    -1422.86811992216)(2000210    -1540.01989224614)(2000001    -1480.3901619532)(2000212    -1488.38311838808)(2000100    -1505.63346148706)(2000202    -1745.72461319582)(2000022    -591.569844506267)(2000110    -1106.40194003837)(2000112    -1595.17328685875)(2000211    -1546.91969090137)(2000111    -1589.3736772372)
1 2      - (2000201    -1376.37405661517)(1000000    -864.156660511124)(2000212    -1647.06788127907)(2000001    -1323.82667588783)(2000200    -1630.11765467322)(2000211    -1452.68439910154)(2000101    -1347.86269380132)(2000110    -1065.22790204177)(2000202    -1306.21582194889)(2000002    -737.387630638087)(2000100    -1546.51934899688)(2000102    -1331.03366879275)(2000210    -1582.25760575801)(2000111    -1437.53326377718)(2000012    -1407.1471659277)(2000022    -617.52944639351)(2000112    -1567.47115186233)
3 2      - (2000202    -1543.88716661946)(2000100    -1382.97968515815)(2000212    -1122.05457721344)(1000000    -1543.26343463994)(2000102    -1306.63858705832)(2000201    -1326.17960864337)(2000001    -833.750965705889)(2000002    -1445.92368450238)(2000101    -1171.09191565833)(2000012    -1110.3601914737)(2000022    -877.50174047253)(2000111    -1164.53085511713)(2000110    -1314.90865381923)(2000112    -1174.46825326396)(2000210    -1177.69482353755)(2000200    -1194.49988119376)(2000211    -1166.68983350696)
0 2      - (2000201    -1575.90084688972)(2000002    -1552.94723937344)(2000101    -1576.64706030396)(2000102    -1457.97618698361)(2000202    -1525.99222074932)(1000000    -1051.37981557413)(2000001    -646.257280562299)(2000110    -1098.09848317466)(2000200    -1599.48851976919)(2000100    -1645.20546580038)(2000212    -1459.08455177092)(2000210    -1404.88879650727)(2000022    -575.14306645648)(2000112    -1429.88417528727)(2000211    -1580.43326790774)(2000012    -1016.25816877416)(2000111    -1643.91542052383)
4 0      - (2000200    -1423.48530456377)(2000100    -1362.41031878042)(1000000    -1641.00849995099)(2000102    -1290.92319691321)(2000101    -1063.5630299573)(2000202    -1249.7070647032)(2000001    -1054.4025343129)(2000201    -1472.97573299989)(2000002    -687.785888550702)(2000110    -1030.40805018057)(2000012    -1166.9469548666)(2000212    -1194.72896891428)(2000112    -1194.00738241276)(2000022    -734.592667590724)
1 4      - (2000202    -1409.78262306513)(1000000    -1403.91818392695)(2000101    -1415.06192165506)(2000200    -1447.46691975988)(2000012    -1350.06820565119)(2000102    -1424.09638475553)(2000201    -1416.50413942262)(2000002    -1504.3502434056)(2000112    -1222.36291547146)(2000212    -1204.41871384818)(2000210    -1378.72664245548)(2000001    -1281.67466049215)(2000111    -1133.42852192317)(2000022    -906.708415590303)(2000100    -1414.27318497219)(2000110    -972.912142791272)(2000211    -1085.38584448139)
2 4      - (2000200    -1371.84775701923)(2000101    -1429.53557499689)(2000012    -1064.52153607687)(2000100    -1444.07124495103)(2000102    -1482.60597119159)(2000001    -1443.65539366855)(2000202    -1356.64761191664)(2000201    -1333.70855996622)(1000000    -1333.53880991792)(2000002    -1393.72175018968)(2000110    -1424.53353086984)(2000112    -1088.07076960725)(2000210    -1016.74371956323)(2000022    -611.830277981568)(2000212    -1453.65473816287)
4 2      - (2000022    -968.888924397097)(2000100    -1481.08150247404)(2000102    -1376.88471310369)(2000201    -1528.933341773)(2000202    -1455.56252861732)(2000200    -1393.32930732704)(2000210    -1270.62670743428)(2000101    -1540.56228150527)(2000002    -1345.67468340212)(1000000    -1554.12116677491)(2000212    -1299.64560195621)(2000001    -1104.42449088204)(2000211    -1311.67357563554)(2000112    -1413.78071865854)(2000110    -1067.84443401307)(2000012    -1161.08214688792)(2000111    -1310.40952585349)
3 4      - (2000211    -1391.25173453261)(2000210    -1150.3613279199)(2000202    -1394.95226582804)(2000002    -1031.14079804179)(2000012    -1285.59401470088)(2000200    -1408.97607839129)(2000001    -1314.17367041478)(2000022    -725.454980477112)(2000212    -1195.17741812188)(2000201    -1196.08318257244)(1000000    -1966.09391539201)(2000102    -1225.40074590483)(2000110    -1427.19503346398)(2000100    -1336.1326928074)(2000101    -1307.70010127233)(2000112    -1128.42982933828)
1 3      - (2000201    -1352.90208174641)(2000200    -1454.04995926092)(1000000    -1493.77401071774)(2000202    -1430.52032606691)(2000110    -1247.74283745853)(2000102    -1406.36710379601)(2000001    -1571.40981275297)(2000101    -1427.44320159808)(2000100    -1642.11232246804)(2000211    -1222.3329387733)(2000002    -1056.19227198064)(2000111    -1394.0507232507)(2000210    -1383.00441647786)(2000022    -680.241627495445)(2000112    -1427.78204155138)(2000012    -1114.51135662559)(2000212    -1462.89994830766)
2 3      - (2000100    -1220.70163772199)(2000002    -1426.19961714965)(1000000    -1258.77186793942)(2000201    -1495.53058557)(2000012    -1364.31057882085)(2000111    -1385.52737560523)(2000001    -1517.02850027296)(2000200    -1555.42977923997)(2000210    -1182.28956513202)(2000101    -1451.05963561983)(2000102    -1319.78390124123)(2000022    -761.112422563652)(2000112    -1364.11607606412)(2000202    -1451.42064780085)(2000211    -1445.04348022481)(2000212    -1317.42753751182)(2000110    -743.808377674286)
3 0      - (1000000    -1399.56516529434)(2000002    -1701.11339945943)(2000211    -1327.3188864904)(2000102    -1348.2054774814)(2000001    -828.856107784876)(2000201    -1556.19510098119)(2000112    -1340.03220314877)(2000101    -1371.920449138)(2000111    -1333.29634779452)(2000110    -1365.25145687796)(2000212    -1224.60679787371)(2000202    -1565.7859823643)(2000012    -886.464182749795)(2000210    -1396.83367973832)(2000200    -1495.58189647566)(2000022    -789.899988158373)(2000100    -1518.08510231111)
0 4      - (1000000    -1481.34174532692)(2000101    -1590.77142879148)(2000001    -1167.1161521329)(2000212    -1288.80833804588)(2000201    -1412.13667972576)(2000202    -1562.49173279258)(2000002    -1225.11445515643)(2000012    -839.470264021802)(2000211    -1432.44587957572)(2000200    -1436.36314853417)(2000100    -1488.26323870971)(2000110    -1254.71574349104)(2000102    -1302.6127439529)(2000112    -1440.72668551079)(2000111    -1208.87563474353)(2000210    -1024.46667202033)
3 3      - (2000201    -1351.5826585972)(2000200    -1341.54730318163)(1000000    -1581.53342025591)(2000101    -1308.68917521956)(2000100    -1232.44134471156)(2000202    -1236.87857696924)(2000001    -1222.54206640846)(2000002    -1239.28662070577)(2000102    -1231.40995093488)(2000022    -780.09086958078)(2000212    -1564.28565643257)(2000211    -1174.45491273014)(2000112    -1229.72716709334)(2000210    -1084.78372821668)(2000111    -1001.77237446788)(2000012    -1391.85067176224)(2000110    -861.152950303046)
4 4      - (1000000    -1487.7162689825)(2000102    -1428.37169772651)(2000201    -1337.02210477825)(2000202    -1331.0112481628)(2000002    -969.973600328517)(2000200    -1413.42073768837)(2000100    -1374.61184170534)(2000210    -1355.82323207864)(2000101    -1175.78992857076)(2000112    -1170.03915886774)(2000001    -1228.42261701851)
2 5      - (1000000    -904.038549241085)(2000200    -898.194426859881)(2000012    -866.272418463608)(2000201    -918.173109675754)(2000100    -1042.28476814662)(2000001    -809.029946160279)(2000101    -1050.18123073069)(2000102    -1242.78475606384)(2000112    -643.317520948211)(2000002    -1170.49412075073)(2000110    -636.568837543706)(2000202    -1228.58557368293)
0 5      - (2000212    -1166.03153407216)(2000101    -972.891146936397)(2000100    -1421.04214999111)(1000000    -1367.49039794218)(2000200    -1117.40577020887)(2000001    -910.469264228865)(2000111    -1278.30490433011)(2000012    -921.401028658373)(2000102    -1433.24023879726)(2000202    -947.937642432827)(2000002    -1246.20660785199)(2000210    -777.682216351807)(2000201    -1073.11382472574)
4 1      - (1000000    -1567.21077608555)(2000200    -1467.24478405898)(2000102    -1365.89452643074)(2000202    -1356.70959464745)(2000022    -747.933690092953)(2000100    -1165.97592469039)(2000211    -1132.37062060072)(2000001    -900.190833922226)(2000201    -1265.31507721493)(2000002    -1433.39791628041)(2000101    -1133.24812335458)(2000012    -869.469889393524)(2000210    -1007.56409491514)(2000112    -1135.70726686522)(2000110    -922.635175163375)(2000212    -1214.09993254043)
4 3      - (1000000    -1554.08276403948)(2000012    -774.76869407431)(2000002    -1462.17701086971)(2000201    -1525.9205046139)(2000001    -1219.43096510024)(2000202    -1471.15812365495)(2000200    -1512.30712588803)(2000101    -1384.97272119488)(2000211    -1282.38725729525)(2000100    -1668.6138181786)(2000102    -1488.49221492811)(2000212    -1448.11951068077)(2000110    -965.067244351734)
3 1      - (2000100    -1562.87681514459)(2000002    -1365.6799331644)(1000000    -1462.50904927258)(2000202    -1404.96203910875)(2000201    -1634.4158819982)(2000012    -1198.77105989846)(2000211    -1545.87627426528)(2000200    -1264.38668527914)(2000112    -1573.08313046408)(2000101    -1531.698205879)(2000102    -1139.13822007417)(2000212    -1334.46295913894)(2000001    -1133.59948858415)(2000110    -987.080329471354)(2000210    -1148.12313725366)(2000022    -870.283819198128)(2000111    -1281.46476700388)
5 2      - (2000200    -1110.10413279275)(2000100    -1098.19313840048)(1000000    -1383.40502106049)(2000112    -899.453034312797)(2000202    -1368.21532276226)(2000201    -1340.71132995795)(2000212    -861.274930589894)(2000102    -1275.13857336785)(2000110    -751.12106318549)(2000101    -1124.43988426351)(2000001    -1122.08628932181)(2000002    -764.118946386536)
1 6      - (2000201    -1040.7091512849)(2000200    -1321.2345170087)(1000000    -1570.54765958261)(2000102    -1342.86428054655)(2000100    -1397.90619669819)(2000112    -438.90751598001)
2 6      - (2000201    -960.967856828439)(2000102    -1029.43063183597)(1000000    -1443.47980828368)(2000100    -1310.10187763569)(2000002    -831.448174550431)(2000202    -193.491763557618)
6 0      - (2000002    -613.100118774418)(2000001    -617.724190712077)(2000201    -735.712372722043)(2000100    -642.129735430306)(2000102    -726.942502081686)(2000202    -905.919098693824)(2000200    -921.078672420033)(2000101    -702.923626793651)
6 2      - (2000001    -989.801047522264)(2000002    -944.521167866967)(2000202    -1027.63076267789)(2000102    -822.926405079951)(2000201    -1087.91997874464)(2000100    -1107.98238028657)(1000000    -814.146209260584)
2 9      - (2000212    -581.953722196144)(2000202    -1055.31082179524)(2000200    -689.615810425293)(2000022    -469.712630133734)(2000101    -687.66774571327)(2000002    -791.120522486814)(2000001    -771.089801264881)(2000110    -602.54719767307)(1000000    -774.725996908797)(2000012    -690.464260877197)(2000100    -778.45296028914)(2000201    -738.611016725529)(2000102    -735.467540804417)
1 9      - (1000000    -904.356870693248)(2000102    -774.292569558745)(2000101    -762.097014431306)(2000002    -717.953167941732)(2000201    -745.111846558345)(2000100    -676.85825471579)(2000001    -770.716564010342)(2000200    -755.401166194075)(2000202    -894.454306682665)(2000210    -699.081057202162)
10 2      - (2000002    -671.041701842079)(2000202    -543.783664837147)(2000101    -781.044189960189)(1000000    -621.196863986173)(2000200    -669.938330956431)(2000012    -222.547799461603)
1 8      - (2000200    -770.963670609323)(2000102    -750.043041394307)(2000002    -750.865804473724)(2000201    -733.993535910026)(2000202    -737.859103061235)(1000000    -727.574918869215)(2000101    -668.201946417128)(2000001    -723.748815294095)(2000100    -736.68985826452)
9 0      - (2000102    -702.018865655385)(2000201    -773.416921748543)(2000200    -999.845288863991)(2000100    -683.826629259337)(2000101    -727.949332960966)(2000002    -660.163269498919)(1000000    -737.685402427449)(2000012    -642.430541822524)
0 12      - (2000001    -475.637316115565)(2000002    -866.400711817434)(2000200    -630.481752221198)(2000201    -527.886008339611)(2000102    -583.274316513278)(1000000    86.3370279636166)(2000100    -809.532226544583)(2000012    -727.871151296221)(2000101    -207.808671812341)
0 9      - (2000002    -754.027512495238)(2000001    -727.636376160306)(2000210    -662.491040958179)(2000200    -749.442402901885)(2000100    -741.780313019394)(1000000    -693.508687729351)(2000201    -767.024039984851)(2000101    -731.599609224295)(2000102    -746.402209834316)(2000202    -770.275575552735)
2 11      - (2000202    -935.46866996317)(2000001    -498.906684599849)(2000102    -299.875344865992)(2000101    -572.141263891398)(1000000    238.074763928013)(2000200    -341.426118817711)(2000201    -477.966907515863)(2000012    -152.680434285595)(2000100    -138.843654330969)
2 12      - (1000000    -123.014291486786)(2000101    -961.222512281023)(2000002    -1052.38397653567)(2000102    -583.041765169177)(2000200    -1028.91437969384)(2000202    -1017.38982574284)(2000001    -1146.65344749566)(2000100    -957.048745212122)(2000211    -640.559268208601)(2000012    -444.297222426952)(2000201    -454.259020325507)
1 10      - (2000201    -488.247325220176)(2000002    -694.151213287584)(2000200    -632.34550096103)(2000202    -451.62292873837)(1000000    -249.459264675149)(2000001    -484.34443765265)(2000100    -515.994656468509)(2000210    -427.192219694902)(2000012    -377.464660809191)
2 10      - (2000100    -787.810834502552)(2000202    -646.910210748699)(1000000    -466.666725304266)(2000201    -736.837545557909)(2000101    -793.860513808612)(2000001    -684.227077975592)(2000200    -954.440658358034)
3 13      - (2000210    -520.901786199968)(2000012    -106.796354737482)(2000100    -374.641776483447)(2000102    -290.981759352561)(2000002    486.302579067622)(2000201    -572.339063830209)(2000200    -313.803455321833)(1000000    228.089160132818)
0 10      - (1000000    46.6317071662908)(2000200    -610.845392314261)(2000100    -616.361733766499)(2000101    -655.381746294277)(2000102    -628.499470831727)(2000002    -597.67196641154)
14 1      - (2000200    -361.466445098837)(1000000    389.498485117598)(2000201    -181.526835823524)(2000012    -319.87898276897)(2000002    -239.224160789497)
12 1      - (2000100    -260.853036330248)(2000012    -881.849293632361)(2000200    -1187.07060956351)(1000000    273.486940554047)(2000201    -514.298869312524)
12 0      - (2000200    -595.013883027291)(1000000    419.549512101318)(2000002    -275.507923348065)
9 2      - (2000201    -882.682551143693)(2000101    -743.442866431199)(2000100    -675.796836995767)(2000102    -700.995084428711)(2000202    -700.85836557849)(1000000    -697.970586474798)(2000001    -701.432042681085)(2000002    -611.748162539338)(2000200    -651.688395203472)(2000012    -652.242071789804)
2 14      - (2000111    -649.917035016898)(2000200    -245.824713080472)(2000201    -358.348820960315)(1000000    315.917079963425)(2000101    -189.110253019731)(2000102    -252.914064866425)(2000002    -319.99360981838)(2000100    -323.515517643356)(2000110    -88.6749356276638)
11 1      - (1000000    11.2793861350032)(2000001    -226.300552525347)(2000200    -534.95205588077)(2000101    -186.528236530184)(2000102    -571.534564380929)(2000201    -163.123639033498)
2 8      - (2000012    -793.683372713871)(2000202    -927.942298322679)(2000200    -760.827566214853)(2000002    -783.671781468219)(1000000    -725.711887698833)(2000100    -819.395098589601)(2000201    -658.384387905689)(2000001    -744.69710466564)(2000101    -742.205170667028)
1 12      - (2000001    -993.953443001791)(2000100    -731.769269812814)(2000201    -1225.62769051274)(1000000    -92.8494282257348)(2000202    -1052.10019435933)(2000102    -1285.27494100305)(2000200    -1110.64763641714)(2000212    -1016.07375019888)(2000002    -422.339861078553)
8 0      - (1000000    -575.350910727253)(2000001    -236.600836776339)(2000200    -324.546236121569)(2000201    -332.976521588091)
1 11      - (2000001    -602.39301600592)(2000022    -624.816238898063)(1000000    -41.406153427581)(2000200    -418.356505253859)(2000012    -327.870122260082)
9 1      - (2000100    -659.734850139073)(2000201    -691.010545054725)(2000102    -573.980662240802)(2000202    -529.019736206166)(2000002    -658.696037006674)(2000101    -624.673171961128)(1000000    -659.556400263808)(2000001    -630.951603708413)(2000200    -708.31300919616)
13 2      - (2000101    -836.34762401439)(2000100    -494.04899161729)(1000000    -181.626715547121)(2000002    -302.144603007521)(2000200    -821.211007084464)(2000001    -277.118441375906)
12 2      - (2000002    -421.249097550391)(2000001    -696.781102535924)(2000202    -895.615277115802)(1000000    10.301612078356)
0 14      - (2000202    -1228.00991726835)(1000000    173.637686539813)(2000100    -945.530767834877)(2000001    -688.046962602314)(2000200    -548.05607639492)(2000002    -854.827817059576)(2000101    -869.533786443419)
11 0      - (1000000    -180.001005378019)(2000002    -303.49983535862)(2000200    -205.03889337279)
0 11      - (2000202    -696.755059461754)(1000000    244.266681988312)(2000110    -329.988361780998)(2000201    -117.769160313668)(2000200    -77.5755677160904)
2 13      - (2000202    -869.757564424329)(2000101    -406.662521442119)(2000100    431.391191283206)(2000200    -698.573562809457)(1000000    114.650633361528)(2000012    -437.163525270991)(2000201    -253.520354456619)(2000001    -134.762178613959)(2000002    96.9045528655029)
10 0      - (2000200    -628.825753966565)(1000000    -477.026603248845)(2000001    -444.152535595513)(2000002    -581.092011587753)(2000202    -449.314659532122)(2000101    -500.381364767065)
10 1      - (2000002    -632.373716475948)(1000000    -617.759256905697)(2000202    -577.342564109094)(2000100    -575.303106135319)(2000201    -623.620531609996)(2000200    -463.443093617464)
3 15      - (2000201    -327.49104962071)(1000000    109.951947175342)(2000200    16.1551359504713)
4 15      - (2000001    -367.966030391944)(2000101    -351.841776905538)(2000002    -523.74074897999)(1000000    -7.44808377674286)
4 13      - (2000200    -170.208134038862)(2000002    -244.018481973126)(2000012    -88.6749356276638)(1000000    -430.283645232233)
2 16      - (2000102    -1118.1375893316)(2000200    -459.861509514356)(2000202    -1438.25145592347)(2000012    -360.975492463875)(2000201    -405.154277562025)
1 14      - (2000202    -545.59446608495)(2000002    -535.322189658614)(2000102    -697.36698514921)(1000000    375.914299947903)(2000210    -231.359871253304)(2000200    -196.084240534152)(2000012    -231.763163476055)(2000100    -157.203441868701)
4 14      - (2000201    -635.742818961271)(1000000    -344.733956820732)(2000002    -323.564195994303)(2000100    -574.176486260463)
14 2      - (2000002    -951.972912974443)(2000201    -741.835860841512)(2000202    -808.18778955287)(1000000    -62.273361484059)(2000001    -334.284973509195)
3 11      - (1000000    -754.615174521521)(2000101    -656.400823505467)(2000102    -185.995736284162)(2000201    -438.236411615533)
3 12      - (1000000    -284.533136350498)(2000101    -540.681287792114)(2000201    -396.23744014742)
11 2      - (2000102    -584.556977112195)(2000101    -450.767446244815)(2000200    -450.046877037436)(2000201    -501.881175844733)(2000211    -1174.94075721206)(1000000    -297.706651081313)
13 0      - (2000002    -377.515547913859)(2000100    -889.753975615018)(2000022    -326.677428810101)(2000111    -994.996371607576)(2000012    -114.639065169438)(1000000    402.130245980035)
0 7      - (2000200    -779.055832319229)(2000100    -1276.71508921114)(2000101    -1115.53107390925)(1000000    -1188.12776328413)
10 3      - (2000202    -545.42775680705)
14 0      - (1000000    417.467137747424)(2000101    -731.803767197846)(2000200    -560.326943967597)(2000002    -365.772114775772)(2000111    -347.969375980653)(2000201    -272.225955265255)(2000001    -333.415322380048)
0 13      - (2000201    -1631.57691905103)(2000200    -1555.38508815166)(1000000    138.958277564782)(2000002    -556.639136687694)(2000100    231.236712806847)(2000110    54.2599226991199)
2 7      - (1000000    -1557.40635568049)(2000202    -765.995776547991)
3 9      - (1000000    -678.96221232268)(2000100    -706.628001641419)(2000101    -684.120845501797)(2000200    -640.890330081603)(2000201    -679.218590901476)(2000102    -625.722835131486)(2000002    -664.50016851329)(2000012    -631.801961077905)
0 16      - (2000101    -345.626864178504)(2000002    -385.961381875485)(2000112    -572.065814704136)
0 8      - (2000201    -689.891668557757)(2000210    -579.683054237391)(1000000    -741.981591112603)(2000001    -655.805210908975)(2000002    -682.834809651436)(2000101    -645.57562902973)(2000100    -723.678498963375)(2000012    -663.727856980706)(2000200    -775.67432391632)(2000202    -744.323140442627)
0 15      - (2000201    -307.536083494571)(2000202    -340.015465058424)(2000002    -346.861067514535)(2000100    -272.91312519087)(2000012    -58.1485796026079)(1000000    84.5884698320491)
1 13      - (1000000    -99.1556027790235)(2000210    -1337.48900771514)(2000002    -221.702847144263)
15 0      - (1000000    -448.306829324435)
5 4      - (1000000    -1603.13381593779)(2000012    -785.975701906209)(2000101    -1212.87655002742)(2000002    -681.871135374166)(2000100    -997.10476335241)(2000200    -995.998903912866)(2000202    -1107.8941518484)(2000001    -612.64342718258)
3 8      - (2000201    -611.160051666943)(2000200    -601.633049735939)(1000000    -676.83313082463)(2000102    -588.27954318802)(2000002    -589.551864545411)(2000101    -676.155129114137)(2000100    -584.892229147729)(2000210    -420.865480436509)
3 14      - (2000202    -1243.43868733129)(1000000    402.411551163892)
13 1      - (2000100    53.5672034225489)(2000002    348.498500641457)(1000000    284.84000043393)(2000101    10.277873987903)(2000200    10.277873987903)
1 5      - (1000000    -1244.71105084003)(2000100    -903.890881756277)(2000002    -877.149298440714)(2000102    -899.48489029156)(2000001    -993.470138845785)(2000200    -977.772867093723)(2000201    -916.439939268649)(2000101    -1041.1889303409)(2000202    -893.403726017089)(2000012    -634.395595820517)(2000211    -663.779145473663)
5 3      - (2000200    -1360.4441469346)(2000211    -1118.57789879243)(1000000    -1036.26321393717)(2000102    -741.97495025953)(2000101    -1179.83246618498)
4 9      - (2000201    -706.155093697802)(2000102    -657.507774887047)(2000202    -679.641313457862)(2000001    -613.718436148896)(2000101    -683.32205235989)(1000000    -699.467996996571)(2000200    -696.567226093212)(2000100    -728.836496543233)(2000012    -692.070392904359)(2000002    -681.000806835853)
5 1      - (2000111    -1555.68019069472)(2000002    -987.683569965104)(2000102    -1058.18777188553)(2000201    -1375.20113976807)(1000000    -951.438376243393)(2000100    -1403.90972755571)(2000001    -804.862644679052)(2000022    -267.65453615068)(2000202    -952.68629412457)(2000101    -1048.47052119828)
4 5      - (2000022    -714.082073019353)(2000202    -1218.91325492134)(2000002    -874.913280025944)(2000101    -1444.35206646792)(2000100    -1095.37105429039)(1000000    -1330.70323195877)(2000212    -989.423069204129)(2000201    -1178.65213913142)(2000102    -1285.7984275758)(2000200    -1201.61714349383)
1 7      - (2000002    -706.023870909875)(2000202    -823.736532258491)(1000000    -1432.54131289154)(2000102    -1617.54440005504)
3 10      - (2000001    -405.637363287041)(2000101    -493.729669902938)(2000200    -501.415370885217)(2000201    -526.79726570884)(2000002    -456.023211835965)(1000000    -13.8946571384032)
4 11      - (2000201    -1474.5366300384)(2000002    -547.325777026266)(1000000    -537.369788714604)(2000202    -216.621152656292)
1 15      - (2000101    -25.7000949393155)(1000000    21.7416757946618)
2 15      - (1000000    -112.573365622128)(2000002    -129.576975639698)
4 10      - (1000000    -576.673820542086)(2000201    -499.167487073519)(2000101    -588.59337600006)(2000100    -494.425156313735)(2000001    -468.935420165711)
4 12      - (2000210    -194.847200361983)(2000100    -198.357956519702)(2000200    -243.618871493774)(2000002    -345.042331344236)(1000000    -282.541739882427)(2000201    -370.584781395531)
12 4      - (2000201    -479.613272053364)
8 2      - (2000002    -536.711772698701)(2000200    -352.868354806987)
6 7      - (1000000    -111.088086806921)
6 1      - (2000002    -897.420317663024)(1000000    -1105.71276098248)(2000101    -596.491857188483)(2000200    -783.03459169881)(2000100    -1245.43810692285)
15 3      - (1000000    -110.834117957978)
3 6      - (2000201    -859.733652903984)(2000100    -696.042208411945)(2000101    -1218.33577477131)(2000102    -896.680374506319)(2000002    -864.711432701812)(1000000    -867.735997339448)(2000202    -1018.62970314118)(2000001    -848.214456395049)
0 6      - (2000001    -1125.07237220028)(1000000    -731.680084925882)(2000201    -741.42821641004)(2000002    -603.244100460741)(2000210    -581.069259830651)
1 16      - (2000202    -153.769803545219)(2000100    45.9734841964091)(1000000    93.5264967155024)
5 5      - (2000022    -572.327275045878)(1000000    -1199.937120952)(2000101    -1234.20519101915)(2000211    -598.124263759167)(2000200    -181.292104472873)(2000001    -167.272495051093)(2000002    -194.20938612383)(2000102    -111.273709825165)
8 7      - (2000102    -371.041956617298)(2000200    -327.428484482648)(2000101    -345.173194901387)(2000100    -229.883463267592)
6 3      - (2000202    -1264.27066395774)(2000100    -1554.95905858549)(2000102    -1431.53313831352)(1000000    -5.85735379439499)
8 3      - (2000102    -388.904042325389)(2000002    -339.465443349365)(2000210    -632.308247905255)(2000100    -437.05406308037)
7 1      - (2000100    -1100.56594216554)(2000001    -441.912937095208)
4 6      - (2000200    -943.375130708131)(2000012    -890.660119213705)(2000102    -785.713274360431)(2000002    -771.125683365226)(1000000    -190.477672617772)
7 0      - (2000101    -524.354820443904)
7 3      - (1000000    -1331.67640170199)(2000012    -531.961742593821)(2000112    -670.857954748415)(2000212    -1006.28693212262)(2000202    -916.160564737748)(2000001    -375.256843948773)(2000200    -698.646100065564)
5 6      - (1000000    -1078.32827137151)
0 17      - (2000101    -408.834054113383)
14 4      - (2000200    -167.853503342751)
8 1      - (2000002    -529.430014947477)(2000001    -619.063238988507)(2000101    -451.248005244768)(1000000    -521.213465573246)
3 16      - (1000000    -661.236248847599)
6 4      - (2000112    -624.258147956499)(2000201    -520.660034888024)(2000212    -936.387221934748)(2000200    -889.896838504464)(1000000    -1360.62371909206)
1 17      - (2000002    -136.699118495507)
8 4      - (2000200    -323.022239889101)
16 3      - (1000000    -83.5989009472661)
5 10      - (2000002    -557.581950205058)(2000202    -591.761715931235)
3 7      - (2000101    -760.784966945586)(2000002    -590.32712284007)
4 8      - (2000002    -427.177260187482)(2000100    -413.956490931067)(1000000    -375.064784761332)(2000012    -103.187156512636)
2 17      - (2000201    -351.709279232163)
9 4      - (1000000    -152.831879768425)
15 2      - (1000000    193.99135266236)
9 3      - (2000201    -299.683096562622)(2000200    -573.251151544246)(1000000    -61.1373995106861)
4 7      - (1000000    -1555.73207601729)(2000012    -551.671275600985)
6 5      - (2000202    -172.764748056459)
4 16      - (2000201    -374.656719167697)(2000100    -162.379832365876)
1 18      - (2000200    -195.246410888775)
5 11      - (2000201    -252.555685419982)
5 9      - (2000201    -12.003860452946)
12 6      - (2000002    -4.23727085753813)
13 3      - (2000002    -5.72338108813454)
12 3      - (2000101    -5.4738025006904)

