145
0 0      - (2000001    -1055.26903480714)(2000101    -660.083156502123)(2000201    -1282.72746990966)(1000000    -673.088468282529)(2000111    -1154.96394604542)(2000002    -1209.64840974397)(2000012    -543.525069519423)(2000211    -1171.51987733755)(2000221    -1242.26117411006)(2000121    -1292.39914334093)
0 1      - (1000000    -406.651191414886)(2000001    -772.450598157325)(2000101    -392.204495948775)(2000002    -507.741029309211)(2000211    -758.549591990541)(2000201    -798.793066666911)(2000012    -320.037791192146)(2000111    -691.223827001162)(2000221    -536.979759052197)(2000121    -621.74502121119)
2 3      - (2000001    -713.755133936753)(2000101    -442.263642130126)(2000002    -1044.23837047543)(2000201    -551.20194318461)(1000000    -529.456008380231)(2000211    -1310.6308503402)(2000111    -1079.25043932976)(2000012    -773.148015515307)
2 1      - (2000001    -768.629142630234)(2000002    -815.306802964235)(2000101    -326.73041572747)(2000201    -680.397512737883)(1000000    -303.8816101053)(2000111    -645.501122589147)(2000121    -983.072379656783)(2000012    -405.255946439688)(2000211    -1159.50341922615)
1 3      - (2000111    -1100.92080137554)(2000101    -417.485778425822)(2000201    -615.093802983392)(2000001    -666.763972305304)(2000002    -523.332659337662)(2000211    -1132.47655144267)(1000000    -493.953786751062)
1 2      - (1000000    -300.970308207432)(2000101    -302.236361475802)(2000001    -760.197797125654)(2000012    -223.933095370935)(2000002    -590.533163730481)(2000201    -906.671908834148)(2000111    -707.901233972911)(2000211    -838.001329877561)(2000121    -604.363228697923)
1 1      - (2000211    -1191.07463899601)(2000201    -767.120833625737)(2000101    -471.900583522253)(1000000    -481.622656608736)(2000001    -1062.54991105736)(2000002    -716.325233183284)(2000012    -683.981303467434)(2000111    -801.406863488229)(2000221    -1367.546142693)(2000121    -825.975947497286)
2 0      - (2000001    -482.92822033688)(1000000    -419.266953150982)(2000101    -306.863609372435)(2000201    -584.155258917096)(2000002    -729.690033282379)(2000111    -1165.20075875794)(2000211    -982.339156589265)(2000012    -504.887274139194)(2000121    -771.009396721523)
3 2      - (2000101    -419.370976665011)(1000000    -792.266531687853)(2000001    -664.951149189154)(2000201    -493.791385474485)(2000211    -1255.21182618322)(2000012    -296.954681978053)(2000111    -640.372338995204)(2000002    -562.212939419758)
4 0      - (1000000    -1040.76511133728)(2000001    -1147.30639867359)(2000201    -1023.02802511541)(2000002    -915.280173334422)(2000101    -603.752697455436)(2000211    -796.388837213942)
4 4      - (2000101    264.582842713578)(2000002    -1116.19389031564)(2000001    -988.226667077992)(2000012    -149.786684449856)(1000000    380.033629490359)(2000201    -707.299558245282)
0 3      - (2000201    -422.493054138351)(1000000    -372.838871365707)(2000002    -450.101607391729)(2000001    -401.27932112843)(2000101    -407.332711552397)(2000211    -1218.58563995939)(2000121    -348.640228175201)(2000012    -196.571208885808)(2000111    -330.867069489698)
0 2      - (1000000    -332.75841056116)(2000001    -443.546833126561)(2000201    -497.636456922425)(2000002    -434.829662395224)(2000111    -1352.91231689004)(2000211    -1138.25686701792)(2000101    -295.283500408105)(2000012    -222.225762578185)(2000221    -1088.21209661485)(2000121    -1046.00694173061)
1 0      - (2000001    -936.726144478168)(2000002    -573.269667601453)(1000000    -430.836641606215)(2000201    -551.2075008767)(2000101    -404.8869854033)(2000111    -929.555394696415)(2000012    -459.528829676789)(2000211    -867.425586272594)(2000221    -816.603158213667)(2000121    -548.894577269108)
3 1      - (2000002    -487.012513037624)(1000000    -935.58234034496)(2000001    -580.273037933043)(2000101    -400.975511239538)(2000201    -491.926617974723)(2000111    -768.651845309581)(2000211    -822.984822217478)
3 0      - (2000101    -472.467080467158)(2000201    -989.748917021101)(1000000    -666.98875378587)(2000002    -731.668229409986)(2000001    -615.032510212299)(2000211    -1020.11036394662)
0 4      - (2000101    -385.881640396353)(1000000    -519.620698603277)(2000201    -676.535829460517)(2000001    -784.295168579047)(2000002    -677.343635404302)(2000012    -837.512420652901)(2000211    -795.424638075458)(2000111    -252.250293312364)
3 3      - (1000000    -425.7753844737)(2000001    -436.196165914656)(2000201    -407.321401811517)(2000002    -805.294989490855)(2000101    -395.872518307503)(2000012    -192.28894242055)(2000111    -983.772967659156)
2 4      - (1000000    -862.637006172696)(2000101    -674.337711847815)(2000001    -994.330364370247)(2000201    -1277.97598856017)(2000002    -999.676419633155)(2000111    -928.923092907042)
5 1      - (2000002    -304.738832964837)(1000000    -558.708972865417)(2000101    -206.784650204225)(2000201    -370.884056394857)(2000001    -362.623774791384)
4 1      - (2000002    -523.269356935837)(2000101    -396.577465645906)(2000001    -454.605941776884)(2000201    -729.815907259722)(1000000    -1068.77711512817)(2000211    -599.347510627679)
2 2      - (2000101    -316.838655900919)(2000201    -625.677341109161)(1000000    -374.021994652448)(2000002    -956.306792413143)(2000012    -465.613686147023)(2000001    -663.036171941922)(2000211    -1131.33751877013)(2000111    -899.711926665138)(2000221    -951.061275592332)
3 4      - (2000001    -623.427259534602)(2000101    -428.597449450563)(2000111    -935.047434232678)(2000221    -500)(2000002    -560.289100656384)(1000000    -558.030960147242)(2000201    -745.550820915788)
3 5      - (2000001    -369.949260345332)(2000002    -676.68691338769)(2000201    -1194.86439717767)(2000101    -240.68001059014)(1000000    -127.737746954178)
1 4      - (2000001    -766.523772555665)(2000211    -881.259715646491)(2000012    -689.033220492303)(2000201    -1118.84984107428)(2000101    -550.798819020614)(2000002    -896.684015777733)(1000000    -618.505777654445)
5 3      - (1000000    -77.7896871746244)(2000002    -750.341148662595)(2000001    -651.913366671884)(2000201    -557.182657361255)(2000101    192.330826899471)(2000012    14.3935719428497)
5 0      - (2000001    -694.867214017373)(2000002    -678.004239305406)(2000101    -267.069066228156)(2000201    -864.053771858594)(1000000    -734.378835865816)
4 2      - (2000002    -1021.93366386582)(1000000    -936.296255129953)(2000201    -746.041723494441)(2000101    -577.657395053051)(2000001    -879.821631312009)(2000111    -927.046849255098)(2000211    -1075.907008134)
4 3      - (1000000    -263.167043528876)(2000001    -663.438255149757)(2000002    -380.026850358649)(2000012    -494.702329090382)(2000101    -248.231682378847)(2000201    -354.983578915638)(2000211    -1245.97501453719)(2000111    -604.363228697923)
0 5      - (2000002    -947.28044404552)(1000000    74.5080937156249)(2000012    -580.432524356962)(2000001    -862.032799200427)(2000101    111.728075410783)(2000201    -1045.87740748434)(2000211    -127.979942032685)
4 5      - (2000201    -522.301220587169)(2000101    -324.273036680727)(2000002    -500.711719640179)(2000001    -234.175085115225)(1000000    -106.329300364872)
2 7      - (2000002    -768.114587033403)(2000201    -584.250322465049)(1000000    -2.58495662745357)(2000001    18.6400492802915)
6 4      - (2000101    -516.955126375593)(2000002    -573.706823251194)
9 1      - (2000001    -698.98135553358)(2000002    -658.61268087518)(2000101    -1222.72641509783)(2000012    -226.465461637495)(2000211    -1254.71068727951)(2000111    -1037.84178388276)(2000121    -663.003856728208)(1000000    -663.003856728208)(2000201    -1422.8130610089)
2 11      - (2000101    -1092.38125749926)(2000001    -1447.52083295158)(1000000    -1032.61425227969)(2000012    -139.630392176841)(2000002    -758.173999042995)(2000211    -1058.70377790109)(2000201    -1037.78720526987)(2000111    -566.281032674126)
0 9      - (1000000    -1148.8168585089)(2000002    -235.192621246516)(2000001    -700.001780488725)(2000101    -1195.50247688237)(2000201    -1062.91333507685)(2000012    -114.662790885447)(2000211    -981.973287953116)(2000111    -993.211198389482)(2000221    -1074.7805285891)(2000121    -517.913551550039)
4 7      - (2000101    -500)(1000000    -533.534731844365)
1 10      - (2000101    -1387.67115842314)(2000002    -1011.80842876117)(2000201    -1472.99597528624)(2000012    -47.8742020744829)(2000111    -1239.70124919928)(2000001    -360.788306899328)(2000211    -1117.78044445371)(1000000    -691.608373931964)
2 10      - (2000001    -929.227914495732)(2000101    -1067.25346571473)(2000201    -1303.06365104692)(1000000    -1355.28922710359)(2000111    -1016.91915122757)(2000221    -1357.34964106246)(2000211    -1259.78119457696)(2000121    -1454.62298186763)(2000002    -336.96215414345)(2000012    -135.199991037153)
1 12      - (1000000    -712.356891998008)(2000101    -308.993555570923)(2000001    -403.138486415003)(2000201    -1037.23726781497)(2000002    -582.52284099236)(2000012    136.919009652115)(2000121    -1132.56899962587)(2000111    -832.487678964448)(2000211    -611.024051601688)
11 0      - (2000002    -206.430360845512)(1000000    -452.095371532523)(2000201    -1057.49696703336)(2000101    -1044.98988339101)(2000211    -588.716156014629)(2000111    -1228.36135049774)(2000001    -545.553940622921)
1 9      - (1000000    -1095.20020818071)(2000201    -1093.52970155214)(2000002    -236.361277329769)(2000001    -498.891271396509)(2000101    -1147.53177541556)(2000111    -1275.21289639256)(2000012    105.679768911031)(2000211    -1133.69257996382)(2000121    -636.659246968229)(2000221    -1228.97147677238)
11 2      - (2000002    -784.081269744671)(2000101    -1151.73804649474)(1000000    -1215.24650814505)(2000111    -1113.60889788775)(2000211    -1220.07426430465)
14 0      - (2000001    -2.60782781415022)(2000101    -442.186984785918)(2000201    -244.937562366248)(2000002    -862.168393030864)(1000000    135.41815082931)(2000211    -1062.42133241378)(2000111    -910.714885040896)(2000012    -211.998326748461)
9 0      - (2000201    -662.919705782671)(2000111    -1210.41941623829)(1000000    -1291.09544268261)(2000002    -594.147299263186)(2000211    -1032.80873572328)(2000012    -2.59941383360762)(2000001    -261.496376050336)(2000101    -572.475905886203)
2 12      - (2000101    -960.283318529143)(1000000    -778.329667826506)(2000001    -1084.0219843871)(2000201    -1134.76723431861)(2000002    -551.880174661045)(2000211    -1037.9496708873)(2000111    -813.647632741155)(2000012    -210.934940088949)
0 12      - (2000201    193.997184850111)(1000000    -262.430865220873)(2000101    -880.794282250005)(2000002    -810.631584474071)(2000211    -610.349595471892)(2000111    -919.612467248196)(2000121    -879.606030806378)(2000001    -919.416389672021)(2000012    -31.069911830784)
11 1      - (2000101    -1441.9728930998)(1000000    -138.87801424861)(2000001    -878.912152747234)(2000002    -1017.98019157334)(2000012    -87.777673349376)
0 11      - (1000000    -919.682825077646)(2000001    -594.718577051541)(2000002    -1259.73124583562)(2000201    -1310.75792425129)(2000211    -1381.1359724942)(2000101    -1078.7491188801)(2000012    152.984766036378)(2000111    -1072.10063115916)
3 12      - (2000002    -994.664651890408)(2000201    -901.213689152854)(1000000    -904.444200281572)(2000211    -638.57684534546)(2000001    -364.942472713121)
12 0      - (2000101    -928.012383102481)(2000201    -786.501317626534)(2000211    -1544.25876139694)(2000012    -959.292225678651)(2000002    -797.881051120635)(2000111    -1298.32765310414)(1000000    -782.447317823288)(2000001    -35.8271031000776)
1 7      - (2000101    -291.157816565908)
14 1      - (2000001    -199.379212326613)(2000002    226.46275434346)(2000101    -472.167345185522)(1000000    -657.8207666321)(2000121    -612.69864052308)(2000111    -731.314018828819)(2000211    -638.484503692719)(2000201    -327.460181713283)(2000012    -142.29301450547)
1 8      - (1000000    -1149.51270200685)(2000001    -881.447665265848)(2000201    -1214.62455676051)(2000002    -827.924950905957)(2000211    -858.713858829304)
4 11      - (2000201    -1106.23843730139)(2000002    -490.657211404095)(2000001    -979.45684476049)(2000211    -802.16355436306)(2000101    -615.014623913743)
3 14      - (2000201    -202.444678291574)(1000000    -225.724819503202)(2000001    -422.283399895944)(2000111    -532.47000935718)(2000211    -584.011503489588)(2000101    -407.356713567534)(2000002    263.39087356916)
13 0      - (1000000    -212.975084866591)(2000201    -215.7640489239)(2000002    36.9172073687548)(2000001    -166.883561876245)(2000101    -545.421216803578)(2000111    -344.086657589823)(2000211    -1018.06605512109)(2000012    34.334030370416)
10 0      - (2000201    -901.09021503875)(2000101    -1473.57172570799)(1000000    -1489.54234116014)(2000002    -919.3712199583)(2000111    -1434.21923720127)
0 15      - (2000002    -497.470298543285)(2000101    -519.795682288741)(2000201    -59.6357531819731)(1000000    -128.858870793223)(2000211    -833.623155745291)(2000001    -656.469840633014)
0 13      - (2000001    -249.104949135789)(2000201    -928.15674683433)(1000000    -230.138975244058)(2000211    -834.232771095722)(2000012    -799.18347569966)(2000002    -700.770703440923)(2000111    -910.331839788984)(2000101    -790.160227374791)
0 8      - (2000002    -307.863280165929)(2000101    -984.467781120493)(2000001    -442.911370490655)(2000201    -1098.93905033219)(2000211    -829.340061618787)(1000000    -980.76121916045)(2000012    -176.090740456571)(2000121    -489.178001360057)
0 10      - (2000001    -665.923306970024)(2000101    -1391.52409713781)(2000201    -1339.27975270541)(2000211    -1489.17876164954)(2000002    -520.021391476991)(2000111    -802.459682945386)(2000012    70.1722850329059)(1000000    -1167.27893134293)(2000121    -734.189481287983)
0 7      - (1000000    -1214.48382177628)(2000201    -1145.15134092074)
1 13      - (2000101    -460.928971343903)(2000221    -2000)(2000111    -1192.19247437437)(1000000    -317.10737175545)(2000211    -1069.25740800446)(2000001    -561.58048880568)(2000201    -404.621345293669)(2000002    -481.573762638462)(2000012    -160.658123561161)
2 9      - (2000001    -264.652215002151)(1000000    -1155.40600146428)(2000201    -1184.42069170537)(2000002    -375.599010895803)(2000111    -1243.02443250693)(2000211    -892.956841530701)(2000101    -1510.3515488132)(2000012    127.349633886696)(2000121    -1003.06871234856)
0 14      - (2000101    -322.983400694538)(1000000    -375.676380005181)(2000201    22.4575141542906)(2000002    -310.635018910956)(2000111    -1206.69140877299)(2000012    -613.024591390245)(2000211    -926.605263436022)(2000001    -137.56764983171)
3 13      - (2000201    -1122.85032541238)(2000001    -670.48405176167)(2000101    -619.232437255402)(1000000    -393.944769134121)(2000002    -151.525618751754)
0 6      - (2000101    -320.072212936045)(2000001    -236.027296833064)(2000201    -163.905609029269)(1000000    714.613588394447)(2000111    85.2527691077357)
2 14      - (2000201    -823.791578322623)(2000101    -884.715537578818)(1000000    -341.412190058996)(2000211    -607.532949749954)(2000002    -880.695988210708)(2000111    -827.37792751771)(2000012    -596.228088311715)(2000001    111.410728543642)
13 2      - (2000101    -46.2455101588595)(2000201    -803.342857036914)(1000000    -317.250395670195)(2000211    -628.970061461637)(2000001    -853.613112012635)(2000002    -608.555254696886)(2000012    44.4737077854968)(2000111    -614.612877140827)
2 15      - (2000002    -219.396988753707)(2000201    -682.756960522821)(1000000    -650.612491999405)(2000101    -923.468719524997)(2000012    -430.659391466356)(2000211    -633.388981763788)(2000001    -485.456277985291)
12 1      - (1000000    -655.122208674288)(2000111    -972.651547726653)(2000211    -1272.25465711507)(2000001    -352.47191474352)(2000002    -987.176368784704)(2000101    -1225.97880620953)(2000012    -551.336666831226)(2000201    -718.63678657057)
3 15      - (1000000    -118.543579838937)(2000201    -902.674014376135)(2000101    -89.8637126437643)(2000111    -614.352000708456)(2000001    -226.317646020782)(2000002    230.756779613964)
12 2      - (2000101    -575.899196098515)(1000000    -586.170296322498)(2000002    -1285.02645522792)(2000201    -984.147918151034)(2000012    -641.386841701509)(2000111    -719.722689496962)
2 8      - (2000101    -1264.44177420157)(2000012    37.8378270702052)(2000201    -1368.05110657011)(2000211    -917.853000144791)(2000002    -726.600270178308)(2000111    -1071.78112350513)
10 2      - (1000000    -1317.33182053945)(2000111    -1133.97222841807)(2000012    -6.13664219402953)(2000002    -89.893118956176)
2 13      - (2000201    -575.94670857915)(1000000    214.020293448244)(2000001    159.977146749692)(2000002    -420.257525342364)(2000211    -870.403130593667)(2000111    -873.585021494794)(2000012    -196.390294907881)(2000101    -431.146651057575)
9 2      - (1000000    -1402.30491787136)(2000111    -1021.82679904005)(2000201    -1019.65877291828)(2000002    -399.815771069065)(2000101    -1311.42142171959)(2000211    -1172.85435235143)(2000001    -313.696474204679)
13 1      - (1000000    -367.143896543674)(2000101    -702.404149029058)(2000211    -591.305255789359)(2000002    -618.09293592738)(2000201    -902.124649472239)(2000001    -104.646683079408)(2000111    -565.021567437918)
3 11      - (2000002    -667.104555266545)(2000221    -500)
1 14      - (2000201    -767.634736477419)(2000101    -652.603767971149)(1000000    -553.185686320872)(2000012    71.5486710544465)(2000211    -1068.78021394057)(2000001    -999.905332880524)(2000002    -841.612362544817)(2000111    -789.532764186899)
14 2      - (1000000    -77.5931146745932)(2000211    -721.486565075945)(2000012    -542.836453187411)(2000101    -412.242874490967)(2000201    -483.950350327382)(2000001    -608.571632238017)(2000111    -1025.22845266583)(2000002    -552.895104031053)
1 6      - (1000000    -797.621206803366)(2000001    -243.155232414054)(2000002    -1210.09985544755)(2000201    -409.869997930835)
1 11      - (2000002    -549.812571556785)(1000000    -465.593369698422)(2000001    77.6389009375594)(2000012    -133.81654480374)(2000101    -939.475844370099)(2000211    -536.979759052197)(2000111    -710.468762244465)(2000201    -109.985586816678)
2 5      - (2000101    -21.5666708771566)(2000001    -477.688298385667)(1000000    319.976703624023)(2000002    -1169.82960045856)(2000201    -432.949721374956)
6 2      - (2000101    -203.418088980313)(2000001    -247.505183521891)(2000002    -610.50220750966)(1000000    -128.910197630693)(2000201    -453.34607194254)
4 9      - (2000002    -816.026245988695)(2000111    -1152.53886918731)(2000201    -441.62225956731)(2000012    -42.7535899258379)(2000211    -641.675598773064)(1000000    -597.227513569758)
2 16      - (2000001    -612.782053863071)(2000211    -607.043872606582)(2000002    162.604544955438)(2000201    -325.528594408236)(1000000    -701.144492744031)(2000111    -786.865330451417)(2000101    -909.209479521635)
3 10      - (2000101    -1503.72080121284)(2000211    -1533.1561996437)(2000201    -1206.99567658582)(2000012    -290.372399357848)(1000000    -1186.15207484663)(2000001    -196.25189988244)(2000111    -743.48452188611)(2000002    -104.663420477813)
1 16      - (1000000    -545.697004267471)(2000101    -268.604918794858)(2000201    -191.20576525251)(2000111    -829.335899815879)(2000001    -371.73692015112)(2000211    41.2788500482773)
1 15      - (2000001    -112.233224915845)(2000211    -567.633579370308)(2000201    -532.30001175822)(2000101    -462.931416717023)(1000000    -232.354001514483)(2000002    -56.4244504781602)(2000111    -577.221061657904)
3 9      - (1000000    -1077.72111429487)(2000201    -1229.61553445175)(2000012    -98.9101836829118)(2000101    -1130.27601322961)(2000211    -1093.84414468046)(2000002    -770.438695854921)(2000111    -675.757465601864)
8 2      - (1000000    -680.069937863229)
3 16      - (2000111    -558.785786215843)(1000000    -308.47610309788)(2000001    -431.567623618786)(2000002    -49.2359746329958)(2000201    -201.775781729522)
10 1      - (2000101    -1346.14952355812)(1000000    -1397.97830623559)(2000001    -977.797447455137)(2000121    -616.157817886184)(2000111    -1217.56702810243)(2000002    -193.71907757702)(2000012    -136.738744399587)
2 6      - (1000000    709.011015065835)(2000221    -737.055936164974)(2000101    -298.271916728283)(2000001    -211.789215496839)
5 2      - (2000001    -518.865475642554)(2000221    -631.25624801379)(2000012    -568.958329052731)(2000101    -515.779260272598)(1000000    -561.498911755662)(2000002    -1043.32545280167)(2000201    -520.446291933747)
4 10      - (2000111    -1510.2236336226)(2000101    -1030.36462403268)(2000211    -706.118783234832)(2000012    -363.255732790982)(1000000    -500)(2000002    -437.120129027276)(2000001    -25.1818663862117)
3 8      - (2000121    -871.933592455059)(2000201    -1044.52377836598)(2000111    -1173.90838745507)(2000101    -1228.99727628261)
1 5      - (2000111    -649.71117252377)(2000121    -649.71117252377)(1000000    -764.305289958414)(2000101    -589.774498685831)(2000002    -611.132615968161)(2000201    -303.040637554912)(2000001    -782.262555003433)(2000211    -1147.19508418493)(2000012    16.667015185208)
0 16      - (2000012    -180.908114577191)(2000211    -1101.87161347284)(2000002    -871.807563622382)(2000111    -757.154184949731)(1000000    -230.95642477314)(2000201    -826.594018656936)(2000101    -863.921947258081)(2000001    -936.053157003571)
15 0      - (2000002    -70.3678440983506)(2000201    -84.8866594619993)
4 14      - (2000001    -487.903577889906)(2000201    -435.27367140423)(2000101    -806.243915460864)(1000000    -584.744243414216)(2000111    -739.330825429079)
5 5      - (1000000    -1642.32224082977)(2000201    -446.031379956904)(2000002    -251.283894454632)(2000101    -212.328103426526)(2000001    42.2719262565666)
4 15      - (2000002    -832.697307428795)(2000101    -220.834987414428)(1000000    -559.462180914965)(2000201    -600.876521602579)
4 13      - (2000001    -669.909136724528)(1000000    -701.861820901585)(2000101    -920.017011398746)(2000201    -846.277473392958)
15 3      - (2000002    -364.838921327241)(2000111    -910.855263761348)(2000001    -71.4481459684285)(2000101    -103.321720664451)(1000000    -342.056102628145)
8 0      - (2000211    -1247.85260831908)
4 16      - (2000101    -278.519782482739)(2000001    -747.477536418829)(2000002    -738.956861313998)(1000000    -701.634812649436)(2000111    -639.292157161448)
5 4      - (2000201    -1246.93294088843)(1000000    -419.754426187633)(2000001    -1275.24644353217)(2000101    110.694784681558)(2000002    2.37743214760427)
5 6      - (2000101    -496.219172712791)(2000001    -25.7066264217073)(1000000    -1064.19660762937)(2000002    -88.6347580517494)
5 16      - (1000000    -272.44252904451)
3 6      - (2000001    -758.118591057158)(1000000    -1171.50511120166)(2000002    -756.26265411544)(2000101    -149.855901044748)
4 6      - (2000001    -213.379664965718)(2000201    -99.3809723915445)(2000002    -737.786392913181)(2000101    217.150119990508)(1000000    -743.787392301855)
3 17      - (1000000    -69.4816604381672)(2000001    -107.174398383852)
6 1      - (2000101    413.03407925698)(1000000    -591.578714707769)(2000201    -993.133359558896)(2000001    -256.090194260287)
6 3      - (2000001    -799.474127896158)(1000000    -280.078422503028)(2000201    -338.784525638323)
6 0      - (2000002    -826.216080699611)(1000000    -762.573532228871)(2000201    -671.017780767484)(2000001    -1009.00378313916)
4 18      - (2000001    -75.3933422249281)
6 7      - (2000002    -831.107142040538)
5 7      - (1000000    -1384.24107006756)
5 14      - (1000000    18.6874445884094)
5 15      - (2000201    -198.099071009529)(1000000    -689.653588992129)(2000211    -158.470570142207)
4 17      - (2000111    -594.469477344171)(2000001    -132.196985668752)(1000000    -696.015881766634)(2000101    -86.1393411549614)(2000201    -485.456277985291)
9 3      - (2000101    -779.155243025433)(2000211    -572.475905886203)
2 17      - (2000012    -76.0215565251274)
2 18      - (1000000    -433.871324674655)(2000211    -232.997358659608)(2000001    -54.6214995849829)
13 3      - (2000101    -533.011495494021)(2000111    -533.011495494021)(1000000    -207.647608792401)
7 2      - (2000201    -510.077075027466)(2000012    -251.36735457424)
5 9      - (2000012    -192.600963732912)(2000101    -1297.95992709884)(2000111    -482.832984814792)(2000211    -425.129015696383)
12 5      - (2000001    -173.344455454033)
13 4      - (2000201    -126.372725861424)
5 10      - (2000012    -2.00655276422135)(2000002    -305.446645865212)
16 3      - (2000101    -388.644669341955)
16 0      - (1000000    -40.9168692789782)
4 12      - (1000000    -97.0839172584897)(2000001    -56.3291064743807)
8 3      - (2000101    -572.475905886203)
0 17      - (2000111    -928.124308105183)(1000000    -982.386298659608)
5 12      - (1000000    -164.498996231776)
5 13      - (2000101    -740.132022148598)
12 3      - (1000000    -728.317534769191)
14 3      - (2000002    -92.6454281551777)
3 18      - (1000000    -928.450545103588)
15 2      - (2000002    -32.2884303602714)
6 6      - (2000001    -62.7639382604711)

