148
0 0      - (2000001    -58.057501656497)(2000101    355.966683161216)(1000000    347.679528491064)(2000002    -211.526508721861)(2000201    -269.968045084896)(2000012    505.037404336938)(2000111    -517.784536461984)(2000211    -452.586331784747)(2000121    -767.277192489705)(2000221    -804.277132859493)
0 1      - (2000101    -159.492766811718)(2000201    -499.459974879799)(1000000    517.625598210806)(2000001    -5.38993279402939)(2000002    178.61177421495)(2000012    526.794125419934)(2000111    -973.826860988506)(2000211    -707.820592844085)(2000221    -830.862110618444)(2000121    -973.640218920614)
0 2      - (2000201    -601.457994339594)(2000001    209.090956485233)(2000101    -921.178130921988)(1000000    497.058545900507)(2000002    38.0878563261431)(2000012    525.75552780066)(2000211    -568.075196185515)(2000121    -961.089628391018)(2000111    -827.008315829788)(2000221    -774.324147333484)
1 1      - (1000000    559.025521125997)(2000101    567.421384515483)(2000002    17.7317958968292)(2000001    228.312222399645)(2000201    38.2635578658908)(2000211    -1364.48570219565)(2000111    -895.116185628654)(2000012    -376.04970898775)(2000121    -834.018815606995)(2000221    -653.543914548534)
1 3      - (2000201    323.405491270895)(2000001    389.585806598517)(2000101    767.841798833332)(1000000    764.940071980321)(2000002    195.184003769689)(2000111    -571.405314311059)(2000211    -787.545309488366)
2 2      - (2000101    561.739488908835)(2000001    -392.077671442105)(1000000    564.955063480061)(2000002    -101.765619694509)(2000201    -103.099958770451)(2000111    -360.145377353636)(2000012    -635.826937741749)(2000211    -871.968754743185)(2000221    -1088.51299466002)
3 2      - (2000211    -1028.27019617762)(2000012    -109.465260265328)(2000101    497.581814569504)(2000201    341.713977498104)(2000111    -1298.72139668731)(2000002    319.605445858759)(1000000    471.784614859536)(2000001    342.335335223827)
1 0      - (1000000    540.892007933637)(2000002    12.197814363546)(2000101    537.604027284197)(2000001    69.8232062663424)(2000201    62.8846867932945)(2000211    -880.448897384904)(2000012    -206.548460264113)(2000111    -576.597194094552)(2000221    -724.724361146411)(2000121    -996.247358562809)
1 2      - (2000001    219.324735156576)(1000000    658.518954467373)(2000002    -403.953794203367)(2000101    679.375594716492)(2000201    -42.8088378897199)(2000211    -954.362024527394)(2000012    -290.270932862188)(2000111    -296.358710726167)(2000121    -1115.32929781213)
4 3      - (2000111    -426.968333974575)(2000001    392.124988910919)(2000101    449.249660744792)(1000000    -371.941076048562)(2000201    394.353217774698)(2000002    385.942446884888)
0 4      - (2000002    50.3103306126822)(1000000    -242.449035720087)(2000211    -1500)(2000111    -506.389982757748)(2000201    -121.82610082268)(2000001    -308.455346913267)(2000101    450.278381175872)(2000012    -608.97684037889)
2 0      - (2000201    17.2922935090934)(2000101    494.045384954064)(2000001    96.1296494413001)(1000000    484.033298954765)(2000002    169.729896207228)(2000111    -684.517458576192)(2000211    -935.847445060222)(2000012    -477.499106437988)(2000221    -924.48864869668)(2000121    -866.99040114178)
3 4      - (2000001    313.100880902938)(2000101    177.043557498587)(1000000    -471.170846648199)(2000211    -806.565406644608)(2000002    209.406321718072)(2000201    124.139368572731)
3 0      - (2000211    -738.596468242746)(2000101    527.522215585282)(2000002    117.045997765377)(2000201    70.9010896603939)(1000000    -147.809494431539)(2000001    233.827005248372)(2000012    -764.636776323356)(2000111    -1228.19870869753)
2 1      - (2000001    -67.7347267083936)(2000002    93.0984609020025)(1000000    572.097737399202)(2000012    -191.746785536838)(2000211    -707.373108063761)(2000101    584.19248278211)(2000201    316.445921991707)(2000111    -1191.00782543795)(2000221    -650.424591370829)(2000121    -577.993600761186)
1 6      - (1000000    -527.274972113948)(2000002    -1011.02927840337)(2000201    -229.888675393827)(2000001    -206.474657652078)(2000101    -170.077189067717)
2 3      - (2000201    289.20700260868)(1000000    513.643022227223)(2000001    472.178775064638)(2000002    -12.5136214146323)(2000101    130.210019295156)(2000012    -238.164553882837)(2000211    -989.95189957464)(2000111    -1050.06345027631)
2 4      - (2000001    -62.7046855297914)(1000000    73.3955591696792)(2000101    486.916124937691)(2000002    103.059429819221)(2000211    -1103.74286703564)(2000201    -23.8460859737974)(2000121    -827.151176946023)
0 3      - (1000000    1060.66486807123)(2000101    390.773679190633)(2000001    125.984800153726)(2000002    -103.868913052514)(2000111    -1470.53994306063)(2000201    314.850985084923)
1 4      - (2000002    -91.6802190325985)(2000201    -10.1242144473873)(2000001    205.919789959738)(1000000    -414.77642289601)(2000101    491.133701395934)(2000211    -891.583802772054)(2000111    -1035.1413815941)
4 1      - (1000000    -56.0293760269507)(2000002    255.221764741742)(2000001    295.912098940667)(2000101    509.839075615414)(2000201    101.533410753671)(2000211    -1356.15325712187)(2000012    -191.58785945743)
3 1      - (2000002    -40.1222299244469)(2000201    146.846942591854)(2000101    502.912619979163)(1000000    495.321907509343)(2000001    191.030373867273)(2000012    -466.683051112966)(2000111    -936.757375938557)(2000211    -886.304273898595)
4 0      - (1000000    246.673447655951)(2000001    257.18655424918)(2000201    230.809848026582)(2000101    272.433054605526)(2000002    347.403217462141)(2000111    -1174.21243007242)(2000211    -962.588376773504)
6 2      - (2000002    -1056.395111061)(1000000    -1051.67717458886)(2000001    287.064692568752)(2000201    -678.003421940994)(2000211    -599.810836065598)(2000101    70.5238896954371)
5 3      - (1000000    -812.793522378994)(2000012    -110.245346239799)(2000002    -260.880678037356)(2000001    -189.939787850211)(2000201    17.482190743182)(2000101    487.612506929784)
1 9      - (2000101    -1222.45509419417)(2000002    -421.785228212686)(1000000    -1170.55148349087)(2000201    -1079.69648381508)(2000211    -1295.81625122539)(2000111    -1468.38928382152)(2000121    -499.946423220045)(2000012    275.675738697373)(2000001    -561.475599709564)
4 2      - (2000001    134.048195087541)(2000002    327.287552644242)(2000201    200.551618430183)(2000012    -181.1539738432)(2000101    308.158495078693)(1000000    198.796662163392)
11 2      - (2000001    -787.205074471858)(2000101    -1312.82585445718)(1000000    -121.376930875835)(2000111    86.2331235726733)(2000201    59.951999717182)(2000002    358.373814103098)
10 1      - (1000000    -794.323172207969)(2000201    -785.796491866756)(2000101    -858.794705576694)(2000001    343.967720762981)(2000002    -153.360947579646)(2000211    -1053.25787317178)(2000111    -675.064244411467)(2000012    -658.773955473635)(2000121    -626.428299039919)
5 0      - (2000201    -641.629335243178)(1000000    -53.8720291682142)(2000002    -812.036063601488)(2000101    -544.2515179907)(2000001    -578.49360731103)
3 5      - (2000201    -661.894513938974)(2000001    -748.852466170702)(2000101    194.717168002605)(2000002    -582.589434660348)(1000000    -612.676749857101)
2 9      - (2000101    -1179.8086130832)(2000002    -393.302689082736)(2000001    -152.729811217045)(2000012    -340.046521448889)(2000201    -1218.20468325396)(2000211    -562.379004875642)(2000111    -1203.04596282311)(1000000    -511.920124672064)(2000121    -1280.17945992709)(2000221    -1008.77608310703)
2 5      - (2000201    -12.8888364867048)(2000001    -310.576517889611)(2000101    -173.126888900183)(2000002    544.760079562157)
2 13      - (2000201    -159.351070017291)(2000002    -508.793404625182)(2000001    -608.836233704023)(1000000    -749.106388108515)(2000101    -489.963310001198)(2000111    -766.37475777535)(2000211    -680.410817513184)(2000012    -790.76324433968)
2 12      - (1000000    166.436045200935)(2000002    -804.749085069034)(2000101    -479.843657806748)(2000001    -115.687898246924)(2000211    -534.392383538244)(2000201    -230.493660632559)(2000012    458.725785197617)(2000111    -1122.70705284058)
0 12      - (2000101    -208.078475379199)(2000002    -229.309059512254)(2000111    -175.640568232596)(1000000    -340.210960829557)(2000001    465.122594464108)(2000211    -1149.03971413641)(2000012    -133.988586623239)(2000201    -658.910714859066)
14 2      - (2000001    530.346896410874)(2000101    51.37934561437)(2000002    573.530613990442)(2000201    -339.774138024959)(2000211    -213.420725414596)(2000111    -414.060119073073)(1000000    467.094976767107)(2000012    -419.073786970661)
1 12      - (1000000    -681.432155115352)(2000002    -990.739736176657)(2000001    -610.407712470816)(2000101    -639.270347246275)(2000211    -903.653290712272)(2000012    -415.494328082088)(2000201    75.9654656245644)(2000111    -605.88103504505)
9 2      - (2000201    -1041.19540622728)(2000101    -1221.08422316677)(2000001    -353.45513427853)(1000000    -687.266917683957)(2000002    -671.693753037398)(2000211    -1012.02414569615)(2000111    -1015.46345596888)(2000012    -108.447560908096)
2 6      - (2000201    -1059.89657147988)(2000002    -373.025601020493)(2000101    205.615071899842)(2000001    -602.148669305665)
0 13      - (2000101    -1025.4420855137)(2000201    -940.92762987429)(1000000    100.975812458772)(2000002    -245.608201781433)(2000001    -414.59251879144)(2000111    -756.424790419385)(2000211    -1087.3279760381)(2000012    -1088.48250146043)
2 10      - (2000101    -1320.76105209588)(2000002    -676.083559772812)(1000000    -64.464341927881)(2000001    -447.328613768803)(2000201    -820.950046202148)(2000012    163.919680706576)(2000211    -768.771843432335)(2000111    -1272.49146428755)
2 11      - (1000000    204.596752169027)(2000101    -1241.89882787171)(2000201    -1175.54539056974)(2000002    -1210.50749113181)(2000111    -1091.03342729891)(2000001    -52.4403735040404)(2000211    -1098.31911216757)(2000012    153.125663691786)
0 11      - (2000002    510.88723741993)(1000000    -870.24593693711)(2000201    -719.501873879044)(2000001    -374.786295420625)(2000101    -849.653921254497)(2000211    -708.452635548815)(2000012    -102.151564597596)(2000111    -1093.84455908792)
3 3      - (2000012    -385.065305057892)(2000101    63.4546672792613)(2000001    511.315649359015)(2000111    -1125.05165422078)(2000201    -12.4265361954054)(2000002    -58.1827007013637)(1000000    -63.0766700785883)(2000211    -903.590416710061)
0 10      - (2000001    -698.609161402717)(1000000    -1122.138665743)(2000101    -1450.47437036187)(2000012    503.439617272625)(2000201    -1242.10243812348)(2000121    -729.972455787813)(2000002    -801.934071750424)(2000211    -1072.4954686945)(2000111    -1167.26802436281)
0 5      - (2000211    -882.760908054833)(2000201    -710.785048232497)(1000000    -901.810788012909)(2000002    -1005.5231219566)(2000101    580.734212726962)(2000001    -1241.1221100608)(2000111    -824.667101128509)
13 1      - (2000002    402.415766320943)(2000101    -365.835790382005)(2000201    177.189817796423)(2000012    -620.240295606146)(2000001    250.194092777076)(1000000    369.565499925227)(2000111    -1016.68084657772)(2000211    -910.89355877115)
14 0      - (2000002    107.550527120877)(1000000    478.8148863166)(2000101    251.414556268811)(2000201    10.5731801014897)(2000001    531.960998472081)(2000111    -504.22122031859)(2000211    -721.129141949036)(2000012    -132.280321096993)
2 14      - (1000000    -189.687370707472)(2000002    -127.57647250625)(2000101    -269.770858400164)(2000211    -889.105338168439)(2000111    -624.874423987502)(2000201    65.877247836556)(2000001    -521.790221196134)
3 12      - (2000101    -864.869625158895)(2000001    -1189.34044431872)(2000111    -978.60958799552)(1000000    -559.61879857792)(2000201    -882.159266395336)(2000211    -888.157431007645)(2000002    -860.944422017791)
3 14      - (2000002    317.869363082835)(2000101    -242.381638621386)(2000201    179.552643336715)(2000001    -606.035168873502)(1000000    -663.442263629191)(2000211    -1083.14839862021)(2000111    -771.482088518599)(2000012    110.759166720997)
9 0      - (1000000    -975.666815206178)(2000001    -832.541772839602)(2000111    -1338.82304578029)(2000002    -965.59734713987)(2000211    -943.329197342669)(2000101    -1515.19440612038)(2000201    -1007.61898922151)
0 14      - (2000101    -197.181398297234)(2000001    217.781353815387)(2000002    40.4620357031314)(1000000    278.817691026066)(2000201    -55.4374219049498)(2000111    -830.777908760081)(2000211    -126.61413754889)(2000012    -205.779716488621)
3 9      - (2000002    -448.719736546057)(2000101    -439.46875)(2000111    -675.05336064289)(2000211    -1005.0941526113)(2000012    -502.123720692915)(1000000    -872.358887145858)
3 11      - (2000201    -941.422608487357)(2000002    -595.970867589162)(1000000    -890.207480267663)(2000211    -590.71720948449)(2000101    -895.507486919322)
14 3      - (1000000    -699.091117568723)(2000101    -220.413407539769)
14 1      - (2000201    351.530069817799)(2000111    -767.097394601185)(2000001    196.772153359284)(1000000    547.781800763438)(2000101    94.7384831358708)(2000002    594.053173345878)(2000211    -339.444212228698)(2000012    46.7966031190983)
0 8      - (2000201    -1008.42920534236)(2000101    -1418.15065262385)(2000001    -1299.47850662225)(1000000    -1517.80355206785)(2000111    -1041.34869532462)(2000211    -805.339238931526)(2000012    540.183822178881)
10 0      - (2000101    -1357.25306206033)(1000000    -1168.85672736271)(2000001    -796.357372097105)(2000201    -406.301034223193)(2000012    -200.914304003568)(2000111    -1091.59767241475)(2000121    -604.650735889785)(2000002    -849.248152955196)(2000211    -526.631030874053)
9 1      - (2000001    -561.423463381269)(2000101    -1537.48027813987)(2000002    -509.377693218669)(2000201    -1060.95182865974)(1000000    -1257.79603121111)(2000111    -1203.96690373873)(2000221    -1374.21225496468)(2000211    -1396.48446868335)(2000012    198.569050012484)(2000121    -899.5980697522)
13 2      - (2000001    516.264498794448)(1000000    586.331917239937)(2000101    -267.316983293405)(2000201    -58.3623310657021)(2000002    767.163071631859)(2000111    -1009.08086601759)(2000012    -670.289173855475)(2000211    -33.4644956151016)
15 4      - (2000201    -956.094617052558)(2000101    -818.11026481227)
1 15      - (2000101    -743.545936080629)(2000002    -153.186538773153)(1000000    428.636922748748)(2000001    539.675739551889)(2000211    -496.464652985236)(2000111    -390.575503868521)(2000201    -217.975432182647)
4 16      - (1000000    -1043.84441156107)(2000001    -1078.87588063952)(2000101    -845.951771746423)(2000002    -943.950850616955)(2000012    -250.430376532951)
4 15      - (2000001    -84.1363834981006)(2000012    -8.75843700285856)(2000002    -302.977630825857)(2000201    -580.381622169257)(1000000    -26.6298055549835)
4 14      - (2000201    -807.180833420122)(1000000    -910.289097591434)(2000012    -832.444364040394)(2000211    -893.242988937963)
1 13      - (2000101    -630.2315400797)(1000000    197.405001681864)(2000002    -506.199398535304)(2000201    -825.945080218994)(2000001    382.223882819314)(2000111    -1133.38910058568)(2000211    -1123.4955986295)
3 13      - (2000201    -1276.75092658619)(2000101    -88.4033497805555)(2000002    -728.139617997706)(1000000    -1184.03172079846)(2000001    -859.659588873269)(2000211    -938.521307262003)(2000111    -830.631479242833)
13 0      - (2000002    677.435084035008)(2000201    96.6505692529959)(2000111    -453.9705160848)(2000101    -159.917389457571)(1000000    601.16640055035)(2000001    216.654712548457)(2000211    -637.82330867578)(2000012    -1105.9380257315)
1 5      - (2000111    -421.680249189312)(2000012    -351.610352924956)(2000001    -484.266552208557)(1000000    -640.829993531848)(2000201    -788.064010973483)(2000101    513.99563369686)(2000002    -847.803574091642)
3 15      - (2000001    -7.76987871976772)(2000201    -116.691955213795)(1000000    61.3152945889037)(2000002    621.247499675166)(2000111    -704.766260370384)
5 2      - (2000201    100.358169064981)(1000000    -505.733518062588)(2000002    236.590312387817)(2000001    506.255335174523)(2000211    -1094.858315694)(2000101    167.110721902763)
2 16      - (2000001    702.788888168854)(1000000    436.247822886976)(2000201    -333.718931679368)(2000211    -61.2898174588053)(2000101    -845.311368098077)(2000111    -716.693112173295)(2000002    824.524528452766)
2 8      - (2000001    -538.944007014219)(2000101    -725.634123372387)(2000002    -837.502319773545)(2000012    -41.4849286061504)(2000111    -1113.11199754228)(1000000    -782.557752828274)(2000211    -1003.75137710348)
1 14      - (1000000    262.2978134962)(2000002    -308.47121967357)(2000101    -85.4235687282253)(2000001    47.7887087703859)(2000201    -97.1131401199293)(2000012    38.4461905465938)(2000211    -1012.70813800174)(2000111    -452.090239829889)
4 11      - (2000201    -595.061655587169)(1000000    -523.621888623899)(2000012    -359.7898360721)
1 10      - (2000001    -1339.93056973891)(2000002    521.146636175937)(2000201    -1221.57850962098)(2000101    -786.640537872065)(1000000    -1519.97907750286)(2000121    -1100.35213777583)(2000211    -1035.52717020693)(2000012    -24.7485406838324)(2000111    -948.691875329917)
0 9      - (2000001    -584.326151197699)(2000002    -508.003918983794)(1000000    -1208.59314325819)(2000201    -1235.45180625077)(2000101    -1584.97280832638)(2000012    436.35756171526)(2000111    -1456.28018008489)(2000121    -672.263204759488)(2000211    -1338.44204770568)
12 2      - (2000001    -533.48460384116)(1000000    719.740384401175)(2000211    -199.276269419805)(2000201    -718.168682616965)(2000111    -878.088279010745)(2000012    -543.141833128883)(2000002    786.145495003425)(2000101    -695.779384417435)
12 0      - (2000001    564.488873141145)(2000002    -761.923607522928)(2000101    -726.542787830061)(1000000    425.898335431668)(2000201    -441.352667497139)(2000012    -527.49861569804)(2000111    -877.930077242708)(2000211    -925.757349238351)
11 1      - (2000001    477.632910593159)(2000101    -1328.94427973593)(2000012    -232.114483673695)(2000211    -902.350770350426)(1000000    -690.851772839171)(2000111    -788.621706646964)(2000201    -146.504309857736)(2000002    108.205520027172)
11 0      - (2000002    -825.124612569987)(2000201    -1206.48534862169)(1000000    78.849533955678)(2000211    -829.640712562723)(2000012    -91.2893145235963)
12 1      - (2000002    -358.923889313543)(2000012    -800.392831872058)(1000000    399.023341764494)(2000211    -747.307729577209)(2000101    -452.276924185954)(2000001    168.777072175784)(2000111    -742.822735641973)(2000201    -985.991029585407)
0 15      - (1000000    99.6746030393013)(2000101    -579.763938783427)(2000001    -526.913088718446)(2000201    -584.796237633151)(2000002    388.630362583442)(2000211    -388.591351154685)
3 16      - (2000101    -596.215166896961)(1000000    -865.861167834485)(2000201    629.351228141539)(2000002    -337.808095878591)
0 16      - (2000101    89.3920788912676)(1000000    540.687540448905)(2000001    -354.124677253766)(2000201    316.144083548072)(2000211    -628.676234842068)(2000002    604.024490001346)(2000111    -345.033825177435)
1 16      - (2000201    -158.419603331545)(1000000    371.824599400411)(2000001    -40.9554601854271)(2000101    -651.360743328029)(2000002    391.971050389806)(2000211    30.2227913666163)(2000111    31.5397547731175)
3 17      - (2000002    -5.11320557591339)
4 6      - (2000111    -1274.62538590261)(1000000    -1137.0788960979)(2000101    -170.41600399889)(2000002    -590.627155222278)(2000001    -387.714457053644)(2000201    -539.327490239314)
6 3      - (1000000    -617.014692419916)(2000211    -892.127315415652)(2000201    -750.625)
1 11      - (2000121    -698.715315241268)(2000201    -617.260503470399)(1000000    -551.143850616327)(2000211    -1261.9691477442)(2000002    -197.625936673762)(2000111    -988.315493554249)(2000012    126.070701854215)(2000001    71.8770256838424)
6 0      - (2000201    -497.275511928056)(2000002    -410.829532764601)(2000101    -23.786153273986)(1000000    -422.637294307221)(2000001    -355.380862359266)
5 1      - (2000001    -241.926947218085)(1000000    -949.594474835057)(2000201    -421.016693457831)(2000002    -421.038543365275)(2000101    488.045765558974)
4 4      - (1000000    -774.790350020245)(2000001    -269.563081206252)(2000002    -203.223475868865)(2000201    -43.9389112567773)(2000101    154.357100475334)(2000211    -531.60375952958)
5 4      - (2000002    -847.754752344767)(2000201    -1367.59151629224)(1000000    -1097.99817609625)(2000001    -49.0605162656065)(2000101    -632.82508274967)
4 5      - (2000201    -905.591998329376)(1000000    555.083860903843)(2000101    416.692537225605)(2000002    -1003.10299956968)(2000001    -444.397199906636)
3 6      - (2000201    -770.392303707931)(2000002    -951.013871085274)(1000000    -841.838738509052)(2000101    168.305065518473)(2000001    -684.316675713216)
6 5      - (2000001    -133.637798964515)(2000201    -490.240276992589)(2000101    -48.7951575921489)
10 2      - (2000001    -1342.23580462853)(1000000    -253.133342130278)(2000101    -85.2922516915671)(2000111    -1314.5688734267)(2000012    -56.8564654821299)
9 3      - (2000201    -755.488124604826)
3 10      - (2000101    -1380.67814599642)(2000201    -1646.24546767795)(2000211    -1400.09657399043)(2000111    -1507.1521967974)(2000002    -1199.42840593923)(1000000    -874.643649003639)(2000221    -760.254666546057)
10 3      - (2000012    -155.093015698761)
5 10      - (2000101    -1058.95626332141)(2000111    -1029.36223375929)(2000012    -91.2462219488937)(2000211    -766.159513166779)
1 8      - (2000121    -1104.84274837753)(2000012    38.5384895146026)(2000101    -969.331925702252)(2000111    -500)(2000211    -1024.43967092981)(2000002    -465.45622148684)(1000000    -688.343825022334)(2000201    -1083.6477239815)(2000001    -885.953003347468)
4 13      - (2000101    -1222.63307764809)(2000201    -252.251073740261)(1000000    -362.875656402453)(2000012    -28.853921507895)(2000001    124.074555060742)(2000002    -18.7581350853418)
4 10      - (2000101    -816.465684542407)(2000012    -290.334615753189)(2000211    -716.142361190775)(2000201    -1285.50792900082)(2000002    -920.678502963888)(2000111    -889.555997823623)(2000221    -504.379218501429)
2 15      - (1000000    -30.8371376625342)(2000002    690.80503445219)(2000101    -68.5663373699043)(2000201    -121.064632650146)(2000001    81.2478963472974)(2000111    -234.516592999452)
5 5      - (2000001    -553.584243531515)(2000201    -530.44650357983)(2000101    107.794131234977)(2000111    -141.630574922971)(2000002    -680.925413653737)
6 1      - (2000211    -622.128977110094)(2000012    -342.811686824907)(2000201    -783.973446130483)(2000101    -92.2584681501316)(2000002    413.049007155738)(1000000    -647.914314768992)(2000001    135.305719701821)
8 0      - (2000002    -126.983843153384)(2000101    -1004.72786474069)
7 1      - (2000211    -922.422622809559)
3 8      - (2000012    -141.687976883953)(2000211    -672.263204759488)(2000111    -518.116832067568)(2000002    -255.429990385264)(2000001    -553.803935269175)
8 2      - (1000000    -1173.63231836107)
4 9      - (2000201    -876.889180814023)(2000012    -153.848248914408)(2000211    -924.682939303095)(1000000    -998.971460578542)(2000001    -646.188911035006)
15 1      - (2000201    -669.51833655552)(1000000    -1128.77635954706)(2000111    -1089.02586406967)
16 1      - (1000000    -308.124306176952)(2000101    -62.3428518555487)
0 6      - (2000201    -877.256493651636)(2000101    574.7032597258)(1000000    -646.313880274052)
13 3      - (2000101    -133.700902034321)(1000000    133.915511579826)
4 12      - (2000001    -304.957499719399)(2000012    -760.869381508617)(1000000    -954.036427895973)(2000101    -235.630016174599)
15 0      - (1000000    80.2401228605688)(2000201    -885.889945520893)
16 2      - (2000101    -266.488993779608)
0 18      - (1000000    -998.370330079348)(2000101    -1089.16133677894)
1 7      - (1000000    -736.150723199375)
8 4      - (1000000    -750.42210761341)(2000101    -750.42210761341)(2000002    -540.852611711658)(2000211    -219.885384710933)
5 11      - (2000101    -609.751035925379)
2 17      - (2000101    -232.935166184176)
8 3      - (2000101    -1227.50800663172)
8 1      - (2000001    -612.942974699895)
14 4      - (2000211    217.53496267099)
16 3      - (2000001    21.2727562109171)(2000012    -173.791214869704)(2000101    -585.40541609878)
4 8      - (2000101    -927.831055871344)
17 0      - (2000111    -738.857415590234)
18 1      - (2000012    -115.83262946393)
2 18      - (2000211    92.9668098587125)(1000000    201.811100825926)
0 17      - (2000201    -653.73267803541)(1000000    -17.675211112624)
1 18      - (2000001    -419.016735206672)
1 17      - (1000000    -861.805319779394)(2000201    -973.405688768844)
16 0      - (2000001    20.1176737042769)(1000000    5.54825464922018)
15 2      - (2000001    -445.881342054086)(2000201    -61.7030795564533)(2000002    136.734371605388)(1000000    -188.898174822835)
5 6      - (2000001    -153.444719656603)(2000101    110.536621332602)
2 7      - (2000201    -529.065245062616)
4 7      - (2000101    -278.640119037928)(1000000    -777.158781488554)(2000201    -713.44855967704)
19 1      - (2000002    19.1044383341778)(1000000    19.1044383341778)
0 19      - (2000101    143.938717020111)
6 4      - (2000201    -583.151378646896)
5 7      - (2000101    -151.374194362362)(1000000    -266.586284316637)
6 6      - (2000201    -292.049991254537)

