146
0 0      - (2000200    -1614.60942879831)(2000100    -1039.83687010338)(2000201    -1689.199857991)(1000000    -1014.43520128977)(2000001    -1000.56831648823)(2000202    -1323.69938237309)(2000012    -1323.87013343665)(2000102    -1581.6221857191)(2000101    -1038.91064193124)(2000022    -1007.58206740756)(2000002    -1621.31461907202)(2000112    -1966.13819390647)(2000210    -1769.99545587492)(2000212    -1860.54192713922)(2000111    -1979.36470708693)(2000110    -1742.23487072503)(2000211    -1956.2183433942)
2 0      - (2000101    -1730.44340236822)(2000200    -1454.03772670142)(2000100    -1546.58311027891)(2000002    -1658.16191950984)(2000102    -1061.8230499522)(2000210    -1544.76252948687)(2000001    -1321.79058448903)(2000112    -1789.13747885009)(2000111    -1653.37952477691)(1000000    -1029.8480949588)(2000201    -1458.00583198862)(2000110    -1347.18210080729)(2000012    -1624.31246293517)(2000202    -1480.48665698074)(2000212    -1629.18298324986)(2000211    -1652.57755722974)(2000022    -1018.77853732269)
1 2      - (1000000    -1025.69059479329)(2000002    -1458.93005484043)(2000200    -1658.73120076632)(2000100    -1245.01304478347)(2000101    -1831.92274802542)(2000102    -1737.61937668092)(2000001    -1054.88716629767)(2000210    -1251.56706886401)(2000212    -1639.44343099348)(2000201    -1688.61729271422)(2000022    -999.268936715265)(2000012    -1146.23163438028)(2000202    -1406.46274114127)(2000211    -1723.8336361065)(2000112    -1672.08405610787)(2000111    -1675.84304341973)(2000110    -1567.73564645434)
0 2      - (2000200    -1682.37428473101)(1000000    -1016.80211909698)(2000201    -1698.55637218422)(2000001    -1588.42237445287)(2000202    -1658.6225193624)(2000002    -1005.19147817337)(2000112    -1573.51366462164)(2000102    -1633.86820448531)(2000100    -1633.29397646065)(2000101    -1583.0383720673)(2000110    -1340.23611518934)(2000012    -1087.15047991058)(2000022    -1002.12335247131)(2000111    -1437.85566035715)(2000210    -1507.8576557538)(2000212    -1614.91012706293)(2000211    -1614.71386379686)
1 4      - (2000201    -1697.87482617267)(2000002    -1510.4575469878)(2000100    -1339.86500660573)(2000200    -1260.65042177075)(2000112    -1338.92334836)(1000000    -1572.06337294921)(2000101    -1545.57946473926)(2000202    -1487.39249783777)(2000102    -1389.39784749576)(2000111    -1245.28579264405)(2000211    -1522.26336682085)(2000001    -1364.45767025876)(2000012    -1288.52443586806)(2000110    -1276.96899156698)(2000210    -1190.27067918366)
2 2      - (1000000    -1077.62474725161)(2000101    -1758.15159123535)(2000102    -1930.15741698233)(2000200    -1720.12847436387)(2000202    -1763.87468829118)(2000001    -1596.83558725451)(2000201    -1754.35348728577)(2000100    -1794.38256187006)(2000112    -1776.62662840127)(2000212    -1493.6391159593)(2000111    -1515.99688537652)(2000002    -1414.65679506381)(2000012    -1259.98548862299)(2000210    -1392.00141048771)(2000022    -1007.72863087447)(2000110    -1264.42845090728)(2000211    -1689.80229325561)
1 1      - (2000202    -1659.06128857857)(2000012    -1018.71825368377)(2000102    -1682.88764534181)(1000000    -1133.95998579154)(2000200    -1888.41404492555)(2000002    -1018.27610357409)(2000201    -1707.66332603332)(2000100    -1403.23961705017)(2000001    -1669.9852833143)(2000022    -1260.35898345489)(2000101    -1454.23717024129)(2000211    -1593.94249162686)(2000112    -1575.21598329102)(2000110    -1154.07056566295)(2000210    -1605.08100511024)(2000212    -1426.53562155295)(2000111    -1333.33961823961)
3 0      - (2000002    -1293.81118462491)(2000102    -1230.32099588488)(2000100    -1595.28084032013)(2000112    -1407.86955451897)(2000212    -1405.3803956296)(1000000    -1873.47619123043)(2000101    -1488.78780188596)(2000202    -1849.23532418484)(2000001    -1520.16640373744)(2000210    -1113.40775481002)(2000201    -1552.65607368097)(2000200    -1511.52023746907)(2000211    -1443.35805351651)(2000012    -1223.84385089096)(2000022    -960.464711317563)(2000110    -1363.84238907714)
4 3      - (1000000    -1371.39618763903)(2000202    -1710.23959817999)(2000101    -1551.1082035204)(2000110    -1233.06736969065)(2000022    -893.956079685856)(2000100    -1433.20753389855)(2000102    -1366.99952557864)(2000201    -1400.91293458443)(2000001    -1393.50911836164)(2000002    -1512.00915548315)(2000200    -1387.70851741658)(2000212    -1211.09756389763)(2000012    -1246.80000909381)(2000210    -1233.99232107262)(2000211    -1562.06607920136)
2 1      - (2000200    -1705.24807507265)(2000102    -1637.84684166982)(2000002    -1675.43630687403)(1000000    -1027.49151641548)(2000100    -1827.88566021584)(2000012    -1014.58204176456)(2000001    -1019.16088301817)(2000101    -1475.71142862277)(2000202    -1478.46244876669)(2000201    -1268.01031437147)(2000112    -1705.47701910514)(2000210    -1494.00518199877)(2000111    -1642.22364648428)(2000022    -1004.33979783646)(2000110    -1121.68211354703)(2000212    -1640.44360150128)(2000211    -1604.79268441789)
0 1      - (2000002    -1233.90478757366)(1000000    -1028.81487193108)(2000100    -1414.04247725214)(2000200    -1779.25879552092)(2000202    -1452.48069528206)(2000101    -1468.33901279301)(2000211    -1525.34331750229)(2000201    -1604.40945032909)(2000102    -913.951921063697)(2000001    -943.050737358519)(2000012    -1445.17074083031)(2000210    -1555.90567608954)(2000110    -1067.45342214105)(2000112    -1493.81482831343)(2000111    -1780.54320463693)(2000212    -1636.73292730501)(2000022    -1003.37989535259)
4 1      - (2000201    -1304.61153727809)(2000101    -1192.19188801374)(1000000    -1867.72526492051)(2000102    -1509.01374153541)(2000200    -1569.09439089856)(2000001    -1503.43901501472)(2000100    -1284.79141148834)(2000002    -1331.7564898632)(2000112    -1063.94505754336)(2000012    -1016.95985662781)(2000202    -1367.56188723958)(2000022    -1109.92562014111)(2000210    -1058.25430041562)
2 3      - (2000002    -1465.16348690026)(2000102    -1471.50180079607)(1000000    -1541.24828550847)(2000100    -1556.35466844465)(2000101    -1443.89056700568)(2000201    -1515.50608511865)(2000202    -1406.76911176379)(2000211    -1045.10305802719)(2000200    -1752.78774467142)(2000001    -1009.52506099445)(2000210    -1537.87538923446)(2000111    -1177.3504293362)(2000012    -978.15129555068)(2000022    -932.348062546011)(2000212    -1199.29837894868)(2000112    -1096.90976620729)
4 2      - (2000212    -1272.3500429519)(2000101    -1165.05214224272)(2000002    -1334.32575747511)(2000022    -936.018896799585)(2000201    -1391.55848195473)(2000100    -1051.26447928825)(2000210    -1147.13476663216)(2000200    -1398.5794443964)(1000000    -1277.23536074921)(2000001    -1611.28954944393)(2000102    -1475.25695191132)(2000012    -1142.5649480362)(2000202    -1390.98692786036)(2000112    -995.451028112766)(2000211    -1216.07540890786)(2000110    -1103.4211817739)(2000111    -1085.72512617749)
0 3      - (1000000    -983.537746035859)(2000112    -1399.084680396)(2000100    -1593.50026463004)(2000001    -1355.02163222287)(2000101    -1380.36039650481)(2000201    -1629.07789378118)(2000022    -981.871273970148)(2000200    -1622.43769124892)(2000102    -1112.05863759377)(2000202    -1491.55388829949)(2000012    -1365.96016727669)(2000212    -1148.14183507728)(2000002    -1384.84827195953)(2000110    -1173.13334169004)(2000210    -1189.9400746082)
1 0      - (1000000    -1167.58259053039)(2000102    -1724.40284834207)(2000201    -1453.81371539311)(2000100    -1373.66993369399)(2000101    -1561.86691770605)(2000022    -1007.96181774044)(2000002    -1714.5689607576)(2000202    -1494.0006307534)(2000111    -1571.53752564582)(2000200    -1662.71112372818)(2000001    -1124.19749436064)(2000212    -1789.29544881761)(2000210    -1316.95243375003)(2000012    -1317.76692107888)(2000110    -1322.77306088458)(2000112    -1797.80739918305)(2000211    -1668.25419794912)
3 2      - (2000002    -1590.66291274575)(2000201    -1064.38296464125)(1000000    -1903.75616412807)(2000200    -1545.57187478041)(2000001    -1640.48245021151)(2000101    -1612.58636906804)(2000202    -1517.80949025356)(2000100    -1850.01168604883)(2000102    -1575.91184234353)(2000211    -1464.89947979562)(2000022    -773.668978308838)(2000111    -1328.15984935871)(2000012    -1059.89630741433)(2000212    -1177.74950091661)(2000210    -1088.44141784619)(2000112    -1337.4710023285)(2000110    -877.970285395411)
3 3      - (1000000    -1891.26237120368)(2000001    -1674.39415455002)(2000201    -1612.17596985529)(2000002    -1574.3770180264)(2000102    -1688.43210755589)(2000202    -1698.23324041828)(2000012    -1196.73698210667)(2000101    -1161.94512359215)(2000210    -1292.81690420675)(2000100    -1623.40128358763)(2000111    -1374.60384254154)(2000112    -1333.888128398)(2000200    -1796.76414656607)(2000022    -1474.19091977821)(2000211    -1360.08383465099)
1 3      - (1000000    -956.391009133945)(2000200    -1524.8023662206)(2000101    -1690.49785201916)(2000102    -1726.86540433057)(2000202    -1265.48005889024)(2000002    -1663.48256988345)(2000201    -1897.29241003716)(2000022    -1355.86698037766)(2000001    -1623.75702317295)(2000100    -1736.88855518448)(2000210    -1472.38048440868)(2000012    -951.857797459204)(2000111    -1468.95944574356)(2000212    -1641.36317257943)(2000110    -1615.93590961267)(2000211    -1580.78344154356)(2000112    -1593.23003971254)
3 4      - (1000000    -1740.85255721712)(2000101    -1592.92126356414)(2000002    -1452.38916772426)(2000012    -1216.53067558037)(2000100    -1415.0423428382)(2000112    -1460.52699213711)(2000001    -1005.8768697648)(2000200    -1470.86262295429)(2000202    -1500.52499814486)(2000201    -1395.97093206168)(2000110    -1146.1539544138)(2000212    -1013.57150853707)(2000022    -1028.72934197682)(2000102    -1457.78321267927)(2000210    -1144.14586468336)(2000211    -967.376636305828)
0 4      - (2000002    -1682.42144565555)(2000101    -1394.67837720771)(2000200    -1391.27132781355)(2000112    -1455.23251406618)(2000102    -1418.88315605907)(1000000    -1569.75266739561)(2000001    -1682.6140119508)(2000201    -1589.05163682596)(2000100    -1660.19817072963)(2000210    -1486.85877153136)(2000111    -1239.31418355374)(2000202    -1861.8677875125)(2000012    -1476.70021008646)(2000212    -1393.80053862253)
3 1      - (2000012    -1616.64813379355)(2000101    -1469.22027853122)(2000100    -1472.94370433331)(2000202    -1458.72652103072)(1000000    -1873.50659797437)(2000200    -1464.67184570525)(2000211    -1524.78877487469)(2000102    -1736.61645220147)(2000001    -1563.84373481549)(2000201    -1539.11677335058)(2000002    -1219.95102024915)(2000111    -1537.84595216923)(2000210    -1374.7081629418)(2000112    -1566.31114054261)(2000212    -1451.5917827017)(2000022    -914.132925522149)(2000110    -1104.17276262252)
4 0      - (1000000    -1575.81502391085)(2000200    -1530.01021427383)(2000001    -1054.76511368811)(2000112    -1282.11543686944)(2000202    -1422.15389653939)(2000102    -1466.02472094731)(2000210    -1217.74001765686)(2000201    -1499.66405062643)(2000101    -1635.6751580835)(2000012    -997.724440055996)(2000022    -1107.81647079353)(2000100    -1575.73240597265)(2000002    -1645.90438419805)(2000110    -1311.16325391379)
2 4      - (2000200    -1520.10903321776)(1000000    -1718.70631254282)(2000100    -1605.07306170273)(2000201    -1668.08839535195)(2000002    -1522.78366822268)(2000202    -1584.50361163765)(2000101    -1532.07027668955)(2000102    -1733.04349580322)(2000001    -1735.22274829918)(2000012    -1553.53447683669)(2000211    -1675.18968529388)
5 0      - (2000112    -1171.59834732207)(2000200    -1655.06049798348)(1000000    -1408.91372284276)(2000102    -1600.29567504348)(2000100    -1509.05950512022)(2000001    -1042.08453450058)(2000101    -1613.06866503315)(2000202    -1184.96944366919)(2000002    -1658.81756067445)(2000201    -1473.46516605649)
1 5      - (1000000    -1265.38493731881)(2000002    -1094.17018603228)(2000102    -1175.1137803567)(2000110    -651.279978717535)(2000200    -1367.98937087088)(2000201    -1341.43268517895)(2000012    -788.17241713064)(2000210    -730.165848037337)(2000001    -924.349308310581)(2000100    -1367.05260132008)(2000101    -922.143175439741)(2000202    -1013.10873553003)(2000112    -1423.12987627304)
6 0      - (2000100    -1140.84097679153)(1000000    -1009.1210857241)(2000101    -1019.42217316865)(2000102    -1259.37234050836)
1 9      - (2000002    -1338.1954729456)(2000200    -1297.05227540479)(2000022    -542.000962027568)(2000100    -1355.90476672827)(2000102    -1175.88138054153)(2000101    -1187.06985832081)(2000211    -1311.34257053229)(2000212    -980.811918721618)(2000201    -911.005163484201)(2000012    -908.960522839953)(2000001    -1390.6459776273)(2000202    -1257.84746554927)(1000000    -940.79625426474)(2000112    -1396.57385059456)(2000110    -1203.56412646529)(2000210    -1332.49530830844)(2000111    -1269.17679663372)
11 0      - (1000000    -621.913484815412)(2000211    -1459.98873185281)(2000001    -1144.25489668133)(2000002    -872.55110003284)(2000210    -815.673801199418)(2000012    -872.934371564145)(2000101    -754.348707936077)(2000112    -989.779858621425)(2000100    -707.300697299131)(2000212    -984.668677289205)(2000202    -1127.87292145429)(2000200    -665.464935871767)(2000102    -1167.16900637775)(2000201    -699.721005295774)
11 2      - (1000000    -353.201299900405)(2000102    -664.411913093584)(2000002    -525.760137542462)(2000202    -637.805336193607)(2000200    -651.200332865464)(2000100    -566.339380496994)(2000201    -536.32623977442)(2000101    -753.535891871765)(2000001    -530.631610450003)(2000110    -152.220705084951)
9 2      - (2000012    -903.765289458072)(2000202    -1146.25940942378)(1000000    -958.09215157012)(2000111    -911.658649523502)(2000100    -1126.49710472955)(2000002    -957.641821003136)(2000201    -1283.12444784834)(2000200    -957.026580989143)(2000102    -1256.89040634721)(2000101    -1188.81433353125)(2000001    -1072.22014193661)(2000112    -1127.21272732454)(2000210    -1257.15574733794)(2000212    -841.139164313738)
1 14      - (2000102    -1218.4949464234)(1000000    -304.014086613164)(2000200    -255.836615797797)(2000201    -1147.72391949681)(2000202    -1134.58772685499)(2000101    -1340.56788310935)(2000100    -1148.6694124757)(2000001    -1589.54460150413)
4 7      - (2000201    -931.032128555796)(2000002    -592.393996314893)(2000102    -200.256037050134)
9 1      - (2000100    -1103.28404219943)(1000000    -937.503477762909)(2000202    -936.263996449164)(2000002    -936.42439179567)(2000101    -1049.99535413253)(2000200    -1030.09132919645)(2000102    -1043.54523773482)(2000201    -1098.84105653548)(2000001    -1315.92670968913)(2000022    -580.030198374722)(2000211    -1033.71099179724)(2000111    -707.444415695451)(2000012    -936.340437001769)
0 9      - (2000012    -1124.271726551)(1000000    -1090.74573701489)(2000212    -1122.8119862327)(2000211    -1219.59217398995)(2000202    -1357.96997961361)(2000022    -673.326648439681)(2000002    -994.128740746479)(2000200    -1124.4174433016)(2000112    -1545.78571779217)(2000102    -1313.25705914055)(2000100    -1300.03532155455)(2000201    -991.594085545506)(2000101    -1060.07992185579)(2000001    -999.371845023658)(2000111    -1450.54778037161)(2000210    -1022.23759283539)(2000110    -1263.32924046464)
0 8      - (2000111    -1223.87416144239)(2000100    -1316.80900224824)(2000101    -933.9114335059)(1000000    -954.361903614278)(2000200    -901.184910900828)(2000112    -1133.59092932911)(2000212    -1207.40519020712)(2000002    -1023.55053872899)(2000202    -893.771374496321)(2000211    -1291.53498031709)(2000102    -982.709003704062)(2000201    -1032.65104578148)(2000012    -892.818553489747)
10 0      - (2000012    -752.127247931308)(2000110    -870.891248547202)(1000000    -1253.0869871177)(2000100    -1384.76466701009)(2000002    -747.281207962956)(2000101    -1167.21637049853)(2000200    -1140.63289657335)(2000001    -986.902565836039)(2000102    -1093.7515761726)(2000022    -467.437113940445)(2000112    -1250.70526299868)(2000212    -1171.75651236)(2000211    -1043.18826661512)
1 10      - (2000200    -906.427984741857)(2000002    -863.313986414003)(2000001    -981.186276570105)(1000000    -494.130052346194)(2000212    -1225.11726539402)(2000101    -1146.73870397296)(2000012    -750.678566201934)(2000100    -1211.1134820623)(2000111    -1151.14671171974)(2000201    -891.925617608652)(2000202    -1037.40336885259)(2000210    -1294.72583551268)(2000102    -1306.203741539)(2000211    -893.404288203199)(2000112    -1341.39418696073)(2000022    -509.407417820457)
2 12      - (1000000    42.8150152430969)(2000002    -592.267033076549)(2000202    -1010.41342030552)(2000101    -543.308238613459)(2000201    -500.159039151196)(2000001    -536.269831956319)(2000102    -969.072691123461)(2000100    -430.974921620651)(2000210    -930.279013426999)(2000200    -1384.60627625566)(2000022    -316.369225539061)(2000012    -488.70144864214)
2 9      - (2000110    -818.763586644112)(2000100    -1098.1040016058)(2000012    -1106.34611079469)(2000200    -1206.66019625504)(2000101    -1188.96770282677)(2000022    -629.908725390955)(2000001    -1158.40700095838)(2000111    -1401.54452182775)(2000002    -1363.63980932825)(2000202    -1287.87409189727)(2000201    -991.359897773231)(2000102    -1211.66444117798)(2000211    -1074.15433917309)(1000000    -992.313487328339)(2000210    -1076.38902012499)(2000212    -1140.2540187733)(2000112    -1109.41316164531)
3 14      - (2000002    -139.156526608413)(2000201    -482.057867500824)(2000022    -0.65)(2000211    -500.15)(1000000    455.498084006844)(2000202    -1066.40891274534)(2000100    -512.467420248189)
0 10      - (2000001    -1376.3795051769)(2000002    -898.649805278027)(2000201    -989.197323416106)(2000012    -1159.30086655485)(2000112    -1458.64362759909)(1000000    -890.946746958183)(2000200    -1087.14876761278)(2000111    -1364.21954650971)(2000102    -1470.00460594047)(2000100    -1357.81568961209)(2000202    -1386.42608520972)(2000101    -1274.19602842083)(2000210    -821.246880004798)(2000022    -653.039264201606)(2000212    -1470.05259469185)(2000110    -1059.61579053331)(2000211    -1570.0510775963)
0 12      - (2000101    -978.711473925458)(1000000    -92.3596172561338)(2000001    -443.73398730725)(2000202    -1333.01803835313)(2000112    -750)(2000102    -827.759752740386)(2000100    -556.071228989505)(2000201    -532.781647009317)(2000022    -106.349479929865)(2000210    -763.751695080289)(2000002    -553.604559534976)(2000200    -404.181941892775)(2000212    -92.973686398649)
1 11      - (1000000    -38.0700501960954)(2000101    -1047.75548283856)(2000002    -661.454799500841)(2000100    -748.275182974391)(2000201    -774.947691159298)(2000202    -1040.69017820068)(2000102    -948.61523855045)(2000012    -630.797739192349)(2000200    -681.39242078114)(2000001    -608.829781631151)(2000110    -594.430575907785)
10 2      - (1000000    -670.480772039895)(2000012    -798.414942148471)(2000112    -976.260965949883)(2000212    -1049.88715225056)(2000202    -1083.23784714381)(2000102    -1208.55766455419)(2000002    -927.166251763603)(2000001    -1190.838547632)(2000100    -1084.74965632922)(2000200    -1374.2554414232)(2000211    -1077.63334959262)(2000201    -841.467648794929)(2000101    -889.633293481675)
14 1      - (1000000    -781.261237004374)(2000002    -823.505695949439)(2000001    -1092.60175077177)(2000101    -780.421081771768)(2000201    -783.068322151869)(2000110    -284.5647332786)(2000112    -629.588102525495)(2000211    -585.52002272998)
2 13      - (1000000    16.3296459254251)(2000002    -236.876966494038)(2000211    -867.369460664157)(2000022    -250.431451765215)(2000201    -667.616771228408)(2000001    -719.482921438585)(2000100    -1006.56223512733)(2000202    -1008.52483228927)(2000200    -592.638950657086)(2000101    -133.662280658835)
3 11      - (2000001    -729.356467058488)(1000000    -821.264010717819)(2000211    -621.072879210459)(2000201    -808.723343942844)(2000101    -893.252048115426)(2000100    -598.594183962964)(2000200    -1098.41431724688)
0 14      - (1000000    -582.176309669002)(2000001    -654.674161415173)(2000002    -549.5920320719)(2000200    -655.388418202834)(2000202    -1056.99678188283)(2000201    -1015.18979736324)(2000102    -660.561166242589)(2000022    -104.034154797977)(2000210    -911.625823684129)(2000012    -175.325313682799)(2000111    -907.625248189319)(2000100    -165.893569701837)(2000101    -222.849188073438)
2 16      - (1000000    -406.335848736115)(2000110    -721.8789318494)(2000101    -267.259189989454)(2000201    -935.640548966663)(2000100    -532.358732136472)
0 11      - (1000000    -33.4300696075863)(2000002    -706.837029769919)(2000202    -1343.97633421456)(2000012    -651.61644718291)(2000102    -1131.5957343722)(2000110    -575.245001877629)(2000101    -645.074031866264)(2000022    -539.712240659879)(2000001    -893.391554887056)(2000100    -720.532888879553)(2000200    -758.985420359012)(2000212    -1043.96894432657)(2000210    -1008.70654387541)(2000201    -648.382240360491)(2000111    -1277.38601341803)
12 1      - (1000000    -94.9535386984898)(2000001    -951.219164879846)(2000201    -1195.08415951566)(2000100    -638.933524405761)(2000002    -439.953411694262)(2000202    -537.163184405704)(2000200    -516.895732492356)(2000101    -399.206118372499)(2000102    -703.139881132674)
0 15      - (1000000    199.811151849168)(2000001    -161.17365761076)(2000002    -28.0817376079134)(2000201    -98.920959663645)
9 0      - (2000100    -910.404386000969)(2000002    -914.739924729877)(2000200    -1047.91051065383)(2000210    -895.493755223727)(2000211    -1334.02718883478)(2000111    -1162.04047912521)(2000012    -914.89831216644)(2000102    -1211.62889203351)(1000000    -915.753411528188)(2000212    -1047.5249178516)(2000202    -914.596433872195)(2000101    -914.588444762088)(2000201    -1215.04162707935)(2000001    -789.043539669612)(2000022    -601.727770861951)(2000112    -1442.13817278134)(2000110    -263.355328835493)
12 0      - (1000000    -448.58950366675)(2000111    -867.633647096979)(2000001    -944.357821518536)(2000002    -1070.25898331147)(2000100    -644.196568433934)(2000201    -725.577444792236)(2000202    -1074.47078066625)(2000102    -1291.91603440556)(2000200    -835.89202928817)(2000101    -502.822902081693)(2000110    -132.739296471222)
13 1      - (1000000    -549.309332941016)(2000200    -1054.15875855113)(2000101    -967.311650539199)(2000102    -1468.66923891542)(2000100    -1104.232967621)(2000002    -1044.96845934626)(2000110    -838.123278718498)(2000001    -971.567947217566)
2 10      - (1000000    -198.431063093941)(2000200    -1324.77935428503)(2000100    -1109.15746304352)(2000211    -1093.85815751146)(2000101    -1338.56725384814)(2000201    -1278.80104522701)(2000002    -610.12214380195)(2000202    -1481.60182947509)(2000001    -1147.57098278841)(2000012    -983.216647057591)(2000022    -630.900066623871)(2000111    -1033.0761544231)(2000102    -1293.4075641181)(2000112    -1143.93070927711)(2000210    -733.587573470089)(2000212    -1147.6519278134)(2000110    -890.128156041196)
4 4      - (2000001    -1262.88937174394)(2000200    -1350.68414019299)(2000002    -1680.10750631983)(2000100    -1437.48757721033)(2000201    -1529.5360541153)(1000000    -1395.4855302575)(2000102    -1492.59239323395)(2000101    -1778.21355473583)(2000202    -1662.38180344459)
2 5      - (2000101    -1126.77110652647)(2000200    -1144.88967448166)(2000212    -992.231714988092)(2000100    -1078.48180668785)(2000112    -1023.55395199766)(2000111    -1256.06529194179)(2000001    -978.662383835321)(2000201    -1415.89075315018)(2000002    -1153.08248190719)(1000000    -1430.391647919)(2000102    -727.352842671421)
5 2      - (2000102    -1344.97533380865)(1000000    -1147.62206494316)(2000101    -1140.63447041701)(2000200    -1527.92362533661)(2000001    -1071.92123293402)(2000212    -800.768156235163)(2000201    -1374.95175408607)(2000202    -1496.51315128914)(2000002    -1175.11443234078)(2000012    -700.942158127291)(2000100    -1589.33959299845)
4 11      - (2000102    -604.516710993149)(2000201    -631.547368365185)(1000000    -644.495483299117)(2000100    -855.987608991037)(2000101    -612.367567343658)(2000001    -485.880066141512)(2000210    -332.981692057357)(2000002    -619.377027303971)
5 4      - (2000201    -1157.31085701981)(1000000    -1073.57223934802)(2000100    -1164.56835184137)(2000202    -657.822905277387)(2000001    -621.78242523155)
5 1      - (2000100    -894.928067702107)(2000102    -932.071396504551)(2000201    -925.719934822546)(2000001    -842.936557617743)(2000101    -1183.38870842254)(1000000    -1630.58874379333)(2000202    -1110.69679376085)(2000200    -1118.90397361895)(2000112    -866.179828409477)(2000012    -1257.37351873328)(2000002    -1115.39659664391)(2000022    -683.650685207808)
2 14      - (1000000    191.947083429915)(2000101    -648.43143486814)(2000102    -1031.9326749594)(2000201    -1064.88629745159)(2000200    -1095.08011238459)(2000202    -802.90297445284)(2000001    -1119.85826972783)(2000002    -1071.35566898091)(2000100    -879.547872374288)
1 6      - (2000100    -1675.39200829657)(2000200    -1612.42327474559)(2000202    -1655.7593237104)(2000102    -1131.80612210645)(2000101    -1588.41218998318)(1000000    -1626.08613828483)(2000201    -1527.69273729774)(2000210    -236.600782219404)
2 6      - (2000102    -726.841156441564)(2000201    -1117.15133524273)(2000002    -623.656363062629)(1000000    -1427.35151483863)(2000110    -569.116969501203)(2000200    -687.237475558966)(2000100    -628.7096931496)(2000111    -1200.66219985223)
5 3      - (1000000    -1341.87233162736)(2000102    -835.589035166925)(2000201    -600.943406310151)(2000100    -852.858441024541)(2000202    -653.250220722203)(2000110    -130.7305738301)(2000101    -1115.37886867643)(2000002    -698.738579020511)(2000001    -1049.77172677842)(2000200    -743.178571608381)
0 13      - (2000201    -1187.2258650435)(2000101    -713.52100185556)(1000000    -431.496398770037)(2000200    -254.464798722972)(2000001    -1091.95238589633)(2000102    -1157.05348033366)(2000100    -1200.93592562074)(2000002    -485.501117716706)(2000022    -409.085416747806)(2000202    -1008.9329013852)(2000212    -908.485278707774)(2000210    -590.852334790402)(2000112    -1164.90753532317)
5 6      - (1000000    -1385.5736517062)(2000002    -984.025441531294)(2000100    -1327.33389711952)(2000101    -225.765745325325)
4 12      - (1000000    -746.469823607689)(2000002    -718.281272757628)
6 2      - (2000101    -999.407921077425)(2000201    -770.214721702563)(1000000    -1618.75558995691)(2000102    -649.025745781167)(2000202    -376.545186829254)(2000002    -1022.91996593834)(2000212    -588.555673735515)
3 5      - (2000201    -1136.79464933198)(2000012    -692.634407454105)(1000000    -1329.33110193053)(2000210    -576.728490850204)(2000102    -1171.55152038251)(2000100    -1261.55798817296)(2000200    -1055.82422517565)(2000002    -994.508271738879)(2000001    -985.706270306672)(2000101    -962.519709925713)
10 1      - (2000211    -830.732206225212)(1000000    -790.059138128372)(2000102    -977.422391362758)(2000201    -1115.11790271085)(2000100    -1187.98480283924)(2000002    -805.144529020158)(2000200    -1128.20003435573)(2000110    -791.443212910416)(2000101    -1135.15791057204)(2000202    -1121.37777161307)(2000112    -985.018302253238)(2000001    -746.152480417163)(2000012    -701.876205202797)
1 8      - (2000112    -839.55068630417)(2000212    -1275.95469440401)(2000102    -1098.95663254878)(2000200    -849.968382575273)(2000111    -944.244521916172)(2000100    -1154.78259724967)(2000012    -815.653687389919)(2000101    -803.480248512296)(2000201    -916.221920267448)(1000000    -803.61145902764)(2000002    -805.824330979202)
2 11      - (2000201    -1145.96408863096)(2000002    -658.855593877573)(2000200    -665.280544089411)(2000202    -660.813040130187)(2000102    -1064.37607135622)(2000212    -839.938672691339)(1000000    -11.3319664658235)(2000100    -640.000037105331)(2000210    -559.286074202764)(2000012    -648.602393707557)(2000101    -698.109982119465)(2000022    -232.668360743059)
14 2      - (1000000    -367.907565266072)(2000201    -1220.63631197759)(2000101    -1022.0897237983)(2000001    -1069.49611218548)(2000200    -1138.6912826754)
11 1      - (1000000    -160.496272663698)(2000100    -590.556695054412)(2000022    -137.202987271664)(2000202    -651.084081119534)(2000200    -444.41465951611)(2000102    -756.706537115648)(2000201    -488.865995133986)(2000001    -497.45666987076)(2000112    -1001.60318585786)(2000212    -1210.42387676409)(2000101    -540.069440587153)(2000012    -506.836359752621)(2000002    -463.259991280976)
1 12      - (2000201    -764.097416782457)(1000000    70.8562527929048)(2000210    -511.147915630464)(2000102    -1367.10490186903)(2000002    -494.33930078556)(2000200    -625.768685689439)(2000012    -460.893825463676)(2000101    -497.907802341732)(2000001    -617.955150621552)(2000211    -1100.22714390459)(2000202    -1138.3965708327)(2000022    -209.138632924646)(2000112    -528.53266162223)(2000100    -472.538912059727)(2000110    -208.552059206679)
4 9      - (2000111    -1004.68640294088)(2000201    -884.079815678597)(1000000    -1020.73209550079)(2000102    -1201.06437221077)(2000210    -966.693255377083)(2000212    -1152.05430230909)(2000100    -721.778365549269)
1 13      - (2000001    -966.029686148496)(1000000    105.338763435328)(2000201    -728.265305833712)(2000202    -752.414580693323)(2000102    -453.357344503019)(2000002    -379.70882953501)(2000101    -708.078523215043)(2000100    -572.80969273194)(2000212    -1057.62869946754)(2000022    -361.48484604061)(2000110    -114.797684321458)(2000200    -6.79664031051436)
0 5      - (2000202    -1168.90153508672)(2000200    -1150.42705251956)(2000102    -1211.99161968482)(1000000    -1104.93560501744)(2000111    -699.655923590582)(2000210    -683.912654278337)(2000012    -701.908767898453)(2000002    -1068.12521643029)(2000001    -1089.71561705917)(2000101    -1290.5610686401)(2000100    -876.7314585963)
8 3      - (2000101    -877.042940503268)(2000002    -289.380844988828)
2 8      - (2000012    -908.49973465167)(2000101    -905.187845026159)(2000211    -1017.78828502196)(2000001    -811.757074653484)(2000002    -904.813349416754)(1000000    -905.72810183952)(2000102    -967.416158654259)(2000201    -910.567496693511)
12 3      - (1000000    -104.547092802768)
13 0      - (2000100    -635.177532416557)(1000000    -481.902664567037)(2000002    -782.794982897513)(2000101    -1197.7358733783)(2000102    -684.879790721598)(2000201    -834.932607438301)(2000001    -998.423146005365)(2000202    -860.809665301817)(2000012    -413.589477753987)(2000111    -928.22871243693)(2000211    -689.0678199202)(2000200    -403.446589242163)
3 10      - (2000201    -1115.8135624878)(2000101    -923.87564165567)(2000002    -741.195814163749)(1000000    -773.930791736945)(2000200    -883.502924072779)(2000202    -955.331603751793)(2000012    -703.030946493701)
3 9      - (2000012    -907.43218346765)(2000001    -1134.41628826534)(2000201    -940.632772640068)(1000000    -1068.96088106191)(2000100    -906.406277055636)(2000110    -791.97600795533)(2000112    -817.956806570338)(2000101    -912.029211976022)(2000002    -913.503127604047)
13 2      - (2000002    -232.974747240368)(2000201    -358.713698261613)(1000000    -198.364059834417)(2000202    -582.715910720621)(2000102    -582.715910720621)(2000101    -191.553170501292)
14 0      - (1000000    -764.374644188776)(2000002    -1216.92597652575)(2000102    -764.82947568891)(2000112    -984.080122522439)(2000001    -656.497013385213)(2000202    -764.875709634876)(2000100    -820.328557162967)(2000111    -586.959868037469)(2000101    -763.378875610882)(2000200    -737.483071118212)
1 15      - (2000200    -1041.76863242077)(1000000    319.744060263538)(2000102    -1217.75985683917)(2000101    -1178.75123265604)(2000212    -135.787886796852)(2000002    301.91321957819)
12 2      - (2000100    -744.877893128199)(1000000    32.3272910113563)(2000101    -1232.91142949099)(2000001    -306.062911497145)(2000202    -448.995257828408)(2000002    -404.442328326515)(2000022    -237.474048055874)(2000211    -610.932655717877)(2000012    -253.778363105743)(2000200    -487.534913630412)(2000102    -409.690162591948)
0 6      - (2000101    -792.873028574153)(1000000    -1499.32271720147)(2000001    -1178.14272155587)(2000002    -694.567292363842)(2000102    -1036.72994911468)(2000100    -972.232436907346)(2000200    -896.23263051617)(2000201    -998.951656721416)
2 7      - (1000000    -1018.92511741396)(2000201    -1070.83763204589)(2000200    -657.243749756502)(2000001    -554.696361929513)(2000102    -798.775536558468)(2000101    -549.685115037509)(2000100    -602.298334615627)(2000202    -551.399167307814)(2000002    -521.972506509114)
1 7      - (2000110    -62.2449453289045)(1000000    -841.485717176276)(2000102    -821.389847056998)(2000100    -525.40025883326)(2000202    -249.638438403974)(2000002    -208.855635024623)
4 8      - (2000201    -506.875928268344)(2000200    -666.720306874373)
3 7      - (2000200    -973.851438885154)(1000000    -1234.13206195104)(2000201    -1245.07951343421)(2000002    -685.042910320894)
3 12      - (2000102    -1049.94848437189)(2000012    -152.155727878997)(1000000    -212.448975115274)
0 7      - (2000001    -628.041843934025)(1000000    -891.600623373526)(2000102    -849.689547962226)(2000101    -676.73024930221)(2000100    -640.511265083116)
3 15      - (2000002    318.708263598945)(1000000    92.4429419025286)
2 15      - (2000100    -670.556201104004)(2000101    -1162.2425443676)(1000000    299.670108211032)(2000200    -1339.24006184942)(2000201    -1243.53912846084)(2000022    -141.559225484557)(2000002    -129.457195643944)
7 1      - (2000111    -547.012979769273)(2000201    -279.00666216676)(2000002    -293.432520792892)(1000000    -346.643450703958)
4 10      - (1000000    -854.350560641647)(2000012    -516.021945743556)(2000202    -519.221530862663)(2000100    -878.805469753571)(2000101    -525.653845636916)
0 16      - (2000102    -951.723513985793)(1000000    -500.162697790284)(2000202    -863.571799481051)(2000200    -863.571799481051)(2000002    -250.660757467582)
3 8      - (2000002    -649.977497695405)(1000000    -647.093339691258)(2000210    -292.32997979141)(2000101    -471.338201784609)
1 16      - (1000000    -74.7107086021698)(2000110    -546.112478992331)(2000200    -461.911529069078)
4 13      - (2000102    -91.3911473683217)(2000002    -205.305292082578)(1000000    283.602137962113)
0 17      - (2000101    -329.454600645379)
4 14      - (2000100    665.50300758433)
5 10      - (2000111    -1067.62178465625)(2000200    -20.6270475111754)(2000202    -10.5710248819124)
8 0      - (2000201    -809.356848082086)(2000100    -57.8840745716514)
6 1      - (2000102    -762.754722835518)(2000210    -559.899930349817)(2000202    -779.19670013789)(2000002    -1316.5844792231)(1000000    -798.854552548456)(2000201    -889.070213302628)
3 13      - (2000202    -586.324670018714)(1000000    556.663648099095)
4 15      - (2000112    -916.628404025093)(1000000    -10.1599881771328)
3 6      - (2000200    -1239.75704557155)(1000000    -1054.39859737351)(2000201    -951.404173741233)(2000202    -1256.10247318759)(2000001    -867.031517437842)(2000102    -876.401245900264)(2000101    -852.579880031322)(2000002    -640.455389571924)(2000100    -1021.93068751879)
6 3      - (1000000    -1238.60148321294)(2000200    -1045.50473620995)(2000201    -727.931989257572)(2000101    -751.18736506612)(2000012    -540.919357839381)
4 6      - (2000112    -994.444641702985)(2000110    -600.029790777724)(2000101    -837.443877750816)
5 9      - (2000102    -1191.39299802687)
3 17      - (2000002    -193.008085047365)
15 1      - (1000000    410.138361935435)
11 3      - (2000202    -636.188370740323)(1000000    1.24638566132305)
5 11      - (2000100    -512.440964738393)(2000201    -556.027761102306)(2000002    -309.428291333412)
4 5      - (2000100    -829.621712661705)(2000001    -1149.96940238176)(2000202    -902.545166748906)(1000000    -1272.08490986068)(2000201    -846.990329727238)(2000002    -999.425452550954)
5 13      - (2000201    -199.277103683481)
4 16      - (1000000    -249.784843495358)(2000100    -217.900528231756)
5 5      - (1000000    -1406.85878661244)(2000202    -860.3005753766)(2000102    -904.642131124418)
6 5      - (2000012    -386.291640174092)(2000200    -102.09356705782)(2000201    -102.39956705782)(2000100    -122.093162922141)
6 4      - (2000101    -507.927404402542)(2000202    -354.975147108371)(2000102    -173.015617005016)(2000002    -296.355383705363)(2000001    -103.54132725352)(1000000    -372.84229902753)
5 8      - (1000000    -133.635733290303)
15 0      - (1000000    115.556012515614)
6 8      - (2000200    -494.638189282499)
5 12      - (1000000    -540.466980036696)
8 4      - (2000002    -339.485221086701)
8 2      - (2000201    -633.814264952175)(2000200    -56.6676046473655)
3 16      - (1000000    -556.681761285217)(2000100    -10.2679666378367)
7 3      - (2000202    -95.0873729417565)
7 0      - (2000211    -900.487220506589)(2000001    -1204.00255205901)
8 1      - (2000201    -431.823193671841)(2000002    -434.577449168398)(2000200    -457.853150490617)
0 18      - (1000000    32.0381191970258)
1 17      - (2000002    -247.698392684558)
6 6      - (2000002    -648.113855463195)
9 4      - (2000101    -290.246753839904)(1000000    -76.6594180002887)
10 5      - (2000102    -10.0695624138572)
9 3      - (1000000    -64.1546541379576)
10 3      - (2000201    -9.18346220290847)
7 2      - (1000000    -30.0504476439108)
2 17      - (2000102    -9.9045303211911)(1000000    -10.0012360603422)

