144
0 0      - (2000101    -621.857971331946)(2000201    -1010.83087614976)(1000000    -605.152724417867)(2000001    -1285.54261742359)(2000002    -749.949585353456)(2000012    -456.313191350432)(2000111    -1255.12573293995)(2000211    -1059.11729676825)(2000121    -1225.09162826296)(2000221    -1027.61880034404)
2 1      - (2000121    -792.838478296893)(2000201    -679.148950440873)(1000000    -250.704825287103)(2000001    -635.968093527014)(2000101    -244.84079279099)(2000002    -628.321140018394)(2000012    -78.3725949450644)(2000111    -993.220273972576)(2000211    -486.634208069075)
1 0      - (2000001    -655.784754120009)(1000000    -504.741070755341)(2000111    -1092.66298689465)(2000101    -474.589851057408)(2000211    -1232.97595426293)(2000201    -752.149047369207)(2000002    -840.868678956835)(2000012    -460.61228647296)(2000121    -784.092434550333)(2000221    -1136.16881871715)
3 3      - (2000002    -734.634106941177)(1000000    -1004.69063068252)(2000001    -713.315635305209)(2000111    -1190.94680909556)(2000201    -822.259174288)(2000101    -185.651272395822)(2000211    -975.726561949822)
1 1      - (2000101    -281.608732082003)(2000002    -690.560055967421)(1000000    -352.952708583472)(2000201    -925.213334268867)(2000001    -781.872197917056)(2000111    -926.301780831707)(2000012    -354.912199647527)(2000121    -1098.81529218858)(2000211    -484.425709575442)(2000221    -902.050058535311)
0 1      - (2000001    -996.936765221865)(1000000    -449.400152951086)(2000002    -669.942270284476)(2000201    -694.967775819171)(2000101    -467.246730745024)(2000211    -1162.16822575425)(2000012    -461.286406122208)(2000221    -985.301658732461)(2000111    -1266.69787639594)(2000121    -1113.88901644129)
2 2      - (2000101    -120.668033835973)(1000000    -132.927645688987)(2000201    -486.606999375803)(2000002    -547.658971859797)(2000001    -473.102301448156)(2000111    -782.571173296342)(2000211    -961.546545411614)(2000012    -692.927021847106)
2 0      - (1000000    -319.77354978455)(2000002    -373.439095173088)(2000001    -725.340824426708)(2000101    -297.983834535039)(2000201    -877.148924340258)(2000211    -773.402279559308)(2000111    -1242.8437906842)(2000012    -232.796212575568)(2000121    -947.455294959731)(2000221    -487.364899807029)
3 0      - (1000000    -386.074225174259)(2000002    -392.460932853183)(2000101    -234.692982094378)(2000001    -465.082785824971)(2000201    -383.740250519655)(2000211    -1254.55737200789)(2000012    -799.259674815802)(2000111    -317.682672357907)
1 2      - (1000000    -117.14855061658)(2000002    -510.942014174535)(2000101    -98.1206355069354)(2000201    -276.68767154521)(2000001    -322.737597963765)(2000111    -1206.95323565942)(2000211    -1061.80088927201)(2000012    200.445650732529)(2000121    -911.076863009311)(2000221    -595.316002084271)
4 2      - (2000002    -554.904142671007)(2000001    -349.969629857373)(1000000    -792.405443715591)(2000012    -259.070905650281)(2000211    -1119.98104834592)(2000201    -570.160639257141)(2000111    -686.366439700446)(2000101    -303.808287728588)
4 0      - (1000000    -90.8165356696198)(2000201    -254.388839931535)(2000002    -236.817688105353)(2000101    -74.8158354116615)(2000111    -705.621878591576)(2000001    -787.026154390909)(2000211    -957.067016291399)
0 7      - (2000001    -366.399581716715)(2000201    -1019.30269961527)(2000121    -500)(2000101    -1235.62343573641)
0 2      - (2000101    -185.105150518427)(2000201    -542.894501052751)(1000000    -203.019688921389)(2000111    -424.676139600781)(2000012    -12.5662715523555)(2000002    -558.885835206132)(2000001    -734.303738075646)(2000211    -863.408845412667)(2000121    -848.090648679998)
4 1      - (2000001    -638.815985364335)(2000002    -703.320897910565)(2000101    -260.585545380254)(2000201    -641.040528167373)(1000000    -786.391580091144)
2 4      - (2000101    -195.607703710324)(1000000    -504.105740052113)(2000001    -505.226317572382)(2000002    -585.863621420279)(2000111    -689.482372526749)(2000201    -555.232406616778)(2000211    -825.88310370297)(2000012    -145.072660730292)
2 3      - (1000000    -462.02610330596)(2000211    -981.961952830985)(2000001    -304.281324510657)(2000111    -637.349067572505)(2000002    -620.894573293993)(2000201    -311.008144230424)(2000101    -238.135567509344)(2000012    -468.931393783099)
3 1      - (2000201    -433.369054190224)(2000001    -256.356328903272)(2000002    -676.118734740088)(2000111    -1505.62830394328)(1000000    -396.811582589132)(2000101    -235.423701864061)(2000012    -596.605862610872)(2000211    -504.226727913182)
3 4      - (2000101    -350.349463986108)(2000002    -561.993435943584)(1000000    -703.148248686403)(2000001    -658.510800148093)(2000111    -1034.63406002367)(2000201    -770.30497276802)
0 4      - (1000000    -281.751540808446)(2000001    -522.612319729656)(2000211    -972.078137894634)(2000111    -1381.71532110251)(2000201    -433.580434719327)(2000101    -128.117667652843)(2000002    -672.134606826517)(2000012    285.415627401337)
3 5      - (2000101    -257.221938961949)(2000001    -490.749519758286)(2000002    -639.578427627438)(1000000    -498.199494013874)(2000201    -603.678607551697)
1 4      - (1000000    -310.727049014765)(2000101    -308.130817873346)(2000001    -639.585006510698)(2000002    -567.273710792674)(2000012    -619.135809081435)(2000201    -880.799332550183)
5 1      - (2000002    -434.51294280062)(2000101    -160.55467516587)(2000201    -316.407523278998)(2000012    -0.5)(2000001    -408.093429249734)(1000000    -360.188881377045)
0 3      - (2000001    -698.927058357029)(1000000    -243.220444201325)(2000201    -602.868212287168)(2000002    -570.362543863776)(2000101    -256.968924772022)(2000012    -702.165271837658)(2000111    -1001.92504885076)
5 3      - (1000000    -679.815657724995)(2000002    -371.099723398384)(2000101    -180.791901108428)(2000201    -574.036816232923)(2000001    -617.424851458333)
4 4      - (2000002    -372.602155654685)(2000201    -540.580771949216)(1000000    -642.506846958454)(2000101    -168.785102510946)(2000111    -919.884949871448)(2000001    -316.651341895345)
3 2      - (2000101    -225.011344775426)(1000000    -650.353921411727)(2000001    -402.480677301844)(2000111    -845.264309905826)(2000211    -1145.65716609392)(2000002    -537.956481101706)(2000201    -696.527862938322)
4 3      - (2000111    -937.089960719107)(2000101    -305.125924124381)(2000012    -374.899149028319)(2000201    -623.142899485269)(2000211    -1049.75941132665)(2000001    -476.180569977282)(1000000    -804.840209478689)(2000002    -563.303592244119)
5 2      - (1000000    -873.158633710248)(2000002    -759.191717653179)(2000211    -403.175737298279)(2000001    -744.46486897406)(2000201    -494.369114072154)(2000101    -255.805738388269)
1 3      - (2000101    -281.700605447941)(1000000    -327.427767773794)(2000001    -463.512626583979)(2000201    -365.675372141529)(2000002    -644.572402401033)(2000111    -622.139324663832)(2000012    -526.698101776611)(2000211    -589.161573991905)
2 5      - (1000000    -277.171844031177)(2000111    -393.069022758736)(2000001    -547.041838714036)(2000201    -914.624040760249)(2000002    -372.532932828509)(2000101    -364.03736044851)
4 5      - (2000201    -335.000473725238)(2000002    -709.268203464166)(1000000    -259.240471816412)(2000101    -251.624664029174)(2000001    -677.454738513108)
0 6      - (1000000    -562.017573777607)(2000111    -950.805951621232)(2000001    -276.405864606551)(2000101    -277.863052738012)(2000002    -362.979419161778)(2000201    -792.269213210342)
5 6      - (2000101    29.0574070369892)(1000000    -825.840521928257)(2000001    -321.227500213448)
1 5      - (2000201    -490.275394398904)(1000000    -511.54437267886)(2000001    -323.096261737513)(2000101    -322.971474020937)(2000002    -323.507673373774)
6 1      - (2000002    -878.608863930091)(2000101    -129.090934483707)(2000201    -908.52502990727)(1000000    -764.086609200901)(2000001    -873.937978987279)
0 5      - (2000211    -562.91368083644)(2000012    -141.054641594426)(2000001    -621.029025119349)(1000000    -578.83337918534)(2000101    -352.878346208354)(2000002    -519.505633587835)(2000201    -618.756770745976)
5 0      - (2000001    -329.964411342368)(2000101    -294.729718606213)(2000201    -476.265480137721)(2000002    -468.250732088941)(1000000    -857.444748937278)
6 2      - (1000000    -1008.0477733814)(2000201    -419.776349272224)(2000101    -216.685019214061)(2000002    -564.251755046093)(2000001    -372.328186777698)
5 4      - (2000001    -670.588125151274)(1000000    -1244.17374119433)(2000201    -707.877563618129)(2000101    -182.689144156072)(2000002    -905.978122521019)
2 9      - (2000001    -313.58984550672)(1000000    -899.894077507733)(2000101    -1415.5859065131)(2000002    -932.526910069877)(2000201    -777.410562963434)(2000221    -1091.64769788171)(2000211    -1173.61393286565)(2000111    -1253.63616684758)(2000012    -39.4629470460619)
10 0      - (2000002    -474.156958701044)(2000001    -625.053189464068)(2000101    -1007.4886607476)(2000201    -644.942967134336)(1000000    -1289.51077477723)(2000111    -909.612084698532)(2000012    65.8841808608976)(2000211    -424.233067946563)
9 2      - (2000201    -1238.10913052264)(2000101    -1339.02827455981)(1000000    -1018.23207796602)(2000002    -941.305995272053)(2000001    -741.901842571607)(2000111    -1205.92662147069)(2000012    -254.145342039113)(2000211    -1025.52723284786)(2000221    -968.661031568311)
9 0      - (2000002    -556.052412452644)(1000000    -937.203270500641)(2000111    -693.296597637804)(2000101    -1088.99248998765)(2000211    -636.359875417834)(2000201    -1044.73222458506)(2000121    -897.14952931007)(2000012    -121.840434279305)(2000001    -837.372443400586)
10 2      - (2000002    -1096.26712257906)(2000201    -687.586609050031)(1000000    -1042.95742084875)(2000001    -771.587990524749)(2000111    -508.170785931898)(2000101    -1230.73888552736)(2000211    -600.465823263244)(2000012    -214.163659490459)
9 1      - (1000000    -985.146897478493)(2000001    -299.532098916154)(2000221    -708.576668954834)(2000101    -1372.36450801373)(2000111    -1046.6584183196)(2000012    -19.8571322361637)(2000002    -342.13962456882)(2000211    -645.338586724451)(2000201    -547.000274578613)
11 1      - (2000002    -379.609059391598)(2000201    -1347.39800986896)(2000101    -461.970715460209)(2000012    -85.6630008068413)(2000211    -958.654972183486)(1000000    -1307.42946422003)(2000111    -1115.77033579989)
2 13      - (2000101    -125.921844274388)(2000001    -222.130868964193)(2000012    -424.805063810974)(1000000    -386.936124227687)(2000201    -572.947632590913)(2000211    -1047.18561991841)(2000111    -804.966308311585)(2000002    -423.474748989247)
2 11      - (2000101    -598.8821780698)(2000002    -202.187000838946)(1000000    -234.003320677496)(2000012    -40.0675818988406)(2000211    -848.18336007403)(2000111    -838.055175927992)(2000001    -883.68600537648)(2000201    -392.792195933353)
0 10      - (2000001    -125.423323088126)(2000201    -821.155996968988)(1000000    -1368.63175546477)(2000002    -497.713945937703)(2000211    -463.536871475222)(2000101    -1074.0920242509)(2000012    -477.453693263987)(2000221    -1092.50831161509)(2000111    -1221.02570806093)
12 2      - (2000001    -888.433010669343)(2000201    -950.953488373452)(2000101    -837.72476635755)(1000000    -751.206412932606)(2000002    -739.654636500299)(2000211    -758.370586248324)
1 10      - (2000201    -610.606576085902)(1000000    -839.051341258615)(2000001    -881.989436770236)(2000012    360.620958299968)(2000211    -1100.99902635166)(2000111    -1056.20341977731)(2000101    -1172.28562498463)(2000221    -950.673176099471)(2000002    -564.97685519782)
0 9      - (2000101    -1099.07525116958)(2000002    -278.006093625688)(2000001    -375.989593727084)(2000111    -959.037607572051)(2000211    -615.757883254909)(2000201    -964.000520837337)(1000000    -1170.82527951071)(2000012    -64.1441087218081)(2000221    -519.84932497683)
0 13      - (2000001    11.9817444737728)(2000201    -513.420186114243)(1000000    179.313405320926)(2000002    265.870038707697)(2000012    -1132.31205187948)(2000111    -250.855566423393)(2000101    -192.914860348582)(2000211    -385.814569986903)
11 2      - (2000001    -760.286862015471)(2000201    -1007.20878111111)(2000111    -974.751096073566)(2000211    -1029.3823908898)(1000000    -872.844362979845)(2000002    -595.422113903187)(2000101    -734.769538304608)(2000012    -910.505237401534)
1 9      - (2000101    -1109.85230421745)(2000001    -301.651634086934)(2000002    -384.685458508151)(2000211    -379.887980016301)(1000000    -1125.04914967245)(2000201    -1336.26716259495)(2000111    -1150.02839822564)(2000012    -237.673764869376)(2000221    -615.993582734525)
0 12      - (2000002    291.363161238222)(2000201    -384.396731741474)(2000101    -344.190924671641)(1000000    -122.989909564414)(2000001    220.32165650374)(2000012    -338.123706875761)(2000211    -823.885122999462)(2000111    -930.194346352403)
0 8      - (2000211    -625.386854838803)(2000002    -756.167790930726)(2000101    -1306.70753851137)(2000111    -1171.72089610659)(2000012    5.1360192886628)(2000201    -1224.93862740175)(2000121    -647.847058545478)(1000000    -542.164455068427)
0 14      - (1000000    397.157548429508)(2000001    -570.938757264372)(2000012    -445.925457492395)(2000111    -449.538600639977)(2000101    -249.986337572501)(2000201    271.858358195957)(2000211    -1056.84085932156)(2000002    -289.79096226649)
2 14      - (2000201    -523.946704703039)(2000001    -898.664415802547)(2000101    -831.959194043203)(1000000    -308.960899482391)(2000111    -1029.87225297268)(2000002    25.0696170738336)(2000211    -1033.30063573674)
1 11      - (1000000    -690.55329821188)(2000201    -429.893645650351)(2000002    -586.167065731786)(2000001    -5.63580678192242)(2000101    -1000.9195598226)(2000012    -71.9903242964975)
2 15      - (2000201    -71.2465212515319)(1000000    -337.005323813795)(2000101    -465.183944324149)(2000111    -31.5862008495748)(2000001    340.932366602419)(2000211    -484.128499381196)
13 1      - (2000101    -604.629734644044)(1000000    -158.769225136286)(2000012    -13.3109510629725)(2000201    -132.499381156375)(2000111    -1031.7625168755)(2000001    -88.1584273338107)(2000002    264.696854465787)(2000211    -642.190035086345)
1 14      - (2000211    -551.974128191592)(2000201    -293.471720450088)(1000000    669.141279199338)(2000101    -231.353077624779)(2000002    -193.83063749867)(2000111    -607.881175408262)(2000001    -370.653834080214)
1 13      - (2000012    244.714454531327)(2000111    -695.457842136527)(2000211    -104.436732070688)(2000121    -1048.8393954996)(2000101    -77.1362336129083)(2000201    -369.606967747483)(1000000    -319.348497877442)(2000001    -296.11561376963)(2000002    -189.950721927855)
13 0      - (1000000    -109.18589626438)(2000101    -507.486449762835)(2000111    -306.311729230844)(2000012    -364.195969951415)(2000211    -387.774438574247)(2000002    133.927601839961)(2000001    -554.606808585039)(2000201    -31.6383478710373)
2 10      - (2000201    -1155.73217476548)(2000101    -1543.19919975165)(2000001    -1101.00680607549)(2000002    -207.160033681949)(1000000    -1151.3990623353)(2000211    -886.80602266579)(2000012    -224.539403869225)(2000111    -835.578732055929)
10 1      - (2000002    -948.36026752476)(2000221    -657.272866146643)(2000001    -340.749419325562)(2000211    -897.847242568087)(2000201    -1174.8373550267)(2000111    -793.813688426533)(2000101    -1292.78759202629)(2000012    -276.028282112198)
14 2      - (2000211    -250.903895361905)(2000002    -650.797606190463)(2000101    -1224.9347138327)(1000000    -1.94882840326464)(2000111    -874.344261914922)(2000001    -316.172116310542)(2000012    146.234391257996)(2000201    -78.4557940677782)
0 11      - (2000002    -212.864109026739)(1000000    -631.934340842574)(2000101    -1274.85145317127)(2000201    -359.657728308949)(2000012    -341.283753042785)(2000211    -988.874082807923)(2000001    -808.490978344779)(2000111    -1383.55973214408)
14 0      - (1000000    79.7498269351147)(2000002    2.89076816223051)(2000012    -200.168242539653)(2000211    -902.494967975331)(2000201    -140.483095408586)(2000101    -36.5438844650966)(2000001    198.546145885055)(2000111    -814.861202518481)
3 11      - (2000101    -1126.16935958094)(2000201    -976.99035430759)(2000001    -574.39255767346)(1000000    -545.318216009574)(2000012    -312.454209786951)(2000111    -905.266531266148)
11 0      - (1000000    -656.741882364216)(2000001    -336.418640025419)(2000101    -649.606197609181)(2000111    -995.781643980964)
1 8      - (2000001    -896.110370650621)(2000201    -1196.73774278255)(2000211    -722.520677847838)(2000012    -29.290178062551)(2000101    -983.650687493832)(1000000    -645.291094117081)
1 12      - (2000101    -645.7638250164)(2000211    -882.296829509108)(2000001    -329.979013149775)(2000201    -464.41299325051)(2000012    -302.907349031386)(2000002    41.9721415710907)(1000000    -326.340089316773)(2000111    -478.875578608843)
12 0      - (2000101    -774.148637009385)(1000000    -662.94284142776)(2000002    -12.1634875450391)(2000001    -1172.98686649989)(2000211    -628.782448818198)(2000201    -835.945674936143)(2000111    -1121.75068723283)(2000012    -150.012896702293)
4 11      - (2000101    -230.7641405525)
3 13      - (2000012    -869.348690123127)(2000111    -848.16289739434)(2000001    -950.948659630823)(1000000    -705.191656837227)(2000101    -719.205440272095)(2000201    -709.717976758252)
3 14      - (2000101    -445.621187912483)(2000211    -324.425934929596)(2000201    -381.241647728683)(2000002    -127.544440962413)(1000000    -404.931024718076)(2000001    101.725408481939)
13 2      - (2000101    -235.634007449898)(1000000    -273.491264497798)(2000211    -1324.32165839846)(2000201    -424.190884305878)(2000012    -97.1217491064552)(2000002    -963.927352231823)(2000001    -478.445106458641)(2000111    -1095.58632100236)
15 1      - (2000002    -1171.42048598513)(2000101    -777.436685134983)
4 10      - (2000101    -834.36381412455)(2000201    -988.590881076587)(2000211    -618.584917696665)(2000111    -939.166742387017)
1 15      - (2000201    -748.63689462227)(1000000    -42.420208961196)(2000012    -45.6093918413114)(2000002    -132.478420651935)(2000001    -578.960486198457)(2000101    -826.828168735631)
2 16      - (2000012    42.6182096426799)(1000000    -371.001489894421)(2000221    -602.653573917538)(2000211    -722.813658885393)(2000001    -827.084948538679)(2000111    -1027.73056794445)(2000201    -958.866861092547)(2000002    -330.671908859833)
6 3      - (2000201    -679.952970875918)(2000002    -130.75301067153)(2000001    -1071.88934496052)(1000000    -669.755608118159)(2000101    -121.111371020353)
4 14      - (2000101    -692.421200325953)(1000000    -550.398400820457)(2000002    24.998286420441)(2000211    -91.275017817844)(2000111    43.5625523648199)
15 2      - (2000111    -700.554884479176)(1000000    -107.349861740212)
2 12      - (1000000    -155.116724318374)(2000101    -951.322203358044)(2000211    -681.254618018941)(2000012    149.75436003913)(2000001    -744.499657122597)(2000201    -970.95711293854)(2000002    -800.869681995357)(2000111    -878.399902170426)
2 8      - (1000000    -592.030187911026)(2000201    -1036.0528288443)(2000001    -866.310821497749)(2000101    -679.201357252612)(2000111    -801.917871064802)(2000012    -223.249873815789)(2000221    -645.471761624698)(2000002    -617.002577218994)
3 12      - (2000101    -1131.83354897101)(1000000    -829.050062726097)(2000001    -885.239077936564)(2000211    -610.138810651185)(2000201    -571.047790779106)(2000111    -544.195700074688)
12 1      - (2000101    -820.431529947511)(2000201    -561.180273577775)(1000000    -382.327703783129)(2000012    -785.364801497555)(2000001    -92.2230650394901)(2000002    -506.177298478112)(2000211    -245.077580767488)(2000111    -590.578987726629)
3 8      - (2000001    -818.029442657717)(2000002    -157.917200430541)(1000000    -708.914713880342)
1 16      - (2000101    -1162.37327781831)(1000000    -524.541586229244)(2000201    -1161.59344107118)(2000001    -610.106862103085)
14 1      - (1000000    -754.343925617373)(2000101    -519.060340236133)(2000002    279.321082140742)(2000001    -0.214263698149772)(2000211    -906.59222438318)(2000201    -224.096474780097)(2000012    -165.919158329954)(2000111    -543.120534149859)
0 15      - (2000002    -292.138181639276)(2000012    -761.667539694148)(1000000    218.546239123718)(2000201    -25.9384440438808)(2000101    -334.658298565376)(2000211    -956.206063746426)(2000111    -669.87183194925)(2000001    -187.923544147201)
3 15      - (2000001    -580.497718865187)(2000211    -500)(1000000    -439.617662311147)(2000101    -743.536662421105)(2000111    -761.091796829068)(2000201    -666.518034413554)
12 3      - (2000201    -960.466608941312)(2000101    -425.545767757108)
3 16      - (2000001    -504.785756812842)(2000002    -1191.9110792368)(1000000    -1179.17771726566)
6 0      - (1000000    -261.333493522457)(2000201    -309.986876068898)(2000001    -93.9875703727023)(2000002    -887.767917962569)(2000101    -233.891666315722)
4 8      - (2000101    -98.715823263244)(1000000    417.777516312658)
3 7      - (2000001    -1266.06526548153)(2000201    -819.770393531595)(1000000    172.131495070201)
4 13      - (2000111    -1058.51071490685)(2000201    -78.0403521525502)(2000002    -816.032376432634)(1000000    -287.504145210744)(2000101    -184.279892250806)(2000001    -71.3538859070216)
3 9      - (2000101    -1285.71453083658)(2000002    -67.178780721511)(2000001    -377.135064930106)(2000111    -1027.61152472955)(1000000    -1001.60600578291)(2000211    -1046.46793647158)(2000012    168.407283717071)(2000201    -642.829178288188)
5 12      - (2000201    -984.650143833427)
3 10      - (2000111    -603.396203092753)(2000002    -529.366570429191)(2000012    -14.4908970760898)(2000211    -733.105912682594)(1000000    -488.73727512173)
3 6      - (2000001    -656.206331801718)(2000101    -390.965449925231)(1000000    -604.901467962909)(2000002    -1030.20972421263)(2000201    -466.480963955029)
9 4      - (2000001    -100.251190029389)
1 6      - (2000001    -678.905509503012)(2000111    -558.871609127629)(2000002    -478.817727469217)(1000000    -893.280420457185)(2000201    -335.94270479022)
0 16      - (2000001    -602.284950330141)(2000111    -1013.15174818854)(2000201    -865.332551931258)(1000000    -265.419672002266)(2000002    47.6422071200844)(2000101    -804.952412703495)(2000012    53.6213836212678)
13 3      - (1000000    -27.1336310092864)(2000111    -500.681852794106)(2000002    92.9740922345511)
8 1      - (2000012    -51.928531958769)
2 7      - (2000002    -928.783276940086)
5 13      - (2000211    -1143.28513300072)
15 3      - (2000201    -238.799763700891)
5 14      - (2000201    -530.992709998711)(2000211    -530.992709998711)
5 15      - (1000000    -179.24795392797)
4 9      - (1000000    -1718.24624033994)(2000201    -1357.1108360647)(2000211    -1425.62079024247)
6 4      - (2000101    -48.2060044283531)(2000201    -692.298499828712)(2000001    -779.292088938121)(1000000    -471.884036321382)(2000002    -88.2667926178888)
2 6      - (2000101    -336.426177010455)(2000001    -483.253374165331)(2000002    -337.247151583834)(2000201    -372.141526313033)(1000000    -676.694648298857)
6 5      - (2000201    -801.564846429538)(1000000    -340.015133451894)(2000001    -533.270419208115)(2000101    148.878388788723)
14 3      - (2000101    -49.0477851341383)
7 0      - (2000002    -35.5778631994906)(2000221    -662.045706035031)(2000012    -187.536904699176)
16 4      - (2000201    39.6962334587949)(1000000    53.2944665128525)
8 4      - (2000001    -279.387389211717)
7 2      - (2000002    -61.5972627648945)
14 4      - (2000002    -124.04060591593)
4 12      - (2000001    -247.655158284166)(1000000    65.7771772233877)(2000101    12.213951121709)(2000002    312.558299319049)
5 17      - (1000000    -746.338002242539)
5 11      - (2000201    -945.098039554405)
4 15      - (2000201    -120.746393178686)(1000000    -449.320602172204)(2000012    135.787133284824)
8 0      - (2000101    -939.12473901597)(2000111    -998.125791506869)
16 0      - (1000000    -210.240801678987)
4 6      - (2000002    -726.955822105566)(1000000    306.277403597739)(2000001    125.803457142581)(2000201    -46.4549160685349)
1 17      - (2000201    -678.23496724676)
16 3      - (1000000    -960.769002861794)(2000012    -630.257332509136)
4 18      - (2000211    -634.545399592819)
4 16      - (1000000    -789.491775965806)
13 4      - (2000002    -105.073985600173)
5 5      - (2000201    -135.125525704923)(1000000    -685.872368460488)(2000101    -31.8257098105951)
16 2      - (1000000    11.3226273347847)
5 7      - (1000000    284.496757457485)
6 9      - (1000000    -138.423541714674)
4 7      - (2000101    187.607112834908)(2000001    -17.5654844022841)(2000201    -232.961499915883)
1 7      - (2000002    -19.5354009126956)

