258
0 0      - (2000101    18540.6330955642)(2000002    21912.897425868)(1000000    19199.9505847599)(2000211    22305.0961337907)(2000201    17872.1875225598)(2000022    265.552674781103)(2000012    20486.1082833404)(2000221    -755.495561036247)(2000111    19688.0314298742)(2000121    -758.516123399265)
2 0      - (2000002    22379.4526863182)(2000101    11831.5537603856)(2000201    14291.0281309485)(2000111    -963.267441985858)(2000022    -131.766971267573)(2000121    -500)(2000221    -754.374690601805)(2000012    -648.171504723041)(1000000    10425.8954637888)(2000211    -1047.54331846388)
1 0      - (1000000    22819.1626185483)(2000201    20135.7209686924)(2000002    15584.8813196317)(2000101    19209.5229642454)(2000221    -1500)(2000121    -1482.58879742803)(2000012    15957.3704851284)(2000211    18779.9478215645)(2000111    16902.4004059907)
2 1      - (2000002    21823.4663846336)(2000101    19106.4010311406)(1000000    18291.8456299934)(2000221    -1544.48570324242)(2000201    19612.094885199)(2000012    -843.052625602585)(2000211    -600.821253596121)(2000111    546.373016510239)(2000022    -182.101537870948)
3 1      - (1000000    15188.895047505)(2000201    16442.9145893115)(2000101    17885.0091294533)(2000211    -1199.60373955995)(2000022    -654.083785361042)(2000121    -527.548404045821)(2000002    21770.4066989113)(2000012    -889.91150753687)(2000111    -344.147256581853)
3 2      - (2000101    14238.8860036038)(2000121    -2402.68952808694)(2000221    -1810.12635205796)(2000201    18412.3508793384)(2000022    413.52959713325)(1000000    18278.2849805942)(2000111    55.4517567537111)(2000002    21915.3354779812)(2000012    -55.7668560658354)(2000211    -591.516912422007)
0 1      - (2000101    15051.9624516175)(1000000    12462.2405473555)(2000002    21844.2744747094)(2000111    -946.716183427449)(2000211    -1156.15660627239)(2000201    12368.7111234809)(2000022    355.683767834715)(2000012    -647.646728674678)
0 2      - (1000000    19230.2892364037)(2000111    333.866560339586)(2000121    -1317.59696429014)(2000201    17854.8830849263)(2000002    22177.7487743407)(2000101    13638.5314058173)(2000211    -1004.33725894148)(2000221    -1061.48460422015)(2000022    -142.958734525292)(2000012    -573.471718283171)
0 3      - (1000000    19422.1984744373)(2000101    19074.6106151677)(2000002    21807.187207495)(2000201    20229.3461540802)(2000211    -790.101279869887)(2000111    355.361866533492)
2 4      - (2000002    -515.961144393205)(1000000    -195.017535695973)(2000111    -1203.46718978882)(2000221    -993.746376144409)(2000201    175.904822357569)(2000101    -133.841159941823)(2000012    -801.235525435239)(2000211    -472.176619307532)
1 2      - (2000121    -1514.34362982212)(1000000    18996.5152935071)(2000002    21600.6410923648)(2000101    13907.3550863476)(2000201    16416.7269296975)(2000111    -27.6722814060123)(2000221    -892.307459759774)(2000012    -851.90665617252)(2000211    -532.277789183133)
1 1      - (2000221    -1603.10599158256)(2000002    21636.3849130809)(1000000    15932.3189688221)(2000101    12339.7409286079)(2000201    9570.43915976866)(2000111    549.178226205713)(2000012    -724.730793257512)(2000022    -9.03767608748089)(2000211    -442.262246500834)
2 3      - (1000000    20024.6796057169)(2000101    19318.557575646)(2000002    22026.5188161574)(2000012    -1002.19957165006)(2000111    -539.278656345312)(2000201    18463.2142154731)(2000211    -336.456074086457)
2 2      - (2000101    20225.8534386399)(2000002    21918.2396151193)(1000000    15783.4429622381)(2000201    17629.7633613216)(2000022    -3.89824332824296)(2000221    -876.5)(2000111    -558.679467405775)(2000012    -137.926780258064)(2000211    368.359944603825)
3 0      - (2000101    12140.4123282016)(2000211    -1012.5438706999)(2000201    15835.8453853844)(1000000    15398.3989985589)(2000002    21071.1743266064)(2000012    -808.897822467292)
4 2      - (2000201    1059.59504865702)(1000000    6.34690286414451)(2000101    440.014505201723)(2000121    -1039.26703273812)(2000002    45.9699644723811)(2000211    -204.214795916029)(2000012    -116.066337487821)
5 0      - (1000000    -444.165818482831)(2000101    -1155.63660068374)(2000002    -487.015752898295)(2000201    -902.408508340611)
4 3      - (2000022    -4.75)(2000201    -596.782550624345)(2000002    -752.688397624998)(1000000    -209.436899899022)(2000101    -344.830671958903)(2000012    -377.478873470906)(2000111    434.720749725131)
4 1      - (1000000    -356.228925968451)(2000221    -1000.375)(2000101    -177.31458756301)(2000201    -571.86080757686)(2000121    -1063.32285423343)(2000002    -541.034808713657)(2000012    -59.7444145473858)(2000111    -687.702893625976)
0 4      - (2000002    22027.4996539434)(1000000    18461.5689368278)(2000201    16571.8281966025)(2000101    14193.4831353849)(2000111    2059.98571031557)(2000012    -817.54323465121)
1 3      - (1000000    16367.6199333219)(2000201    21236.208402851)(2000002    22036.9829219347)(2000101    18718.2315420423)
3 3      - (1000000    -424.037598436502)(2000121    -989.266773351092)(2000221    -1076.18718223406)(2000111    -1349.46478067062)(2000012    -761.269457514613)(2000002    14279.2591466048)(2000201    12165.6429145487)(2000101    6383.24132936513)
4 0      - (2000201    -228.331428253627)(1000000    -243.299677345086)(2000002    2899.46507772438)(2000101    -495.934908686082)(2000022    -83.8725545541551)(2000111    -517.26937221063)(2000211    -468.732488387337)
4 4      - (1000000    -927.720086362248)(2000201    -817.227982057124)(2000002    -424.181848751711)(2000101    -977.311843049904)(2000012    -266.901432178513)
1 4      - (2000201    15395.4243495288)(2000002    22474.4364734211)(1000000    13894.5700756747)(2000101    11654.3664545301)(2000211    -273.35986347432)(2000012    -383.120776702112)
4 6      - (2000201    -811.380325145212)
3 5      - (2000002    -1113.25372120968)(2000201    -763.690914568676)(1000000    2092.45545952432)(2000101    -721.666930656319)
3 4      - (2000101    -930.967092213892)(2000111    -758.286635911185)(2000022    24.175734153455)(2000221    -500)(2000211    -694.731236290441)(1000000    -167.28011276452)(2000002    -790.614101709382)(2000201    -809.285614261579)
1 6      - (1000000    -235.43198179018)(2000201    -633.91030233034)
4 5      - (2000002    -790.778656345312)(2000211    -752.47884218481)(2000101    127.369745671682)(1000000    699.819213137444)
6 2      - (2000221    -559.08743392045)(2000101    -449.723165606941)(1000000    -476.213624200426)(2000201    -247.118192222693)(2000111    50.0270536250387)
2 9      - (2000022    -55.0043336982838)(2000201    15195.4971293824)(2000012    10028.8702769585)(2000002    6696.02536261184)(2000221    -516.866316268119)(1000000    22884.9631013995)(2000101    15780.5096243849)(2000111    9911.88935806569)(2000211    3406.0779193433)
1 9      - (2000221    -1086.05645401998)(2000002    17584.9327455702)(1000000    23548.3592790922)(2000012    15188.2574593977)(2000101    13879.8909364997)(2000121    -982.844039095842)(2000211    13458.921005357)(2000022    -21.758685703929)(2000201    19595.6927776244)(2000111    16018.8622159653)
9 0      - (1000000    24849.9729768739)(2000101    8606.72162841207)(2000121    -1043.68259960069)(2000111    -362.195792907737)(2000201    -6.42717241817896)(2000221    -984.738080994663)(2000002    218.883396439563)(2000012    2300.61362140785)(2000211    4505.12101534327)(2000022    -234.901496027032)
10 2      - (2000002    289.7484315022)(1000000    588.67896839976)(2000101    -487.036171631829)(2000012    165.08910741695)(2000221    -967.679929801095)(2000211    -362.986431260984)(2000022    -130.254795090492)(2000121    -860.622405695123)(2000111    141.628694131654)(2000201    57.5285697914666)
10 1      - (1000000    260.965366399018)(2000221    -990.78637666619)(2000012    120.404507095157)(2000121    -937.394324482664)(2000211    -411.849442088975)(2000201    -653.880748099173)(2000002    154.752794684009)(2000101    -712.549981480993)(2000111    -203.25901699102)
10 0      - (2000012    178.70844733586)(2000211    -951.248436959546)(2000022    -295.50856776442)(2000101    -315.35075566814)(2000111    -711.222952631685)(1000000    321.352417106745)(2000201    -550.863544505621)
1 10      - (2000101    5352.93878338268)(1000000    22527.6425635532)(2000121    -969.974251803755)(2000221    -1179.92065032186)(2000012    7957.98669594343)(2000201    -86.3448240598907)(2000111    -636.025309508978)(2000002    3605.90394231241)(2000022    -162.450038485904)(2000211    -259.652925827178)
2 10      - (2000022    -176.81812263748)(2000121    -1126.209482105)(2000012    374.256103385495)(1000000    20806.3903964181)(2000002    4654.5129363645)(2000201    -389.294980300139)(2000221    -759.062755518733)(2000111    245.042028250298)(2000211    7994.00804063392)(2000101    550.89944780001)
1 12      - (2000211    -747.925606279105)(2000101    -776.954417585512)(2000111    -1028.51793078462)(1000000    3518.17225325887)(2000121    -859.836556831651)(2000221    -594.924059050041)(2000201    -722.090103164534)(2000012    -464.643734697321)(2000022    243.954340694701)(2000002    -726.831623176133)
1 13      - (2000111    -321.073338912009)(2000101    12200.8003556291)(2000002    -701.268040164529)(2000211    -685.690104961766)(1000000    29182.1878916731)(2000012    220.717363914857)(2000221    -753.381075263074)(2000201    4725.30498948531)(2000022    -79.7363019223763)(2000121    -821.308810769891)
2 11      - (2000022    -134.691018360933)(2000121    -1001.40661082932)(2000012    7209.26425200113)(2000111    -654.899450981898)(2000201    3168.46637525332)(2000221    -924.979164370938)(1000000    19898.7976497984)(2000211    5127.9813837257)(2000002    -193.153985256481)(2000101    3615.60813780751)
14 0      - (2000111    -552.76116532802)(1000000    19427.1266610544)(2000012    -285.738654255364)(2000201    -704.452875997252)(2000002    -578.959008516873)(2000211    -823.110633930288)(2000221    -528.546499814928)(2000101    -722.925397813601)(2000022    257.669986822207)
13 1      - (2000201    -824.412800939557)(2000101    -1031.52977208897)(1000000    5810.05366462762)(2000211    -779.027711179438)(2000111    -475.117465657022)(2000012    245.26753709821)(2000022    419.243360554392)(2000002    -1003.52495321468)(2000221    -743.818711763395)
0 9      - (2000002    9386.889697061)(2000012    14106.1007564226)(2000101    4499.60028999664)(2000221    -1016.49784481334)(2000111    5300.82289272165)(2000022    -349.857274918088)(2000121    -814.050374035791)(2000211    12407.528628222)(1000000    24108.6259345476)(2000201    7701.73902893924)
14 2      - (1000000    3209.65999620736)(2000111    -695.210160181936)(2000101    -775.95982695564)(2000012    204.673416382757)(2000002    -632.555344328509)(2000211    -643.306607433003)(2000201    -787.961176377485)(2000221    -792.631521393357)(2000022    182.173753434866)(2000121    -595.85372353884)
9 2      - (2000201    -311.734453458404)(2000221    -1036.95938303258)(2000211    22.7740136769688)(2000111    449.502926732998)(1000000    24676.9275779461)(2000022    -57.7694326532252)(2000121    -1022.21815466647)(2000012    3851.21382004416)(2000101    5708.49803585764)(2000002    299.485329679938)
9 1      - (2000022    -585.227593395354)(1000000    19928.0455648722)(2000012    4.18269953926828)(2000111    3345.85293255502)(2000221    -1050.57327633444)(2000121    -773.961128929507)(2000211    -132.366273261318)(2000002    3661.46995767915)(2000201    3584.04088421954)(2000101    4967.54139375079)
2 14      - (2000201    5661.08879620253)(2000002    -927.140943624374)(1000000    30738.2128526975)(2000111    -603.281458652997)(2000211    -649.386055451978)(2000022    258.380000028261)(2000012    80.643502373139)(2000221    -773.397523883491)(2000101    6363.67054034307)(2000121    -635.035023559956)
3 8      - (2000022    -32.4551476430221)(2000201    7223.42143684309)(1000000    22776.8556302065)(2000101    7057.24946307569)(2000211    22323.7932116371)(2000002    8726.03874925326)(2000111    9348.43281338103)(2000012    9203.03461116502)
1 14      - (2000201    -714.55994177199)(2000012    270.162025579516)(2000111    -752.315092851177)(1000000    32453.8677016642)(2000101    -795.174047269774)(2000221    -650.057604600017)(2000002    5880.52886951744)(2000022    251.421247035954)(2000121    -770.708825097775)(2000211    -724.651237526433)
2 8      - (2000111    3490.49505494478)(1000000    23276.4559667435)(2000002    12122.2045917691)(2000201    9350.0637210701)(2000101    5794.86927690043)(2000012    3297.89717048634)
11 0      - (2000111    -762.135975623065)(2000221    -1093.46402902794)(1000000    28190.4807588762)(2000211    -517.195272818292)(2000012    -47.8533933755301)
1 11      - (2000012    14548.0291939633)(2000002    -56.4949934231599)(2000201    3755.10342218486)(2000022    -192.990540067819)(2000121    -557.169384105038)(2000211    3243.44941466116)(2000221    -546.977599018546)(1000000    18272.000190094)(2000111    -923.128791985998)(2000101    1169.02403786808)
0 15      - (2000002    -747.158508601574)(2000012    150.214416306429)(1000000    -887.563162471972)(2000101    -1114.40574493205)(2000111    -861.347797692023)(2000221    -548.606149350511)(2000201    -812.983971956942)(2000211    -377.535249161512)(2000121    -342.233104269184)
0 10      - (2000201    485.929352050216)(1000000    21707.2934735286)(2000022    -93.9551980370922)(2000211    6395.63783583256)(2000101    3837.80665195577)(2000002    159.037158604045)(2000111    3821.68754612588)(2000012    3859.47931343488)(2000121    -337.626078353319)
0 12      - (2000012    91.0672979343145)(1000000    31422.1974566067)(2000211    -792.35148955622)(2000201    -419.627665798771)(2000121    -923.873799492587)(2000111    -349.323931725648)(2000101    10034.5888581238)(2000002    -838.829550846162)(2000221    -423.873799492587)(2000022    244.559225156928)
11 1      - (1000000    23319.7968328905)(2000101    -894.213260503785)(2000002    168.83434334475)(2000201    4195.45083941852)(2000211    -1158.32813638354)(2000121    -911.700816955261)(2000111    -939.444331171537)
2 16      - (2000201    -733.633712762784)(1000000    -618.844660681106)(2000211    -567.066539679515)(2000111    -702.157926897127)(2000101    -819.285951731324)(2000221    -838.943746988631)(2000121    -558.772750513646)
3 11      - (2000201    16766.9495586803)(2000211    -500)(2000111    -798.970248063531)(2000022    -41.6396807551778)(2000101    -893.12491232249)(1000000    -811.269865365992)(2000012    7717.57628400023)
13 0      - (2000211    -793.31409236634)(1000000    24748.1682028991)(2000002    -1011.82631588115)(2000101    -819.84168184023)(2000201    -672.254190484844)(2000012    225.597411486158)(2000111    -749.910243768689)(2000022    154.273359007729)(2000121    -729.759240076287)(2000221    -607.736213537597)
0 13      - (1000000    31211.5424167782)(2000211    -680.436546429165)(2000111    -633.048176003702)(2000201    17093.3923768768)(2000101    6471.72759967297)(2000121    -982.506801647623)(2000221    -700.434013728212)(2000002    -834.180471525438)(2000022    205.056247582455)(2000012    279.258357582078)
4 9      - (2000101    9492.59740385781)(2000211    412.141397824244)(1000000    26126.9490433149)(2000012    -258.634536171105)(2000111    2926.15408440002)(2000002    2230.02869196606)(2000201    6161.37397190366)
0 14      - (1000000    30264.3387355395)(2000002    4207.53967935195)(2000211    -789.776688506933)(2000201    -746.1505917509)(2000101    -905.911633031909)(2000012    96.4849779226313)(2000022    270.768546271286)(2000121    -852.357168954657)(2000111    -734.464398024994)(2000221    -836.394512338424)
11 2      - (2000022    -77.3110097067621)(2000211    -753.505046092405)(2000012    116.86888706031)(2000121    -510.628057051578)(2000101    -864.259741488373)(2000002    -989.860980303367)(2000221    -559.717773787012)(1000000    -449.301901402494)(2000111    -299.374220540494)
1 8      - (1000000    23837.5405740479)(2000101    12494.3683212228)(2000201    12105.533071699)(2000012    4062.63790380287)(2000211    5503.58648185546)(2000002    11242.6888960833)(2000111    6535.24980486065)
2 12      - (2000012    4745.87710029812)(1000000    17789.0206714143)(2000002    5370.15595328925)(2000101    4577.91602807705)(2000022    114.851660311137)(2000201    -679.502338684093)(2000121    -734.560388586218)(2000211    -772.006180819736)(2000221    -845.204245883588)(2000111    4213.83610496627)
3 10      - (2000211    -115.726613518487)(2000221    -1171.53452009835)(2000111    -479.221493832347)(2000012    -91.0183169446512)(2000121    -718.832240748521)(2000101    -121.123853441163)(1000000    18169.4763791185)(2000201    499.862878367949)
14 1      - (1000000    4661.13956515388)(2000111    -586.614003864909)(2000201    -183.541860642872)(2000211    -758.444310703805)(2000012    247.800835218566)(2000101    -586.114755547773)(2000002    -801.820240604817)(2000022    239.244565420333)(2000221    -781.334691057888)(2000121    -835.103061394469)
0 6      - (2000101    -1035.41302085911)(2000012    -779.391152294834)(2000201    -973.475267085828)(1000000    -663.813230350804)(2000211    -568.502528286879)(2000002    92.7969619433499)
4 8      - (2000022    -38.031933857053)(2000111    5068.70880623133)(2000211    14604.4341253392)(2000101    23404.0757004396)(2000201    8350.09594506179)(2000012    11793.0030652035)(2000002    1107.83995746243)(1000000    9587.01741207031)
1 15      - (2000012    585.914333534459)(1000000    29147.3850195608)(2000101    -194.987963950484)(2000211    -519.226876491349)(2000201    -546.977599018546)(2000111    -789.011029956223)(2000221    -426.19830707336)(2000121    -277.635385503123)
3 15      - (2000002    2587.45545528642)(1000000    18791.7512410388)(2000101    -741.338052998219)(2000022    250.873556013578)(2000111    -405.853417291916)
1 16      - (2000211    -564.527655557341)(2000101    -610.569800543539)(2000111    -739.449556377567)(2000201    -664.936263524742)(1000000    668.244652466345)
12 6      - (2000201    6602.84392842173)(2000101    3023.46794901394)(1000000    25052.1800559741)(2000211    11389.9593470681)(2000111    4762.98159221874)(2000012    12831.8541767398)(2000002    12674.0858054155)
5 1      - (1000000    269.577801840741)(2000201    -459.36658829701)(2000002    -506.103341897012)
0 5      - (2000201    -565.326677933465)(2000012    -933.59395077544)(2000002    -559.509673402251)(2000101    -795.11048743573)(2000211    -539.244302545261)(1000000    -445.427583916916)
4 11      - (2000201    548.206707698713)(2000221    -1116.76793492319)(1000000    17336.4790208759)(2000012    14.5997359916002)(2000002    -222.315989201757)(2000211    -547.223172410115)(2000111    178.399715305479)(2000101    1041.78860469701)
2 13      - (2000201    -992.179058146911)(1000000    5176.78899040952)(2000022    275.491454058918)(2000221    -682.522699059046)(2000121    -785.900630663026)(2000002    -676.566996339106)(2000111    -557.626444281844)(2000211    -660.053577431355)(2000101    458.197511628636)(2000012    133.417186306337)
3 7      - (1000000    486.103649083911)
2 15      - (2000111    -900.795039412072)(2000101    -693.840632761882)(1000000    30356.4521587284)(2000221    -650.833654356009)(2000022    295.802486249328)(2000012    133.429439033814)
0 17      - (2000012    -49.0719682390108)(1000000    -38.361624878112)
4 10      - (2000221    -769.970431723498)(2000012    1782.2377051715)(2000121    -637.331501064488)(2000201    6845.8330953487)(2000002    7989.68996545343)(1000000    24759.8658254829)(2000101    3224.02882530879)(2000211    3504.28015210278)(2000111    -0.791365579393585)
4 12      - (2000121    -1075.97970779628)(2000002    208.461403780963)(2000022    257.966524567426)(2000221    -951.320017148171)(2000012    -159.709804294424)(1000000    15505.3572616198)(2000111    -581.922951721682)(2000201    3129.24332653928)
3 6      - (1000000    -673.277908855174)
0 11      - (2000002    -503.3530768446)(2000111    -163.395048725088)(2000211    -454.987082709124)(2000022    157.103001362907)(2000101    -294.771428965237)(1000000    14278.5037089955)(2000121    -556.358789603899)(2000012    287.409045800917)(2000201    -613.68704709543)
0 16      - (2000201    -576.83672896599)(2000012    16.5874729820644)(1000000    399.511217202814)(2000111    -388.435517319905)
4 16      - (2000111    -649.76471493875)
2 5      - (2000101    -532.21431902188)(2000201    -797.95747180879)(1000000    134.811019971496)(2000002    569.253805932303)
5 5      - (1000000    -552.410464004571)
12 2      - (2000012    234.99751868102)(1000000    13576.9312241943)(2000101    -916.623500025016)(2000022    51.8186476518712)(2000121    -540.106031876156)(2000002    -766.038430521694)(2000221    -882.978273643407)(2000211    -237.147995630734)(2000111    -253.70651684484)
3 14      - (2000201    -850.181721621573)(2000211    -603.870305525404)(1000000    770.550271190188)(2000012    328.578326877332)(2000002    -776.545923090595)(2000111    -913.037729021102)(2000121    -559.178096728016)
12 1      - (2000002    -904.924619765231)(2000101    983.713056839694)(2000012    241.745638388326)(2000111    -783.765147792451)(2000221    -897.920426834016)(2000022    76.3236953189679)(2000211    -844.269514816145)(1000000    25050.5189981367)(2000201    -865.688633247965)
15 2      - (2000211    -573.906951961603)(2000201    -123.435547574024)(2000022    165.874725853874)
4 15      - (1000000    -307.927916557553)
1 17      - (1000000    602.031571403447)
1 5      - (2000201    -461.301739874252)(1000000    -184.308284953504)(2000101    -542.638774605901)(2000211    163.752857491221)
6 3      - (2000101    -951.648601680581)(1000000    -45.2786563453122)
0 7      - (2000201    -988.901910825445)
12 0      - (1000000    28650.7154307098)(2000111    -316.330533844428)(2000211    -1017.60476777369)(2000201    -667.364099792738)(2000101    -928.675460497116)(2000012    362.705272567152)(2000121    -900.168543331463)(2000022    -30.317883620094)(2000221    -703.702326983358)
3 16      - (2000111    -318.7769487892)(2000012    -36.2750549927075)
3 12      - (2000221    -1118.4499415302)(2000211    -1061.60215871704)(2000101    3275.39016990354)(2000121    -993.093110284373)(2000111    -1030.68821397383)(1000000    10295.9703420356)(2000012    3705.12323571212)(2000201    6550.2473600981)
5 2      - (1000000    -682.840078562541)(2000002    -586.528837175397)(2000201    -380.49121558302)
5 11      - (2000022    -142.104148133652)(2000012    -190.224079296991)(2000101    892.405764220445)(2000002    9615.28491060997)(2000201    3167.30793279844)(1000000    26959.7652526969)(2000111    2438.90558743456)(2000211    5210.37220309421)
15 0      - (2000101    -436.440403133261)(1000000    2326.98849547185)
3 17      - (2000111    -187.703370396958)(1000000    -120.835330995425)
13 2      - (2000211    -816.596465129963)(1000000    10943.2794974007)(2000022    -114.771313883267)(2000121    -972.724445095272)(2000012    242.673361041667)(2000002    -938.733151556088)(2000111    -869.01447829153)(2000201    -630.022756265267)(2000221    -625.075081829625)(2000101    2828.08948651303)
3 9      - (1000000    22162.0900767892)(2000002    4310.97197147605)(2000012    1240.39988620112)(2000211    211.146093678513)(2000101    7804.63351490606)(2000201    3965.81604828083)(2000111    4274.57211043445)
6 1      - (2000002    -888.273224839906)(2000211    -369.384944301639)(1000000    182.30756744326)
16 0      - (2000002    -140.523224839906)
2 6      - (2000201    -547.749312253992)(1000000    -155.275610106378)
2 17      - (2000012    -180.493627256119)(1000000    -51.4979465968708)
5 13      - (2000121    -938.864505721009)(2000201    132.276337390552)(1000000    15456.436389335)
15 1      - (2000211    251.830909198009)(1000000    2714.66262676049)
5 3      - (1000000    -768.512552427504)(2000211    -890.163117859879)(2000101    -730.964244998465)(2000002    -872.587118007566)
3 13      - (2000121    -769.539550135646)(2000012    -62.0148820786375)(2000201    -876.918646280044)(2000101    -712.63468170782)(2000022    191.121201105648)(2000221    -712.958085899764)(1000000    -472.558586999212)
1 7      - (1000000    -850.460267306852)
4 14      - (2000101    -911.72743149413)(2000211    -683.114149238067)
5 15      - (2000221    -1027.37014080642)
4 13      - (2000002    -676.933688369628)(2000111    -169.214551471437)(1000000    8385.35180052293)
5 4      - (2000101    -663.655338862518)(1000000    -669.24103912302)(2000201    -830.707021854511)(2000002    -180.91416041031)
14 4      - (2000101    -560.325774078651)
6 4      - (2000211    -871.149981158856)(2000101    -511.018963876782)
0 8      - (1000000    25554.918173642)(2000101    -301.877223173353)(2000201    -523.11602133797)(2000211    6795.45863380107)(2000002    237.572728890611)(2000012    5669.6492196637)(2000111    2215.31124834456)
6 5      - (2000201    -825.811910381637)(1000000    -51.0412735877582)
9 3      - (2000211    -53.6809427169462)(1000000    19400.3934861391)(2000101    9889.26418581288)(2000201    4058.44011656094)
8 1      - (2000101    -69.5675218665689)(2000211    515.276387962865)(1000000    3721.594304323)(2000111    41.1292848867556)(2000012    481.755935901053)(2000201    11047.5558077462)(2000002    371.002033939679)
8 3      - (2000201    113.620665861451)(2000211    484.582225638256)(1000000    20531.2518404461)(2000002    85.2507563108537)(2000012    -195.708855295901)(2000101    145.914106717204)(2000111    -300.529167624835)
7 5      - (2000012    -37.3659081543653)(1000000    2857.12540530414)
8 2      - (2000002    7441.78394266539)(2000211    195.453095813823)(1000000    -567.696454399743)(2000012    -217.457557395735)(2000201    -752.994654110217)
8 0      - (2000101    405.950759440498)(1000000    119.982446353236)(2000002    116.566835083674)(2000111    -42.4362772770776)(2000012    -42.4362772770776)(2000211    10596.2424825021)
12 4      - (2000121    -334.701850989909)
16 1      - (2000111    -429.327980092457)(1000000    677.353939862393)
2 18      - (2000121    -431.94928995103)(2000201    -491.17790984309)(1000000    -251.376133037959)
6 0      - (1000000    -740.823832114075)
8 4      - (2000211    298.944114037851)(1000000    18194.1268293643)(2000012    812.07359926759)(2000201    -39.2915507599619)(2000111    323.462312708351)(2000002    215.641541805568)(2000101    7001.01902622033)
6 15      - (2000022    116.465746898529)(2000201    -444.37512016729)(1000000    14618.6361227446)
14 3      - (2000201    -957.210798282456)(2000221    -727.124598214794)
1 18      - (2000221    -609.386798444535)(2000201    -406.25786562969)
9 4      - (1000000    25959.2060286434)(2000101    3263.22693358127)(2000002    -322.473995085468)(2000211    4084.05694098333)(2000201    -315.820027698088)
16 2      - (2000022    193.868784334827)
5 6      - (1000000    -565.370787075369)
4 7      - (1000000    119.873785148217)
14 9      - (1000000    -990.878716804828)(2000022    321.308647671554)(2000101    -604.115958298691)(2000012    499.772269999596)(2000211    50.9736932444077)(2000121    324.078211754175)(2000002    -41.5653106847544)(2000201    -224.284002707645)
9 12      - (2000211    -685.718479324883)(2000221    -428.925260798327)(2000022    352.346213283986)(2000012    288.787222028607)(2000201    -335.633660290359)
12 10      - (2000101    -874.164392694866)(2000111    -566.33988061209)(2000022    219.252377793486)(1000000    -583.950139422282)(2000002    -946.95776555853)(2000012    122.490548008212)(2000201    -364.08920590907)(2000211    -267.064315157581)(2000221    -545.028823100807)
9 14      - (2000211    -564.690365693436)(2000221    -851.134387581141)(2000022    -255.013565749505)(2000002    11395.8500488861)(2000121    -491.868076615122)(2000012    3740.32152693646)(2000111    -410.575048752571)(2000201    -512.655210694592)(2000101    -500)
12 12      - (2000012    20295.8507463929)(2000111    19554.2693584685)(2000002    19870.8198141877)(2000101    21761.1659416424)(2000022    18803.7691465274)(2000121    18392.5049495236)(2000211    19621.0875799977)(2000221    20281.1005257241)(2000201    19775.3615195033)(1000000    19734.3534928058)
12 9      - (2000022    464.998766387483)(1000000    -461.250396731195)(2000002    5107.80615973328)(2000121    -235.980027866181)(2000201    9401.15871769176)
13 12      - (2000221    -576.096995593672)(1000000    -398.040093575482)
10 9      - (2000201    -147.985965469622)(2000012    -133.892695233114)(2000022    -55.2771308529418)(1000000    16416.9846251714)
12 11      - (1000000    -545.64331277893)(2000111    53.0289826151837)(2000012    223.317840804583)(2000211    -582.565697392082)(2000221    153.265080501294)(2000002    -277.53251765706)(2000101    129.414086041622)(2000121    -34.6863624090968)(2000201    307.477778711565)(2000022    177.484666810404)
11 9      - (2000111    -969.438955134032)(2000121    -1443.42539313815)(2000211    -504.642973693588)(2000012    355.126934750141)
14 10      - (2000002    -490.386791933695)(2000121    -48.4321188901675)(2000012    1252.19744607779)(2000022    300.931131802839)(2000211    -400.099968478812)(2000201    -936.261814902861)(2000101    -680.865119695358)(1000000    -428.898379313297)
11 11      - (2000201    1898.18825994077)(1000000    -157.205542025175)(2000012    681.73052205253)(2000221    -48.3404166850081)(2000121    -455.871980947484)(2000002    28.5708479535213)(2000022    670.272068765671)(2000211    -642.821339770653)(2000101    489.974155566836)(2000111    -17.3459839265103)
10 11      - (2000101    97.8762012837888)(2000121    -794.563141142793)(2000201    -855.70109785125)(1000000    -831.987691327833)(2000221    -757.498620179126)(2000211    -899.570188690496)(2000012    281.660034839876)(2000022    -38.6843859313419)(2000111    -405.704455315447)
10 14      - (1000000    -551.78651823755)(2000022    736.916019037164)(2000002    71.2788376329053)(2000201    -642.954748480239)(2000221    -540.526854130518)(2000211    -409.573167781681)(2000012    674.310195624607)(2000111    -425.612975131342)(2000101    -293.271503395538)
9 10      - (2000121    -723.941178608508)(2000012    3596.43264853026)(2000022    91.9470847144774)(1000000    1896.02264057614)
9 11      - (2000022    112.072084155677)(2000121    -695.279150890109)(2000101    -585.837452670328)(2000201    -534.791544291131)(2000221    -275.770305820573)(1000000    -450.784238944884)(2000111    3366.9505439019)(2000002    -500)
10 10      - (2000221    -908.453137988931)(2000101    292.069139529409)(2000012    -347.279275961155)(2000211    -1020.52152836686)(1000000    538.290940672239)(2000201    -360.883350348099)(2000022    174.282037677377)
10 12      - (2000221    -955.596787762695)(2000201    -742.490406427188)(2000121    -905.145038212865)(2000101    -1151.61216326727)(2000111    14.5100133308247)(2000022    1293.785367876)(1000000    -335.458343466783)(2000012    81.5208282666087)
12 14      - (2000101    -163.245624356462)(2000002    -183.806519733846)(2000211    -610.811385287296)(2000111    -468.442383579965)(2000201    354.877522611635)(2000221    -207.366547274455)(2000012    717.936843247301)
9 9      - (2000002    -518.370705177734)(2000012    1096.93553669636)(2000221    -521.774755639962)(1000000    15925.157183009)(2000111    4776.13591506114)
13 14      - (2000121    -766.577991970309)(2000111    -584.188734481934)(2000002    -630.834306907035)(1000000    -224.63343719095)(2000022    783.673549693548)(2000221    -500.369325246226)(2000211    -28.7869179124446)
14 11      - (1000000    -483.998791002076)(2000101    -318.201379575747)(2000012    2236.81982698093)(2000002    -250.824482331736)(2000201    -84.6153836401555)(2000111    -366.236330102093)(2000121    -516.04662948279)(2000211    -316.275703899994)
14 13      - (2000221    -429.312118980105)(2000022    92.7516849894429)(2000211    -406.748315010557)(2000002    -503.274497166152)(1000000    -204.247740187961)(2000012    1213.91671126301)(2000201    -25.5685770186019)
11 12      - (2000002    3.25241366223241)(2000111    -625.047677190509)(2000221    -699.846181374284)(1000000    -769.954229235774)(2000101    -616.253779639465)(2000201    958.341436705326)(2000211    -612.973097484457)(2000121    -753.068682524866)
14 14      - (2000121    -716.46098101029)(2000201    -573.168784808232)(1000000    1323.52689084837)
10 13      - (1000000    1366.0927498119)(2000221    -369.641629257042)(2000101    -4.64471413013582)(2000111    -566.94243255674)(2000022    391.379505958777)(2000002    -301.967309278529)(2000201    -156.661618481804)(2000012    1486.78627084427)(2000211    29.1143044856507)(2000121    1612.29347650457)
13 15      - (2000012    150.121098971344)
16 12      - (2000101    -619.539962123533)(1000000    28.2174802190699)(2000002    -654.557610182478)
11 13      - (2000211    52.823373527665)(2000111    -654.318585489087)(2000101    -524.068351542983)(2000022    -7.53162906548383)(2000012    150.121098971344)(2000002    -84.8298780658585)(1000000    -819.703614446906)(2000221    -293.239842820146)
11 14      - (2000002    -627.333239549845)(2000101    -448.246063350824)(2000211    -432.253538379679)(2000221    -556.757649364302)(2000121    -185.793500864223)(2000111    -54.6365856399118)(1000000    690.029456885205)(2000022    1475.85983550567)
14 12      - (1000000    -14.0133557473724)(2000002    -391.526251578267)(2000012    1316.02563401357)(2000221    -225.882646702512)
13 9      - (2000002    413.520314359707)(2000022    309.32014816713)(1000000    -709.476547215606)(2000111    -880.724125443151)(2000121    -249.140869351354)(2000012    -0.5)(2000201    -574.925579038706)(2000221    -630.941435518818)(2000101    -500)
8 8      - (2000221    -943.3345443602)(2000121    -597.867004664551)(2000101    -637.7890806952)(2000111    -831.885420948121)(1000000    17358.6458019481)(2000211    -750)(2000012    3441.4400852673)(2000022    -0.75)(2000201    292.164490068314)
11 10      - (2000201    -947.934084548849)(2000002    -1104.99075335683)(2000221    -390.048972615746)(1000000    -1076.85554042315)(2000111    -972.642597964234)(2000211    -267.959758940605)(2000012    346.169890188909)(2000121    -474.875212104748)
13 11      - (2000012    3682.49158419638)(2000101    -367.769329960094)(2000221    -24.7997440118461)(2000022    45.7855105299087)(1000000    199.515594804747)(2000121    -278.205834533313)(2000002    -476.741558533896)(2000111    -344.770917732528)(2000201    -254.507329390743)(2000211    -647.102599526467)
9 13      - (2000211    -843.034320985861)(2000121    -799.367669962649)(2000101    -775.953633143509)(2000201    -829.299425614287)(2000012    407.983549766253)(1000000    -659.797854025751)(2000111    -390.558301780219)(2000221    -390.558301780219)(2000022    281.820705365903)
9 16      - (2000111    -851.147500055639)(2000201    -796.23601429819)(2000211    -530.824009532127)(2000012    -0.75)(2000022    -469.932252860504)
16 10      - (2000221    -911.328812365638)(2000101    -335.733078383451)(2000012    2188.62599057315)(2000002    736.388249740383)(2000022    290.830192048154)
13 13      - (1000000    -573.155096881654)(2000221    -621.978420943555)(2000211    717.22812772143)
9 6      - (2000111    7249.44278185134)(2000012    12453.0318172492)(2000201    4374.22813591417)(1000000    25488.3101941548)(2000101    12922.3374358447)(2000211    1850.24561035312)(2000002    10468.6415967665)
9 8      - (2000221    -105.192628427906)(2000012    2323.09505037404)(2000002    77.4860622024273)(2000121    -243.917804650747)(2000211    466.574548782984)(1000000    14531.1127707162)
16 11      - (2000012    1328.23858296272)(2000101    103.953851987633)(2000022    916.853045236883)(2000211    -363.160702252305)(2000111    -413.411303748255)(2000002    -26.3459400261931)
8 10      - (1000000    23232.0099584857)(2000002    6343.1814941344)(2000201    4623.07014093119)(2000012    3528.54362790403)(2000101    7658.81322910343)
8 9      - (2000121    -630.677779671505)(2000111    -605.418465536848)(1000000    20166.3901804436)(2000002    324.364334471127)(2000101    2080.310758853)(2000211    5279.22782411328)(2000012    4856.13179768079)(2000201    5430.62421208104)
9 5      - (2000211    81.3244989351113)(2000111    1854.41601358246)(1000000    22614.2447749023)(2000002    6425.16199925462)(2000012    3951.88368166609)(2000101    4360.64483168181)
9 15      - (2000201    18767.4887055925)
9 17      - (2000201    -750)(2000121    -750)(2000101    -500)(2000221    -532.483618496319)(1000000    -407.483618496319)
12 5      - (2000111    5392.20038428343)(2000012    6721.3654492576)(2000101    1018.0941246553)(1000000    24044.9680067961)(2000201    8373.79792995359)(2000211    12345.6746070247)(2000002    11916.5716454098)
11 5      - (2000111    -81.9849762785023)(1000000    21620.4866584246)(2000201    7714.2117753935)(2000012    921.482342285111)(2000101    1019.86456285362)(2000211    666.178837024082)(2000002    5677.84218046577)
11 7      - (2000201    8507.29830914195)(1000000    26833.5010073129)(2000002    2772.8666228156)(2000211    777.183970337336)(2000101    12620.4321934909)(2000111    1924.32503033137)(2000012    4507.7733938251)
10 6      - (1000000    24085.2735670993)(2000101    8994.36372246142)(2000002    3334.53345781094)(2000211    5301.45304772297)(2000201    14743.2898635237)(2000012    5216.26867052099)(2000111    12111.6503692381)
7 16      - (2000221    -1001.91091360358)(2000022    67.4526865464007)(2000201    -294.741053378457)
7 11      - (1000000    22744.1752905501)(2000002    14442.1970037803)(2000111    9689.26675778415)(2000201    15974.5602212957)(2000211    18668.3124324006)(2000012    14464.9959293831)(2000101    14682.23704285)
5 9      - (2000002    6421.31497716541)(1000000    27331.0563365636)(2000012    4649.82078436931)(2000211    238.790090909286)(2000101    9189.53874694735)(2000201    6068.435381399)(2000111    762.461589884809)
10 8      - (2000111    -350.474930373722)(2000211    5455.0591592154)(1000000    22042.9224426992)(2000012    4663.91395409218)(2000101    3863.09600801177)(2000201    2411.35737591432)
7 10      - (2000111    11323.9907195433)(1000000    23684.6176305922)(2000101    10338.9359202564)(2000002    15764.3024439672)(2000211    12064.775373658)(2000201    16445.3748928601)(2000012    11232.4883270302)
13 10      - (2000002    -627.499235080538)(2000201    -910.669258438312)(2000022    375.396782753581)(2000012    252.474341059666)(2000221    -615.640499220465)(2000101    -382.120860435957)(2000121    -713.526008491662)(1000000    -118.70062475672)
5 10      - (2000002    3468.0575416132)(2000111    7871.29044399357)(2000101    8770.20290585077)(1000000    22430.6424073618)(2000012    10069.5548987612)(2000211    524.937707205112)(2000201    -214.951273337426)
10 4      - (2000002    3753.53714596043)(1000000    17507.8983495474)(2000201    261.984095157028)(2000101    9040.27284923619)(2000211    6133.144172455)
17 11      - (2000221    -390.558301780219)
18 5      - (1000000    123.400417609283)
10 7      - (2000012    15975.4828119062)(2000201    13947.1161230098)(2000211    13977.9925832835)(1000000    24004.6578780679)(2000101    12261.0511292327)(2000111    9177.89256804832)(2000002    11131.4102916112)
6 9      - (1000000    23328.3752554024)(2000002    2038.79670743625)(2000101    9561.80403485767)(2000201    16844.9334816177)(2000211    10333.1271500259)(2000111    9063.6757730286)(2000012    12889.1037599332)
7 12      - (1000000    23197.3350460693)(2000012    12691.8994989112)(2000101    146.417010705936)(2000002    8218.84413215324)(2000111    1316.24418824326)(2000211    7594.45654462408)(2000201    9710.78799007142)
11 6      - (2000101    10429.6559865031)(2000111    8217.161073618)(2000201    4852.47230934933)(1000000    22530.971451765)(2000002    13657.989830731)(2000211    8959.22703597284)(2000012    10845.4451743324)
11 8      - (2000012    2876.57726966777)(2000211    5292.74633776058)(1000000    20620.9891491834)(2000101    6794.12305893525)(2000201    3332.72155810536)(2000111    4271.36013112074)
10 3      - (2000201    71.2716662698573)(1000000    582.660384096308)(2000101    18200.6094276352)(2000111    2393.73656313095)(2000002    4969.46534632375)
12 7      - (2000101    19321.3291478141)(1000000    22780.5358401943)(2000201    18434.5174881962)(2000111    6109.37470543127)(2000211    15679.5304804735)(2000002    10920.940809958)(2000012    11763.1598395863)
15 11      - (2000022    131.789082381957)
6 10      - (1000000    22695.1698588784)(2000111    325.147116482223)(2000201    5104.41316501597)(2000211    2026.69588654484)(2000101    14743.9727135211)(2000002    8969.00416682578)(2000012    4317.92822027271)
8 15      - (2000002    -822.124128270223)
16 9      - (2000012    291.583908792486)
10 18      - (2000121    -850.892591166105)
6 12      - (2000201    17347.3893253227)(2000211    14894.6228585132)(2000002    14030.60557959)(2000111    16006.2866662096)(1000000    23579.867297444)(2000101    18658.0403517506)(2000012    9820.35946810339)
15 10      - (2000101    -661.661456556983)(2000121    -741.252784800887)(1000000    -585.429644980395)(2000201    -512.584167635195)(2000012    -4.20683310509766)(2000022    637.376775791269)
8 6      - (2000211    13892.5820837758)(2000201    13015.4925619591)(2000012    22361.0749206142)(2000101    7267.33329592704)(2000111    9515.44395171382)(2000002    4100.68510862104)(1000000    12421.7028026414)
14 8      - (2000022    981.716596390952)(2000101    -796.200580701966)(1000000    7481.96974679033)(2000012    504.896205832901)(2000211    4099.63652941512)
13 8      - (2000201    -962.951567265927)(2000121    -843.143260408573)(2000012    8541.13760798999)(2000101    -212.176298203276)(2000111    -435.63562738444)(2000022    -160.229322582212)(1000000    -659.729322582212)
6 13      - (1000000    19314.7382755844)(2000012    7570.20792878708)(2000101    8076.56447556758)(2000201    3617.25492778512)
12 8      - (1000000    8097.98772944944)
6 11      - (1000000    26753.799292632)(2000101    10004.7556407232)(2000012    6938.98154458174)(2000201    15840.6421177397)(2000111    10853.942421794)(2000002    13806.3581032793)(2000211    6011.96887256074)
8 5      - (1000000    20973.2102443561)(2000002    8784.88891989166)(2000201    9476.93307913699)(2000101    7821.93803319866)(2000211    438.512485446173)(2000012    529.791122076974)
8 7      - (1000000    20201.1808693643)(2000201    3583.14377541613)
10 5      - (1000000    26010.9594923783)(2000211    4018.70456065226)(2000201    223.039761710051)(2000101    1111.52616594309)(2000111    3382.6674554217)(2000012    5949.55001759699)
7 13      - (2000012    -63.4400753087037)(1000000    15868.7010233274)
5 14      - (2000111    12423.8266168071)
7 14      - (1000000    19852.5730227828)(2000111    4214.98669737036)
6 16      - (2000211    1620.07460549683)(2000012    1648.40214017195)
7 17      - (1000000    918.730817889256)
15 8      - (1000000    -909.355686074653)
7 8      - (2000111    87.7086769871642)(2000012    687.227943158081)(2000101    9251.46723648482)(1000000    15552.618881692)
9 7      - (2000111    12372.8509585619)(2000201    9909.8938665823)(2000101    20262.8276576044)(1000000    24159.3662449369)(2000211    15831.9617329846)(2000002    9018.18780547259)(2000012    10040.9957654074)
5 12      - (2000201    16204.9296521132)(1000000    23575.7500230306)(2000111    869.986258595055)(2000211    5443.3053192903)(2000101    6517.45932663571)(2000012    7099.77529156372)(2000002    3319.26795697292)
15 3      - (1000000    1382.6880845174)
6 8      - (2000012    15792.904399799)(2000201    10776.1912499922)(2000211    11912.7146789856)(2000111    9624.93432377552)(1000000    22767.5665688583)(2000101    12988.5810684542)(2000002    12595.5635732188)
8 13      - (1000000    17955.3968099976)
18 4      - (2000002    320.267396381478)
13 7      - (2000101    -209.635994154956)
13 6      - (2000101    3681.94240575979)(2000111    8173.52728457128)
14 7      - (2000002    468.262303923911)(2000211    226.936558464303)(1000000    6519.90152139694)
7 9      - (2000111    14748.6460770334)(2000002    16261.7719363861)(1000000    23664.7244943404)(2000201    13019.6618597068)(2000101    17940.3875689978)(2000012    11391.2661878627)(2000211    8437.73995323475)
12 13      - (1000000    -499.267654564272)(2000211    -444.985569811256)(2000121    -213.638934536482)
5 8      - (1000000    13523.5395336449)(2000111    22811.8643086643)(2000101    17378.582758424)(2000002    13340.6625055595)(2000201    12760.3727339724)(2000012    10657.5214720782)(2000211    14851.0100837508)
11 4      - (2000201    23585.9045269742)(2000111    6162.73025800515)(2000211    7580.65442074271)(2000002    11488.4520000699)(2000012    8595.92261898803)(1000000    4943.94381598661)
15 12      - (2000022    1016.88272918201)
11 15      - (2000012    599.922670496306)(2000002    100.422670496306)
8 16      - (2000101    306.365000808769)
7 15      - (1000000    15766.4848671519)(2000012    3901.36375845831)
8 11      - (2000002    22096.6842958649)(2000201    6959.43639027493)(1000000    10170.0938712261)(2000101    2939.97670045832)
8 14      - (2000201    2785.75497689705)
6 7      - (2000012    2744.90925420485)
8 12      - (2000211    11875.6788801922)(1000000    19675.1941525339)(2000101    3553.19500259654)(2000111    5654.90771486047)
6 14      - (1000000    20769.4657296028)(2000211    4025.8524456721)(2000101    4033.63055014148)
7 7      - (2000101    6226.60348738741)
14 6      - (1000000    10641.3613081169)

