319
0 0      - (2000201    614.529110269964)(2000002    614.488110885841)(1000000    611.429757225509)(2000022    56.8291720889883)(2000211    480.708281726423)(2000101    640.657872423638)(2000111    1702.50927013723)(2000121    -711.665318249684)(2000012    731.455235980191)(2000221    -703.096574841638)
0 1      - (2000211    -263.223351136239)(2000201    -90.9525408312579)(2000101    692.318451360728)(2000002    -221.525324475901)(1000000    1335.88030419277)(2000121    -938.8606875)(2000012    -173.140486403059)(2000111    1592.60662420488)(2000221    -288.944389512669)
1 2      - (2000002    60.2504247936329)(2000221    -877.8785)(2000121    -887.571039529624)(2000211    -148.063949431931)(1000000    1162.27689167201)(2000101    378.761776506856)(2000201    -190.941569442242)(2000111    1566.41818017349)(2000022    -25.1886410789462)(2000012    -13.3016263066273)
0 2      - (1000000    1607.02164563358)(2000002    506.367491127305)(2000101    389.509722676307)(2000012    67.5460374916833)(2000121    -757.487639564534)(2000201    -292.975652818019)(2000111    2083.95595196504)(2000221    -880.604979247061)(2000211    -300.027485360807)(2000022    208.850306730574)
1 0      - (2000111    1739.71562045854)(2000101    749.941038512103)(2000002    -405.661569434825)(2000201    106.379899598799)(1000000    713.261822192924)(2000022    414.695946432269)(2000211    -882.881502655516)(2000012    -344.392330223732)(2000121    -290.134392919034)
1 1      - (2000022    335.178248419852)(2000002    251.5885327451)(1000000    1194.27115612792)(2000121    -718.238194730909)(2000221    -639.877614172333)(2000201    -382.813303740394)(2000101    147.000860245628)(2000211    -485.500096596429)(2000111    2055.5551062512)(2000012    -471.741668435631)
3 1      - (2000111    1526.99711915024)(2000121    -2151.13357793427)(1000000    1209.95820688643)(2000101    1026.40776417736)(2000002    702.653834950485)(2000201    -263.849063700054)
1 4      - (1000000    1053.92968657738)(2000012    -439.927556840728)(2000002    -53.9168308727378)(2000022    13.0478427058858)(2000201    -359.512324109449)(2000101    -330.577811637761)(2000211    -642.888217253515)(2000111    689.457680802702)
3 3      - (1000000    954.618771670419)(2000002    -38.7803986047086)(2000201    200.087205348366)(2000101    19.0501905120176)(2000211    -726.982338896054)(2000012    -384.75301676058)(2000111    1417.31510037105)
2 1      - (2000002    191.964036220897)(2000022    234.040038713447)(2000221    -729.154744708393)(2000211    -568.728178340187)(2000101    -337.578377296248)(2000111    1518.72160212718)(1000000    1150.91034867955)(2000012    -668.318785532664)(2000201    289.354479771786)(2000121    -265.462252508498)
2 3      - (2000201    157.868453348708)(2000002    496.363906767993)(1000000    971.362827971824)(2000101    -313.227684015819)(2000211    -527.442216534603)(2000111    1827.92660930188)(2000012    -81.0864775495246)
4 2      - (2000201    -485.033701981706)(2000022    -0.5)(1000000    109.688601839758)(2000002    804.96734913337)(2000111    -713.167968352359)(2000101    -789.51705773484)(2000121    -481.730882879099)(2000211    -456.102104437015)(2000012    -267.324610664795)
2 2      - (2000201    712.213858816352)(2000101    214.901534780123)(1000000    1530.63317796859)(2000002    381.343840857715)(2000111    1919.24560282783)(2000211    -441.30363957409)(2000012    -502.952461647222)
0 5      - (2000201    -1000)(2000221    -500)(2000002    -924.222835274597)(1000000    444.27755919794)(2000101    1051.61278023901)
0 3      - (2000002    163.153160158972)(1000000    719.902856767863)(2000211    -541.370844806027)(2000012    -547.683293350426)(2000221    -500)(2000101    115.287300940069)(2000201    3.20566087290199)
1 6      - (2000002    -454.587766370246)(1000000    745.253085439271)(2000101    -582.473190313674)(2000201    -434.651858044041)
1 3      - (2000201    -455.632872500584)(1000000    1456.67152535928)(2000101    -99.9804486574142)(2000002    -195.818586618114)(2000221    -406.348318065941)
2 0      - (2000201    143.29090242239)(1000000    750.717645269357)(2000211    -245.935181242202)(2000221    -975.046211547145)(2000101    751.191747623763)(2000002    307.937149473208)(2000022    257.21279256282)(2000121    -452.861039246139)(2000111    1938.68770003064)(2000012    -255.206957933338)
3 2      - (2000111    -545.376358984751)(1000000    1532.65445412946)(2000211    -329.512204415055)(2000101    193.80867781284)(2000201    125.195944514048)(2000002    403.377764510275)(2000012    -513.327134720392)
2 5      - (2000211    -565.06425)(2000201    -990.938359856583)(1000000    913.909969673847)(2000002    -489.173495347455)(2000101    -526.008437048794)
2 4      - (2000201    -445.996974087496)(2000022    -625.5)(2000002    695.353949007485)(1000000    632.90938832257)(2000101    -280.938135184289)(2000012    -576.189345699795)
3 0      - (2000022    -253.739351812256)(2000111    1849.0283224488)(1000000    1101.64883727786)(2000101    522.918888553267)(2000201    0.662019303937427)(2000002    71.5041591661126)
6 4      - (2000111    -1137.91728952088)(1000000    1332.07087398369)(2000002    -546.655711806884)
4 0      - (2000211    -720.507129808131)(1000000    982.176179841003)(2000002    -476.661071062565)(2000012    -435.621376456598)(2000201    -640.828427823692)(2000101    -140.021426618019)
3 7      - (1000000    1180.99073612752)(2000002    -474.877032566279)
9 2      - (1000000    2323.06165352229)(2000211    221.448617494782)(2000022    76.8103100825049)(2000012    263.551935717847)(2000221    -960.443347063363)(2000201    672.456170120193)(2000101    74.6640364412769)(2000121    -523.268844125261)(2000111    -157.768833744807)(2000002    344.192865485179)
4 5      - (2000002    -891.083082326896)(2000201    -872.94346398368)(1000000    821.20167836737)(2000012    191.99277725864)
6 2      - (1000000    931.222202208293)(2000002    -262.522452027886)
2 6      - (2000221    -875)(1000000    759.644600740329)(2000002    -817.886389515915)(2000101    -39.878902859704)(2000201    -200.272494090026)
0 4      - (2000121    -1250)(2000221    -1375)(1000000    1172.00836163845)(2000201    -254.449597560798)(2000101    -677.862516971301)(2000002    -51.3536544642516)(2000211    -429.879412096404)(2000111    1356.82983310501)
5 2      - (1000000    937.145183724995)(2000201    -458.416220688698)(2000002    -656.103369878353)(2000111    725.447536219273)(2000101    67.4822638830523)
7 0      - (2000022    -0.011725835291359)(1000000    1500.83602022351)
2 9      - (2000012    109.828809452362)(2000002    138.984826408013)(2000121    -733.318184692566)(2000111    -268.816846870325)(1000000    2511.91869066334)(2000221    -653.110091110555)(2000201    56.7428396647419)(2000211    -99.4480522108119)(2000022    318.600368978503)(2000101    124.089911029491)
1 11      - (2000012    715.963752163376)(2000211    -597.130324560479)(1000000    2824.01153814865)(2000221    -948.434720765905)(2000111    -256.077422433674)(2000121    -451.546556329154)(2000002    -84.193614046257)(2000101    -78.5552075755123)(2000022    257.789699253861)(2000201    -247.622045173425)
0 10      - (1000000    2051.86415232468)(2000101    160.120650073968)(2000201    -311.394490748135)(2000211    42.3069948794121)(2000111    92.5975303104066)(2000121    -808.555111948641)(2000022    213.82658639488)(2000221    -938.84985216102)(2000002    317.55331517981)(2000012    258.828178155262)
12 0      - (1000000    2751.76496177643)(2000201    1654.706427707)(2000101    1879.21368083351)(2000022    292.521680785486)(2000211    -414.302131628298)(2000121    -482.59976797918)(2000111    -430.012710489515)(2000012    278.986141156638)(2000002    2482.53703807266)(2000221    -314.675008910423)
1 9      - (2000121    -968.75)(2000201    -171.769204714564)(1000000    2164.48070011162)(2000022    -25.8678838175426)(2000002    10.4627169519138)(2000101    -99.5430169027608)(2000111    -312.219127925533)(2000221    -828.413967105022)(2000211    200.087925766707)(2000012    84.5302744494777)
1 10      - (1000000    2632.54034897671)(2000121    -970.20778087496)(2000211    -114.872298360223)(2000002    830.357028998948)(2000012    54.1754461339537)(2000201    -436.641454655871)(2000022    116.875237334975)(2000221    -864.256192822991)(2000111    -147.683466383133)(2000101    143.291295449776)
2 12      - (2000101    -331.944258521324)(2000111    -539.785852559386)(2000022    312.785730816974)(1000000    2641.06730086501)(2000002    2034.7182549509)(2000121    -709.149311748132)(2000211    -561.01022245742)(2000201    -139.081007244467)(2000012    -97.3205601861673)(2000221    -181.040821667902)
12 1      - (2000111    -312.355943548981)(1000000    -59.0702520300439)(2000121    -678.471330099117)(2000221    -759.199724227802)(2000201    -316.606837204862)(2000022    148.542989496975)(2000211    -327.327886719294)(2000012    413.879335671825)(2000101    -518.54865442742)(2000002    -545.575459812118)
6 3      - (2000002    -500)(1000000    632.08440852708)(2000201    -417.765648087725)(2000211    127.286963561981)
5 1      - (1000000    1142.43354718928)(2000201    -687.903712711849)(2000101    99.4241762859568)
0 11      - (2000002    -236.571292168194)(2000121    -1151.92245372628)(2000201    -522.535094878882)(2000111    -115.168469013693)(2000101    -201.683899834226)(1000000    2673.80775687463)(2000012    282.792775388774)(2000221    -741.276182940805)(2000211    -14.7393525953062)(2000022    700.890052237472)
2 10      - (2000201    70.2841918368046)(2000111    124.759236992812)(2000022    112.038956258704)(1000000    2620.73789486414)(2000221    -826.510023274683)(2000121    -818.253415659867)(2000012    397.98949669069)(2000002    186.235574022511)(2000101    377.272358894812)(2000211    124.570485236623)
11 1      - (1000000    2213.68694791584)(2000101    -123.186456415957)(2000012    155.686959457963)(2000201    -771.963086100787)(2000111    -719.709011515173)(2000121    -834.0286428351)(2000002    104.186481551572)(2000221    -624.201698828717)(2000211    214.520001345829)
12 2      - (2000201    -117.269640215859)(2000012    338.548592068711)(2000111    -366.331670113351)(2000211    -666.722286697715)(2000002    -4.85833926351251)(1000000    1882.77446899273)(2000101    -488.157856806805)(2000022    309.644207375728)(2000121    -222.863456270638)(2000221    -352.210373344645)
13 0      - (2000012    464.309087870359)(2000101    -842.883270602277)(2000111    -475.65800025034)(2000201    -671.622908356441)(1000000    1542.8652405365)(2000121    -642.785516936373)(2000211    -438.609435259768)(2000002    1182.28726835204)(2000022    279.108025106678)
2 11      - (2000012    587.559808073719)(1000000    2856.08679817864)(2000101    380.970433794067)(2000002    559.093301378918)(2000111    -407.850873201472)(2000221    -412.648223616143)(2000201    94.741033447254)(2000211    -133.066175281973)(2000121    -306.929707969523)(2000022    118.680282294684)
9 1      - (2000022    45.0063439776392)(2000121    -669.994701262784)(2000111    53.8225710925199)(2000002    814.039526064396)(2000221    -896.122607692026)(1000000    2494.02510636318)(2000101    260.097680708822)(2000201    126.84492718)(2000211    178.551910935134)(2000012    265.488938935907)
13 2      - (1000000    848.792758202177)(2000002    938.971232059593)(2000012    387.749506541842)(2000101    -761.940541630633)(2000201    -627.92493568688)(2000111    -675.14828778)(2000211    -555.623307412725)(2000121    -477.963362518836)(2000221    -435.613037146277)
13 1      - (2000201    -598.639438520983)(1000000    361.784970755907)(2000002    296.266920664106)(2000101    -545.841341207279)(2000121    -706.249890068174)(2000211    -356.246338570346)(2000221    -829.032104694248)(2000111    -588.925371852727)(2000012    224.012107650931)(2000022    358.91186826476)
1 14      - (1000000    1300.42771934045)(2000201    -1049.87011800841)(2000211    -629.596749614567)(2000221    -580.808312248685)(2000121    -611.239445930801)(2000012    412.53112037315)(2000022    241.006957620407)(2000101    -1015.08850476496)(2000002    2531.5974197962)(2000111    -616.666938851058)
0 14      - (2000201    -1046.39838498303)(1000000    1512.0200028326)(2000002    2648.40328770297)(2000111    -590.674734437929)(2000211    -595.224281333708)(2000101    -1040.59712751227)(2000022    431.474421607404)(2000121    -544.398499863001)(2000012    260.926001440973)(2000221    -511.101769988087)
2 14      - (1000000    1350.01573171823)(2000101    -1252.28080783871)(2000012    326.501485182909)(2000002    1117.59671105949)(2000201    -736.010958460998)(2000121    -611.668559480212)(2000111    -627.76048765566)(2000211    -530.70067852404)(2000022    300.174469764445)(2000221    -563.794807814352)
10 1      - (2000111    -5.47524923318869)(2000201    -285.408103489567)(2000221    -812.886500897866)(2000211    92.2108737353077)(1000000    2553.23515679856)(2000121    -902.547122367561)(2000101    799.6545949248)(2000012    77.2346048886699)(2000002    515.455293804834)(2000022    160.849287673837)
0 13      - (1000000    1497.77112988575)(2000101    -675.727750630707)(2000121    -526.087023681114)(2000211    -390.622691803017)(2000012    440.899617110246)(2000111    -585.862516765069)(2000002    2172.6104826013)(2000201    -794.485152926256)(2000022    289.45587853714)(2000221    -586.094801221663)
1 13      - (1000000    -35.0868871773037)(2000211    -519.270751798181)(2000101    -764.093563993173)(2000201    -761.320038460455)(2000012    357.882127929726)(2000022    263.72702927198)(2000002    1127.72733918477)(2000111    -686.830700318105)(2000121    -525.796337926942)(2000221    -650.854726569526)
0 9      - (2000121    -985.210454412355)(2000022    543.075469453427)(2000201    -226.424090919885)(2000221    -521.346845905505)(2000111    -399.78727147775)(1000000    2188.03510176119)(2000002    696.016799937862)(2000101    -259.208171036697)(2000211    142.528880466632)(2000012    256.669145940644)
3 10      - (2000211    -937.5)(2000022    -78.9540286301173)(2000221    -892.91385022932)(2000101    187.256184315441)(2000012    340.769535864627)(2000002    1530.68403238178)(2000111    362.610131663019)(1000000    2449.83452321439)(2000201    244.30494601103)
0 16      - (2000201    -1022.75849271757)(1000000    -343.074218887877)(2000111    -144.276978292859)(2000012    445.652665065168)(2000002    1351.43581102617)(2000221    -197.010324418933)(2000211    -205.089044291426)(2000101    -823.463442573444)
1 15      - (2000201    -847.286502081926)(2000211    -659.498114702249)(2000012    429.435777250281)(2000111    -578.147238122761)(1000000    1695.65750863091)(2000101    -523.353902739228)(2000002    730.88222851918)(2000221    -583.544114389379)(2000121    -579.18384851049)(2000022    215.530418397432)
14 0      - (2000201    -921.350103164421)(1000000    1264.8430928374)(2000002    2560.86637483617)(2000111    -640.47744587697)(2000101    1.01527870819234)(2000221    -606.093581101022)(2000022    414.595027339835)(2000211    -527.043437860281)(2000012    189.395953156341)(2000121    -532.428462616249)
10 2      - (2000121    -972.761990238203)(2000201    583.868073867316)(2000101    614.326387935646)(2000022    51.5027726887422)(2000002    289.51980548552)(2000111    55.5631358391048)(2000221    -648.945731511611)(2000012    368.90635113564)(1000000    2683.74312146396)(2000211    119.180383169414)
14 2      - (2000101    -845.874961766)(2000002    676.357138808924)(2000201    -546.674123263224)(1000000    1851.74779287923)(2000012    421.497116258981)(2000211    -525.385143077736)(2000111    -556.314664362068)(2000121    -533.349243153394)(2000221    -442.469046500573)(2000022    307.480041393069)
2 16      - (2000211    -523.651629897031)(1000000    1677.42507279464)(2000012    483.917754982193)(2000201    -825.436378155716)(2000121    -424.525198199482)(2000221    -379.021997125231)(2000022    130.986091626265)(2000101    -897.851353458566)(2000002    720.821191280082)
1 12      - (2000201    -876.789778059429)(2000012    277.313496414216)(1000000    553.333878317204)(2000101    -782.539396138613)(2000002    833.412444376622)(2000121    -502.932488131524)(2000111    -352.072839741542)(2000211    -554.539137190762)(2000022    136.297728139588)(2000221    -277.629004729832)
3 14      - (2000201    -1047.01513262265)(2000002    1330.14600796949)(1000000    635.090819263671)(2000101    -786.328139754749)(2000211    -520.806116368761)(2000111    -515.080198276304)(2000221    -585.904001704554)(2000121    -585.696524136521)(2000022    457.910716632011)(2000012    168.03101647512)
5 0      - (1000000    838.146409063644)(2000101    -556.862829805442)(2000201    -529.225257156745)(2000002    -100.830464377019)
3 8      - (2000121    -1515.83646631748)(1000000    455.850029148892)
3 11      - (2000221    -1330.65917240176)(2000002    886.26822260634)(2000022    96.2146077151203)(2000201    -65.3825015476249)(2000211    -121.65402755778)(1000000    2436.47358791925)(2000012    85.581194134734)(2000101    -364.167607647453)
0 15      - (2000111    -207.266417457856)(2000201    -689.691919681131)(1000000    1484.10181708959)(2000211    -503.568039756085)(2000012    260.715433354039)(2000101    -378.040304297453)(2000022    415.478280571917)(2000221    -401.317906895743)(2000002    876.869947637301)(2000121    -276.473778174083)
4 9      - (2000201    -149.123755984465)(2000012    261.52371827007)(2000211    -437.740328099479)(1000000    930.850321429422)(2000111    236.631618271748)(2000101    1034.06252632154)
14 1      - (1000000    1259.65571460464)(2000002    1135.85110265408)(2000201    -726.55597239192)(2000012    206.452784911679)(2000111    -628.602957941849)(2000211    -571.906024826922)(2000221    -611.842796328734)(2000022    423.989609886941)(2000101    -563.962927700679)(2000121    -639.535914553322)
11 0      - (2000012    412.611323157718)(1000000    2744.82914233891)(2000111    -1085.09167185029)(2000211    -555.744542769981)(2000002    176.521002158308)(2000022    -80.511100468837)(2000221    -867.503372203333)(2000201    -552.317501240728)(2000121    -408.566710713089)
15 2      - (1000000    15.2454348127332)(2000201    -1080.03442397413)(2000101    -1079.37480135302)(2000002    1301.8036292334)
3 15      - (1000000    433.710152113531)(2000211    -730.611650080525)(2000201    -661.995019065931)(2000221    -688.701736202758)(2000002    616.87087690405)(2000111    -674.561696906899)(2000121    -603.772095252928)(2000101    -707.193312425393)(2000012    161.760277378357)(2000022    321.026234584155)
2 15      - (1000000    846.774948294415)(2000211    -647.584255543189)(2000201    -1039.28808512889)(2000111    -423.548474299985)(2000002    633.05542524751)(2000012    423.94666482324)(2000101    -682.11245335947)(2000121    -518.555290206928)(2000022    266.105789423597)(2000221    -262.373712839797)
8 2      - (2000121    -750)(2000211    -500)(1000000    1834.37553428601)(2000012    66.8038984419758)
0 12      - (1000000    2360.18724366029)(2000211    -719.019276399179)(2000012    306.562345173048)(2000121    -496.096772988803)(2000022    245.192355928409)(2000201    -932.636724370757)(2000101    -810.517724938179)(2000111    43.147007985784)(2000002    2419.51704981294)(2000221    -534.176403194759)
4 11      - (2000211    -849.795511922245)(2000121    -473.743832611502)(2000012    825.449663526893)(2000022    -268.006824302649)(1000000    1571.01393691467)(2000111    -696.379135638428)(2000101    1143.76179485917)
1 5      - (2000002    -670.955774610681)(1000000    1359.10941030882)(2000201    -733.951475422705)(2000101    -58.2045815047871)
4 1      - (2000101    -556.775687375765)(1000000    691.454404147746)(2000002    -430.0121703538)(2000201    -381.376414443787)(2000211    146.089913137032)
4 8      - (2000211    -798.030403287386)(1000000    116.466539933537)
10 0      - (2000221    -787.029609954228)(2000101    -23.4419362554127)(2000012    352.171819952473)(2000211    -954.924205656094)(2000002    626.749131207406)(1000000    2694.12992169381)(2000201    13.8061598476769)(2000121    -465.652162788815)(2000111    -398.818665065983)(2000022    301.247689359481)
11 2      - (2000012    387.383359615024)(2000101    -244.106746647072)(2000022    -22.4685607221063)(2000211    -706.041440448316)(2000121    -727.045034211466)(2000201    -323.452340189404)(1000000    2751.93305726841)(2000111    4.70511473686372)(2000002    473.708646250199)
0 8      - (2000022    60.4228542312951)(2000111    -770.43309657759)(1000000    2558.54331777081)(2000002    -37.680879251904)(2000201    -560.513580295261)(2000101    -720.522985620442)
2 13      - (2000221    -681.169495609991)(1000000    1187.93688247755)(2000101    -608.972820653152)(2000022    359.29551609289)(2000012    394.635485835071)(2000111    -570.577163510808)(2000002    -429.499043187732)(2000201    -840.171558412366)(2000211    -601.092962168085)(2000121    -342.493310946623)
3 9      - (2000022    16.8267136430462)(1000000    2379.22835169128)(2000012    338.821890665268)(2000211    -12.6996086009322)(2000121    -489.798921368591)(2000111    208.303186082943)(2000101    -197.543037960399)(2000002    333.564511725078)(2000201    -95.701618791183)
4 3      - (2000201    -643.498229412904)(2000002    -429.439446003249)(1000000    1021.03970579486)(2000101    -144.634991683214)(2000211    -389.894684517189)(2000012    -335.996200443568)
4 13      - (2000211    -699.696008767172)(2000121    -466.464005844782)(1000000    22.810884586241)(2000012    73.600379565244)(2000002    -215.729784602293)(2000101    -553.699422707944)(2000201    856.157534943036)(2000022    334.128500109856)(2000221    -137.077359163972)
5 3      - (2000201    -680.444843151393)(1000000    795.516578645541)(2000101    -730.840263841265)
0 7      - (1000000    1577.20962598321)(2000002    -320.225161647528)(2000101    -468.350763182041)
4 10      - (2000201    -244.414441026029)(2000002    -442.389528357356)(2000012    305.931092414437)(1000000    2339.83431369421)(2000101    1141.49715442438)(2000211    196.554446483784)
1 7      - (1000000    1576.36367884462)
4 4      - (1000000    906.277821708201)(2000201    -138.404437729568)(2000211    -539.091047544746)(2000101    -736.194393201057)(2000002    -628.872256032067)(2000012    -490.959122067322)
4 6      - (2000002    755.831453469528)(2000101    -365.323964369538)
4 12      - (2000121    -764.280236112835)(2000201    -489.961462148379)(1000000    91.2841310929358)(2000211    -422.773560098449)(2000111    -450.56136273159)(2000002    1910.32452502675)(2000012    199.921409137133)(2000101    -441.812577425506)
1 16      - (1000000    609.331440005711)(2000012    415.364767294199)(2000201    -1199.43108850176)(2000121    -426.853225263249)(2000111    -635.696412157106)(2000101    -1205.05487032757)(2000002    881.823232833056)
11 4      - (1000000    1669.87134804481)(2000012    -20.5966724017584)(2000002    1662.90105262648)(2000201    117.48980229441)
3 5      - (1000000    312.562948499788)(2000002    -645.572123956197)(2000101    907.32193418731)(2000111    1475.63944747488)
3 4      - (2000101    904.044674959213)(1000000    67.7235729936477)(2000201    -591.038363776034)(2000002    -454.705993419155)
9 0      - (2000002    199.21247548585)(2000201    166.228629689124)(1000000    2577.28955002611)(2000101    -312.569796512032)(2000211    182.499875142144)(2000022    5.88280475960226)(2000012    271.000225504411)(2000111    -356.615600345353)(2000221    -460.069908636471)(2000121    -443.205676853148)
0 17      - (2000012    -36.5910475447461)(1000000    -1136.66535098174)(2000201    -1347.16158134598)(2000101    -1237.94397874614)
5 8      - (2000221    -882.721226362797)(1000000    1659.64876616132)
5 10      - (2000111    -687.095674657378)(2000201    430.096239040934)(1000000    602.980321244026)
3 12      - (2000121    -457.068247056175)(1000000    2075.33582535092)(2000012    493.923647960336)(2000002    -359.40258624852)(2000101    -423.312120084864)
4 16      - (1000000    -825.532564083824)(2000201    -887.289895813518)(2000101    -931.059576912557)(2000002    608.834520692447)
3 16      - (2000012    318.65564584635)(2000002    670.677245037478)(2000111    -164.828630007811)(2000201    -395.800756771878)(2000211    -141.977508361367)(2000101    -811.875786435519)(1000000    -458.003322959362)
4 15      - (2000002    633.393712790054)(2000211    -183.707537623324)(2000221    -217.093645840606)(2000012    261.985470891716)(2000201    -494.076816322839)(1000000    385.148399826338)(2000101    -358.032231241678)
5 4      - (2000101    534.525495139201)(2000111    953.840519732594)(2000201    -603.372131775044)(1000000    305.049518064959)(2000002    -227.539217678271)(2000012    148.640998465856)
5 5      - (2000101    -36.5185124922242)(1000000    885.507776556004)(2000201    -763.846970010061)
3 13      - (2000101    7.36471802868181)(2000201    -836.835104409809)(2000111    -390.3745309521)(1000000    117.627563171066)(2000002    969.206711425531)(2000022    303.708985596084)(2000221    -501.234212085555)(2000211    -441.562381332513)(2000121    -296.996338713152)
4 14      - (2000211    -213.955187345426)(2000012    356.458746345634)(2000201    -90.7560252365093)(2000002    946.253228203942)(1000000    -154.694888604233)
6 0      - (2000101    -691.631180772198)(1000000    1534.02788416922)(2000211    -117.844923196768)(2000002    182.286215295907)
1 8      - (2000201    -923.169856228404)(2000221    -528.096441301815)(2000111    -299.67501059458)(2000002    112.29166483517)(1000000    2505.58549510114)
15 3      - (2000211    -38.0261656540906)(2000012    151.705160787981)(1000000    19.3632505777468)(2000002    630.152571624624)
15 4      - (2000101    -1257.54690495888)(1000000    -700.151655151688)(2000211    -491.181518209827)(2000002    651.525238865964)(2000201    -358.032231241678)
3 6      - (2000101    -441.291482926414)(2000201    -604.643273633799)(1000000    756.269606816381)
2 7      - (1000000    1900.15873950013)
13 3      - (2000211    -396.055271317791)(1000000    552.922160124097)(2000002    345.441620798431)
6 1      - (1000000    1063.24281894653)
15 1      - (1000000    1537.66685365134)(2000211    -444.143423650065)(2000121    -383.786020548516)(2000002    931.673281478069)(2000201    -1198.09088632922)(2000101    123.612669189468)
16 1      - (2000111    -432.459347710877)(2000101    -1000.00034165469)(2000002    747.188861499057)(2000201    -277.337763945816)
2 8      - (1000000    2282.62616829422)
0 6      - (1000000    1356.65889750866)(2000002    -271.35596371262)(2000101    -332.099534507927)(2000211    -65.7824239585514)
5 15      - (2000012    32.2012292668451)(1000000    -813.103692176002)
5 14      - (2000101    470.124683922813)
8 1      - (2000211    -424.887452810197)(2000002    -458.76652448877)(1000000    2124.7550757076)
11 3      - (2000012    45.7094633959623)(1000000    1559.13722967061)(2000201    1636.12113249422)
12 3      - (2000101    941.117958891703)(1000000    2207.58172570819)(2000002    474.201207726515)
10 3      - (2000002    1241.87509336874)(1000000    1357.05367667355)
5 11      - (2000101    599.686928069299)(2000022    126.355822401361)(2000201    -76.1160917286532)
15 0      - (2000012    433.484225106394)(1000000    1021.84759600007)(2000101    -998.718015840356)(2000002    1339.47717349798)(2000201    -722.464633110458)
9 3      - (2000111    276.241135309596)(1000000    2382.06544212669)(2000211    550.785970809132)(2000002    293.335851098203)
5 6      - (2000002    635.903718214127)
6 5      - (2000101    -394.899549142004)(1000000    946.124136348434)
8 3      - (1000000    993.245961492001)(2000201    169.70697393615)
13 4      - (2000101    -502.198887947098)(1000000    360.748697819064)
5 7      - (2000101    -483.82022995764)(1000000    761.326648043481)
14 3      - (2000101    -454.559865931908)(1000000    649.844509979828)
8 0      - (2000111    296.083241350858)(1000000    2531.41458822691)
16 2      - (2000221    -212.459145018296)(2000002    887.235967799531)(2000101    -250)(2000201    -250)(1000000    1444.3614534253)
3 18      - (2000221    -524.76702390659)
5 17      - (2000022    206.751313555199)
5 18      - (2000111    -308.741067938037)
4 18      - (2000012    320.363334619608)
9 4      - (2000211    123.311923306964)(1000000    1121.62942525318)(2000002    1601.11668991689)(2000201    505.373759168093)
6 13      - (2000002    -244.33018900378)
13 7      - (2000002    84.3082260762771)
15 8      - (2000201    -482.993227752558)
14 7      - (2000211    -263.039958813673)
14 9      - (2000012    666.252351986142)(2000101    -87.3267851664225)
15 7      - (2000201    56.8762772949785)
10 14      - (2000012    1466.83693251945)(1000000    -300)(2000111    -291.458136670385)
7 12      - (2000211    450.040176019465)(2000201    16.7487516266965)(1000000    232.477364596378)
8 15      - (2000211    28.472877765384)(2000012    16.7487516266965)
8 12      - (1000000    828.370906199276)(2000002    1829.27289059646)(2000012    515.295473376604)(2000111    715.826178871501)(2000201    961.120217514094)(2000101    395.840003383328)(2000211    328.812083328261)
12 9      - (2000111    1208.78612090641)(2000101    1222.69262043708)(1000000    833.96465142638)(2000012    1581.21288104649)(2000002    1210.92426658203)(2000201    875.653932595178)(2000211    1004.84654761567)
12 12      - (2000201    -805.501431433284)(1000000    1663.99734420771)(2000101    476.76644128145)(2000022    247.422526707335)(2000221    -641.993214608162)(2000121    -945.970608232234)(2000211    -739.393004717004)(2000012    310.867353246848)(2000111    -435.348790505793)(2000002    477.925921996954)
12 14      - (2000201    -666.790071379713)(2000022    509.418998149541)(2000211    -480.776148674472)(1000000    -395.378272286104)(2000002    -333.379402648938)(2000121    -164.825873304578)(2000012    1756.82271401844)(2000101    -340.470113966495)(2000221    -328.202237531465)(2000111    -253.410137353615)
11 9      - (2000101    1089.82545607265)(2000012    1045.85040489037)(1000000    649.549309444643)(2000111    1110.7400255628)(2000211    1296.75853888965)(2000002    1522.23057232561)(2000201    1089.07579064234)
10 9      - (2000201    618.043907978492)(1000000    959.571847092072)(2000002    939.661818019814)(2000211    1334.76152525153)(2000012    1877.15695924098)(2000101    812.617678882025)(2000111    698.271913799977)
7 14      - (2000201    141.417352877806)
13 12      - (2000211    -613.944679669867)(2000221    -733.105239481107)(2000111    -444.438493534466)(2000022    526.292816359955)(1000000    -350.005731353863)(2000012    312.964435645494)(2000121    -250)
11 10      - (1000000    1650.60538931982)(2000101    1463.47147364654)(2000002    697.060011710036)(2000201    1348.08598335254)
15 12      - (2000221    -726.477748094934)(2000022    655.746800233808)
12 8      - (1000000    1075.52936775202)(2000101    893.581770131587)(2000211    1890.776759961)(2000002    577.635672030715)(2000012    211.959679956379)(2000201    611.780751629983)(2000111    1055.54949552144)
7 15      - (2000211    100.253474525956)(1000000    154.619283666632)
7 10      - (1000000    976.512097469508)(2000201    603.079871493576)(2000002    291.847484429933)(2000211    132.341588794433)(2000012    501.677112052174)(2000101    868.892130020785)(2000111    155.358036743251)
8 9      - (2000101    541.899937252444)(2000111    334.384873643388)(2000211    153.344618288564)(1000000    2180.22554084892)(2000002    865.343742634719)(2000201    610.222927845479)
11 13      - (2000101    -324.585024043623)
14 14      - (2000022    490.378565435557)(1000000    -171.622671724379)(2000201    -162.118772958783)(2000002    -291.772680987018)(2000221    -251.894267389791)(2000121    -253.410137353615)(2000012    96.1706407579494)(2000101    -153.579359242051)
8 10      - (2000201    884.396420886544)(1000000    1971.40941894704)(2000101    50.4832032768275)(2000211    55.1912319172475)(2000002    1408.69517512966)
9 10      - (2000012    1204.68741028066)(2000101    845.807658635236)(1000000    1888.48402671802)(2000201    206.673384497357)(2000111    -130.807829794659)(2000002    586.724406926014)(2000211    605.33427111465)
11 8      - (1000000    999.760026347713)(2000101    1261.37361995931)(2000111    777.349289143594)(2000002    1029.0142226632)(2000012    1448.00156564276)(2000201    926.983069635323)(2000211    1126.93794958701)
9 9      - (1000000    1684.59913988267)(2000111    1262.4900219292)(2000002    1274.18879322102)(2000012    1376.10599942322)(2000101    1575.61664033807)(2000201    1143.27002735797)(2000211    1264.1786378711)
8 11      - (1000000    2006.56807622019)(2000201    1213.88766964078)(2000211    176.894174992915)(2000101    494.524496105343)(2000012    440.302711315709)(2000111    202.666142137748)(2000002    712.760873122453)
11 11      - (2000002    385.553049214354)(2000211    699.32361214571)(1000000    1795.49037134797)(2000111    -119.703180205507)(2000201    751.99089535805)(2000012    209.401009164566)(2000101    652.369092845361)
13 14      - (2000121    -568.676658791528)(2000111    -504.859947540936)(2000201    -609.860171761626)(2000012    527.598660527879)(2000221    -276.427633354527)(2000022    278.059699898418)(2000211    -336.414660807373)(2000002    -172.98954449589)(1000000    -125.938154235351)
12 13      - (2000101    -746.55365802739)(1000000    -665.389014152278)(2000201    -618.77790930686)(2000022    603.337482727344)(2000002    -392.977953802416)(2000121    -283.53921631732)(2000012    103.338036432429)
14 8      - (2000002    36.6797660624653)
14 12      - (2000221    -886.283535409739)(2000022    743.478002527152)(2000201    -540.215288026357)(2000101    -491.371733116065)(2000012    13.7278556378546)(2000111    -162.444620231436)(2000121    -469.630375124836)(2000211    -205.100550971588)(1000000    -317.68920463483)(2000002    -403.825413228691)
9 13      - (2000201    350.187256792089)(2000111    32.3207281017079)(1000000    216.276766189289)
9 11      - (2000012    533.526115953113)(1000000    2075.14172078364)(2000002    1446.99068215744)(2000211    82.1243640760543)(2000111    54.2846248824936)(2000101    1326.44293462878)(2000201    847.629652890033)
13 9      - (2000111    1668.95805650261)(1000000    1245.84777609688)(2000201    823.536222006501)(2000211    87.0948847376785)(2000002    1213.25040798402)(2000101    951.272019179484)(2000012    1512.2318049782)
9 8      - (1000000    1397.34749025305)(2000111    1282.95934380752)(2000002    737.641779810508)(2000101    1696.64854727176)(2000201    1288.2174297442)(2000211    834.19076722007)(2000012    849.310385691515)
15 11      - (1000000    -604.870169205446)(2000012    231.561007634047)(2000002    -171.622671724379)(2000201    -186.866562147768)
10 5      - (2000002    1453.29191382503)(2000101    -262.052845652836)
7 11      - (2000002    571.524081286841)(1000000    222.047840392407)
13 8      - (2000002    1737.82689784976)(2000101    475.83763929748)(2000111    298.831703648139)(1000000    205.050419591842)(2000201    415.038018358938)
11 14      - (2000002    -764.824262315911)(2000101    -745.168930187912)(1000000    -459.543958236124)(2000022    622.341039152313)(2000211    -623.136760842001)(2000221    -205.100550971588)(2000201    1273.21362771117)(2000121    -185.928978448641)
7 9      - (1000000    17.0916437463884)
10 10      - (2000101    1423.93155109611)(1000000    2412.50573599384)(2000002    1210.94025169091)(2000111    137.500474661042)(2000012    772.347517015708)(2000201    528.02503354507)(2000211    346.749001338303)
9 12      - (2000111    324.856572170192)(2000101    41.8233330730525)(1000000    818.359346351068)(2000211    458.169013235194)
13 13      - (2000002    -507.615790944619)(2000111    -791.096601148468)(2000101    -731.261081436906)(1000000    -815.750096732247)(2000221    -732.678786724341)(2000121    -445.74149705038)(2000201    -584.428822814312)(2000012    1639.66299734399)
12 15      - (2000012    558.434207683103)(2000002    -283.514867028747)(2000211    -272.424573731178)(2000022    169.547192310963)(2000101    -100.914077055677)(1000000    -100.914077055677)(2000111    -100.914077055677)
8 14      - (1000000    160.562326067389)
11 12      - (2000101    692.959465708134)(1000000    1797.04726753351)(2000201    212.892575782599)
14 13      - (2000221    -539.737171913083)(2000012    340.8503516052)(2000022    340.080394020829)(2000002    -459.726137642725)(2000121    -501.42789096476)(2000211    -298.689582129297)(2000101    -281.313766500218)(1000000    -153.579359242051)
8 8      - (2000002    680.880833430862)(1000000    308.005680005373)(2000111    226.036258563155)
10 8      - (2000101    897.72843302482)(1000000    1570.67117442394)(2000201    1412.89994532801)(2000111    640.330944775499)(2000012    606.625143980162)(2000002    1034.34126362592)(2000211    649.243150660707)
16 8      - (2000012    64.5552922843866)(2000211    -181.236338298831)(1000000    495.506859340909)
11 15      - (2000012    594.962541225)(2000211    -321.407186963902)
11 7      - (2000201    312.733075979512)(1000000    73.4800405677835)(2000101    111.180044379076)(2000012    312.364944696186)(2000211    573.60420728304)(2000111    312.465318670848)(2000002    133.164659628964)
13 16      - (2000022    731.216436929834)(2000201    -228.680662234001)(2000211    -81.6443031811036)
7 18      - (2000002    107.457286717209)(2000101    84.1145563598974)
12 16      - (2000111    -191.874554460376)(2000121    -486.776627425547)(2000012    706.88037298918)(2000002    -135.21876192923)(1000000    -171.622671724379)(2000022    112.186696461313)
9 7      - (2000002    64.737914948419)(1000000    337.51232310521)(2000012    230.941830014004)(2000201    293.244846740774)(2000111    427.930308876589)(2000101    394.742266815073)
10 7      - (2000012    457.91852343473)(2000002    -76.7758216598827)(2000211    -101.837079516485)(1000000    101.003562218963)(2000201    89.8731674539376)(2000101    59.4126200509929)(2000111    -171.13460865857)
15 14      - (2000111    -645.99607018126)(2000121    -569.283528465294)
13 11      - (2000101    -675.065237059404)(2000111    -382.243594459142)(2000012    178.475040592113)(2000201    -433.415428952364)(2000002    -168.404477672791)
16 13      - (2000211    -853.173853648966)(1000000    -455.307651158031)(2000121    -824.07344508239)
16 15      - (2000022    536.36808359121)(1000000    -225.221214043396)
14 11      - (2000101    -813.875811723228)(2000121    -361.278164949146)(2000012    545.557689952458)(2000002    -205.100550971588)(2000111    -168.404477672791)(1000000    -289.549386579396)(2000211    5.39275028764069)
13 15      - (2000221    -451.535805791637)(2000101    -491.60831660712)(2000012    469.357462466786)
7 13      - (1000000    219.770509347681)
8 7      - (1000000    233.651266002515)(2000012    624.372307108209)(2000111    328.120466875075)(2000101    319.758833371953)(2000201    331.760518790078)(2000002    255.651496395827)(2000211    256.635219964591)
16 11      - (2000121    -162.44226521223)
16 12      - (2000111    -456.635345147025)(2000002    -537.455205032353)(2000022    453.923979060652)
14 10      - (2000101    -554.06084052918)(2000221    -533.275666947437)(2000022    551.71433071748)(2000201    -162.118772958783)
9 6      - (2000201    650.681086479991)(2000101    175.574584983352)(2000111    223.77356831019)(2000012    175.985135277072)(2000211    242.813417999278)(2000002    171.486214070419)
6 10      - (1000000    669.760459862904)
10 11      - (1000000    2318.87810095322)(2000111    368.496900021741)(2000201    1242.12425987921)(2000211    225.024057329908)(2000101    1196.34416385403)(2000002    1458.70003739944)
7 8      - (2000002    477.739585174691)(2000101    110.564434344569)(1000000    462.164195036561)(2000111    1007.057884798)(2000211    298.824137660998)(2000201    460.327724600652)(2000012    186.588604708227)
6 18      - (1000000    344.052510777924)
8 19      - (2000111    137.289463501989)
6 11      - (1000000    117.818199348315)
9 15      - (2000201    -317.55968936802)
11 16      - (2000022    500.076598903291)
9 14      - (2000121    -440.853864959715)
15 10      - (2000012    289.542450244974)(2000211    -108.383042921236)
15 13      - (2000101    -564.320842693934)(2000211    -268.509113233469)(2000111    -186.89206847466)(2000012    641.331658548851)(2000121    -162.118772958783)(1000000    -186.866562147768)(2000002    -87.3267851664225)
9 19      - (2000101    506.607711469947)
11 6      - (2000111    -81.1586368761801)(1000000    38.1124785259598)
6 9      - (2000012    99.5582143313169)(2000111    282.87527065552)(2000101    276.653694663312)(1000000    590.341272530037)(2000201    416.866740057903)(2000211    313.895742972478)
14 15      - (2000002    -608.639776576653)(2000121    -327.016483758594)(2000101    -318.304473379674)
10 12      - (1000000    1726.76513224556)(2000002    1623.68921486917)(2000101    -112.703856149146)(2000211    416.816724693405)
10 6      - (1000000    220.302591494647)(2000012    261.097864904123)(2000101    498.670877158922)
6 12      - (2000201    309.519569259151)
16 10      - (2000121    -176.470323586112)
12 7      - (2000012    457.995043051083)
17 9      - (1000000    -617.378923733815)
10 13      - (2000201    -81.4074978682462)
10 15      - (2000002    -152.821874041239)
14 16      - (2000022    494.79730234263)
9 16      - (1000000    -100.914077055677)
15 15      - (2000101    -527.354951382272)(2000002    -801.533674052874)
10 16      - (2000101    -258.387880370927)
17 16      - (2000002    -251.822453970784)
8 6      - (2000111    459.925553068453)(2000002    130.572712723022)(2000211    143.090889797368)(2000101    221.103511038077)(1000000    115.181141425242)
16 14      - (2000201    -120.83057987734)
18 9      - (2000211    -258.387880370927)(2000121    -291.231981669249)
18 10      - (2000201    -252.874316498802)(2000101    -252.874316498802)(2000012    754.676434438752)
12 19      - (2000101    -253.410137353615)(2000022    -0.25)
9 5      - (1000000    1589.92921929653)(2000101    162.485960964929)(2000201    899.780735188214)
7 7      - (1000000    108.916095809695)(2000111    743.086992256734)(2000002    21.1450321522877)(2000101    115.181141425242)
13 17      - (2000101    -191.023203017034)
10 21      - (2000121    -355.919741993956)(2000221    -267.950965372805)
23 10      - (2000201    -313.346615736093)
11 21      - (1000000    -838.740163980077)
12 24      - (2000221    -590.773023634672)(2000012    876.040385577942)(2000101    -469.603784984922)(2000022    1581.92998200428)(1000000    -572.809517012033)(2000201    -592.455937390955)(2000211    -531.928984029767)(2000121    -610.721776109087)(2000002    -811.977458080485)(2000111    -588.159074478505)
10 25      - (2000121    -316.303752870103)
24 12      - (1000000    -470.168880647669)(2000111    -109.351055783266)(2000002    -109.351055783266)
12 23      - (2000002    -432.128924966713)
10 26      - (2000111    -237.360594782119)
14 24      - (2000211    -368.740126606043)
25 14      - (1000000    -501.929218257769)
14 4      - (2000201    -1025.1146832406)(1000000    -526.464156330816)(2000101    -1107.37218791995)
16 3      - (1000000    -1101.88471243445)(2000101    -1149.91095550724)(2000201    -1225.20426786461)(2000002    792.989829022003)
16 0      - (2000201    -1204.01858147031)(1000000    -999.927037644041)(2000002    674.16779746429)
2 17      - (2000101    -948.475995959242)(1000000    -957.764863967896)(2000002    767.134232837612)(2000201    -250)
1 17      - (2000101    -1156.66437522645)(2000002    791.423179552604)(2000201    -437.5)
16 4      - (2000101    -899.166857694637)(2000201    -849.43641455596)
4 17      - (1000000    -968.323647975922)(2000002    636.123610713054)
3 17      - (2000101    -762.6953125)(2000201    -866.51611328125)(2000002    589.23335445623)(1000000    -358.032231241678)
14 5      - (2000201    -683.59375)(2000002    1747.72968921615)
17 3      - (1000000    -1132.74288996346)(2000101    -1184.52474709342)(2000002    364.772358637923)
17 2      - (2000201    -850.932934904823)
17 0      - (2000002    771.407222977369)(1000000    -250)
17 1      - (1000000    532.591872879482)
10 4      - (1000000    458.165344414719)(2000002    1805.47876665953)(2000101    655.450784996032)
7 2      - (1000000    1824.5108910098)
7 1      - (1000000    2018.69742619041)
12 4      - (1000000    854.780337411687)
7 3      - (1000000    1651.2985165247)
8 4      - (1000000    118.531210856035)
0 18      - (2000002    416.571593926121)
0 20      - (1000000    -827.949534746381)
21 2      - (1000000    -866.51611328125)
22 1      - (1000000    -250)(2000201    -250)
21 1      - (2000101    -358.032231241678)
0 24      - (2000201    -1257.40001618419)(1000000    -1272.15273581136)(2000101    -1355.17524093247)(2000002    333.086691738816)
1 23      - (2000002    922.479925494958)(2000101    -329.075938217526)
24 0      - (2000002    677.337390925043)
11 5      - (2000101    617.227764673851)(2000002    572.073309923365)
25 1      - (2000101    -683.59375)
1 22      - (2000101    -1049.6083207438)(2000002    567.470587030756)
25 0      - (2000002    624.386415816078)
1 26      - (2000101    -250)(2000002    244.477071737409)
22 2      - (2000201    -575.88289188067)
4 7      - (1000000    255.15738564122)
7 4      - (1000000    902.689670160495)
8 5      - (2000101    441.266183393435)(1000000    1492.37436542322)
12 11      - (1000000    2055.38474541615)(2000002    458.871558254709)
5 12      - (2000002    1873.99463603088)(1000000    1006.11489778303)
5 9      - (1000000    1830.16823135512)
7 5      - (1000000    1473.60578253045)
12 10      - (1000000    1784.1639887405)(2000002    458.972435959008)(2000111    154.290925110003)(2000201    181.185618370878)
5 13      - (2000201    1919.67197719829)
13 5      - (1000000    124.779592891861)(2000101    1555.96276330983)
12 5      - (2000002    655.258999355954)
13 6      - (1000000    640.529133964319)
15 5      - (1000000    797.556614082856)
8 13      - (2000201    1272.86396820596)(2000211    391.354545043372)(2000012    401.176508298578)
6 6      - (2000201    409.136736257436)
9 26      - (1000000    -1054.12813849028)
21 11      - (2000221    -24.616532581498)(2000211    322.348993300421)
18 8      - (2000012    242.083265333145)
22 10      - (2000101    369.848206184912)

