325
0 0      - (2000201    -676.420056044067)(2000202    -598.25367865845)(2000002    168.188743766718)(2000102    -704.122440198363)(2000001    -549.174672712988)(2000101    -681.431598982057)(2000100    -669.52789681728)(2000200    -530.000688011828)(1000000    -89.9269267406909)(2000212    -783.447953505488)(2000111    -753.054211415191)(2000210    -787.935280163858)(2000211    -732.283947909921)(2000012    -320.778129118467)(2000112    -780.306539836409)(2000022    177.290146884801)(2000110    -836.261981258993)
2 1      - (2000102    -778.581428857866)(2000201    -363.079304175275)(2000100    -369.757290753251)(2000002    -56.5071287485817)(1000000    195.732293550873)(2000001    -585.17200336672)(2000101    -412.159192407548)(2000200    -329.170725241704)(2000212    -978.788958481793)(2000012    -0.183707431087498)(2000202    -841.491175898598)(2000211    -978.814204798767)(2000111    -941.756118529298)(2000110    -938.991051173836)(2000112    -996.1132644304)(2000022    209.374143084775)(2000210    -991.859959230621)
1 0      - (1000000    262.85827679063)(2000001    -646.40223893855)(2000002    48.5706109178064)(2000100    -499.466091153049)(2000200    -147.566031539621)(2000202    -634.039260266064)(2000212    -1192.68189397693)(2000112    -965.260391055715)(2000201    52.0090484234464)(2000101    -634.607477799574)(2000102    -913.052682057933)(2000211    -895.903048054753)(2000210    -964.295537363769)(2000012    -100.924781626789)(2000110    -580.760213674599)(2000022    248.709870048413)(2000111    -918.783456186552)
2 0      - (2000001    -383.934065070277)(2000101    -539.207868273347)(1000000    371.987164722847)(2000100    -258.920454221693)(2000102    -699.946906055924)(2000202    -587.236054728152)(2000200    -286.770662319328)(2000201    -531.429065765799)(2000002    -325.126757848565)(2000111    -951.344472825417)(2000212    -820.71622230084)(2000012    221.068146505939)(2000022    -181.527068140039)(2000110    -915.199271708427)(2000112    -1044.04571081794)(2000211    -934.216499941296)(2000210    -818.854641403437)
1 1      - (2000100    -85.1373569429468)(2000201    275.186549710479)(2000101    -631.897266186531)(2000202    -914.352036197337)(2000200    -63.5579369576495)(2000001    -685.974610478436)(2000002    -336.125303469931)(1000000    543.858245661638)(2000102    -394.909896090333)(2000012    266.867978817261)(2000112    -902.932786656452)(2000022    140.737839109727)(2000210    -1067.08007793801)(2000212    -741.630033546385)(2000111    -1039.67853975258)(2000211    -1025.39791743672)(2000110    -998.927782239991)
1 2      - (2000100    -382.867657547095)(2000201    -385.945785503209)(2000200    51.6610393499495)(2000202    -764.259331422976)(1000000    739.23521985163)(2000101    -33.6755201425654)(2000102    -892.837714826771)(2000022    205.162661150583)(2000001    35.9710666937097)(2000002    4.36600803122769)(2000112    -873.509228832859)(2000111    -897.652613984687)(2000210    -959.971075063433)(2000212    -716.586093328319)(2000012    -235.370651682602)(2000110    -1267.44415212918)(2000211    -1010.6623875945)
0 4      - (2000110    -1004.04694557953)(2000001    -982.982943671916)(2000200    -727.306909326649)(2000101    -1034.50222564488)(1000000    11.7995807429334)(2000102    -954.76315504308)(2000002    -960.439203820407)(2000202    -999.697771229025)(2000201    -989.004627381888)(2000100    -769.624020697569)(2000112    -986.151862069327)(2000012    226.041893807012)(2000210    -744.411246478423)(2000212    -299.046911126019)(2000111    -510.576751018627)(2000211    -243.885517108508)
0 2      - (2000002    -498.168953648673)(2000102    -1035.17881045653)(2000100    -270.153049078128)(2000201    -803.927477813311)(2000101    -702.480078803776)(2000202    -1061.64548580297)(2000210    -1130.50068920915)(1000000    192.804376366353)(2000200    -1197.50149107014)(2000001    -1056.46788455306)(2000110    -1018.00705070434)(2000012    11.3542160835969)(2000212    -1206.56286078921)(2000022    228.982568836719)(2000112    -1095.80940668634)(2000111    -1161.50181219918)(2000211    -545.0089461747)
3 2      - (2000111    -834.720101795631)(2000100    -901.900245418059)(2000201    -933.954008538323)(2000001    -909.522907830027)(2000002    -480.347168148061)(2000022    207.217018840947)(2000012    -2.95947545024565)(2000211    -918.972161856703)(2000202    -888.298663209414)(2000101    -993.643827338442)(2000102    -853.406297796981)(1000000    -875.190253585475)(2000200    -887.902570462216)(2000212    -951.128270962247)(2000210    -897.797356112768)(2000110    -897.33831370681)(2000112    -917.325478472413)
1 3      - (2000100    -339.042820354823)(2000211    -1044.06100410586)(2000001    -662.86286723651)(2000102    -956.395340561865)(2000101    -905.372082510591)(2000201    -314.946385849462)(1000000    226.646655129332)(2000202    -832.735820933002)(2000002    -466.677333402682)(2000200    -176.098389671575)(2000012    -78.5125322548543)(2000210    -984.104847143562)(2000112    -914.035887052485)(2000022    234.043047392472)(2000212    -662.679114415265)(2000111    -730.136732841538)(2000110    -684.918814403638)
4 3      - (2000201    -1032.58585363747)(2000211    -808.916175151877)(2000200    -1156.74121838113)(2000202    -962.08530790142)(2000001    -806.700678757653)(1000000    -881.572858762912)(2000101    -956.093420077199)(2000102    -935.960525574309)(2000100    -977.036713011703)(2000012    219.839697895058)(2000002    -574.905717367094)(2000212    -1071.16173205792)(2000112    -944.679855876614)(2000210    -903.400912844184)(2000111    -310.794795035652)(2000022    4.22583751994791)
2 2      - (2000201    -487.73621552051)(2000200    -207.952782146989)(2000001    -656.238328038746)(2000202    -842.776672373842)(1000000    272.609566742461)(2000112    -778.491531255583)(2000111    -1081.40212747908)(2000102    -475.351943724004)(2000210    -1120.486369077)(2000101    -0.193879937616572)(2000002    -456.804496278505)(2000100    -562.391192056472)(2000012    -52.6647336780877)(2000110    -939.435127102043)(2000022    217.08723614122)(2000212    -1004.65502489593)(2000211    -1075.35442436997)
4 1      - (2000212    -957.1546264925)(2000101    -956.122671267182)(1000000    -1105.4480533555)(2000201    -960.989129880354)(2000200    -843.858876598012)(2000202    -924.489768541869)(2000102    -1025.2407412047)(2000002    -1009.62992439412)(2000100    -966.118718034076)(2000001    -1015.75393698926)(2000210    -1075.32444826429)(2000112    -1017.67991673267)(2000110    -911.294807799911)(2000211    -889.709149809895)(2000012    -61.0361307620043)(2000111    -506.103743018472)(2000022    217.756905489961)
4 4      - (2000022    222.58002998844)(2000200    -751.77572905017)(1000000    -1109.02602122533)(2000002    -700.195969244254)(2000102    -1074.28102455199)(2000201    -943.582754202575)(2000100    -965.674381123797)(2000101    -939.317839903059)(2000001    -995.843377737818)(2000212    -908.747859950984)(2000202    -880.306711217276)(2000112    -738.471432444347)(2000110    -282.171259876835)(2000111    -363.327092540293)(2000211    -362.55622680105)(2000012    154.277951806179)(2000210    -201.544992094114)
3 0      - (1000000    -847.47877867265)(2000201    -922.850168777124)(2000022    192.191478588935)(2000101    -921.969915507724)(2000102    -837.287089329306)(2000200    -916.206245074701)(2000202    -815.346684274381)(2000002    -848.942662169705)(2000100    -890.22688119161)(2000001    -786.775497558446)(2000111    -895.38271355088)(2000012    -171.288850125462)(2000110    -898.976360324419)(2000211    -918.975165832703)(2000112    -855.135388327039)(2000212    -729.634687982306)(2000210    -799.632312564322)
4 2      - (2000211    -913.017369523421)(1000000    -951.674347196109)(2000102    -879.243317941092)(2000001    -796.11372387411)(2000201    -786.713733711292)(2000101    -897.640449193869)(2000202    -937.110492506174)(2000200    -936.34607288532)(2000002    -737.537334111992)(2000100    -886.671829252957)(2000012    -158.111322557362)(2000110    -591.301353259702)(2000210    -809.322253617994)(2000111    -710.123818363589)(2000112    -784.972321354884)(2000212    -811.650141164107)(2000022    206.619907765471)
0 1      - (2000102    -1250.64223736212)(2000002    -54.1801715114045)(2000200    -1118.31481960322)(2000101    -237.699571159384)(2000202    -1041.50567047606)(2000100    -739.52992612278)(2000212    -989.671207989538)(2000201    -520.188179563743)(2000001    -912.888120887884)(1000000    -239.339089358947)(2000112    -1139.29725411541)(2000110    -1012.51334311543)(2000012    -267.313535499759)(2000211    -1089.77181862353)(2000022    222.645390042796)(2000210    -1074.81071829585)(2000111    -1130.20616106119)
3 5      - (2000201    -496.198202197576)(2000101    -578.09465166383)(2000100    -450.344571784178)(2000102    -665.440683721959)(2000202    -544.086919140018)(2000200    -771.138511791679)(2000001    -704.934134968328)(2000210    -381.06338857741)(1000000    -1129.05390855238)(2000012    219.388189614505)(2000111    -273.508852379899)(2000022    19.3751921119709)(2000110    -198.009112080812)(2000211    -366.933905755094)(2000112    -201.534698164766)
3 3      - (2000211    -1019.28478546739)(1000000    -995.269414993585)(2000102    -965.594533611911)(2000200    -895.545744876548)(2000201    -1127.90146590769)(2000202    -827.454347152741)(2000001    -644.549025719198)(2000101    -982.97886921958)(2000100    -977.494009526566)(2000002    -769.663164666063)(2000212    -875.539983014553)(2000022    -78.6551518139876)(2000110    -920.099078183364)(2000210    -778.965651880104)(2000111    -1008.63970541319)(2000012    215.15868843876)(2000112    -811.529984962708)
2 4      - (2000210    -943.269118736262)(1000000    -695.133626376969)(2000002    -348.835501931914)(2000201    -937.070744038002)(2000001    -821.834347423338)(2000101    -1003.95046030357)(2000100    -843.49719317622)(2000200    -913.752810370817)(2000102    -895.331118249958)(2000012    75.6556523851216)(2000202    -948.082977785618)(2000022    213.032800780843)(2000111    -667.928911475897)(2000110    -794.262162514744)(2000212    -772.187684904318)(2000211    -413.853922279541)
5 3      - (2000001    -895.894324672272)(2000100    -925.850492962335)(2000202    -901.296679097256)(1000000    -993.860874132017)(2000002    -665.755982386792)(2000101    -937.111617106139)(2000200    -890.300336980117)(2000111    -782.02598041656)(2000102    -935.785262101759)(2000212    -938.397289949221)(2000112    -924.089536748122)(2000201    -908.733461722314)
3 4      - (2000110    -704.344230923414)(2000022    202.522392677373)(1000000    -464.295749913433)(2000102    -804.319613442253)(2000002    -391.677392743036)(2000101    -892.268327978829)(2000200    -923.314889158953)(2000001    -740.7739068087)(2000201    -1052.93448954345)(2000100    -863.914943092788)(2000202    -783.495919943677)(2000112    -969.520617364728)(2000212    -1075.98263746897)(2000012    -392.767184954783)(2000211    -270.223854809639)(2000111    -455.408231951652)(2000210    -431.5015695759)
2 3      - (2000212    -862.589326418833)(2000201    -862.041534179572)(2000102    -893.336507882659)(2000211    -918.374214509896)(2000002    -743.51000618096)(1000000    -48.2265144097867)(2000100    -831.848544139206)(2000001    -952.416937651953)(2000101    -970.715520530383)(2000202    -944.186456094722)(2000200    -867.78695139128)(2000012    -231.627368887239)(2000111    -870.703908537154)(2000112    -884.063315276567)(2000022    205.452697249224)(2000210    -844.430518465017)(2000110    -205.462210054526)
4 0      - (1000000    -829.394559565251)(2000200    -1092.54913627806)(2000201    -942.91150929586)(2000100    -951.243556820275)(2000202    -1083.344009376)(2000002    -645.38848711502)(2000102    -939.659714021402)(2000101    -1172.03003884931)(2000012    -147.660984687378)(2000001    -992.671904500196)(2000212    -832.238965037933)(2000111    -960.132245402819)(2000110    -927.487079326128)(2000022    211.278819121245)(2000112    -774.029743422038)(2000210    -197.81212298687)
3 1      - (2000211    -904.49951721529)(2000111    -951.427130342619)(1000000    -833.555856642329)(2000200    -966.227076926769)(2000001    -648.981358046842)(2000002    -765.348241529685)(2000101    -895.432225622375)(2000202    -862.686017568779)(2000100    -973.760700857706)(2000102    -899.943920451698)(2000201    -930.536723317161)(2000210    -958.166928206381)(2000012    222.46347583185)(2000212    -670.066677353895)(2000110    -907.557952716488)(2000022    -272.60331634625)(2000112    -679.596528124246)
0 3      - (2000001    -1023.82829636565)(2000022    266.996943544824)(2000210    -927.853685809418)(1000000    691.408043150265)(2000202    -958.848326340694)(2000100    226.334615008299)(2000200    191.582281648795)(2000201    -493.291052489785)(2000101    179.996255835498)(2000102    -378.557506533912)(2000002    -255.267229460963)(2000211    -745.270276060793)(2000112    -968.353590920726)(2000212    -786.194016296153)(2000110    -1120.25694223045)(2000111    -764.029362342195)(2000012    24.3641881968411)
0 5      - (2000200    -930.530288219264)(2000202    -879.334504303953)(2000100    -890.891410045954)(2000102    -910.311687841039)(2000201    -872.894053946061)(1000000    -1087.99082648907)(2000002    -527.746199691064)(2000001    -1017.04796267671)(2000111    -932.066248951923)(2000101    -930.008707127494)(2000212    -882.035967535466)(2000210    -840.78956831187)
6 3      - (2000111    -614.155883727922)(1000000    -565.655149924709)(2000200    323.445595989302)
2 9      - (2000110    -742.01612921803)(2000002    166.770719619269)(2000212    -471.794742341803)(2000001    40.8363978402623)(2000201    -130.013572887814)(2000202    -394.73518244502)(2000200    21.0008477202873)(1000000    -369.52518139426)(2000211    -1301.89188714139)(2000100    9.09442291929325)(2000102    -242.820626356215)(2000112    -1134.81110644751)(2000022    -535.862396660187)(2000101    108.765973034665)(2000012    95.216661051013)(2000210    -327.258829813121)
9 1      - (2000201    -39.0015279805899)(2000110    -252.744436435082)(2000212    -1045.96021144946)(2000022    -290.876692797239)(2000012    -48.5204548401531)(2000202    -437.205419413487)(2000002    170.471431397492)(2000102    -757.678872502345)(1000000    21.4420105039773)(2000200    47.1318951370974)(2000001    -327.231373690252)(2000101    31.5454059684482)(2000210    -295.979548370389)(2000100    -309.451245485549)
3 9      - (2000200    -1066.56995442676)(2000022    -169.935096341861)(2000202    -556.04120253368)(2000012    -377.379184607884)(2000001    -239.708943745987)(1000000    101.564096905936)(2000100    -425.696973011721)(2000210    -364.515704369376)(2000002    87.4354537028216)
0 10      - (2000212    -1020.77168917049)(2000101    56.6931025736977)(2000102    -902.351495070757)(2000112    -1111.53968851729)(2000100    -45.5106809944129)(2000002    148.049116401878)(2000001    63.0662241189237)(2000202    38.1036555412646)(2000200    -380.511276067565)(2000110    11.409346012)(2000201    -195.248167396475)(1000000    66.3341082556763)(2000022    -407.278938242427)(2000012    23.916361027779)(2000111    -885.933322208748)(2000210    -134.070623057013)(2000211    -1131.72584902171)
12 1      - (2000110    -837.423310620974)(2000200    -961.045873701894)(1000000    1231.36854352237)(2000022    -316.56682772417)(2000202    -845.606716382675)(2000201    -826.333758799296)(2000001    -979.220418214351)(2000100    -554.36544441538)(2000012    -293.948216024504)(2000111    -671.153820184282)(2000101    -38.3523558217306)
11 0      - (2000110    -1254.06146793819)(2000212    -989.055681697316)(1000000    -803.935842923529)(2000002    -175.946652273365)(2000100    -1393.76229221873)(2000200    -396.890003308778)(2000012    -450.755709822372)(2000022    -113.984522602639)(2000201    -615.804243949229)(2000111    -1144.05627705955)(2000112    -835.553043081663)
10 2      - (2000202    -1043.63964178709)(2000211    -683.740589278347)(2000100    -223.224390432661)(2000110    -389.660001002132)(1000000    184.267169039324)(2000201    -616.244939933707)(2000002    -99.5912632592595)(2000101    -945.429571889277)(2000001    -526.153390214139)(2000022    -332.590370284177)(2000102    -889.203525117098)(2000112    -955.061038789917)(2000200    -44.7609628277982)(2000012    78.6583357122343)
2 7      - (2000211    -816.667973890307)(2000022    -44.9453159268715)(2000102    -1566.88920663751)(2000002    -894.34183336142)(2000100    -191.056118784981)(1000000    -1152.03701775335)(2000201    -305.212176648749)(2000001    -783.331622947207)
9 5      - (2000022    -250.5)(2000202    -187.347142866863)(1000000    232.15387930771)(2000200    17.2754855693235)(2000201    78.844670321444)(2000100    36.0250852608891)(2000002    -55.7216741045397)(2000101    412.105896774414)(2000001    153.555207575207)
2 12      - (2000201    470.858151281386)(2000200    -1322.06536883025)(2000100    -386.117654942013)(2000212    -1137.00624174449)(2000001    -333.887223357899)(2000202    -1179.69251060619)(2000002    37.3696931442762)(1000000    1242.09217134623)(2000211    -1182.4824134587)(2000210    -1132.75420364359)(2000022    -142.216743394858)(2000102    -580.384061574094)(2000101    -318.167619848275)(2000012    -417.560385858561)(2000111    -1191.67284504317)(2000110    -985.156577460597)
0 11      - (2000101    125.425095236811)(2000200    45.4725776372905)(2000001    34.4899481783452)(2000100    76.377542734042)(1000000    190.28002671251)(2000201    -73.3511922371515)(2000002    203.572053826144)(2000202    -816.675146856769)(2000022    164.126569856728)(2000102    -772.104562345157)(2000210    -235.43900923525)(2000212    -1526.1854213718)(2000110    -298.240342625674)(2000012    -133.765038405643)(2000112    -1088.72890209555)(2000111    -830.684165279333)
1 12      - (2000212    -1439.02387173734)(2000100    -975.083704880298)(2000112    -696.477484681707)(1000000    1236.72045486354)(2000202    -966.621709733199)(2000001    -832.799052975492)(2000002    473.128212845049)(2000201    -798.1008136539)(2000200    -599.277910424799)(2000210    -810.956247167098)(2000012    -154.030436874126)(2000102    -747.335829057508)(2000101    189.32525680879)
2 11      - (2000212    -1055.36948646555)(2000100    -463.619267880547)(2000112    -1188.10080071705)(1000000    233.63921020657)(2000012    -392.794945904914)(2000102    -1414.43432138187)(2000101    -67.3841432783302)(2000002    -86.7887199030003)(2000111    -1108.17716361326)(2000210    -974.02967550405)(2000110    -268.371115733758)(2000202    -482.660346109026)(2000200    -162.150234086828)(2000201    -101.792012499807)(2000001    95.1014864051298)
1 4      - (2000100    -906.886457003751)(2000201    -1027.12405765165)(2000001    -957.764055409841)(2000002    -726.582478875164)(2000202    -898.248352494226)(1000000    -158.667638193083)(2000200    -1097.34789341402)(2000101    -1029.94252511394)(2000102    -933.688201055536)(2000111    -979.319635316452)(2000112    -963.526481192233)(2000212    -889.197589187788)(2000110    -948.002483883676)(2000012    -285.708527245565)(2000022    208.834948034135)
3 11      - (2000201    226.39199294611)(2000112    -883.852446137324)(2000001    -444.807659835729)(2000101    -218.676425256252)(2000100    -789.433625407794)(2000202    -1067.14730294153)(2000012    -78.1475403018186)(2000002    -125.284348474121)(1000000    214.578913381335)(2000200    -19.0457001912813)
2 10      - (2000110    -476.472552180557)(2000201    157.550941353624)(2000022    -441.629518947575)(2000102    -882.734715253458)(2000111    -526.547403406936)(2000212    -1197.66818172914)(2000101    143.100858841734)(2000012    -130.969493664868)(2000112    -565.15078151667)(2000211    -644.076041733067)(1000000    204.109162176796)(2000200    -19.067668276483)(2000002    163.22340532656)(2000202    -295.630531347689)(2000001    126.773925674808)(2000100    151.024461128774)(2000210    2.92018784793221)
2 14      - (2000022    -323.13569177273)(1000000    1220.97876323498)(2000101    803.069102003062)(2000201    626.302272624621)(2000100    767.877852503491)(2000012    -65.1740945550055)(2000002    975.409420730674)(2000200    483.909740185727)(2000001    518.509641184452)
1 14      - (2000101    -223.045818086013)(2000201    195.046885722989)(1000000    1222.44413876893)(2000001    299.132901549673)(2000100    1116.95998044689)(2000200    854.540812919004)(2000002    1166.82171798063)
1 13      - (1000000    1225.0738331918)(2000101    -284.21256179999)(2000201    -150.15244601132)(2000200    465.217929762782)(2000202    188.494913076639)(2000012    90.4530186523897)(2000002    608.143414581966)(2000100    292.575815049561)
0 13      - (1000000    1233.69105869624)(2000200    201.272893369348)(2000002    945.961101856771)(2000022    -245.008484547796)(2000201    -261.508928638435)(2000210    -356.432862577628)(2000101    265.714383465715)(2000100    504.367708261328)(2000001    269.192305174734)
0 9      - (2000211    -1156.92964087721)(2000101    -16.1986630201592)(1000000    -82.4417419979416)(2000200    13.543235158449)(2000102    -467.206651112111)(2000201    -113.141274797766)(2000100    -244.976295232669)(2000212    -1261.37219227289)(2000012    112.710326102229)(2000002    169.568635917778)(2000202    -814.971299225234)(2000022    -173.426274807922)(2000210    -575.130513202975)(2000112    -843.368468477493)(2000001    125.058104602889)(2000110    129.841000332331)
10 0      - (2000001    -1418.56518368149)(2000202    -597.726593308311)(2000201    -517.178792880508)(2000111    -673.761466557633)(2000012    -462.340699942358)(2000022    -423.304538428393)(2000212    -663.580801556194)(2000002    -376.840494271382)(2000210    -603.034614239258)(2000200    -485.778885019135)(2000112    -940.48635108704)(2000102    -381.091233414057)(1000000    60.7955354134974)(2000100    -432.561335010764)(2000101    -293.147324403731)
1 9      - (2000002    159.436236218059)(2000201    -34.5170640906445)(2000102    -271.963758804637)(2000212    -620.347378861973)(2000202    -229.990563244904)(2000211    -1292.1815274972)(2000101    -137.453836014274)(2000001    -69.3798901266252)(1000000    2.38828043988099)(2000022    -300.951780716013)(2000112    -1272.90785389726)(2000200    17.3090990888181)(2000100    -17.1935919899254)(2000012    95.4666148691533)(2000111    -1062.42828549112)(2000210    -353.826190969941)(2000110    -223.378468229329)
3 12      - (2000100    -1529.29040183845)(2000111    -1208.23095174033)(1000000    -133.811519117536)(2000211    -755.232306044772)(2000201    -500.134)(2000200    -42.5912992165811)(2000002    -77.0317775779594)
1 7      - (1000000    -364.299740459989)(2000001    -203.11743374705)(2000002    -272.704377963436)(2000202    -534.270214402517)(2000101    -72.9829662409727)(2000200    -554.068789280888)(2000112    -532.208977662356)
1 11      - (2000101    -1034.57265564323)(1000000    210.97180641346)(2000200    -161.08396550222)(2000202    -1309.40921294364)(2000112    -1143.57011209157)(2000110    -979.482289113707)(2000201    -80.0641483113322)(2000211    -1241.58462091539)(2000012    -593.041808330333)(2000111    -1103.29323255351)(2000100    63.7111718693576)(2000102    -463.577820902814)(2000002    252.857317830977)(2000022    -14.6339666168269)(2000212    -613.222726791169)(2000001    -83.5598694679392)
3 7      - (2000001    -992.55510365812)(2000201    -360.265451510282)(1000000    12.2270357448092)
4 10      - (2000100    -1241.30657162754)(1000000    72.6725820110614)(2000001    -369.9761168562)(2000101    206.651257964552)(2000200    -122.82245087535)
2 13      - (2000202    -1244.33028801137)(2000100    506.956543134653)(2000201    -317.315764337625)(1000000    1215.24886859181)(2000002    770.274512037959)(2000102    -711.669080517334)(2000112    -676.472322358499)(2000200    369.874577320021)(2000101    296.164302996855)
13 0      - (1000000    1239.03654487118)(2000022    -359.282999375755)(2000100    292.757182490945)(2000012    4.23699937961769)(2000200    -389.271532954735)(2000002    328.560961905757)
14 2      - (2000002    350.402372525965)(1000000    1243.79971874195)(2000202    -22.9726579634357)(2000201    62.6887287948349)(2000100    62.6887287948349)
0 12      - (2000002    324.691331200317)(2000022    -4.3474760619325)(2000100    267.095594027227)(2000200    166.466027270318)(2000201    197.247308573031)(1000000    308.585643976286)(2000012    19.6866180925816)(2000212    -862.189477892971)(2000001    202.447298104473)(2000102    -71.9680298683354)(2000101    166.886637427374)(2000202    -150.603400156019)(2000110    -11.0619942824918)(2000210    -73.2674386815963)
13 1      - (2000100    -298.99841397358)(1000000    1267.89616519598)(2000102    -1040.30204073916)(2000012    -48.378776695693)(2000002    512.641226948654)
3 8      - (2000022    -436.115537926235)(2000200    -633.175048920568)(2000001    -412.755730826495)(1000000    -589.258450583771)(2000210    -640.303188761995)(2000201    -295.953696022196)
14 1      - (2000200    -120.474241721654)(1000000    1287.8202047434)(2000001    659.620186479918)(2000201    238.883434600598)(2000100    447.738635905916)(2000101    316.30257262303)
9 0      - (2000112    -1432.16569055727)(1000000    -373.414697767672)(2000200    -453.602335298842)(2000002    103.383712992444)(2000102    -1224.59815940447)(2000201    13.8433744836981)(2000100    -654.686160382401)(2000101    -26.9122421896192)(2000001    -224.794891077871)(2000210    -98.2306078878973)(2000110    -249.911702618891)(2000202    -266.353043009122)(2000012    10.1158628427798)
11 1      - (2000100    -1043.17943686141)(2000212    -1112.3676409411)(2000022    113.441246458925)(1000000    -949.796748859267)(2000110    -643.420264598538)(2000102    -1163.10890506501)(2000002    -277.41043411925)(2000211    -875)(2000012    -206.247207174981)(2000201    -733.39570804547)(2000111    -670.580937615069)(2000101    -10.8200562938593)(2000001    -116.988054657008)
1 5      - (2000002    -213.674461838591)(1000000    -943.306982633948)(2000102    -1046.68536752342)(2000200    -1047.00180246725)(2000210    -930.561330738775)(2000111    -1012.58320282046)(2000101    -950.91840828259)(2000202    -897.331049182692)(2000201    -1120.12373818817)(2000100    -1047.03649227328)(2000212    -911.475675760049)(2000110    -874.089630156367)(2000001    -709.169064652027)(2000022    280.944149175806)
2 8      - (2000100    -320.317173948107)(2000211    -581.6655318313)(2000022    -235.045218102657)(1000000    -220.89726000384)(2000001    -331.778587984382)(2000202    -377.899426936025)(2000101    -916.693973795614)(2000200    1.45322854891797)(2000002    175.697584052865)(2000201    -140.102271306387)(2000012    -33.7291749645474)(2000102    -149.592469562469)
10 1      - (2000100    -515.22946164181)(2000111    -959.137962578789)(2000102    -1088.36092494268)(2000201    -594.168240506697)(2000200    -352.834061705527)(2000212    -500.425)(2000012    -376.25243661528)(2000211    -794.400510904861)(2000001    -963.642878688039)(2000002    -190.856529475099)(1000000    256.372019096113)
2 5      - (2000002    -808.471134365396)(2000102    -902.420693223113)(2000100    -1316.17100715455)(1000000    -1103.31526653129)(2000202    -998.598620531904)(2000001    -1138.21917917899)(2000101    -930.849899710412)(2000210    -942.840502466904)(2000200    -631.223815564677)(2000112    -863.35814227151)(2000022    218.007248772593)(2000012    -23.8700798197453)(2000211    -280.082762957565)(2000212    -209.788275247215)(2000111    -214.666211705554)(2000201    -179.023314358846)
5 1      - (2000101    -1058.24782275629)(1000000    -1338.67620252755)(2000100    -1079.57210071371)(2000102    -768.520390581259)(2000110    -919.187209492656)(2000210    -875.819879274612)(2000002    -554.494343200342)(2000001    -873.477220219772)(2000201    -959.952329871173)(2000200    -918.429998076083)(2000202    -873.526968319995)(2000212    -876.478329126221)(2000211    -796.426029498875)(2000112    -877.210138539965)
1 10      - (2000202    -853.871091104224)(2000110    -1102.24222796056)(2000111    -1139.95712532936)(2000200    186.272215652107)(2000211    -1297.52556148143)(2000201    176.391542361936)(2000102    -294.204935627316)(2000212    -1296.97580181768)(2000012    138.268770535752)(2000112    -1040.6862565608)(1000000    175.258137796704)(2000100    83.1736000907825)(2000001    47.7897127174208)(2000101    112.096343963289)(2000002    108.174731028971)(2000022    -295.63788780196)
13 2      - (2000201    -840.82862976368)(1000000    1276.60934012812)(2000002    -944.501305426775)(2000200    -902.813860964246)(2000100    -801.531746262063)(2000012    -413.960242115359)(2000101    270.694381241767)
1 8      - (2000102    -614.359355881206)(2000200    -528.015998725562)(1000000    -412.733179315008)(2000022    -590.008334347429)(2000100    -781.021636821392)(2000101    -828.125430047196)(2000002    208.909780991627)(2000201    -390.371983372923)(2000110    -351.093246665407)(2000012    118.329419980916)(2000001    24.1525291730133)
0 14      - (2000201    208.176830496705)(2000101    -326.623107533988)(1000000    1230.29569383404)(2000001    -321.154731500419)(2000202    -705.679929099673)(2000100    922.829340207519)(2000002    1177.07282306599)(2000200    748.696644365279)
3 10      - (2000211    -1035.05073290764)(2000112    -1043.41051590965)(2000022    -387.171647777864)(2000200    -152.123670768366)(1000000    147.535774312098)(2000002    31.7335437421648)(2000101    -254.581071924155)(2000201    40.3692216844298)(2000202    -303.29327116862)(2000001    -122.82135418602)(2000110    -613.539274867163)(2000100    30.0284020237256)(2000102    -330.681051228155)(2000012    60.6939226489521)
13 3      - (2000211    -709.067272715935)(2000101    7.16294572432222)
3 14      - (2000001    -119.540265158466)(2000101    802.990222093554)(2000100    326.662806660651)(1000000    300.651028305905)
14 0      - (2000100    -250.800711586522)(1000000    1285.88653196863)(2000101    -191.762226430231)(2000002    315.003492175617)
11 2      - (2000022    -464.794487857098)(2000200    -807.910746700701)(2000100    -680.590322035029)(2000002    -791.346884296496)(2000201    -1246.176511444)(1000000    -302.282246221359)(2000202    -596.419529808291)(2000101    -645.267878618022)(2000102    -1074.54192547132)(2000012    -452.941444260508)(2000212    -728.250440992803)(2000111    -678.585899080672)
0 8      - (2000202    -251.450714528484)(2000001    -955.36541561682)(2000002    122.926088221646)(2000200    -555.850156870007)(2000111    -847.438402805372)(1000000    -196.871040620972)(2000102    -648.941056230128)(2000201    -524.944564265902)(2000101    -622.918536965289)(2000100    -308.739730915132)(2000012    219.14436477327)
1 6      - (2000002    -142.738510158185)(1000000    -881.796780824986)(2000202    -1040.6511906212)(2000102    -632.479502978307)(2000100    -445.734149131742)(2000001    -221.682471727056)(2000201    -614.373010384504)(2000101    -674.128246750631)(2000200    -589.64135710568)
3 15      - (2000002    303.431354606144)(1000000    214.683998173354)
12 2      - (1000000    1277.76465778423)(2000110    -543.546273332914)(2000102    -677.043222676779)(2000101    -991.598480519508)(2000012    -88.2947109322593)(2000201    -604.917977704527)(2000202    -631.231331411116)(2000211    -580.577211539339)(2000001    -520.594302884835)(2000112    -302.416211151501)(2000002    -245.074610107563)
9 2      - (2000100    -404.408044432688)(2000212    -1204.82950940687)(2000012    -91.4962384973101)(1000000    94.2064914617513)(2000200    40.150826323925)(2000102    -777.514989310912)(2000101    76.8919090592042)(2000201    -3.91098895908158)(2000202    -470.72046986084)(2000002    163.479545032826)(2000001    118.608678236635)(2000110    -539.579909555437)(2000210    -476.542061311634)
3 13      - (2000002    -348.516295667317)(1000000    -530.946889493092)(2000200    256.412012355674)(2000001    -679.702971577122)(2000110    -49.0287871241817)
12 0      - (2000100    -1194.45012192891)(2000201    -249.608495407935)(2000110    -449.354678196883)(2000200    -706.460041853891)(2000012    -422.34813917898)(2000202    -1270.33677987946)(2000002    -881.399931920468)(1000000    1212.99401668875)(2000101    -718.71783223842)(2000212    -709.745292222442)(2000111    -942.216329783192)(2000001    -46.1143974633111)(2000022    158.508027095212)
1 16      - (2000201    673.849825911928)(1000000    1168.83105297221)(2000100    271.718761621784)
4 16      - (1000000    722.641538547709)(2000002    337.32629067619)
4 8      - (2000012    -491.129491912796)(1000000    89.1248819379392)(2000201    41.904012767387)(2000200    -69.139658867088)(2000110    25.4717487032747)
2 6      - (2000102    -853.259021831929)(2000202    -914.613144155444)(1000000    -1551.25572647927)(2000002    -807.145916715414)(2000100    -1216.86097325732)(2000200    -773.188413707524)(2000201    -926.631350498583)(2000001    -814.409638780422)(2000212    -722.30214809351)
5 13      - (2000110    -1333.42795650354)(2000002    -149.397721125099)(2000202    -587.926007707444)(1000000    71.9720449801469)(2000101    212.815744768531)(2000100    -130.502437949105)(2000201    -271.388224374294)(2000200    -107.133965434261)
4 12      - (2000102    -1421.112191178)(2000210    -144.95680845958)(2000201    -510.741679009566)(2000002    112.582667740585)(2000202    -573.382430000696)(2000022    -202.439883632726)(2000211    -741.980971493952)(2000212    -526.666835427231)(1000000    198.316036606802)(2000112    -967.413091092424)(2000100    -80.8303034222345)(2000001    137.382014590084)(2000101    -12.2067683973638)(2000200    198.196990590739)
5 4      - (2000101    -627.570608857526)(2000102    -667.829468103986)(2000001    -576.327167684682)(2000002    -812.45786651495)(2000202    -800.34526969966)(2000200    -579.443793008962)(2000100    -534.835749702597)(2000210    -730.239532030292)(1000000    -733.033345004093)(2000201    -693.001476425644)(2000012    250.634732507707)(2000110    -289.862880743087)(2000112    -277.540411206281)(2000111    -179.165232089233)
8 2      - (1000000    -1272.69488617898)
0 7      - (2000201    -754.812345407342)(1000000    370.918806228388)(2000002    16.31264280502)
4 5      - (1000000    -1122.42716335092)(2000202    -855.119232208713)(2000001    -1130.21065219582)(2000102    -806.795428505602)(2000211    -588.943452109499)(2000022    152.819104762051)(2000201    -278.95027617134)(2000012    21.5789702862233)
2 15      - (1000000    1249.2069496564)(2000100    466.315981999899)(2000202    290.152014410791)(2000001    293.698884347733)(2000002    548.35026203296)(2000200    282.862729866993)
5 0      - (2000200    -1018.2987393913)(2000002    -878.27304508641)(2000001    -1061.52929452309)(2000102    -998.434665673259)(1000000    -945.166950323)(2000100    -1081.03164484896)(2000201    -1041.85919463243)(2000202    -422.475707642424)(2000012    147.637810346889)(2000112    -334.630340247245)(2000101    -542.621015561122)(2000212    -478.956924872294)(2000022    26.1786800635084)
5 6      - (2000200    -951.16080392001)(2000001    -674.118748210279)(1000000    -1077.42141522549)(2000101    -456.150649441168)
6 2      - (2000202    -418.321937112284)(1000000    -1450.5842327606)(2000001    -127.173934217076)(2000201    -577.301466205511)(2000002    -382.0430305652)(2000100    -349.176041355418)(2000101    -681.998186788618)(2000200    -529.181261341202)(2000102    -351.907611318474)(2000110    -680.22675565227)(2000111    -512.702313135874)(2000112    -282.961578360485)
4 7      - (2000002    -141.368057178647)(2000201    -139.420953090657)(2000200    -123.828386654882)(1000000    157.544006312493)(2000100    -216.173200765193)
0 16      - (1000000    801.100566168486)(2000001    493.09349992199)(2000002    741.377420738932)(2000200    1220.42905790055)(2000101    334.965970133235)(2000100    316.278854381915)
0 6      - (2000202    -929.236385440473)(2000102    -1148.67393966514)(2000002    -381.509191956761)(2000101    -1284.14838775005)(2000100    -1131.91561687945)(2000001    -1229.84668428983)(2000200    -1113.43214999135)(2000201    -1064.68324460086)(1000000    -575.98552976052)(2000012    -0.915947669208157)
6 0      - (2000102    -893.588779436787)(2000100    -1088.9855869995)(2000101    -539.876177001683)(2000202    -848.231371416788)(2000112    -989.60326665292)
6 8      - (2000102    -629.760573646533)(2000201    -755.192222387147)(2000101    -633.370008040689)(2000200    -315.621356829585)(2000100    416.840522230346)(1000000    234.104210135719)(2000002    227.773063571915)(2000202    -23.1737551803812)(2000001    -37.2210362595762)
11 3      - (1000000    -671.850824049172)(2000002    -172.350824049172)(2000201    -146.628578996828)
4 9      - (2000002    -843.291401315174)(2000200    -304.232729247065)(1000000    56.9656390674142)(2000101    333.811337493635)(2000100    -162.669818292638)(2000012    37.9869995609275)
0 15      - (1000000    1287.96828005385)(2000201    644.793384852053)(2000200    702.58678534516)(2000100    687.858946046242)(2000001    297.356990954024)(2000101    322.65354260843)(2000002    722.641472270221)
4 14      - (2000200    -215.196016773779)(2000002    -224.53573664813)(2000101    -167.978141733297)
3 6      - (1000000    -1340.04233464053)(2000102    -979.953216209706)(2000002    -468.864595654908)(2000012    -218.140538794226)(2000202    -706.122394738498)(2000201    -778.561766952902)(2000200    -234.598136903943)
6 1      - (1000000    -597.557298487232)(2000002    -756.859309958473)(2000001    -389.543256765445)(2000100    -600.537647234996)(2000101    -606.199061820008)(2000202    -983.595497775097)
3 16      - (1000000    330.07320890629)
5 2      - (1000000    -1393.78514799756)(2000101    -1151.39378513947)(2000202    -1164.20524128687)(2000201    -1319.913711767)(2000001    -747.32402562955)(2000210    -591.642256569331)(2000200    -1282.1765387468)(2000012    -308.979289438213)(2000002    -614.273737469257)(2000022    239.567567453296)(2000112    -327.622339843628)(2000212    -511.199559470267)(2000111    -299.741530998862)(2000211    -214.058822489371)(2000102    -214.058822489371)
5 14      - (2000110    -636.31736419012)(2000200    -263.589424491551)(2000002    -61.4154363952791)(1000000    289.228697821591)(2000100    368.450879731054)(2000101    -64.2215318428854)(2000201    -183.79751892859)
5 5      - (2000202    -466.809181295223)(2000201    -256.859309958473)(2000200    -34.5950204981914)
5 10      - (1000000    74.1810446101198)(2000002    -271.230644475415)(2000201    -202.537109335199)(2000200    -188.465188273728)(2000101    324.454177856819)(2000100    179.280226063979)
8 3      - (2000002    -148.11225465863)(1000000    -147.67475465863)
4 11      - (2000101    -194.037575016718)(1000000    -245.915195068343)(2000001    -106.733378466049)(2000201    -482.008283901667)(2000002    171.445170028057)(2000202    -432.761542610254)(2000100    -242.025986591105)(2000200    -230.306139203887)(2000110    -371.894335605732)(2000102    -313.91371137825)(2000012    73.7970820962138)
4 6      - (2000101    -612.354761656161)(2000202    -361.205520653766)(2000100    -209.048607595235)(1000000    -997.067501814425)(2000110    -693.781953390917)(2000001    -527.667492557675)
1 15      - (1000000    1267.41184975948)(2000002    658.795720682931)(2000100    510.77192444622)(2000201    270.559715283698)(2000001    523.004758439967)(2000102    365.374407263679)(2000101    276.378670350799)
15 0      - (2000200    390.603447070989)
5 8      - (1000000    174.958954077761)(2000001    -918.339742335398)(2000002    -1.83312068642948)(2000201    -64.4475399443182)(2000200    -15.8544927447226)(2000100    -7.5405783385431)
2 16      - (1000000    695.546447365919)
11 4      - (2000202    -1222.6482800414)
5 9      - (1000000    138.771655482607)(2000002    -335.360050872152)(2000101    -290.280155953669)(2000201    -158.289393183091)(2000200    -163.504228081197)(2000100    -19.5031762196588)(2000001    -99.8885302757694)(2000012    429.877063617799)
12 3      - (2000101    -1151.47288222563)(2000111    -603.54906140301)
9 4      - (1000000    -1277.80576899333)(2000001    -423.04397671453)
3 17      - (1000000    397.291263335235)
15 3      - (1000000    619.685718425381)
1 17      - (1000000    1081.76527888287)
7 1      - (2000001    -93.2227447314173)(2000202    -93.3227447314173)(2000200    -139.084117097126)
4 13      - (2000012    115.508345468762)(2000100    41.8633168309691)(1000000    103.861179181935)(2000002    213.969680804827)(2000210    31.3854236628348)
6 13      - (2000012    -336.278274181011)(2000002    -280.265009749902)(1000000    77.8710082452818)(2000101    277.15600747404)(2000201    -31.6679677505472)(2000200    -461.580657606394)(2000100    170.156254745775)
5 12      - (2000102    -751.420047824143)(2000201    -360.093397487659)(2000100    -464.915862790933)(1000000    311.10982984904)(2000002    291.531022560817)
7 2      - (2000101    -1711.92599074689)
6 4      - (1000000    -1105.58074588706)(2000001    -85.3317906571697)(2000100    -1139.79882638041)(2000201    -90.7148160399965)
6 6      - (2000201    -454.689304569608)(2000101    169.313851819369)(1000000    291.077851556566)(2000001    -67.9958805234997)(2000100    -9.87726663767216)
7 5      - (1000000    272.231417180889)(2000200    -165.498789405754)(2000100    93.9398165647089)(2000201    -219.914432468158)(2000002    96.3476758635088)
6 5      - (2000002    -444.945912931632)(2000100    -398.533947121535)(2000201    -205.704127114987)
7 9      - (2000101    -334.067847765687)(2000100    -90.4461120242069)(2000102    -335.076536497413)(1000000    -52.1643700620757)(2000002    -243.383365692541)(2000001    -856.372986145567)(2000201    -281.438987002046)(2000200    -318.138733678645)(2000012    -264.783405766472)(2000210    -171.888845140701)
8 9      - (2000201    -530.300884577471)(2000200    -741.615626239215)(2000001    -647.714488939425)(1000000    -200.46120854705)(2000110    -72.2128220060432)(2000101    145.087515957531)(2000012    -494.257010004835)(2000100    -381.746244680131)(2000002    -239.602202921967)(2000210    -78.9799210563998)
11 9      - (2000100    -72.8536463186319)(2000012    -320.509754208449)(2000001    -269.058114827685)(1000000    7.76970175813833)(2000201    -450.422527653729)(2000200    -563.176911229111)(2000101    83.1426421538508)(2000110    192.711744873299)(2000210    -456.682356706185)(2000202    -487.364236882616)(2000002    -457.838243706457)(2000102    190.896825144503)
9 9      - (2000101    206.999398017141)(2000201    -386.550743635505)(2000200    -311.346523366738)(2000100    -162.253644108886)(1000000    -45.376086475085)(2000001    -243.852062868842)(2000210    -329.950691521961)(2000002    -670.820547784911)(2000012    -273.517217905062)(2000110    207.020984418957)
9 10      - (2000200    -489.520356297367)(2000100    -267.738579390627)(2000001    -193.815042291269)(2000002    -372.902978250367)(2000202    -638.06706218996)(2000201    -118.399714800956)(2000101    111.384797685404)(1000000    -92.2920819944024)(2000012    -301.897832583189)(2000110    186.926613719039)(2000210    -67.567422396525)(2000102    84.1485817457775)
10 9      - (2000102    -429.922802291735)(2000202    -434.822635181407)(2000100    -177.289499083559)(1000000    -271.054398474859)(2000001    -547.235822508431)(2000101    178.883771458445)(2000110    182.868909413098)(2000201    -153.952551711699)(2000002    -368.212314272192)(2000210    -82.5177215576863)(2000200    -511.358854360078)(2000012    -439.660015394044)
10 11      - (2000002    -339.217563781318)(2000012    -262.350643440904)(2000001    -632.411153304175)(2000101    140.74187466258)(2000100    -429.000581862357)(2000200    -229.997597469505)(2000110    188.334397971289)(2000102    217.363762940753)(1000000    -120.712695908551)(2000202    -209.183090958644)(2000210    -49.6928979091145)(2000201    -267.679092412612)
8 11      - (2000110    68.1828431698416)(2000002    -370.604097857197)(1000000    18.2326297931987)(2000101    -64.3014848309913)(2000001    -314.129443310725)(2000200    -495.412560066943)(2000100    -178.909450782103)(2000201    -245.09824248983)(2000102    30.4047355846511)
13 10      - (1000000    -105.838921226235)(2000202    -695.762641716565)(2000200    -598.602580137729)(2000101    187.836959360381)(2000002    -411.145870084233)(2000110    197.292482097933)(2000001    -203.22563120478)(2000210    -331.174449534953)(2000100    22.2186630508839)(2000201    -313.123603343626)(2000102    208.431526343729)(2000012    -162.437141850065)
12 11      - (2000102    230.389082682553)(2000100    -628.374770152497)(2000201    -981.94860147525)(2000112    -98.3245911724736)(2000012    -498.281105405938)(2000002    -608.058813121364)(1000000    -371.776195943998)(2000101    -480.485995362506)(2000202    -637.449668732025)(2000200    -631.02314871154)(2000001    -396.607602948469)
12 12      - (1000000    -425.797125253022)(2000202    -65.8908160406675)(2000200    -460.254222526096)(2000201    -41.5977512978352)(2000001    -382.046917938474)(2000102    193.597785974391)(2000100    -124.147089710604)(2000002    -366.749579207321)(2000101    -228.931811977762)(2000212    -815.539889351573)(2000012    -483.075822669126)(2000110    182.352195268118)(2000112    191.169421897071)(2000022    -208.2640384672)(2000210    -405.314722847919)
10 10      - (1000000    -388.868171864627)(2000001    -365.703779397744)(2000100    -214.103918445917)(2000102    206.179976165124)(2000002    -465.686863543731)(2000101    -152.586395758781)(2000110    177.414362842758)(2000201    -470.624184001953)(2000202    -533.364271042755)(2000012    -87.3127658258369)(2000210    -338.926702293499)(2000200    -161.143970141125)
10 12      - (2000201    -68.1300621993578)(2000202    -160.454651247358)(1000000    -281.576458696889)(2000102    252.442173042032)(2000200    -227.723529610458)(2000001    -631.733361306725)(2000100    -428.486494682538)(2000002    -116.389501548839)(2000101    211.279312236223)(2000110    210.122118135832)(2000210    -90.2071442468913)(2000012    -95.1713270179472)
9 13      - (2000201    88.4365947600546)(2000002    -438.517956421492)(2000200    -339.032632414122)(2000202    -112.49284187287)(2000210    -465.443831350026)(2000101    131.966260935716)(2000001    -605.105809477218)(2000100    -262.37996398575)(2000012    -503.15372502967)(1000000    57.0963723422115)(2000110    211.134051309882)
14 10      - (2000201    -461.955867709397)(2000100    -76.5272215847136)(2000200    -737.766274427797)(2000102    163.77312617213)(2000210    -133.753871821947)(1000000    -304.23081228409)(2000001    -382.736594975546)(2000012    -232.778837585201)(2000110    202.692291768695)(2000002    -164.945352966737)(2000101    -294.179756797409)(2000202    -505.201677837052)
10 14      - (2000110    210.851631115112)(2000001    -746.46046396028)(1000000    -246.951800608294)(2000002    -219.433220385948)(2000101    -148.888693820499)(2000100    -619.242485666907)(2000210    -123.937914063299)(2000022    -204.069469121214)(2000200    -474.285960794341)(2000201    -339.76362349565)(2000012    -636.589728286)(2000102    -342.377830060621)
9 14      - (1000000    -64.4093009150305)(2000100    -324.433170138665)(2000002    -189.608183376478)(2000001    -407.963619862099)(2000102    -354.178620038746)(2000210    -706.89864294323)(2000012    -312.534641691836)(2000101    -183.834558142414)(2000201    -302.123679890425)(2000202    -427.942265761824)(2000200    -381.725051480527)(2000110    232.743716374473)
6 9      - (2000100    -77.0169618138076)(2000201    228.34080505899)(1000000    -81.2654398824028)(2000001    -550.758851137713)(2000002    -314.074170680731)(2000200    -291.189094166467)
10 13      - (2000200    -257.554189639688)(2000001    -260.827682551907)(2000100    -208.608030007723)(2000202    -662.188762077415)(2000210    -74.628553892986)(2000110    204.740362003918)(2000002    -260.526144598554)(2000102    -91.1086126723692)(1000000    -91.3002833444113)(2000201    -491.777049840192)(2000101    202.126770384766)(2000012    -538.577645722876)
14 11      - (2000101    199.555209792509)(2000002    88.595887292519)(2000102    17.9927191699532)(1000000    -718.113693565733)(2000001    14.1050268616491)(2000202    136.529853343339)(2000100    148.54453482135)(2000200    78.169126573989)(2000201    97.6605250418845)(2000022    -234.628306545838)
12 10      - (2000200    -766.051310212914)(2000100    -292.583380445314)(2000002    -142.062219231511)(2000102    135.400653724854)(2000210    -519.899330097299)(2000001    -550.742162939221)(2000110    211.520131716313)(1000000    -135.667379297027)(2000201    -586.21805661747)(2000012    -434.050393329822)(2000101    -455.440514290683)(2000202    -436.593124976526)
9 12      - (2000100    -217.128735638202)(2000210    -428.740735625524)(2000002    -458.623174993097)(2000201    -230.04468904904)(2000001    -470.66368120809)(2000101    108.457880796773)(1000000    25.9359094177875)(2000200    -639.527776578726)(2000110    202.833263235821)(2000202    -127.936171287138)
13 13      - (2000201    222.25734171142)(1000000    -816.605717088254)(2000002    222.034870030702)(2000202    221.972146819558)(2000200    147.367826387778)(2000100    221.483841802082)(2000102    199.125606618608)(2000001    145.107077953086)(2000101    215.753721145853)(2000012    -681.232104232387)
7 13      - (1000000    216.160021995599)(2000100    -339.980832797944)(2000002    10.3477281374195)(2000101    -481.125341691008)(2000200    -6.50825940591062)(2000210    -250.762029042982)(2000201    -184.876336410739)
10 8      - (2000202    -81.3817267850993)(2000001    -784.530817802761)(2000100    83.9258107407036)(2000200    -781.550927825627)(2000002    -572.757499277669)(2000101    -271.538947458174)(2000110    58.5457411997681)(1000000    -380.39105656593)(2000012    -270.127058315135)(2000201    -342.646103101246)
14 14      - (1000000    -708.968983154675)(2000201    217.545818117619)(2000002    110.62589534374)(2000101    161.209625716255)(2000102    217.747861092063)(2000200    129.146310055254)(2000001    217.11424332508)(2000100    173.454803939174)(2000202    217.476651020003)
7 11      - (2000200    -66.7254482086891)(2000101    -130.150944124169)(2000201    12.903960125615)(1000000    145.865935278255)(2000100    14.0869967746457)(2000002    -265.577263390901)(2000001    -531.86105513451)(2000210    -395.29699339248)
11 8      - (2000100    -18.5186548091865)(2000001    -323.352731787361)(2000101    49.372997095117)(2000200    -882.823826595956)(1000000    -82.6612539302914)(2000201    -472.803077929782)(2000002    -421.558292038579)(2000210    -126.224251837258)(2000110    156.032907934579)
13 12      - (2000202    142.14668837231)(2000002    217.276129847034)(2000102    149.288714083763)(2000201    131.961458317333)(2000101    204.04121919596)(1000000    -789.295875304616)(2000001    101.055307372728)(2000100    134.041022893429)(2000200    171.657833024703)
13 9      - (2000200    -892.032350353197)(2000202    -431.096382540442)(2000002    -282.245024094488)(2000110    204.579472413063)(2000001    -471.590324070235)(2000201    -311.498783425468)(2000100    -288.036456454594)(2000101    140.866218997728)(1000000    -273.005442582947)(2000210    -159.766668723648)(2000012    129.214316089173)
14 13      - (2000100    216.978687029125)(2000102    216.767102206231)(2000202    216.618022482155)(1000000    -718.534610752747)(2000200    210.190308641354)(2000201    188.652696822214)(2000101    127.187913990351)(2000002    133.231071069338)(2000001    159.872235876281)
11 13      - (2000002    -136.489981508112)(2000001    -606.230299889947)(2000102    -272.149069841122)(2000101    72.3770455800744)(2000200    -364.959921777787)(2000201    -256.232384428948)(2000110    237.030333943284)(1000000    -203.80983498707)(2000202    -369.636289275239)(2000012    -413.542096410726)(2000100    -425.831127629053)
10 15      - (2000002    -993.908953343691)(2000100    30.8157848868972)(2000200    -363.10729689996)(2000001    -395.748832313515)(2000201    -225.742619505196)(1000000    -194.250836980193)
14 15      - (2000101    221.360281993553)(2000100    84.1600810514047)(2000002    44.5550113708773)(2000201    149.09574803896)(2000200    155.565045867977)(2000001    134.412386676763)(2000102    213.792032648774)(1000000    -806.050444015628)(2000202    142.523776656535)
8 13      - (2000200    -521.944607260514)(1000000    -306.396711580377)(2000201    -932.470900849578)(2000002    -110.403325237354)(2000102    52.6022768563121)(2000101    -290.485640924518)(2000001    -521.460995824908)(2000100    -504.358675162671)(2000110    52.3535222541129)
14 9      - (1000000    -4.09944822989152)(2000200    -619.580767840522)(2000100    -65.9768863766014)(2000201    -363.229021249107)(2000002    -221.404926959993)(2000202    -496.972770563144)(2000101    14.5086975990893)(2000001    -289.459335038547)(2000102    -119.224500067706)(2000012    -290.264205524832)(2000110    214.785146589674)
12 14      - (2000101    105.382485405008)(2000200    149.599517057699)(2000002    185.474400083954)(2000202    198.279593786028)(2000102    132.017966869984)(2000201    213.794374011427)(1000000    -731.246228513795)(2000100    168.716206896432)(2000001    213.538262906273)(2000112    -108.665735790579)
9 11      - (1000000    -52.8771886032459)(2000100    9.66406379791501)(2000102    -83.3358886640391)(2000002    -238.928033905617)(2000202    -429.098993416111)(2000210    -242.99555486662)(2000200    -56.7082204666744)(2000201    -43.9984814653901)(2000101    174.437135305897)(2000110    193.467284985673)(2000001    -307.952013969724)(2000012    -161.393736553697)
11 10      - (2000100    -483.164556472448)(2000210    -451.639955000256)(1000000    -101.288607880424)(2000202    -698.05320371182)(2000200    -613.858902247781)(2000201    -284.524007266474)(2000002    -499.582199581946)(2000012    -121.5154926072)(2000110    179.102018307715)(2000001    -429.222542365571)(2000101    176.062210956691)(2000102    195.901659362809)
9 8      - (2000110    139.801157307122)(2000001    -843.219218554242)(2000101    -626.415098012488)(2000002    -638.687512553941)(2000200    -449.208483951813)(1000000    -193.011807534965)(2000201    -35.3716656520153)(2000100    -121.261973750763)
7 15      - (1000000    292.983464812169)(2000200    -344.331329434971)(2000002    -349.578147459033)(2000100    -392.816695819497)(2000101    -386.966612477837)(2000201    -89.952496804095)(2000001    -244.035216491759)
13 14      - (2000002    188.850351156458)(1000000    -821.150380061444)(2000101    221.247588325957)(2000001    225.932309170241)(2000100    225.70401472873)(2000201    226.478838548575)(2000200    226.131915824651)(2000202    197.992872417149)(2000102    154.024805503054)
14 12      - (2000002    224.363635692995)(2000102    77.2787864687718)(2000001    224.07137405042)(2000100    163.343208992811)(2000200    164.965477488006)(2000201    205.214713187203)(2000101    224.227460627131)(1000000    -784.772405882772)(2000202    224.290422937397)
13 11      - (2000102    189.171551061312)(2000022    -434.899373077349)(2000002    -397.942938834385)(2000100    36.9174547347195)(2000001    -694.216945142262)(2000201    -779.130893149596)(1000000    -184.967586082561)(2000212    -648.160500456829)(2000101    -705.123957856988)(2000200    -630.931726371407)(2000202    -615.523953089124)(2000012    -404.014561171539)(2000210    -551.186426256379)
12 13      - (2000201    183.453374403989)(2000102    146.264646028405)(2000101    140.535789853938)(2000100    233.788620748582)(2000002    233.174256306578)(1000000    -716.808562974284)(2000202    178.179802606564)(2000200    172.706853038976)(2000022    -808.886630556137)(2000001    234.036813819774)
7 12      - (2000002    -426.150700691546)(2000102    39.1184346011973)(2000100    -229.646005939612)(2000012    -42.3027584012034)(2000200    -668.863272068772)(1000000    143.472940630985)(2000101    -35.6423743617868)(2000201    -217.633414014939)(2000001    -179.410910916477)
6 10      - (1000000    39.6077234421216)(2000100    -375.201024318075)(2000001    -304.390189985048)(2000200    -262.625060152841)(2000002    25.6275065970869)
8 10      - (2000101    -848.880576027095)(2000210    -407.7255177309)(2000100    -425.19359197391)(2000201    -520.666889762413)(1000000    -134.085493243815)(2000001    -687.208790215305)(2000110    -489.985270620048)(2000200    -644.960574203362)(2000002    -490.735436469016)
7 10      - (2000002    -362.55250712911)(1000000    -64.0376817954408)(2000100    -303.028438667821)(2000200    -503.46232566297)(2000101    98.7539360684414)(2000201    -526.221232204667)(2000001    -451.10070542054)
8 12      - (2000100    -109.527999344383)(2000001    -667.033123056674)(1000000    -57.7257993879042)(2000200    -374.219520538651)(2000101    -295.611939658323)(2000002    -107.485490796544)(2000201    -321.398402067836)
13 15      - (2000200    147.159380327973)(2000001    205.554750130679)(2000102    59.7673272248745)(2000101    98.681639884199)(2000100    89.6055531170926)(2000201    221.643051239553)(2000202    154.902024623159)(2000002    144.617518802083)(1000000    -742.479626656725)
13 7      - (1000000    -117.432204851778)(2000001    -311.470260835844)(2000002    -180.951802917116)(2000100    -157.830383058537)(2000201    -37.1017222818589)(2000200    -294.824516340031)(2000110    189.413667642196)(2000012    -274.216560404073)(2000101    -292.679802832327)
11 11      - (2000200    -339.230692777973)(2000202    -693.387591378039)(2000012    -159.503229266408)(2000001    -1014.52899576048)(2000212    -894.747458216839)(2000210    -482.792712953595)(2000002    -575.807675814972)(2000201    -871.251513975533)(2000022    -2.51350433595445)(1000000    -141.488418159605)(2000102    201.79889808866)(2000101    -67.9525181550586)(2000110    200.437900923009)(2000100    5.85271393967277)
12 6      - (1000000    121.031008843973)(2000002    -303.488586290703)(2000210    -295.425149441598)(2000100    -466.622447548346)(2000101    -338.506532425465)(2000200    -376.826434289677)(2000201    -300.181119224517)(2000001    -406.73111775856)(2000012    -347.751404899812)(2000102    306.387933384426)
12 7      - (1000000    39.5967084355484)(2000200    -450.270643474261)(2000012    -186.811595101855)(2000100    -479.975390779335)(2000002    -397.74843614448)(2000201    -226.066359436807)(2000101    191.742681097007)(2000001    -581.764877444567)
12 15      - (2000101    251.719375188338)(2000202    174.7835045135)(2000100    26.5426759646496)(1000000    -953.03287738899)(2000201    112.646878367657)(2000200    80.9702826095616)(2000102    252.324396094448)(2000002    24.1448606027615)(2000001    139.539251593104)
10 16      - (1000000    -871.346718836553)(2000001    -607.262550200508)(2000100    -661.66368708977)(2000101    266.070222704042)(2000201    -331.917577361469)(2000002    -327.797601286025)
8 15      - (2000201    -391.959991562869)(2000002    -612.962609685306)(2000200    -243.88961799971)(2000101    -400.262569995078)(1000000    231.525347419881)(2000100    261.836028132501)
5 7      - (2000102    -88.6561169077444)(2000101    70.400042051554)(2000002    -533.664501979051)(2000100    224.945133834076)(1000000    57.4689106208225)(2000201    -90.8077193309018)(2000200    -232.683920900789)
8 8      - (1000000    -13.1490263439252)(2000200    -512.765687670473)(2000001    -260.081795541159)(2000012    -248.009797581519)(2000100    40.7162874189407)(2000102    100.722855731395)(2000002    -10.8576686951987)(2000210    37.9503481179025)
11 12      - (2000012    -186.667557544279)(2000100    -486.999351208446)(2000202    -662.737023929183)(2000001    -84.6615092431354)(2000002    -812.655218188057)(2000201    -238.624952729802)(2000212    -838.057748258107)(1000000    -204.697128369966)(2000210    -773.646612360978)(2000101    69.5107530384175)(2000102    -195.95461884669)(2000200    -364.477882190434)(2000110    197.04840319435)
17 9      - (2000002    -690.684296264544)(1000000    24.0696802593866)
15 13      - (2000200    247.12155846332)(2000102    104.195252266585)(2000202    123.572637648046)(1000000    -953.636953081496)(2000101    138.700943515457)(2000001    126.971168965829)(2000201    94.8910502303227)(2000100    102.184966537418)(2000002    246.641623180543)
14 16      - (2000202    -88.0894604034966)(2000200    -15.316434729652)(2000100    77.008244329896)(2000201    36.9490321660317)(2000002    124.96770284258)(2000001    5.05102125894601)(1000000    -917.320491928578)(2000101    96.5987442406373)(2000102    260.272559027055)
10 6      - (1000000    179.042793759376)(2000201    -501.460958306452)(2000001    -393.384154240584)(2000002    -190.428649962147)(2000101    243.659529364393)(2000100    259.470253414015)(2000200    -114.779574195448)
6 16      - (2000101    48.0150967503579)(1000000    151.759430232925)(2000102    8.06970893044479)(2000100    205.175429188377)(2000002    -160.200774472126)
12 8      - (2000200    -876.057503149553)(2000002    -413.879466015705)(2000012    -99.002948336743)(2000100    -429.19144709906)(2000101    -269.214440670067)(1000000    -72.8534753375369)(2000201    -189.421723627521)(2000001    -646.502756602193)
8 7      - (2000201    -63.5557647087252)(2000002    47.2323469271619)(2000101    -124.275969162111)(2000100    -191.277765052677)(2000200    -328.467687992031)(1000000    -55.5383436464695)(2000001    -410.589374434424)(2000012    152.7962754951)
16 10      - (2000201    -517.30367287988)(1000000    -375.406116451325)(2000101    14.7185435536949)(2000002    -488.075628077237)(2000200    -199.708623718796)(2000100    -320.883446068602)
9 16      - (2000200    -698.711827455519)(2000201    -406.614101081013)(2000001    -314.705677319272)(2000002    -159.558095034024)(1000000    52.8324500462384)
8 16      - (1000000    58.8969808736453)(2000100    159.501210105813)(2000201    -253.742078691754)(2000002    -387.783822022937)(2000101    243.258859993264)
13 8      - (2000200    -546.017982343868)(2000101    229.930569275179)(1000000    -85.4051039050047)(2000002    -117.137771852461)(2000102    240.204212856463)(2000201    -268.770871551891)(2000210    -324.039351982703)(2000100    -225.263514686099)(2000012    -186.986072854285)
15 15      - (2000001    170.574197894207)(2000201    44.4647013834715)(2000202    120.45443067709)(2000100    199.921269579515)(2000102    138.671690017249)(2000200    218.565350384864)(2000101    218.387469270506)(1000000    -885.768025550504)(2000002    204.740722749259)
16 14      - (2000102    -173.012820082113)(2000001    81.503016730198)(2000202    62.2617783764543)(2000201    -182.949364464458)(2000100    148.420664888167)(2000200    162.821028480485)(2000002    231.673120200673)(1000000    -818.054671302528)(2000101    162.612251371888)
16 9      - (2000002    -688.617925154607)(1000000    -172.082192681356)(2000100    154.924461901313)(2000200    -175.829896135242)(2000201    -111.818920672383)(2000101    403.310975604788)
9 7      - (1000000    131.618123466642)(2000002    -98.557461762898)(2000001    -627.284072840352)(2000100    37.178001621817)(2000200    -246.248519823572)(2000201    -466.851567929312)(2000101    216.699865647833)(2000202    37.0999849517681)(2000110    79.1883545896286)(2000210    -201.939284264845)
14 7      - (2000201    -362.988877466099)(2000100    -277.929631732167)(1000000    25.9086084405059)(2000200    -10.5459055507813)(2000102    126.541694651339)(2000001    -582.121598103103)(2000101    -332.377547158688)(2000002    215.077539179033)(2000202    -399.265592553969)(2000110    77.8971554301181)(2000012    99.7640747165971)
15 16      - (2000200    88.8430511136354)(2000002    61.6195573605892)(2000201    146.761305115403)(2000202    -325.913338662165)(2000001    -130.094680935378)(2000102    230.96061496002)(2000101    30.5618772554553)(2000100    162.100594202719)(1000000    -434.049655246218)
10 7      - (2000100    -316.492250734287)(2000201    -63.2347013996108)(2000200    -458.433944938865)(1000000    51.9140105705665)(2000110    424.624775636627)(2000101    171.89294497401)(2000002    -331.518324592995)(2000001    -173.510212325095)
11 14      - (2000002    63.9751616478499)(2000100    -99.1219933830963)(2000101    -181.855480439876)(2000102    170.03987514311)(2000202    -56.7093061205593)(2000001    -189.813099163483)(1000000    -631.594883774498)(2000200    192.747598714075)(2000201    -29.8355515497807)(2000210    -72.3700281559163)(2000022    -155.541306690288)(2000212    -469.658219370457)(2000012    -208.968357535818)
15 10      - (1000000    -622.681850319827)(2000002    -792.21792897103)(2000101    94.9325382565475)(2000200    -653.273676195936)(2000001    -479.843950881917)(2000100    -83.4086387396096)(2000012    -318.333684683363)
15 14      - (2000102    170.106300806895)(2000202    168.259896368861)(2000101    156.080745023129)(1000000    -851.405429691475)(2000002    113.396986874099)(2000001    68.3330105908236)(2000200    235.335691238786)(2000201    235.052008161818)(2000100    121.109012541001)
16 15      - (2000201    -12.9293623340087)(2000200    29.4789520011687)(2000002    164.361430131495)(2000100    100.166009768983)(1000000    -1055.37559438019)(2000102    13.7084962702667)(2000101    -7.10254609694947)(2000202    27.7520862385732)(2000001    263.168933391608)
7 14      - (1000000    93.883759398291)(2000002    84.9111942032272)(2000001    -586.384570399115)(2000201    -481.934283277955)(2000101    -455.576579691294)(2000100    -192.168056740814)(2000200    -481.308651378315)
9 6      - (2000100    466.636395004113)(1000000    252.722358355732)(2000002    -154.238764485797)(2000200    -248.027648527413)(2000101    -0.490453575728712)(2000201    140.069094083074)
16 11      - (1000000    -545.068422855316)(2000200    -571.811179006792)(2000201    -493.597174750452)
16 8      - (2000100    -206.597453375214)(1000000    -22.0592987942109)(2000200    -73.0871699287345)(2000002    -204.96955948192)(2000001    -174.188154300331)
6 17      - (1000000    304.52839480596)(2000200    -199.063390507915)
11 6      - (1000000    92.9679323656499)(2000100    -220.537839675669)(2000001    -630.48773748131)(2000101    -94.8322767860855)(2000200    -397.2261909112)(2000012    -2.85978700269595)(2000201    284.698776167661)(2000002    -40.2830883907415)
7 8      - (2000210    -502.173738030966)(1000000    -179.633742841163)(2000001    -513.443827239132)(2000101    63.4366769964302)(2000201    -645.24076377709)(2000100    -413.483501009434)(2000002    -533.082821820206)(2000200    -139.495582767707)
15 8      - (2000100    -450.881167427198)(1000000    -61.7874754236598)(2000200    -673.350190692458)(2000002    -204.410794847952)(2000210    -438.909771975773)(2000001    -455.252798088206)
12 9      - (2000100    92.8162383147141)(2000012    -266.700611557481)(2000210    -306.438199040956)(1000000    -218.691000272312)(2000002    -272.329201146254)(2000200    -441.803250882749)(2000101    158.619230696669)(2000110    165.056178086018)(2000001    -521.099154444651)(2000201    -149.758629103045)
14 8      - (1000000    221.742271542591)(2000101    219.931643545444)(2000201    -223.579713437118)(2000012    -335.683394828913)(2000100    -260.134962469965)(2000001    -411.312596685346)(2000002    -573.953013073317)(2000200    -230.331071348973)
7 16      - (2000100    -142.474904683995)(1000000    -272.869075117365)(2000101    7.44224198688525)(2000002    -553.10309879269)(2000201    33.9449961580786)
16 13      - (2000002    51.5255283298577)(2000102    317.84048499954)(2000201    -8.55691151974239)(1000000    -522.6299659035)(2000202    43.0294379888331)(2000001    106.635816625712)(2000100    120.161832693637)(2000101    26.8180478493133)
15 12      - (2000202    27.472853052335)(2000102    93.2358715626797)(1000000    -878.465520747516)(2000101    -112.659408411188)(2000100    30.4577856035331)(2000201    122.133957347535)(2000002    126.934004098575)(2000200    113.383140763994)(2000001    223.694519657866)
6 18      - (2000002    -171.741691192981)(1000000    -94.4991728788118)
15 9      - (2000101    265.72615095251)(1000000    -54.6117140825695)(2000002    -461.741363901081)(2000200    -577.784458854454)(2000001    -362.832562820976)(2000210    -277.754896584323)(2000012    -326.060239462228)(2000202    -143.846431502735)(2000100    -160.137814354897)
6 11      - (1000000    165.089744859763)(2000100    -192.817011160376)(2000101    279.044603156506)(2000201    -54.7256868278794)(2000002    164.477156011523)(2000200    -60.832789017398)
15 17      - (2000100    -95.4577510263814)(2000002    -138.30041786562)(2000200    26.9651094655403)(1000000    -317.30722083175)(2000102    -32.2662594132972)(2000201    -4.3859067313113)(2000202    253.67714539631)(2000001    11.6451872815533)(2000101    50.9285281241143)
17 16      - (2000101    -183.950641353187)(2000100    -132.291011561165)(2000102    -87.1898795939012)(2000201    -146.495890014462)(2000202    253.393363790563)
8 14      - (1000000    -71.7481193544519)(2000110    251.284617691129)(2000001    -613.013981701883)(2000100    -293.451506228496)(2000002    -480.235811100216)(2000101    -287.120580785502)(2000201    -540.870734275559)(2000200    -377.427120711388)
13 16      - (2000001    -61.8397270140095)(2000002    51.8080856266899)(2000200    61.7832283426963)(1000000    -845.112570502767)(2000201    38.6463633051488)(2000202    6.06174059231488)(2000101    14.2818298713363)(2000102    56.9769944389185)(2000100    256.837315184669)
7 6      - (2000001    -502.173738030966)(1000000    209.239189458444)(2000200    -53.3223745235012)(2000002    154.733442692864)(2000210    -144.291065830823)(2000100    -224.504320380634)(2000201    -268.261259977341)(2000101    115.09429183824)
6 15      - (1000000    57.3783453312544)(2000002    -114.417582453237)(2000200    -242.113739615069)(2000101    -24.7911432646213)(2000012    -279.173149790442)(2000100    -119.538573952384)
9 15      - (1000000    -102.272765626267)(2000101    301.157602417699)(2000001    -584.888621069955)(2000201    -24.4137690019822)(2000202    -250.762029042982)(2000100    298.26059026547)(2000002    -194.562664385834)
8 6      - (2000100    -125.809164368559)(1000000    110.320617673808)(2000101    -274.677094078741)(2000002    -186.987786927459)(2000200    -68.1973345216235)(2000201    -184.410680195166)
6 12      - (2000001    -798.08645907676)(2000200    -690.673131798465)(1000000    198.598802501093)(2000201    -432.423992314555)(2000101    -182.448631528154)(2000002    -99.7829742925734)
15 7      - (1000000    -102.178911920037)(2000002    -660.762507396102)(2000201    -523.249307823187)(2000001    -454.537427786529)
17 8      - (1000000    -272.834257729437)(2000200    -210.783631110998)(2000101    51.3353362900115)
5 11      - (1000000    -17.1494230790532)(2000201    -309.042023536831)(2000200    -162.730263201019)(2000002    127.066052198617)(2000101    -74.904236454007)
16 16      - (2000201    3.71530707131966)(2000102    125.27212490353)(1000000    -773.495802115782)(2000001    81.1947797866952)(2000200    83.259670220493)(2000002    71.5778996349851)(2000202    42.9053237047844)(2000100    234.12251843615)(2000101    97.6331066164836)
11 7      - (2000101    154.998095000813)(2000100    -194.004406085597)(2000110    129.511022419971)(2000012    -797.816417468582)(1000000    -1.86740986059218)(2000200    -345.636743234855)(2000002    -179.100862219101)(2000001    -133.561077609557)(2000201    -219.317109743641)
8 5      - (2000202    -603.773003781868)(1000000    129.516868650658)(2000002    -115.849556916354)(2000100    -85.0567097463368)(2000001    -93.4896234174356)
10 5      - (2000200    -530.220490443539)(2000101    -141.647669587081)(2000002    -305.248655463636)(1000000    -17.422032735849)(2000201    -234.313485329276)(2000100    -45.2596699082231)
6 7      - (2000200    -441.213210647044)(1000000    290.563172421773)(2000012    -593.237538259065)(2000100    279.451582101574)(2000101    -356.576492668241)(2000201    -199.834639481923)(2000002    -58.999702642658)(2000001    -99.9600058390542)
10 3      - (1000000    40.3138424641819)
14 17      - (2000102    -171.368861689797)(2000200    -62.4511591212915)(2000100    -26.0448013232676)(2000001    -361.315282109603)(2000101    4.73345923902508)(2000202    306.998906127395)(2000002    27.6118660711157)
16 0      - (2000200    425.799620847343)(1000000    601.751781916878)
13 6      - (2000101    38.1347612041221)(2000100    -280.646738417545)(1000000    -119.443159328952)(2000201    -119.112394418716)(2000200    -313.47727469919)(2000002    -146.193042705074)
14 6      - (2000100    -586.066415112945)(2000201    -526.676148986283)(1000000    187.509785860447)(2000200    -242.849074953902)(2000002    -345.317408111597)
11 15      - (2000101    -255.050104569922)(1000000    -750.40375997926)(2000200    -5.37281772961315)(2000201    224.05421601518)(2000001    19.921660049435)(2000002    41.1101083971845)
16 12      - (2000002    34.8514376251612)(2000200    70.6853848028893)(1000000    -805.817223584237)(2000202    19.0124529136987)(2000201    -11.4264660944502)(2000102    253.540352846379)(2000100    26.9078861310512)(2000001    72.4951298582179)
17 10      - (2000200    -538.25513839129)(2000002    -444.291125669343)
17 14      - (2000001    -499.237094782202)(2000201    -66.5186214047792)(2000102    -322.500719324361)(2000101    -248.728473804505)(2000100    -75.5408446576683)(2000202    305.54222035665)(2000200    34.1488213805347)
13 17      - (2000202    -158.181669648508)(2000201    -46.9249103682424)(1000000    -682.468028649175)(2000200    -66.68479937186)(2000002    243.246310073341)(2000101    17.7530371954324)(2000100    29.3936940704127)(2000001    60.8359373208459)
15 18      - (2000202    -145.368123987437)(2000001    -41.7858033097292)(2000101    -61.2036758097281)(2000102    -36.0692105372875)(1000000    -780.250115524701)(2000201    156.995332304919)(2000200    40.721256904517)
16 17      - (2000101    -12.908896021478)(2000201    -83.843638635209)(1000000    -813.840523338541)(2000100    -29.2080546057645)(2000202    6.81625719378174)(2000200    339.425073570324)(2000102    9.46429740785771)(2000001    16.2334839844009)
6 14      - (1000000    387.596208003375)(2000101    9.82277278146596)(2000200    -141.278607753374)(2000100    427.591178886041)(2000001    45.8893693084068)
12 16      - (2000202    -67.4880392159085)(2000100    59.7409385254724)(2000201    -200.723822971183)(2000101    -114.986005313506)(2000001    -42.4607624741414)(1000000    -856.200372384335)(2000200    -81.1641507117002)(2000102    -111.715377412277)(2000002    222.957290902302)
18 14      - (2000200    -237.152434952172)(2000001    113.877321731049)(2000102    34.7360832063836)
18 13      - (2000100    -94.9024660795366)(2000201    -36.4067174641248)
11 17      - (2000202    -691.853940276934)
16 7      - (2000200    -139.023750582641)(1000000    41.7730270661428)(2000201    -149.484843549446)(2000002    -12.5505004333415)(2000100    231.618985877063)
16 18      - (2000100    58.5397462980083)(2000102    246.49497799245)(2000201    15.4566007246022)(2000002    -23.4890967444704)(2000001    49.9834115164039)(2000101    64.2213181547428)(1000000    -170.338531859119)(2000200    61.7944242116764)
15 11      - (2000202    15.1982564964832)(2000012    -350.222785461857)(2000002    -72.195341878114)(2000001    -106.923721241749)(1000000    -582.649435390588)(2000201    129.416637628845)(2000101    23.2467225880152)(2000100    292.752653458168)(2000200    128.736691495283)(2000102    58.9031016941682)
9 17      - (2000002    -395.183156187563)(1000000    19.4351687226489)
11 5      - (1000000    170.723244088483)(2000100    -131.246987636417)(2000200    7.67579400047654)(2000002    -113.67956065145)(2000201    135.460096525751)
15 6      - (1000000    82.5210177081388)(2000200    -123.022091903897)(2000100    -274.923521377008)(2000012    103.38935374421)(2000002    -125.579527975417)(2000101    74.9568418401385)(2000201    6.86902323315752)
14 18      - (2000002    73.1797695519572)(2000102    252.807866514868)(2000001    27.2453099506651)(2000101    38.3836487506537)(2000202    65.6675631465007)
18 15      - (2000201    146.838960523902)(1000000    -322.820488680922)(2000102    33.2916042175245)
7 0      - (2000201    -749.141722433625)(2000102    -730.587726639602)
11 16      - (2000201    -116.636670448126)(2000102    -29.0469279479186)(2000100    277.937308855872)(2000001    117.353537523402)
7 7      - (1000000    237.245297723282)(2000002    -105.751941518989)(2000200    -125.976883625499)(2000100    60.6313853643674)
17 15      - (2000202    -9.61810166741768)(2000001    -2.33550953158623)(1000000    -500.117586875321)(2000100    254.751218762099)(2000101    43.6762153788089)(2000200    24.7245752560471)
14 19      - (2000100    93.9796058478252)(2000201    32.185364203897)
7 17      - (1000000    -5.25038146699175)(2000002    320.020924159315)
17 17      - (2000001    280.722246260375)(2000101    -15.1894683243044)(2000200    200.347149975903)(2000100    57.5263156302515)
18 7      - (2000002    -351.988036065984)(1000000    162.717265781603)
7 18      - (2000002    150.944867386595)
1 18      - (2000001    280.57484601724)(2000002    493.096861842144)(1000000    569.952457208098)(2000101    320.719174556997)
1 19      - (2000100    267.400279262826)(1000000    727.911243140438)
2 18      - (2000002    290.246578088805)(2000200    760.461006750637)(2000100    294.519561982817)(1000000    300.805180846537)
18 16      - (2000101    -31.1862136669541)(2000102    0.51213274862824)(2000001    -3.76680457447572)(2000200    -10.8373444971135)(2000100    150.589720568287)
16 1      - (2000100    298.85985679281)
13 18      - (2000101    90.9681388633357)
8 17      - (1000000    -244.633705126172)(2000002    46.6637884650561)(2000100    73.0676761377013)
7 19      - (2000100    197.28532166441)(1000000    409.545189306613)
18 8      - (2000200    -245.234496447304)(1000000    4.26516779233163)
17 13      - (2000200    -114.809261276134)(2000002    -28.2705011956567)(2000100    158.402629619205)
17 12      - (2000201    -25.4399118462538)
0 17      - (2000100    1150.41340303873)(2000002    300)(1000000    663.994132230178)
10 17      - (2000202    -250.762029042982)(2000001    -5.51670944440031)(2000101    -123.781279711574)(2000100    -342.015524186648)(2000200    32.5468699736343)
17 7      - (2000100    212.170211894187)(1000000    229.112256570417)(2000002    10.4849589766145)(2000200    -160.215895215258)
15 2      - (2000200    714.834188936987)(1000000    329.612081503033)
7 4      - (1000000    325.256165608313)
18 9      - (1000000    60.8038066601727)
17 11      - (2000200    -233.495127949126)
2 17      - (2000200    829.319701117687)
19 6      - (1000000    -178.97468612642)
0 19      - (1000000    544.300929196733)
8 18      - (1000000    121.974822290226)
3 18      - (2000001    356.517721740258)(2000201    515.624627763855)
8 1      - (1000000    -18.8887793366256)
16 2      - (1000000    643.269212457948)
4 18      - (2000001    281.417977392198)(2000200    279.594991411439)
15 1      - (1000000    528.396607817798)
19 7      - (2000002    -58.0814571943778)
18 10      - (1000000    -455.448716992361)
0 18      - (2000002    1065.27110311341)
12 17      - (2000102    308.960425857018)(2000002    50.183411838542)
9 18      - (2000002    -328.993261430599)
8 20      - (2000101    243.364741206453)
8 19      - (2000002    62.5564555709032)
16 19      - (2000201    5.99413639516632)
8 0      - (2000002    1.28595825637763)

