137
0 0      - (2000202    -1366.16041954939)(2000100    -1007.77506539726)(1000000    -1047.61791959781)(2000002    -1375.76460177755)(2000201    -1552.59041871825)(2000102    -1371.69139152397)(2000101    -1435.68980149152)(2000001    -520.794012017893)(2000200    -939.008924055394)(2000012    -489.289573337324)(2000111    -548.015179566612)(2000211    -1167.10120925734)
2 2      - (1000000    -988.820279904859)(2000002    -1564.51460206017)(2000001    -1667.09529956285)(2000100    -1321.29236147958)(2000201    -1107.1329448344)(2000101    -906.946541332314)(2000202    -1423.71711555411)(2000200    -1316.16343868712)(2000102    -1330.7161628275)(2000211    -2040.5823025198)(2000012    -1296.20381656131)
0 2      - (2000201    -1957.61566617405)(2000101    -1890.08560541513)(1000000    -1882.43145423543)(2000001    -2172.44653156616)(2000200    -1443.70407762091)(2000102    -1889.87203577226)(2000002    -1879.68031174615)(2000202    -1909.05026851985)(2000100    -1593.11321985494)(2000012    -2164.39885664312)(2000211    -1669.92873210237)
2 0      - (2000200    -1497.20966203346)(1000000    -1676.31574557865)(2000101    -1485.96157409812)(2000100    -1553.18621701756)(2000102    -1508.49355616953)(2000211    -659.085351113042)(2000001    -1665.49082361534)(2000202    -1796.3367645218)(2000201    -1496.09238315665)(2000012    -1542.27958621625)(2000002    -1628.24324376368)(2000111    -488.628669623571)
1 2      - (2000102    -1575.43288308213)(2000100    -1459.75681256045)(2000200    -1484.06544944685)(2000002    -1568.44355594305)(2000001    -1598.65247776394)(2000201    -1574.06215947244)(1000000    -1583.40188085294)(2000101    -1619.59922281068)(2000202    -1581.6813789575)(2000211    -1034.93044022294)(2000012    -1046.78787348213)
2 1      - (2000202    -1538.11239323931)(2000201    -1740.30670827483)(2000002    -1527.74700115504)(2000200    -1143.91003898668)(1000000    -1524.7357958504)(2000102    -1597.59323292887)(2000100    -1150.24271607947)(2000001    -1740.22600991086)(2000101    -1522.45201649878)(2000012    -1057.31425806427)(2000211    -1396.14680307368)
3 0      - (2000002    -1147.90436291855)(1000000    -980.540658940072)(2000102    -1381.08411515188)(2000100    -1032.2075146037)(2000202    -1156.05169656845)(2000001    -990.825006499291)(2000201    -1664.97298921095)(2000200    -1239.1839002825)(2000101    -411.415650526365)(2000111    -2.466)
0 1      - (1000000    -1557.91914108838)(2000002    -1455.42914151708)(2000200    -1563.30894384891)(2000001    -1456.89286884749)(2000100    -1285.99067904353)(2000202    -1498.89509434041)(2000102    -1539.96330620746)(2000101    -935.526025655355)(2000201    -1715.54458347547)(2000012    -503.943649119363)(2000211    -1118.0510989078)(2000111    -939.450149644248)
3 1      - (2000102    -1480.17217642167)(1000000    -1736.78353943975)(2000002    -1823.38305961967)(2000200    -1402.00752775098)(2000001    -1752.34539108862)(2000201    -1644.42522283859)(2000100    -1864.72851999271)(2000101    -1302.19978397937)(2000202    -1522.83943738433)
1 1      - (2000101    -1208.70702987413)(1000000    -1200.88106617666)(2000001    -1505.81790345143)(2000002    -1728.08691580435)(2000102    -1667.31189847906)(2000201    -1206.97087297516)(2000200    -1209.09279212657)(2000202    -1318.30633570708)(2000100    -1505.19603087757)(2000111    -569.982488585743)(2000012    -337.598147801372)
1 3      - (1000000    -774.154513529591)(2000100    -1334.49596417944)(2000102    -1493.71116261692)(2000200    -1447.07105722172)(2000002    -1579.3686607379)(2000202    -1536.68487156261)(2000101    -441.831825139306)(2000201    -965.214762230369)(2000001    -1034.49887167439)(2000211    -500)(2000012    -299.683583634628)
0 4      - (1000000    -1101.23267885058)(2000100    -1287.09470780662)(2000002    -1255.69459696892)(2000202    -1366.32341112525)(2000101    -1317.94526687985)(2000001    -1386.96798262252)(2000200    -1294.12662669664)(2000201    -1285.17049535152)(2000012    -430.814141739048)(2000102    -1540.22933138073)
1 0      - (2000002    -1333.84460601616)(1000000    -1723.93691394543)(2000102    -1460.819693928)(2000201    -1387.5080190245)(2000101    -1244.7293844329)(2000001    -1330.25607224713)(2000200    -1356.20437167559)(2000100    -1470.4700143417)(2000202    -1569.46238560653)(2000012    -575.239575026829)(2000211    -1393.99903602783)
2 3      - (2000001    -1476.93367335442)(1000000    -1497.322843321)(2000002    -1572.88402097798)(2000101    -1449.34643516013)(2000200    -1437.48011300919)(2000100    -1290.40845766993)(2000102    -1456.68236464166)(2000201    -2383.29057929812)(2000202    -1403.67632065065)(2000012    -295.914945287627)
4 0      - (2000201    -1317.70718804973)(2000002    -1448.81348103282)(2000202    -1282.13271390991)(1000000    -1203.23982945397)(2000100    -1389.62856307849)(2000001    -1305.94508483476)(2000200    -1384.62218185216)(2000102    -1340.58802031302)(2000101    -1078.60069827801)(2000012    -456.24285386043)
1 6      - (2000100    -751.940776564294)(1000000    -853.67689506566)(2000201    -876.1875)(2000101    -674.815806001546)(2000102    -753.838580779236)(2000002    -450.489753789224)
0 5      - (1000000    -1065.92528114803)(2000002    -1243.69227660077)(2000201    -1654.79879354789)(2000200    -1115.72914315478)(2000100    -1655.33133374321)(2000001    -1325.45714784309)(2000102    -1257.30771674447)(2000202    -1282.63042610918)(2000101    -45.2256837644254)
3 2      - (2000100    -852.953614344819)(2000202    -1415.16478046269)(1000000    -1252.29210091884)(2000200    -677.645862931703)(2000102    -1649.19170443538)(2000201    -1161.03566990433)(2000002    -1440.8503865751)(2000101    -1366.91633741649)(2000001    -1459.8174466786)(2000012    -846.392936779752)(2000111    -1.9728)
0 3      - (2000100    -1204.91156022604)(2000202    -1241.09331409671)(1000000    -1105.71970682043)(2000002    -1082.82010780025)(2000101    -607.928263987391)(2000102    -1263.25063237045)(2000001    -1200.2138306138)(2000201    -1164.83537604364)(2000200    -1116.01750540455)(2000211    -500)(2000111    -168.627350329445)
1 4      - (2000201    -1407.5299720992)(2000100    -1771.91356936431)(2000200    -1537.4197765377)(2000102    -1618.8542991725)(1000000    -1301.22358228827)(2000002    -1229.91150783249)(2000101    -525.491802493765)(2000001    -1684.02445724077)(2000202    -1505.84903695585)(2000012    -1151.30937334769)
1 5      - (1000000    -1191.2896714154)(2000101    -336.317090408146)(2000001    -1356.85767536963)(2000102    -1156.31256093878)(2000100    -1318.11184597929)(2000002    -976.122312160723)
2 4      - (1000000    -1152.27114322572)(2000100    -1906.46306128884)(2000002    -1441.12532685611)(2000001    -1554.09119918723)(2000200    -1983.78652262203)(2000201    -1665.43288978801)(2000202    -1675.67456763587)(2000101    -1027.85597973647)(2000102    -1320.78550509707)
3 3      - (1000000    -1349.42509586473)(2000001    -1692.15422491231)(2000102    -1349.31475328619)(2000002    -1349.75913726562)(2000100    -1541.27199303026)(2000201    -1559.57388471477)(2000101    -1379.68641617013)(2000200    -1487.13583256107)(2000202    -1818.92227384004)(2000211    -1303.08419138813)
4 2      - (2000202    -1314.99639977974)(2000001    -1206.27122242543)(2000100    -1227.78505595572)(1000000    -832.752027491975)(2000201    -1084.73935266581)(2000012    -655.843794232734)(2000200    -1387.6244953024)(2000002    -1470.12515989197)(2000102    -1465.18155150614)(2000101    -501.998874617984)
3 4      - (2000202    -2091.64623388628)(2000200    -2180.2712772294)(1000000    -463.347342018229)(2000100    -1867.8947100035)(2000001    -1952.28187694083)(2000201    -1798.43886136332)(2000101    -194.327113551158)(2000102    -1335.32210770221)(2000002    -1407.44050172855)
5 4      - (1000000    -1294.54775866868)(2000100    -138.642958555045)(2000201    -101.60169795903)(2000002    -717.985864310772)(2000101    -109.557710505977)(2000102    62.8452386000713)(2000202    -500)(2000001    -484.121405846284)
4 4      - (1000000    -1185.6920286844)(2000001    -816.084593709781)(2000201    -1179.48863617114)(2000102    -1265.43801961722)(2000101    -406.389876220932)(2000100    -893.269378917158)(2000200    -927.974693530095)(2000002    -798.098797067815)(2000202    -902.940805188916)
3 5      - (2000100    -1277.11430184556)(1000000    -1372.11368280057)(2000201    -1272.56585528073)(2000102    -1077.71906359469)(2000101    -192.403575547847)(2000001    -966.989815844461)(2000200    -307.081787581127)(2000202    -767.835246917678)
4 1      - (2000201    -1531.18845775327)(1000000    -1369.07907014016)(2000101    -1516.30763998306)(2000001    -1403.24312393459)(2000200    -1445.9348881497)(2000202    -1255.65147115289)(2000100    -1400.59929703819)(2000102    -1330.04878761985)(2000002    -1132.02096364884)(2000012    -721.507768991977)
4 3      - (2000100    -1048.1037092733)(2000202    -1372.01351527759)(2000102    -1715.28062632011)(2000101    -1351.83790575325)(2000200    -1035.43407869263)(2000201    -1042.6266160716)(2000001    -1370.81609490149)(2000002    -1044.76975352255)(1000000    -975.25456949086)(2000012    -1521.89444234927)(2000211    -1036.37709991437)
5 2      - (1000000    -801.527027819335)(2000001    -674.351956792639)(2000201    -707.645514833147)(2000100    -887.052777048898)(2000102    -919.472178756402)(2000101    -325.265937197147)(2000202    -745.715743114004)(2000002    -799.039120899541)(2000200    -854.034958841588)
4 6      - (2000001    -1047.41435788659)(1000000    -1224.5404605654)(2000200    -1055.38480797845)(2000100    -955.511437756754)
6 0      - (2000202    -383.609552624823)(2000002    -500.101624618412)(2000100    -57.2427815643235)(2000101    -48.5731622553402)(2000200    -673.758449328575)(1000000    -533.082975081193)
1 9      - (2000102    -305.789758064864)(1000000    -1025.40418484397)(2000001    414.806828220428)(2000201    -1012.98640452293)(2000202    -456.832868911781)(2000101    -1061.99179305913)(2000002    -867.11645490093)(2000200    -474.162304233)(2000100    -951.286293812767)
11 0      - (2000102    -382.175088456578)(2000202    -381.655014864183)(2000101    -392.791782604026)(1000000    -694.151612776978)(2000001    -414.232635430369)(2000100    -424.643330799213)(2000002    -383.267546795331)(2000200    -539.398218830534)(2000201    -719.195943239923)
11 1      - (2000202    -561.614343396383)(2000200    -531.197180376359)(2000002    -552.580384834869)(2000101    -658.149123430326)(2000201    -555.116735101629)(1000000    -542.964037278675)(2000100    -837.248662165325)(2000001    -562.344929708171)(2000102    -508.525147699904)
0 14      - (1000000    -1122.68944703086)(2000201    -1038.69583992608)(2000202    -210.863686185957)(2000200    -963.873478460127)(2000101    -1313.24350485422)(2000100    -968.980524405836)(2000002    -1067.34620894835)(2000102    -1033.62704011373)(2000001    -999.263517921646)
1 14      - (2000102    -564.140662342079)(2000002    -601.623528981559)(1000000    -561.102593628707)(2000200    -571.557304676714)(2000201    -771.601507155211)(2000202    -507.319690091216)(2000100    -785.682937000901)(2000101    -845.972963090798)(2000001    -847.046293947978)
2 12      - (1000000    -829.485901042797)(2000100    -796.050758969482)(2000101    -584.463263351096)(2000001    -633.215958990528)(2000102    -526.790526861003)(2000200    -574.044137996527)(2000002    -616.819689379473)(2000202    -518.217143478775)(2000201    -558.598499372744)
2 11      - (1000000    -636.073493927805)(2000101    -853.246540506862)(2000001    -519.444732861497)(2000201    -739.984819227413)(2000102    -558.305397537819)(2000002    -798.018149452826)(2000202    -523.270851998828)(2000200    -686.462338499995)(2000100    -771.601348474173)
0 11      - (2000101    -1422.24284128066)(2000001    -1389.0139250396)(1000000    -1352.13185809593)(2000102    -509.627763816619)(2000201    -1356.54749362602)(2000002    -1382.1620532155)(2000100    -1385.88217999953)(2000200    -1383.83050891671)(2000202    -511.646257804157)
1 12      - (2000200    -948.870163581883)(2000101    -1038.54120745933)(2000100    -738.202090811451)(2000202    -799.20023007738)(1000000    -1029.61859799717)(2000002    -813.886234284666)(2000102    -294.841282449589)(2000001    -753.124259180799)(2000201    -904.750563855648)
2 13      - (1000000    -488.722440814186)(2000001    -488.664700339917)(2000002    -618.304569081409)(2000200    -554.168981532753)(2000100    -501.35110657751)(2000102    -488.703943292232)(2000101    -643.130704565703)(2000201    -488.490975821704)(2000202    -488.715058971401)
1 10      - (1000000    -1148.00373591566)(2000201    -1320.3735767536)(2000101    -1039.23220187601)(2000100    -1052.79628835023)(2000002    -1263.21957733474)(2000001    -644.660715534424)(2000202    -576.269806380645)(2000102    -597.8489342385)(2000200    -870.994093595542)
12 0      - (2000200    -997.836959257838)(1000000    -1134.045976865)(2000002    -760.275608300533)(2000102    -526.167007324344)(2000202    -569.44952717962)(2000201    -1005.39157544071)(2000001    -752.319401012713)(2000101    -1003.40246625588)(2000100    -1429.46645012613)
9 2      - (1000000    -477.952174088178)(2000002    -855.934179651127)(2000200    -781.734737355055)(2000101    -872.905752670309)(2000201    52.3493304000342)(2000001    -837.139235811247)(2000202    -535.573414845331)(2000102    -527.925324644626)(2000100    -634.083299290044)
0 9      - (1000000    -969.292038035918)(2000001    308.644269702455)(2000002    -477.412926207774)(2000102    -410.379061020081)(2000100    -836.457987344791)(2000101    -1126.43531164201)(2000201    -892.141607688542)(2000202    -129.000066446754)(2000200    -955.015311090303)
13 0      - (1000000    -575.70078688559)(2000100    -462.037565731167)(2000101    -572.767685878418)(2000102    -574.237276103606)(2000201    -675.661672096717)(2000202    -584.009846691544)(2000002    -660.529300742109)(2000001    -617.715467694263)(2000200    -598.716750170637)
1 11      - (2000102    -109.961925218335)(2000001    -1266.12019187805)(2000202    -574.759830278551)(1000000    -1281.64344250999)(2000200    -1273.82760099081)(2000002    -1351.26406308981)(2000201    -1255.44613682595)(2000101    -1256.65606217201)(2000100    -928.063418924864)(2000012    112.942843998845)
2 14      - (2000101    -547.138037920172)(1000000    -752.127087341975)(2000001    -688.016524205363)(2000102    -665.980104121932)(2000100    -767.224956227278)(2000202    -740.739180955575)(2000201    -640.704024763482)(2000200    -507.174178644213)(2000002    -875.826330201553)
14 0      - (2000100    -472.876066172441)(2000002    -554.362761808655)(2000202    -573.048403198282)(2000200    -573.391194669155)(1000000    -562.103302442568)(2000001    -442.218677561456)(2000101    -439.605070369981)(2000201    -834.737822408059)(2000102    -563.796637807772)
0 13      - (2000101    -1211.73358858045)(1000000    -1222.05017279106)(2000100    -1269.72748440316)(2000201    -1200.48803405581)(2000001    -1214.12784109105)(2000200    -1307.12835634379)(2000102    -567.107883722005)(2000202    -722.398533512544)(2000002    -1375.41898410321)
2 10      - (2000201    -953.19250573963)(1000000    -998.925024902334)(2000200    -859.911322599708)(2000100    -939.370225132493)(2000101    -1059.65889510169)(2000102    -400.059365419196)(2000001    93.8019070707923)(2000202    -461.707937095201)(2000002    -1108.98037631158)
1 13      - (2000101    -598.254263519145)(1000000    -829.683047436253)(2000001    -1006.32903516833)(2000100    -799.233724371491)(2000102    -458.262816427926)(2000202    -580.295368199568)(2000201    -735.714411033087)(2000002    -745.221206341874)(2000200    -880.921128228624)
0 12      - (2000200    -1192.33307814659)(2000202    -551.852068473604)(2000100    -1428.87357850457)(2000101    -1384.25901832205)(2000001    -1429.979292761)(2000102    -597.616236418216)(1000000    -1363.6836328655)(2000201    -1359.3619925004)(2000002    -1395.68993852533)
9 0      - (1000000    -790.794743819082)(2000201    -334.196964081879)(2000100    -718.765872731903)(2000200    -478.907888225453)(2000101    -780.776660214539)(2000202    -699.87603920791)(2000001    235.502370334276)(2000102    -757.346310580332)
0 10      - (1000000    -1138.34625128698)(2000001    -1146.10596516057)(2000201    -1077.87449946212)(2000101    -1190.2734869494)(2000002    -1106.52728649783)(2000100    -1387.2320084719)(2000102    -260.185345468132)(2000200    -93.3312644718521)(2000202    -770.25810447811)
5 3      - (2000201    -1497.95567238044)(1000000    -1706.54423008838)(2000001    -1686.38890373831)
6 1      - (2000002    -1116.70980995673)(2000100    -632.49901608942)(1000000    -925.504998901252)(2000101    -530.634702969116)(2000001    -902.177494443578)(2000200    -940.892350319289)(2000201    -572.481822385756)
0 8      - (2000201    33.241769101828)(2000202    49.9972083904478)(2000002    -587.45308499118)(1000000    22.2439754803091)(2000001    238.737134759337)
14 2      - (1000000    -534.391863874744)(2000001    -370.302858525103)(2000002    -793.921272670805)(2000202    -568.668777993423)(2000100    -411.539426796365)(2000101    -904.351940005209)(2000201    -728.565605248113)(2000200    -848.054061139329)(2000102    -412.135565226395)(2000012    -609.286724718599)
13 2      - (2000102    -962.932179187836)(1000000    -747.277988327008)(2000001    -665.846034213373)(2000100    36.1186623271792)(2000201    -1054.64088125438)(2000202    -1071.5582512027)(2000101    -751.093518808039)(2000002    44.9128100936115)(2000200    -619.839637022634)
10 2      - (2000202    -1190.58065808234)(1000000    -1021.55914876692)(2000200    -756.030447603188)(2000002    -1068.41140405711)(2000102    -959.290077227367)(2000001    787.860200577762)(2000101    -1113.40718314528)(2000201    -1023.42975108292)(2000100    -866.48429341955)
0 15      - (2000202    -1127.36327589492)(1000000    -665.754953711266)(2000101    -609.741259262976)(2000100    -556.59755451747)(2000102    -522.436186298053)(2000200    -532.950920532953)(2000001    -105.829348721942)(2000002    -447.344331297021)
3 8      - (2000102    45.2150597980824)
2 9      - (2000001    157.211613977251)(2000202    -446.278719169351)(2000101    -1020.43580933398)(2000200    -815.451918507682)(2000002    -1111.88027235965)(2000100    -924.420408277339)(2000102    -559.266058918874)(2000201    -788.799871037453)(1000000    -1143.46288792819)
10 1      - (2000100    164.784473305006)(1000000    -578.293274747215)(2000101    -664.083335666029)(2000202    -596.975351381285)(2000200    -478.823413246812)(2000102    -561.889311660732)(2000002    -1007.21260722611)(2000001    -493.303580867234)(2000201    -868.088427919326)(2000012    411.501705579246)
2 5      - (2000201    -1496.73918568647)(1000000    -1098.6533423232)(2000100    -830.217176791936)(2000001    -1035.88534354088)(2000102    -1053.1098651084)(2000101    -372.770373685942)(2000200    -895.784743325711)
12 2      - (2000102    -942.235221675077)(1000000    -1038.76243215859)(2000101    -1443.13605501639)(2000202    -889.031362249453)(2000100    -1236.36917175648)(2000201    -1064.24079786504)(2000200    -758.76599723836)(2000002    -1108.98820863523)(2000001    -1114.15540346923)
3 10      - (2000102    -637.917527567309)(1000000    -470.98482916372)(2000201    -599.590316646945)(2000100    -486.438143627563)(2000101    -1154.19890054356)(2000002    -797.659396109035)(2000200    -589.155637063336)(2000202    -586.68663865374)
11 2      - (2000100    -649.031159401615)(1000000    -763.374750822608)(2000200    -786.666714078896)(2000201    -695.70520925199)(2000002    -557.973297199571)(2000102    -620.799320011444)(2000101    -848.832288222824)(2000001    -725.699421257546)(2000202    -585.688481082188)
14 1      - (2000102    -592.295616798271)(2000200    -538.462456963447)(2000201    -579.443076495702)(1000000    -592.379057965563)(2000101    -597.703850539502)(2000002    -583.883111050892)(2000202    -591.845349186318)(2000100    -491.355676709365)(2000001    -605.963769911746)(2000012    142.969440399668)
4 12      - (1000000    -500.337492038812)(2000001    -405.37620908422)(2000101    -367.221230604582)(2000201    -389.463029404386)(2000102    -353.447699133896)
4 9      - (2000102    -457.072416696817)(2000100    -195.277722645652)(2000200    -586.106634069818)(2000101    14.7392949561981)(2000001    -0.5)(2000201    -469.005987081764)
6 4      - (2000101    -1192.05812549233)
5 9      - (2000202    -10.7458598619597)(2000100    -502.684502359983)(1000000    -167.622630281428)
3 9      - (2000200    -364.43675277272)(2000102    -173.656962742733)(2000101    127.019220959943)(2000001    126.097020959943)
13 1      - (1000000    -583.542543244349)(2000102    -584.601787401146)(2000001    -607.570939192956)(2000201    -487.263649128904)(2000202    -487.224294182447)(2000002    -487.251544894983)(2000101    -666.124607392388)(2000200    -487.21507761816)(2000100    -639.450573227185)
4 10      - (2000001    265.579321925345)(2000201    23.0580846886766)(1000000    -195.579748457519)(2000100    -482.096525782071)
3 14      - (2000001    -647.140709185326)(1000000    -1027.62669300106)(2000100    -867.876672595899)(2000202    -1171.28822721965)(2000200    -592.824559953624)(2000002    -1057.56822336791)(2000102    -939.065365521813)
9 1      - (2000002    104.441603569739)(2000201    -379.834111106983)(1000000    -325.96228659603)(2000001    -324.685114227211)(2000102    -353.946047727547)(2000202    -72.3956582889742)(2000200    -911.151538634412)(2000100    -29.1842455459347)(2000101    -839.534573047285)
12 1      - (1000000    -664.928938621026)(2000002    -519.44448108208)(2000102    -802.204629288335)(2000200    -749.256580755141)(2000100    -760.904127379554)(2000202    -605.384131655154)(2000201    -570.99405082748)(2000001    -682.148631810099)(2000101    -728.562910070156)
2 15      - (1000000    -671.972181050788)(2000100    -603.129247671448)(2000200    -674.883998570841)(2000201    -760.792851228396)(2000202    -465.310750282946)(2000102    -591.78803143562)(2000002    -598.715169027508)(2000001    -464.890442953625)(2000101    -622.896515310722)
1 16      - (1000000    -857.836195814818)(2000001    -676.576052351025)(2000202    -587.860796660525)(2000200    -467.693451458821)(2000102    -467.583890303901)(2000002    -633.933165200594)(2000100    -643.65029980099)(2000201    -561.527216505709)(2000101    -567.114180955388)
2 16      - (2000001    -589.540368215549)(1000000    -569.782334814991)(2000200    -540.058979553274)(2000002    -561.484676037517)(2000201    -530.863639594227)(2000101    -456.148611341765)(2000202    -467.730744920474)(2000102    -526.229748340815)(2000100    -685.350131885779)
10 0      - (2000202    -1002.29598322015)(1000000    -950.556535000271)(2000100    -12.8709660146406)(2000102    -849.605372475661)(2000002    -832.149814184268)(2000101    -828.771551701854)(2000001    -653.920761375093)(2000200    -607.132523242765)(2000201    -1391.28741582678)
4 13      - (2000202    -603.18844710561)(2000201    -650.646909340919)(1000000    -352.758450651052)(2000101    -640.450013645787)
3 15      - (1000000    -805.247627194192)(2000201    -724.707696040119)(2000202    -573.373220166623)(2000100    -823.949188937487)(2000200    -711.372727461742)
5 0      - (1000000    -998.569607558812)(2000101    -802.130175390043)(2000001    -1060.10760335273)(2000200    -994.409595980308)(2000201    -1193.2738629563)(2000002    -798.589388266486)(2000202    -756.403896455884)(2000100    -787.335594797926)
4 5      - (2000202    -1739.17962388681)(2000001    -1657.72881357355)(1000000    -1464.26444694587)(2000201    -1581.38730443205)(2000102    -1476.87651915049)
4 16      - (2000002    -12.8513918526244)(1000000    -586.41154771203)
5 1      - (2000202    -1204.73066191298)(1000000    -1140.63635382288)(2000101    -528.585718567995)(2000100    -823.523922856019)(2000200    -632.964397464045)(2000201    -701.241037124526)
1 15      - (2000002    -522.351293326766)(1000000    -522.317214727285)(2000201    -529.686673304531)(2000202    -536.348856248264)(2000102    -526.169601737319)(2000100    -520.450198598603)(2000101    -536.481099552642)(2000001    -688.308096754736)(2000200    -529.878618038651)
0 16      - (1000000    -887.76769765392)(2000001    -684.473657133299)(2000200    -432.58329194956)(2000102    -409.28796077881)(2000202    -542.360364627258)(2000002    -511.709377004424)(2000201    -585.210005401495)
3 16      - (2000201    -722.096158545899)(2000100    -310.946479021035)(1000000    -439.680566749804)
6 2      - (2000002    -1139.0122427911)(1000000    -1068.19971080835)(2000201    -1019.83313548591)(2000200    -1044.30703081965)
8 0      - (2000002    -844.038345118624)(1000000    -482.307625782071)
2 17      - (1000000    -309.150165756412)
4 14      - (2000102    -1183.17107941581)(2000002    63.766792494093)(1000000    -313.646583934333)(2000200    -134.256922562915)(2000001    -444.725612041426)
10 3      - (2000101    -760.580265616998)(2000200    684.392792303449)
0 17      - (1000000    -488.902928556008)(2000002    -416.406332551186)
4 15      - (1000000    -133.664986385591)
6 3      - (1000000    -830.106121358075)(2000101    -587.763909672292)(2000201    -136.96195242028)
5 12      - (2000001    725.546363533556)
12 3      - (2000101    -8.2836345447285)(1000000    420.012018313903)(2000100    213.797373361048)
3 12      - (2000002    -823.089473088592)(2000200    -322.159463177173)(1000000    -983.443245066275)(2000202    -777.654453089657)(2000201    -928.0868237208)(2000101    -625.073806512311)(2000102    -655.451800888475)(2000100    -640.431048445443)(2000001    -705.326093495739)
4 11      - (2000202    -225.428919973387)(2000102    -230.709826453364)(1000000    -254.709669648204)
3 6      - (2000012    -518.882925847491)(1000000    -1079.28954027347)(2000001    -1222.27022391191)(2000002    -560.741854578324)
2 6      - (1000000    -1486.8590094991)(2000202    -1457.16695195657)(2000201    -343.987090186824)
3 13      - (2000200    -800.860637109803)(2000202    -615.18043694936)(2000101    -766.800685566946)(2000002    -873.411082689469)(1000000    -685.745540565757)(2000201    -689.309398669893)(2000012    -663.525388540919)(2000001    -560.214864302225)(2000102    -666.918244212444)(2000100    -448.109777455819)
5 5      - (1000000    -893.561111122508)(2000002    -806.49216729523)(2000101    -441.34995980009)(2000012    -1841.52310133884)
6 5      - (2000101    -500.4428)(1000000    -264.38787098033)
15 0      - (2000102    -98.0984809550843)(2000201    -126.160046674202)(2000100    -208.648168347079)(2000101    -407.269387158628)(1000000    -101.314085393356)(2000200    -456.403982860156)
13 3      - (2000100    -553.92641939768)(2000101    -770.084321475302)
1 7      - (1000000    -151.543545357387)(2000100    -24.4493581479903)
12 4      - (2000201    -513.26629844887)
5 11      - (2000001    -196.54565527258)(2000002    372.661411580013)
5 6      - (2000102    -659.963474099742)(1000000    -772.975649399828)
0 6      - (1000000    -646.632928558156)(2000201    -500)
3 11      - (2000001    -862.281378031284)(2000102    -878.646007269988)(2000101    -454.51102345174)(2000100    -334.648962176633)(2000201    -768.25136807934)(1000000    -940.520249339852)(2000200    -145.471008290668)
15 2      - (2000001    -307.347164674379)(2000202    -171.948145996033)(2000201    -195.131111489908)(2000102    -350.990323448725)(2000101    -530.236643116973)(2000200    -386.510851939648)(2000100    -500.203928281314)
16 1      - (2000101    -582.351266358828)(2000200    -389.9851102991)(1000000    -258.102637241797)(2000202    -255.940269720447)
15 1      - (2000101    -545.733895441839)(2000202    -683.657884649374)(2000001    -442.809741234065)(2000002    -556.022907152214)(2000201    -537.621284719088)(1000000    -513.637205132535)(2000102    -662.796996896499)(2000200    -489.705317010706)(2000100    -354.376770060502)
14 4      - (1000000    409.842177392362)
5 13      - (2000201    -675.504811370375)
11 3      - (2000100    -395.835414923122)(1000000    6.69294987683142)
14 3      - (2000201    -487.564152029206)(2000001    13.4244011516921)
5 10      - (2000200    -352.350700786103)
3 7      - (2000102    -368.708025760544)(2000111    -137.302415795803)
6 6      - (1000000    -1180.36963069558)
15 3      - (2000002    185.1257244497)
16 3      - (2000200    -179.310600412046)
1 8      - (2000200    -273.215854004795)
10 7      - (1000000    -385.471863846035)
16 2      - (2000202    -633.319541207513)
7 5      - (1000000    -67.5795827897563)
11 4      - (2000201    -30.8055020733756)

