378
0 0      - (2000201    38.7244809621396)(2000002    1102.18711557398)(2000012    459.676343405957)(2000221    263.790919843297)(2000101    375.614168012311)(1000000    1115.26976589094)(2000211    45.2768803640713)(2000111    1113.03910380967)(2000022    1131.85590819604)(2000121    222.068310416623)
1 1      - (2000201    137.709870611783)(1000000    1297.24426905033)(2000121    297.639789509784)(2000002    1392.62903683468)(2000101    154.147856845191)(2000012    809.353855112034)(2000221    362.182020611582)(2000111    219.55989915869)(2000211    275.110373669975)(2000022    396.752996611813)
1 0      - (2000002    340.546807855332)(2000201    525.489556808254)(1000000    1221.93587824073)(2000111    1277.84093689955)(2000012    451.193921765377)(2000101    349.621055186867)(2000022    1054.96422385387)(2000211    317.734337304308)(2000221    371.085385828838)(2000121    662.089203010215)
1 3      - (2000221    615.173327120454)(1000000    2355.94509423075)(2000201    221.836354628908)(2000002    1021.97586025559)(2000022    1018.40623970135)(2000111    834.877737176312)(2000101    507.73482228022)(2000012    795.297473196751)(2000121    683.638950845719)(2000211    792.139893748272)
2 2      - (2000002    798.651569989756)(1000000    2281.14537443429)(2000101    244.576688713571)(2000022    1020.01611088024)(2000211    677.756250302783)(2000201    347.826898457726)(2000012    776.518259682697)(2000121    690.367188847505)(2000221    836.504333797596)(2000111    609.221971340006)
2 0      - (2000201    124.738824678658)(1000000    1181.52297632818)(2000101    278.340850451832)(2000002    696.619649837747)(2000111    493.084091287945)(2000121    362.099415661883)(2000221    242.277561236429)(2000022    1011.91465790175)(2000211    404.701174837568)(2000012    571.904096369065)
0 1      - (2000101    469.988820138619)(2000201    138.436294600748)(1000000    1407.16021671688)(2000111    773.197618190235)(2000012    672.787135175972)(2000121    488.968401414654)(2000002    1053.07075948639)(2000211    88.8661281011721)(2000022    1001.63235607119)(2000221    243.981970932513)
0 2      - (1000000    1721.92095424649)(2000002    931.172948373218)(2000022    1036.44874461081)(2000201    312.537020392502)(2000101    327.530689410687)(2000121    518.46725019885)(2000221    464.667303492445)(2000211    436.478189947922)(2000012    400.459855855273)(2000111    304.874442477642)
4 0      - (1000000    1193.623942394)(2000002    796.946884849774)(2000201    540.190506041046)(2000101    329.85115909365)(2000111    482.798809198555)(2000221    872.166221351692)(2000022    1062.85516777806)(2000211    346.732569263027)(2000012    781.87617381967)(2000121    785.03166080887)
3 2      - (2000022    1024.30567333712)(2000111    644.958675754075)(2000101    217.524646194661)(1000000    2302.01375090952)(2000002    1028.19902411413)(2000211    560.602119328568)(2000121    958.350298837957)(2000201    43.2943549921868)(2000221    720.08638973459)(2000012    668.617169151388)
1 4      - (2000012    741.707500035948)(2000101    454.735317743515)(2000211    604.658726468156)(1000000    985.270139357007)(2000201    192.218241067496)(2000002    401.153050765568)(2000221    1009.97664177969)(2000111    842.862166000271)(2000121    885.13878990365)(2000022    1064.28179732119)
0 5      - (1000000    1050.71290714677)(2000221    850.541215701999)(2000201    314.59558089149)(2000101    527.259092222511)(2000022    981.148795943251)(2000111    1004.66673503635)(2000002    1387.33511364144)(2000211    430.729218195104)(2000121    668.506281831287)(2000012    536.654286650273)
6 0      - (2000012    546.382855251995)(2000101    121.923104293142)(1000000    308.138704255207)(2000121    471.740654752156)(2000211    334.387682262472)(2000201    73.9537277349284)(2000002    446.348874387301)
1 2      - (2000002    520.021880985632)(2000211    376.562691999564)(2000101    353.420216475244)(1000000    2178.77644055455)(2000201    182.197933385998)(2000221    471.381425297509)(2000111    446.904905597364)(2000012    519.961288743155)(2000022    486.641171198869)(2000121    354.059516416361)
2 3      - (1000000    2595.38997470266)(2000002    1093.06405440282)(2000101    -65.8047846925043)(2000111    1017.11174926624)(2000201    233.844447540146)(2000221    723.590667342902)(2000211    -0.739461436646195)(2000012    549.195831450325)(2000121    545.604437533985)(2000022    1079.59196290307)
2 4      - (2000012    806.059319119479)(2000201    308.878254826719)(2000211    837.460861187013)(1000000    795.252297823493)(2000002    1113.48893425007)(2000101    347.580165510531)(2000121    1029.68142238183)(2000111    1001.30820538228)(2000221    804.510813986962)(2000022    1057.38846583326)
2 1      - (2000002    479.450500525672)(2000121    467.009674376803)(2000221    627.876120561792)(2000012    447.852185118108)(2000101    280.152694520832)(1000000    1891.20131551992)(2000201    230.840207919504)(2000111    412.447789222244)(2000211    879.290735433245)(2000022    1019.16567946936)
0 3      - (2000012    678.846724683524)(2000201    30.5359683045535)(2000101    668.744959305795)(2000111    416.212053851701)(1000000    1507.45335635445)(2000002    547.558384119838)(2000121    471.921929151157)(2000221    716.704573295666)(2000211    644.190553909201)(2000022    1058.81806547264)
4 3      - (2000201    364.999648980324)(1000000    500.869102315764)(2000022    856.918739884105)(2000111    572.821831604723)(2000002    544.040643799005)(2000221    663.017938981142)(2000211    -20.3993209064209)(2000012    730.184189348328)(2000101    476.033255924694)(2000121    692.019157072942)
4 1      - (2000101    388.83535233939)(1000000    1428.3116090973)(2000002    984.634867210918)(2000201    357.580370551426)(2000121    732.779867739312)(2000211    314.113779851872)(2000022    1016.19321749517)(2000111    689.287557251928)(2000012    528.91880396043)(2000221    972.225447561174)
3 1      - (1000000    2437.97928443832)(2000221    777.381657769052)(2000101    288.724392104546)(2000002    939.300890995654)(2000211    759.640161114316)(2000111    579.943302207126)(2000201    88.7422020720036)(2000121    734.68833914826)(2000022    1039.50498436958)(2000012    602.531312282063)
4 6      - (2000022    -52.740976146795)(1000000    143.992576789872)(2000221    1913.70282297152)(2000012    1162.28208849678)(2000211    600.828014006461)(2000101    110.334280888582)(2000121    535.237257479692)
4 2      - (2000002    868.804175819406)(1000000    729.902178966763)(2000101    255.262360513797)(2000201    275.476948837041)(2000121    620.519233974176)(2000211    694.324663124156)(2000012    803.05213528169)(2000111    939.665167761092)(2000022    1058.3067402608)
1 6      - (2000111    106.345191495038)(2000022    1093.27904695013)(2000002    935.727996675308)(2000201    -279.344066685628)(1000000    357.199240020537)(2000101    364.949264844254)(2000012    260.400373883195)
0 4      - (2000101    257.780165255076)(2000201    388.545491226219)(1000000    1268.76736245917)(2000002    750.875072082332)(2000211    229.957509202589)(2000111    727.871438866479)(2000221    934.344791889347)(2000022    1016.82503704835)(2000012    587.990537349079)(2000121    812.775946297311)
3 0      - (2000012    542.411085869815)(1000000    1446.34669325405)(2000101    145.637666049786)(2000121    418.054178917902)(2000002    705.58178199953)(2000111    696.647015940731)(2000211    442.58347078994)(2000221    541.850599331699)(2000201    102.453715270112)(2000022    1037.20996627797)
1 5      - (2000101    406.598643063796)(2000002    690.929791909242)(1000000    874.53231410911)(2000121    261.425822075261)(2000201    480.845816285434)(2000211    109.488645784115)(2000012    1029.67834122437)(2000022    665.799217568757)
3 4      - (2000101    456.343499851891)(1000000    425.408750186767)(2000201    496.032839393612)(2000111    797.730861214168)(2000002    1007.20412234236)(2000211    570.871400151919)(2000221    842.089953179268)(2000012    758.701029197815)(2000022    1095.0402498862)(2000121    624.089255243091)
3 3      - (2000201    43.8732943742875)(1000000    364.46292495128)(2000101    270.180901673327)(2000022    1019.63250263613)(2000002    1104.81366988984)(2000012    740.771859806216)(2000121    672.385261840926)(2000111    700.463689708147)(2000221    578.651457313021)(2000211    345.601193272993)
3 5      - (2000201    432.896703226861)(1000000    385.786948018689)(2000002    989.000618050839)(2000101    399.378219933337)(2000121    491.368656987663)(2000111    744.617130293079)
5 4      - (2000211    -525.64808760531)(2000201    99.3410848908142)(1000000    309.155714893049)(2000121    2147.65253638946)(2000012    502.624845037339)(2000111    502.524845037339)(2000002    1006.49132794951)(2000101    320.164015718442)
2 5      - (1000000    1477.56276694553)(2000201    316.644826066473)(2000121    508.94957524996)(2000101    193.319054585825)(2000002    801.161621566972)(2000012    816.175137350635)(2000221    794.05376264123)(2000111    381.596526119685)(2000211    299.039284748119)(2000022    287.598088389097)
6 1      - (1000000    528.459255543801)(2000101    521.036725393717)(2000022    1068.44410499533)(2000012    703.489240690484)(2000002    875.988171178402)(2000201    153.731530827328)(2000211    -53.1582872365017)
1 9      - (2000012    1693.58256092823)(2000211    1589.45920670534)(1000000    1309.39231210201)(2000002    1109.45988830674)(2000201    675.663642176381)(2000101    462.591726050313)(2000111    1691.11614874012)(2000022    1106.98808301252)(2000221    185.844222891603)
0 9      - (1000000    1741.65120936429)(2000101    1757.08949481271)(2000211    2009.36143606271)(2000012    1590.77791776031)(2000002    1682.80758722362)(2000111    1885.87588327286)(2000201    1258.42243035648)(2000022    660.294529904758)(2000221    218.146922045162)(2000121    1021.31745871837)
2 9      - (1000000    973.975635460878)(2000101    1036.76791096876)(2000201    630.883198750571)(2000022    1631.67440373458)(2000002    1069.39168499834)(2000111    1939.0863005564)(2000121    1039.6997937871)(2000211    1807.63042060179)(2000012    1966.45478597725)(2000221    674.761052920708)
11 2      - (2000002    759.340150759332)(1000000    1167.72927000661)(2000101    646.750271207691)(2000201    349.778683015497)(2000111    857.110074421778)(2000012    2131.47580571385)(2000022    784.664604912967)(2000211    779.352103049058)
9 2      - (2000002    1390.38492345884)(2000211    1358.2676524949)(1000000    1361.40248408721)(2000012    2143.88439858594)(2000201    929.81862453483)(2000111    1004.41266359492)(2000101    1654.79374384593)
9 1      - (1000000    2041.0679329363)(2000211    1475.12294395181)(2000022    74.6137603741497)(2000101    1480.41972587059)(2000221    238.960257222331)(2000111    1468.87129824358)(2000201    1686.54671826466)(2000121    -73.9629122107207)(2000002    1755.09068087194)(2000012    2193.1925581743)
10 1      - (2000012    2097.63729877381)(2000211    448.369466853121)(1000000    204.875293741691)(2000201    638.225507405058)(2000111    1124.94316429431)(2000002    1322.29443785906)(2000101    958.68725119585)
10 0      - (1000000    -639.970423663631)(2000201    648.056948947602)(2000101    -5.82892647803709)(2000002    2144.9015363099)(2000111    1183.53212100458)(2000211    647.800965280655)(2000022    532.000621663942)(2000012    535.731966280955)
5 2      - (1000000    1245.72209633506)(2000101    810.044732140976)(2000002    717.425649886527)(2000201    627.668486119754)(2000211    374.162956138092)(2000111    969.820731441729)(2000221    370.042334714252)(2000121    954.105808602677)(2000012    628.698173890607)(2000022    1040.4605925389)
11 0      - (2000012    -32.1320336347777)(2000211    -751.573481116568)(2000101    -40.1159610519592)(1000000    1269.98253551447)(2000002    1532.76712278436)(2000201    215.643613329386)
10 2      - (1000000    1658.17827968223)(2000002    1008.91171113268)(2000211    282.062884872236)(2000111    450.604194804657)(2000012    2147.23257171353)(2000101    1037.60816271493)(2000022    323.014912683787)(2000201    668.369998291716)
9 0      - (1000000    811.488483991935)(2000111    1809.35207687229)(2000012    2055.52117224899)(2000211    595.191907236784)(2000201    1411.77462875176)(2000002    1872.7841379928)(2000101    1524.23363575691)(2000121    -32.9906796374058)(2000022    767.394638193303)(2000221    371.483695129172)
1 13      - (1000000    984.320583865272)(2000201    702.915288308382)(2000101    765.598385683728)(2000022    -31.8560152043326)(2000012    132.676022706493)(2000002    890.075777530465)(2000211    -109.621289137913)(2000111    55.8747020426707)
0 11      - (1000000    1745.79246338485)(2000012    515.286729626494)(2000002    1229.10636296743)(2000121    -145.946366260946)(2000111    1055.44254336841)(2000101    -212.009542828103)(2000221    73.7188763851715)(2000201    176.301841180439)(2000211    883.977001718363)
5 1      - (2000101    882.483932514653)(1000000    792.15661319147)(2000002    674.767284926566)(2000012    22.8642639469526)(2000201    398.041994178324)(2000211    -237.52358189253)(2000022    1311.15962440134)(2000221    828.417065284608)
3 12      - (1000000    1016.07682468554)(2000101    1088.18217186721)(2000201    605.960359384711)(2000111    63.0506637244527)(2000002    568.594732693565)
0 8      - (2000012    2129.5175421556)(2000211    281.561011207908)(2000002    1310.7385367927)(1000000    267.398696723681)(2000101    281.486286324687)(2000201    1208.36197658755)(2000221    -291.3747583585)(2000111    895.828316830622)
1 10      - (1000000    1613.86847593855)(2000002    1973.62290747944)(2000101    510.52133797903)(2000201    852.051303517372)(2000111    900.667827259934)(2000211    1555.86116899554)(2000012    1950.02979867231)
1 12      - (2000002    1351.67435145476)(2000201    1205.48708409438)(2000111    -388.843704393703)(2000211    -234.608612134541)(1000000    1253.43491321735)(2000101    1076.82446000848)(2000012    -148.119315334836)
11 1      - (2000002    1713.07865920797)(2000201    696.909332279569)(2000101    -88.4793771569651)(2000211    429.253577811797)(1000000    1431.61555511908)(2000111    -542.410500249027)(2000012    482.843821878123)
2 13      - (1000000    1168.78081517253)(2000201    911.804679192286)(2000002    1056.54180221901)(2000101    824.317386584742)(2000111    -350.756061697234)(2000121    73.0707375099012)(2000022    114.706858726015)
2 11      - (1000000    2121.8924880604)(2000201    14.0304609037291)(2000101    -25.0075934741536)(2000022    87.621367227215)(2000002    1391.1284210988)(2000221    -367.438163027737)(2000012    1876.95771022418)(2000211    -26.1782385212333)
0 13      - (2000211    -740.775183584822)(2000101    753.901770431599)(1000000    1071.84813762932)(2000201    1100.94282684074)(2000002    1115.24388794776)(2000022    6.85517487965886)(2000221    6.93017487965886)(2000012    912.982993842428)(2000111    286.447753239935)
0 12      - (2000201    816.434113425659)(2000002    628.8716098212)(2000101    547.371832955977)(1000000    1578.33637736684)(2000111    -306.347174437058)(2000211    191.735059348587)(2000012    451.048280418319)(2000022    148.502162296816)
2 10      - (1000000    1835.39975084181)(2000211    1108.50767413489)(2000101    1072.35923258637)(2000111    543.072501426531)(2000201    1331.26635190635)(2000002    2080.28804578799)(2000012    2142.31050239692)(2000022    1382.22492931027)(2000221    340.289902663718)
0 10      - (2000101    1752.35540412787)(1000000    1669.23843615797)(2000201    1347.10495742778)(2000211    1813.44478135585)(2000002    1848.148651066)(2000111    1692.10229443537)(2000022    112.695190735898)(2000012    2009.39406924311)
3 13      - (1000000    1250.60673516673)(2000101    187.170028893009)(2000002    621.08742336272)(2000201    745.401594100153)(2000121    -329.951219992311)
0 14      - (2000201    862.847430214397)(1000000    1118.26737486442)(2000002    631.254885372853)(2000101    928.887616006473)(2000121    80.5442412576063)(2000221    61.6195865059469)(2000022    155.244033428234)(2000012    794.630777967151)(2000211    20.2335973461228)(2000111    -329.863975100819)
1 14      - (2000111    815.925547552165)(1000000    1115.75663200305)(2000101    1024.50167330521)(2000002    992.239512356107)(2000201    1048.19570395237)(2000022    225.872246978448)(2000221    -44.3980791419257)(2000012    -221.346406639964)
3 10      - (1000000    916.222538086452)(2000111    719.684857407838)(2000201    741.890372711088)(2000012    2071.68746916081)(2000101    633.274283236802)(2000211    379.58286298859)(2000121    424.477409305651)
12 2      - (1000000    1092.01983632457)(2000101    519.532004693453)(2000002    1110.35631773883)(2000201    257.863932276357)(2000022    262.79300879938)(2000111    -386.307545518657)(2000221    64.753512223691)(2000012    474.741696444473)
13 1      - (2000002    1087.38381237601)(2000201    1264.29241162737)(1000000    1254.29291912428)(2000101    1257.98558244159)(2000111    -330.662226806255)(2000012    338.298616242163)
13 0      - (1000000    1305.06588243621)(2000201    1716.80577339143)(2000101    1237.69129252971)(2000022    45.829651809492)(2000002    1713.97389731108)(2000211    -506.166996619654)(2000111    564.288802418663)(2000012    466.118120754135)
4 13      - (1000000    1737.87442803011)(2000101    -392.45576471878)(2000201    -225.08378201355)(2000002    1259.96877185967)
14 1      - (2000111    -113.179367906607)(1000000    1197.76878230168)(2000101    666.007722378125)(2000012    140.961234154155)(2000201    1150.75901094364)(2000121    74.7649529386774)(2000002    36.4800028187759)
0 16      - (2000101    800.817252013027)(2000201    985.149516239273)(1000000    1828.73799212896)(2000121    -19.4657373331215)(2000002    226.300094467008)
6 2      - (2000201    -332.429249001832)(1000000    914.601081370785)(2000101    1024.71911992636)(2000002    669.210388678194)(2000012    39.8399405462388)(2000211    -130.728969050144)(2000121    684.271627379793)(2000022    509.826396333178)
2 15      - (2000111    121.434715322339)(2000101    995.221847866831)(1000000    1302.01886373277)(2000201    926.132176528124)(2000221    160.026242841899)(2000002    800.268953074973)
0 6      - (1000000    237.830915475885)(2000201    -781.482904529066)(2000002    752.620431548126)(2000221    904.471925897279)(2000022    1065.72843216018)(2000012    253.079241687956)(2000111    104.664019583759)
3 9      - (2000002    1923.43493345033)(1000000    1441.30820394138)(2000211    1433.51835457)(2000201    -158.650406206259)(2000111    890.004944405789)(2000012    1476.28941114847)(2000101    1059.81055877262)
1 11      - (1000000    2081.81056862848)(2000002    176.447403995881)(2000201    1672.29328788351)(2000101    61.5576833321285)(2000211    415.123734912042)(2000111    137.844707625407)
3 11      - (2000101    -1095.54433999538)(2000201    -848.200014745354)(1000000    -911.82507557392)(2000002    886.025873015742)(2000211    -403.31692684474)
12 0      - (2000012    -572.394863848517)(2000201    516.783471090346)(2000101    428.376494883945)(1000000    822.644990217691)(2000002    -222.241179386062)(2000211    -504.573485897835)(2000111    -370.563567053189)
14 2      - (2000002    1120.13313221916)(2000111    -433.025684851016)(2000121    111.890973870715)(2000201    994.817510922404)(2000101    1035.61146426004)(1000000    1238.02830801885)(2000012    979.645852836902)(2000221    48.1990775622114)(2000022    89.441876072474)(2000211    -161.706887119733)
2 14      - (2000022    -41.8025262524054)(2000121    -52.9943506191566)(2000111    341.638670088111)(2000002    925.382682108342)(2000201    882.763872954627)(2000012    -315.362512085439)(2000101    990.758884869268)(1000000    1287.26107615085)(2000211    -811.0616800302)(2000221    229.975663739966)
2 16      - (2000121    -41.8025262524054)(1000000    1737.18764340538)(2000002    986.527639892194)(2000101    284.268804983496)
3 14      - (1000000    1290.56500955237)(2000101    830.07785052167)(2000211    -313.576712732302)(2000002    1062.67641352649)(2000201    596.692034381603)
5 3      - (2000002    425.517211645383)(1000000    790.784044139873)(2000111    838.035069208603)(2000012    884.860977795646)(2000211    635.397717998018)(2000101    613.663161949454)(2000201    693.379143668024)(2000221    984.313942303788)(2000121    633.340197879396)
13 2      - (1000000    1206.54509496111)(2000101    1058.37422794189)(2000201    1088.82257084524)(2000002    1060.92697329533)(2000221    159.197587134616)(2000211    -264.134684224615)(2000111    -58.6059735717685)
2 12      - (2000002    1140.33623473887)(1000000    1133.31056092081)(2000201    1139.76039492421)(2000211    -756.419824289159)(2000101    1153.71874059117)(2000221    113.22990059409)(2000111    -377.677567046917)(2000012    420.389672810019)
4 11      - (2000101    -554.66520469057)(2000002    158.816542598663)(2000211    383.340309724664)(2000012    158.816542598663)
3 16      - (1000000    1524.27632485073)(2000002    800.397042957511)(2000201    653.459264815787)(2000101    790.421494169572)
4 9      - (1000000    -370.362894162374)(2000012    57.0165469832577)(2000201    -498.27745241533)(2000111    -589.378543755484)(2000101    829.28580057907)(2000022    601.90653335746)(2000002    280.925787701863)
14 0      - (2000101    1039.86696256755)(2000201    1798.78108742412)(1000000    1423.95861199367)(2000002    1801.70965401954)(2000012    -528.499175288354)(2000121    116.242705972252)(2000221    93.9810085660298)
4 4      - (2000101    272.267339588456)(2000002    1013.19762780082)(2000201    230.688576131358)(1000000    184.707765584091)(2000221    888.290672738166)(2000012    740.872325203241)(2000211    66.0516582491624)(2000111    843.426297301328)(2000022    1121.77799131601)(2000121    1012.74015643276)
4 15      - (2000002    586.424704588838)(2000101    743.021153488335)(1000000    1389.65582195184)(2000201    1048.53448507272)
12 1      - (2000012    43.7273784672745)(1000000    1181.73541374136)(2000002    1182.36393453469)(2000201    1173.52695623798)(2000101    1073.63594794755)(2000121    25.8444778143968)(2000111    526.61960731997)
2 8      - (2000101    140.955245590455)(2000002    1432.20860494154)(1000000    -348.185857036143)(2000201    -530.826466196545)(2000012    540.862578792438)(2000211    -136.777598124541)
0 15      - (2000201    1120.0050324744)(2000111    164.056017544688)(2000101    120.803648512706)(1000000    1661.93862629319)(2000211    -687.360687663917)(2000221    51.8298437201193)(2000002    1162.76724055812)
1 15      - (2000002    647.515129765798)(1000000    1345.22908378333)(2000101    575.219532549012)
1 8      - (1000000    1226.76566739606)(2000002    1566.75925127179)(2000101    -21.7776292065832)(2000111    300.434941755267)(2000012    355.564510098757)(2000201    417.817236932696)
15 0      - (2000101    -229.196785546408)(1000000    1705.63981290519)(2000002    299.171354490961)
1 17      - (2000101    216.522822766899)(1000000    1790.04666365219)(2000002    274.416948137589)
1 16      - (1000000    1868.36578900054)(2000002    1143.99790533268)(2000101    730.202746529842)(2000201    1465.74046226484)
5 5      - (1000000    202.856584662662)(2000201    -452.954190026781)(2000002    1016.76833243762)(2000121    460.901250941012)(2000022    1478.07637258921)(2000101    22.8134083016158)
3 8      - (2000201    -706.579798605781)(1000000    860.109812766577)(2000211    -530.591051482932)(2000101    -235.519919979379)
5 0      - (2000002    891.269651833472)(2000211    -253.757398867426)(1000000    355.866028686655)(2000101    300.52207655783)(2000121    653.461169175116)(2000201    345.845499692903)(2000111    313.162645595256)(2000012    651.439162550367)(2000022    583.266584576298)(2000221    650.738126319712)
4 5      - (2000111    -498.73928600096)(1000000    690.943212496847)(2000002    1047.6210155705)(2000211    702.209738545668)(2000201    478.661415146751)(2000012    920.833499694816)(2000022    1002.63072727438)(2000101    683.323860528654)(2000121    655.639092671522)
7 2      - (2000211    -792.976929683962)(1000000    -123.489610167758)(2000101    -542.844038387456)
2 7      - (2000002    1292.23199038867)(1000000    36.406833913038)(2000201    -273.705632804762)
4 8      - (2000002    -62.1284439035797)(2000201    482.221444002926)
4 12      - (2000012    203.980476488627)(1000000    1247.25730802547)(2000111    -377.504839717058)
4 16      - (2000201    -1073.66343551708)(1000000    -1252.96055298169)
3 15      - (2000002    925.942411191422)(2000101    989.526931453639)(1000000    1308.02821731)(2000201    980.662134359364)
8 0      - (1000000    631.036453293291)(2000201    109.201976400705)
9 4      - (2000201    15.3640203699628)
8 1      - (1000000    962.182999573802)
1 7      - (2000101    -576.948648075572)(2000201    12.7420309366423)(1000000    263.729723787776)(2000002    1019.38581557243)
15 3      - (2000201    -458.472639361889)(1000000    1125.77927823016)(2000211    411.798411789249)(2000002    719.390534990385)
11 3      - (1000000    -109.18096262369)
2 6      - (1000000    721.134910635504)(2000002    572.98587172157)(2000101    504.695450292724)(2000111    877.268616588686)(2000201    224.011663450707)(2000221    20.1066463802453)
4 14      - (2000012    -337.436074380956)(2000022    105.347833435658)(1000000    1040.12773257399)(2000111    155.0694383851)(2000201    530.8938149986)(2000101    303.176195133668)
3 6      - (2000101    548.420448790156)(1000000    468.892092797816)(2000121    522.754983293347)(2000022    1075.63785393598)(2000002    746.150015614599)(2000211    541.282576664601)(2000201    176.210513434914)
3 7      - (2000101    54.1884620373763)(1000000    143.258721233179)(2000002    141.497640685894)(2000111    266.947898568989)
4 10      - (2000201    1167.83708321501)(2000012    2122.74923218193)(2000111    1209.99535983754)(2000211    1571.46779297493)(2000002    1318.30308756171)(1000000    949.345204997015)(2000101    337.061953322635)
16 3      - (1000000    1499.50453635643)(2000101    40.3176714257477)(2000221    40.3756714257477)
6 4      - (2000101    229.727974534851)(2000121    750.85681927456)(2000002    941.350384607914)(2000201    163.280931491339)
6 3      - (2000002    657.125954610324)(2000201    221.740097983648)(2000211    291.747220199353)(2000012    500.044981651742)(1000000    340.643681642806)
7 0      - (2000101    124.994598459555)(1000000    211.393861785783)(2000002    265.388947461176)
9 3      - (2000201    16.6793440900354)
5 6      - (1000000    121.660574019864)(2000002    1032.20350469159)(2000201    134.748605233926)(2000211    38.3524321363826)
15 1      - (1000000    1214.43939337802)
14 3      - (1000000    901.300340514591)(2000201    1210.69618112186)(2000101    288.92216827097)
6 5      - (2000201    335.787181234415)(2000211    253.370057029522)(2000111    565.711245379481)(2000121    515.307149104734)(2000002    1077.3226330315)(1000000    244.043972548418)
8 3      - (2000002    271.30686220589)
7 5      - (2000201    303.359191555719)(2000101    19.7370500331959)
8 4      - (1000000    409.407250351555)
16 2      - (1000000    1527.91867004109)
6 6      - (2000211    451.724413044411)(2000121    951.594587501294)(2000201    14.0904775859694)(1000000    6.72734049635322)
0 7      - (2000101    -64.5101668817701)(2000201    269.758000860154)(1000000    288.816204247093)(2000022    1158.23545543574)(2000211    681.319773785729)
13 3      - (1000000    1095.79909371169)(2000002    259.721240543836)
16 0      - (1000000    1229.13483876466)(2000002    663.402873626353)
7 1      - (2000101    -321.968995087501)(2000002    383.393867047948)(2000201    202.175463458681)(1000000    102.048486891896)
15 2      - (2000201    1110.94956194721)(1000000    1273.02058264314)(2000002    238.638831043032)
8 2      - (2000201    203.689829202359)
5 7      - (1000000    227.31118611879)(2000002    443.094930473166)
13 4      - (1000000    1054.73263165085)
10 4      - (2000101    895.936425677722)
7 4      - (2000101    1081.79628435245)(2000201    354.119264815787)(2000211    296.050522144545)
15 4      - (1000000    1158.51213428334)(2000101    229.03863115497)
6 11      - (2000211    108.414858188588)
5 10      - (2000101    565.72476396254)(2000111    431.321811574746)
4 7      - (2000012    1054.85208791769)(2000201    56.2993802134982)
14 5      - (1000000    623.758907322744)
16 4      - (2000002    632.265908590296)(1000000    973.055860318512)
16 1      - (1000000    1008.33602973839)(2000201    1012.19275967821)
5 9      - (2000201    516.784701029711)
13 5      - (1000000    1074.95013955959)
17 1      - (2000101    702.55282150482)(1000000    1368.30067917777)
17 3      - (1000000    1075.54517634213)
17 0      - (1000000    1383.02590043071)
6 12      - (2000111    94.8475922178624)
5 11      - (2000201    446.554533621567)
7 3      - (2000002    450.451618341517)(1000000    542.024568010238)(2000111    256.089341818396)
6 10      - (2000012    1060.81276065176)(2000201    262.883216650294)(2000211    32.5741899213864)
10 3      - (2000002    942.243060996334)
10 9      - (2000002    1100.55556624165)(2000111    934.941991425627)(1000000    989.424679506692)(2000012    852.568937466)(2000201    1003.04679362543)(2000101    863.456094475749)(2000211    1011.13666654015)(2000022    -104.984741923109)
9 9      - (1000000    1005.23598505514)(2000012    1078.89264827141)(2000111    1102.21164187332)(2000211    1096.82348973453)(2000002    1098.54271213549)(2000201    891.705888249263)(2000101    815.623191610673)(2000221    243.324812684387)(2000121    16.3509230546913)
11 9      - (1000000    992.266906921883)(2000002    1146.53016279498)(2000211    891.716055041392)(2000101    903.543494331336)(2000111    954.401105508962)(2000012    966.058043047953)(2000201    771.483880386592)
10 11      - (2000012    1054.28680717825)(2000211    170.83561207271)(2000121    13.9106483706831)(1000000    -24.20886888792)(2000022    268.13226643788)(2000111    345.751402758141)
9 12      - (2000101    284.983972135446)(2000012    1129.34935386133)(2000121    233.612340372965)(2000002    299.403713463455)(1000000    298.024076744624)
10 12      - (2000101    276.982963486448)(2000121    215.236605083905)(2000211    841.976814809923)
12 12      - (2000012    1123.07207670559)(1000000    179.880885546983)(2000111    295.656767304615)(2000201    162.869863668086)(2000211    566.007197988975)(2000101    4.49929908393734)(2000121    71.8307897950648)(2000002    416.509996424412)(2000022    665.016681654581)(2000221    -11.6257321001076)
8 10      - (2000012    1169.09183688469)(2000111    50.2109750759175)(2000002    221.311484796134)
13 9      - (2000121    204.209052330112)(2000012    1095.97226100054)
12 7      - (2000201    276.816284383392)(2000012    900.311681766293)(2000101    26.0403975545919)
7 12      - (2000002    1374.71644971671)(2000101    379.226046780854)
9 8      - (2000012    1144.04082096054)(2000201    1011.83237988515)(2000211    1055.02489921858)(2000002    1042.60357139404)(1000000    1080.8739928252)(2000101    1069.8036454483)(2000111    798.740271403425)
12 9      - (2000201    102.252390927425)(2000002    1063.84284084351)(2000101    236.468711822224)(2000111    381.314577029529)(1000000    203.809293745685)(2000211    238.533535126168)(2000012    258.419478276637)
9 11      - (2000211    794.669001502911)(2000201    754.586708818369)(1000000    812.712039242406)(2000101    1121.8245588415)(2000121    334.469519366162)(2000002    525.847050645444)(2000111    589.552076815895)(2000012    249.585901458979)
11 15      - (2000111    459.663671841719)
8 11      - (2000211    1165.93343416151)(2000221    171.213364562855)(1000000    136.192394689993)(2000201    393.062780789069)(2000012    263.90070725036)
8 16      - (2000201    1245.25344304103)
15 8      - (2000201    944.021973329468)(2000012    306.194106862898)
14 10      - (2000002    548.592488870851)(2000201    444.450351640472)
9 14      - (2000002    1153.40972854553)(2000022    280.90664241925)
11 14      - (2000211    52.9988103087512)
13 14      - (2000002    1173.17149034837)
14 9      - (2000111    537.788491554247)(2000221    144.853722828785)(1000000    194.527725931731)
12 14      - (2000101    -21.0732999312481)(2000111    -21.7847431080533)
13 15      - (2000002    1235.36406181278)
9 16      - (2000012    884.419319203586)(2000101    -33.8208645455265)
11 12      - (2000002    1145.78554566373)(2000221    -39.3575088907834)(2000111    -41.0945263482655)(2000022    478.175705742881)(2000121    9.62604344206392)
7 15      - (2000211    730.36187303264)(2000002    415.020068773218)(2000012    196.288436178842)
10 7      - (2000012    876.775324423489)
7 14      - (2000002    682.723104925017)
14 13      - (2000101    374.209967300903)(2000012    1161.01478764787)(2000002    531.679465608143)(2000211    -64.0684282394093)(2000111    25.2709189100491)
14 15      - (2000211    200.825749007384)(2000111    195.876202474243)
8 9      - (2000201    1182.10924212369)(2000211    1071.84104959408)(2000012    873.295671559583)(2000111    1059.9013824467)(2000101    988.941131390366)(1000000    860.792660987818)(2000002    886.198490147832)(2000022    216.057368449473)
7 10      - (2000002    1118.77433944975)
12 11      - (2000111    248.402448550755)(2000022    555.530457487235)
14 14      - (2000111    107.969361205737)(2000201    34.6419344353797)
8 12      - (2000002    973.138097889418)(2000201    209.381718479305)
10 10      - (2000002    1141.45790639286)(2000101    645.484865184894)(2000201    942.769674723628)(1000000    466.84835727671)(2000012    968.019494875256)(2000111    511.295173268199)(2000121    29.8143923606232)
10 13      - (1000000    658.527931324261)(2000002    1038.58468185554)
8 14      - (2000111    575.609761895116)(2000211    165.444703671741)(2000201    135.8357315067)
11 8      - (2000111    283.677441505172)(2000002    1112.96220311332)(2000101    316.381532208861)(2000012    303.135052436893)
13 13      - (2000012    1015.27641978053)
10 14      - (2000022    1172.36202116097)(2000201    901.098758497955)
11 10      - (2000211    -141.936176210594)(1000000    627.164459957151)(2000012    1042.38610671045)(2000111    285.283069866212)(2000002    252.704660294516)
6 13      - (2000111    -106.078865693084)(2000211    -125.378216239971)(2000101    39.616821469929)
15 16      - (1000000    18.8707730242612)
13 12      - (2000211    73.3885703844052)(2000002    1054.92690296069)(2000101    350.102623564075)
8 13      - (2000111    1210.17895416497)
15 14      - (2000211    177.350245126926)
13 7      - (1000000    226.064974779913)(2000201    166.638660497786)
14 16      - (2000002    372.17136069278)
12 16      - (2000211    76.4557396672131)
7 13      - (2000111    272.660259001044)
12 3      - (1000000    1138.81673151423)(2000201    339.522665770019)(2000002    263.115389661435)
17 9      - (2000121    137.820901198676)(2000201    374.214880656375)
15 15      - (2000201    159.162844289676)
9 13      - (1000000    1058.65127834768)(2000012    663.486564241063)
13 11      - (2000201    -110.413149263283)(1000000    121.159005667535)
13 10      - (2000002    1080.29321162106)(2000221    243.039812617963)(1000000    174.995926070014)
9 15      - (2000002    970.728789799128)(2000211    264.744058124309)
12 10      - (2000111    774.422238830985)(2000101    235.125029223406)
10 16      - (2000121    230.456516081926)
18 7      - (2000002    835.763468697316)
7 16      - (2000201    357.625926607182)
12 13      - (2000201    36.9296280641359)
15 9      - (2000201    934.218056362625)(1000000    325.620596690898)
11 7      - (2000002    787.366851053993)
10 6      - (2000101    205.048686804579)(2000201    123.675947334582)
11 13      - (2000101    155.582778171999)(2000201    120.362381197262)
8 15      - (2000211    429.810395071686)
7 11      - (2000002    594.119949872838)(2000111    50.8173402404417)
8 8      - (2000002    926.343507520117)(2000201    834.852702014287)(2000211    264.273898126015)(2000012    460.139407203232)(2000111    693.125433746886)
18 9      - (2000012    652.322320475286)
14 11      - (2000111    118.576966752767)(2000002    818.126607545271)
12 6      - (2000111    341.015008809499)(2000002    271.084855438554)(1000000    -0.385710980465035)
7 17      - (2000121    -128.877337302774)(2000211    -128.877337302774)
16 8      - (2000012    1120.39317433489)(1000000    254.824094929394)
14 7      - (2000201    45.0673200797634)
18 15      - (2000211    143.647167344444)(2000201    82.0840956253963)
15 18      - (2000002    236.62586584539)
15 7      - (2000211    991.646998437559)
19 7      - (2000201    749.65493985575)(2000111    233.325276724058)(1000000    247.521723891683)
19 9      - (1000000    564.125398627786)(2000201    135.8357315067)
13 8      - (2000221    217.902798185686)(2000012    796.800251551961)
10 15      - (2000012    484.909122129158)
16 7      - (2000012    904.946375604084)(2000201    239.85458014777)
16 10      - (2000211    -137.288126234093)
15 13      - (1000000    -44.8949526244986)(2000201    8.68044313992733)
6 16      - (2000111    89.4179016656425)
14 17      - (2000111    582.059914042402)
14 8      - (1000000    213.244357866734)(2000002    262.436247352589)
15 10      - (1000000    -213.953371389572)
12 15      - (2000101    187.311146349497)
11 11      - (1000000    662.198353564389)(2000022    856.229573504391)(2000121    38.0014237322503)
12 8      - (2000121    434.860401181502)
9 10      - (2000101    1067.6531181396)(2000221    192.927099109513)(2000201    668.329481022044)(2000002    550.689363090532)(2000211    255.592147098563)(1000000    847.802370214231)(2000111    456.096005039571)
11 6      - (2000101    45.3341438931972)
19 8      - (2000101    830.385470463775)
10 8      - (2000012    1004.49696524886)(2000101    916.583040442075)(2000111    1055.62055799187)(1000000    423.546169464002)(2000201    749.594543166531)(2000002    607.924665914256)
0 19      - (1000000    1513.966721621)
7 9      - (1000000    1088.53265383825)
14 21      - (2000002    1034.26833616982)
14 12      - (2000002    948.134861471828)
8 17      - (2000211    511.810986995425)
9 7      - (2000012    1191.73949756971)(2000201    870.938506885013)(2000101    501.164591932975)(2000211    823.327593949873)(2000002    672.96870411471)(2000111    788.492750763095)(1000000    524.526049830147)
17 16      - (1000000    -121.437170522778)
16 9      - (2000201    211.240125604057)(2000111    211.240125604057)
15 11      - (2000002    913.159331398647)
8 7      - (2000002    531.600450951036)
16 16      - (1000000    3.36975225344074)
7 8      - (2000012    238.22776545434)(1000000    -22.4503587417134)
18 13      - (2000101    -127.026536292994)
16 11      - (2000111    45.6655208836735)(2000012    1077.35841898592)
6 9      - (2000201    64.4620064173132)(1000000    -10.9497402377818)
16 20      - (2000111    33.2608759122955)
13 21      - (2000211    -13.2812881777763)
21 12      - (2000111    174.123224910245)
5 12      - (2000002    641.244591892988)
12 24      - (2000101    79.3543551058919)(2000012    1116.12164234818)(2000111    28.7558742128903)(2000211    19.5295122472415)
18 8      - (2000211    984.83250342354)(1000000    263.383252152081)(2000101    252.450152109635)
24 12      - (2000111    138.394873061772)(2000101    117.059661162765)
6 15      - (2000201    35.9962212674293)
1 19      - (1000000    1594.36218705168)
0 17      - (1000000    1541.51247602184)
23 13      - (2000101    -11.2164648738315)
15 12      - (2000201    10.9328748065406)(2000101    -13.3186227671475)(2000012    823.258892876126)
17 8      - (2000201    474.876415468781)(2000012    983.007557784998)(2000002    308.007072241855)
2 17      - (2000002    272.049701626584)(1000000    1095.33700332425)
9 6      - (2000111    66.209959073754)
17 4      - (1000000    328.403953167465)
16 13      - (2000201    75.5936538400321)
6 14      - (2000002    684.152938487525)(2000201    -31.9716257794256)
6 7      - (1000000    128.802502291966)(2000201    35.02903401667)(2000101    30.2811391536568)(2000002    683.630442826166)
13 16      - (2000002    472.562537790793)
12 17      - (2000002    232.30035777112)
11 16      - (2000002    274.502801382119)
13 23      - (2000211    -17.5095746779326)
22 15      - (2000211    63.7207669706027)
12 21      - (2000012    520.323842144785)
13 26      - (2000002    293.137259017293)
11 25      - (2000101    27.2353845376115)
23 16      - (1000000    107.775475041874)
5 13      - (2000211    34.4744776815283)
12 23      - (2000111    70.902714246119)
26 13      - (2000111    189.914723122314)(2000211    317.82308122754)
24 16      - (1000000    109.405456505049)
10 24      - (2000012    293.575415616592)
22 14      - (2000012    379.086998772496)
17 23      - (2000012    301.858065313847)
26 12      - (2000002    339.896764653135)
26 11      - (1000000    61.4225254048185)
23 15      - (2000201    70.7668246506505)
7 6      - (2000101    39.6000264635041)
17 24      - (2000111    58.0585843026938)
19 6      - (2000101    664.229001981609)
17 22      - (2000012    303.445474277193)
26 16      - (2000012    529.064755449227)
25 9      - (2000101    42.9215939316906)
25 10      - (2000002    694.720334062112)
18 11      - (2000101    180.022475370753)
27 11      - (2000201    108.77346711413)
10 23      - (2000101    31.285434065732)
17 2      - (1000000    1320.89898652592)
7 7      - (1000000    21.7126566109783)
16 12      - (2000101    38.7522916882366)
23 19      - (2000002    485.821046930134)
26 17      - (2000101    33.1016845065691)
9 26      - (2000101    25.3073366193162)
25 16      - (1000000    100.897220042095)
24 15      - (1000000    48.5957708739497)
16 25      - (2000211    192.683861581054)
23 8      - (2000201    -33.5602519071148)
27 18      - (2000211    15.9007607987253)
24 17      - (2000201    63.9782218879778)
23 14      - (2000101    59.1441241656516)
24 10      - (2000012    480.487756940894)(2000111    160.270780176418)
25 17      - (2000101    13.2902202162946)
16 23      - (2000111    67.0476084219663)
24 18      - (2000111    48.2933230653333)
13 24      - (2000101    67.4863874462771)
23 18      - (2000111    38.9506954223108)
8 25      - (1000000    30.4440410631809)
16 24      - (2000211    -7.11530363575122)
20 14      - (2000012    239.788656667638)
8 6      - (2000101    10.3338672085232)
9 23      - (2000101    23.4121755763206)
25 19      - (2000002    579.385443517868)
8 24      - (1000000    3.70879894898815)
27 10      - (2000012    280.395321705771)
6 8      - (2000002    436.389453923147)
22 16      - (2000101    135.439190129721)
27 8      - (2000002    249.690682319319)
27 16      - (2000012    463.21709821331)
25 15      - (2000012    553.200147518401)
25 14      - (2000201    -0.885064667059301)
18 22      - (2000201    -10.3743421226634)
21 20      - (2000012    450.394179733527)
21 9      - (2000012    259.550078469974)
9 22      - (2000201    9.30249156949213)
27 17      - (1000000    10.7004948366501)
14 22      - (2000201    10.287421456825)
27 15      - (2000002    424.979088270174)
16 22      - (2000012    99.6954507276636)
23 17      - (2000211    4.06566875865759)
26 14      - (2000201    3.02770551214679)
24 14      - (2000002    52.3310826075028)
14 24      - (2000201    1.32290040436004)
26 15      - (2000201    6.95513817151947)
15 24      - (1000000    0.308088271322843)
17 25      - (2000101    1.03708081265486)
15 25      - (1000000    2.90253347679243)
19 24      - (2000002    10.4613681374635)
16 26      - (2000111    1.34835579745641)
24 13      - (2000002    32.1456907576193)
25 18      - (2000201    0.648142137773605)
25 20      - (2000002    10.7392681284759)
14 23      - (2000101    0.959031533266625)
22 17      - (2000012    10.9713595300403)
15 23      - (2000111    1.3175036734928)

