163
0 0      - (2000101    2548.20193155687)(1000000    3001.35725406356)(2000002    3152.48529826324)(2000012    3162.0442914676)(2000221    3137.98356387474)(2000211    2685.09255437675)(2000201    2380.49632148368)(2000022    3163.5620708)(2000111    2729.40226804649)(2000121    3111.03063451821)
1 2      - (2000002    2903.09001659685)(1000000    3051.97614831509)(2000201    2363.3645833121)(2000211    2489.63471184958)(2000012    2527.69120196059)(2000121    2936.44984094214)(2000101    3113.08692595586)(2000111    3144.96332553987)(2000022    3181.09114534025)(2000221    2980.79388137869)
3 3      - (2000201    2312.95576978735)(1000000    2526.71446425975)(2000111    3156.34356775718)(2000101    2463.80833184578)(2000002    3008.55119966108)(2000211    2382.29741725117)(2000022    3187.38286606718)(2000221    3030.39434796433)(2000121    2902.83063673406)(2000012    2962.07326889158)
0 1      - (2000101    2387.01458591241)(1000000    2831.39254958854)(2000022    3202.89940396601)(2000002    2295.84788960795)(2000221    2026.78852628583)(2000211    2502.21781414271)(2000201    2766.74786448022)(2000121    2061.41757950907)(2000111    2892.95739477084)(2000012    3176.6134167734)
0 3      - (2000201    2503.63415011989)(2000101    2782.63743551423)(1000000    2782.7544025144)(2000022    3186.83433759581)(2000111    3114.86938733786)(2000002    3077.40027720966)(2000221    2836.50526030887)(2000012    2617.08055995649)(2000121    2938.75066238765)(2000211    2105.46384998951)
0 2      - (2000201    2589.03350506987)(2000012    2828.00385004661)(2000101    2830.10710963649)(1000000    2967.892444376)(2000211    2649.45484721406)(2000002    2979.575757237)(2000111    2440.95351679824)(2000022    3173.0359523566)(2000221    2198.51054901235)(2000121    2422.13763712946)
2 0      - (2000211    2399.45658035789)(1000000    3007.17752474509)(2000201    2709.49449124754)(2000111    3149.23720802298)(2000121    3167.27346040371)(2000002    2514.7202294522)(2000101    3103.54929274147)(2000012    2867.18392768491)(2000022    3174.65181943354)(2000221    3098.16153232804)
1 1      - (2000211    2422.02261216993)(1000000    3046.93570890139)(2000101    3086.60238097712)(2000002    2812.37306231881)(2000201    2424.31754980986)(2000121    3179.79416202698)(2000012    2886.05766179644)(2000111    3148.86642378912)(2000022    3048.15417101586)(2000221    3059.8609860787)
2 2      - (2000201    2424.46215771659)(2000002    2316.88840746067)(1000000    2967.04644086618)(2000111    3173.421223896)(2000121    3178.51323747576)(2000221    3123.05311468064)(2000101    3075.56742803397)(2000211    2453.93257819429)(2000012    2872.42805657728)(2000022    3145.27789012625)
3 1      - (1000000    2455.39542638148)(2000211    2153.91069168157)(2000012    2845.29091434274)(2000101    2794.15402901101)(2000201    2559.77512130635)(2000221    3186.03336885772)(2000111    3153.18273147701)(2000002    2967.32930859035)(2000022    3060.82973303629)(2000121    3099.73019582444)
1 0      - (1000000    2806.48347707029)(2000002    2345.39468071334)(2000211    2383.03607217935)(2000201    2585.08555821058)(2000012    2982.00347691721)(2000111    3090.98700317542)(2000101    3086.60795109993)(2000221    2949.56611789878)(2000121    3176.49509936245)(2000022    3096.22908879813)
2 1      - (2000002    2553.65149982349)(1000000    3005.28196730444)(2000101    3016.95741872391)(2000012    2936.35526600426)(2000111    3030.38085259257)(2000201    2408.07305395504)(2000022    3137.1942400551)(2000211    2255.7217793661)(2000221    3178.29113897208)(2000121    3068.28871699026)
3 4      - (2000101    3144.35801215687)(2000201    2105.64270071294)(2000211    2365.24621091787)(1000000    2816.05070864074)(2000121    3105.56875822844)(2000002    2294.02990848756)(2000022    2967.86010459203)(2000012    2816.85461203472)(2000111    3174.29358668799)(2000221    3020.09169047703)
3 6      - (1000000    924.139650126651)(2000101    -1374.33652366547)(2000002    465.285275012026)
2 3      - (2000121    3175.01788983199)(1000000    2611.45164007652)(2000101    1654.73373487239)(2000201    2833.00700035467)(2000211    2314.08917710565)(2000002    2612.59389329272)(2000012    2988.72088915416)(2000111    2916.40754236548)(2000022    2960.07072997237)(2000221    2912.02727615457)
3 0      - (2000002    2416.85325530222)(1000000    2565.99811688543)(2000101    3089.46161830227)(2000201    2484.21049506681)(2000221    3036.12370626264)(2000022    3091.89756927627)(2000111    3171.99493160742)(2000211    2563.44674455478)(2000121    3151.72673298057)(2000012    2483.2049730121)
1 3      - (1000000    2724.2543952102)(2000111    2382.29960812715)(2000002    2869.1546012172)(2000101    2592.66514825875)(2000201    2699.9185261832)(2000121    3174.72873992998)(2000221    2909.87025760636)(2000022    2762.56309622807)(2000211    2044.48027283647)(2000012    2618.60624842134)
0 4      - (1000000    2655.39250120498)(2000012    2922.88056702918)(2000201    2352.25081702371)(2000101    3086.04924177096)(2000111    3172.088119767)(2000002    2448.39190580816)(2000121    3147.47699401162)(2000022    3023.7167157664)(2000221    3187.13946071659)(2000211    2257.42337685705)
4 1      - (2000111    3161.26330455063)(2000002    2657.89072060518)(2000101    2661.09077781613)(2000201    2759.67360725175)(1000000    2401.533817988)(2000121    2620.56999786239)(2000211    2474.12857221564)(2000012    2656.68433983825)(2000221    2618.78304827507)(2000022    2821.00762100155)
3 2      - (2000101    3089.69537839171)(1000000    2576.04945763573)(2000022    3021.12127480605)(2000201    2692.4818280983)(2000002    2311.32673915739)(2000211    2390.63633122412)(2000221    3089.48667038157)(2000121    3180.22307632889)(2000111    3148.96515433609)(2000012    2878.30893150474)
4 4      - (2000002    1826.30241573003)(2000101    949.997419523755)(1000000    2737.06765266993)(2000111    3184.34386149355)(2000211    1989.3974555675)(2000201    1551.36708298976)(2000221    590.647872028908)(2000022    1173.35285199112)(2000012    2217.74195535137)
1 4      - (2000002    2245.62715336494)(1000000    2792.21121077038)(2000101    2618.35984980068)(2000211    2252.84855454415)(2000012    2795.1534124925)(2000201    2499.3669712459)(2000022    2888.70372657893)(2000111    3175.13496084929)(2000121    2628.80318855358)(2000221    3167.52527184937)
4 0      - (2000111    3130.65778498703)(2000002    2464.92852839126)(2000211    2565.56505711192)(2000101    3100.34531792359)(1000000    2484.40814467838)(2000201    2635.27574475037)(2000012    2688.84089293736)(2000121    3061.18992249725)(2000022    2719.9693628575)(2000221    3183.50935158612)
5 3      - (2000211    -80.9366004945011)(2000101    -210.702713837482)(2000201    1548.56629648875)(1000000    698.656408116678)(2000121    1351.79421926171)(2000012    149.522360235057)(2000022    2059.46427892264)(2000002    1140.65863293063)
3 5      - (2000101    2261.22688035519)(2000201    -950.684956464658)(1000000    1459.97818394763)(2000002    1602.9909251607)(2000211    674.617414893309)(2000111    1151.26980871533)
6 4      - (2000211    -728.775045899525)(2000101    1847.48830667767)(1000000    840.447735432724)(2000022    1503.08762487561)(2000002    469.473424804115)
6 3      - (1000000    570.578917111019)(2000111    2420.49907533843)(2000101    1570.4118627716)(2000221    1127.12827008972)(2000211    1899.60436294687)
5 4      - (2000211    435.392995136034)(1000000    922.935145814437)(2000201    509.094048289731)(2000002    -567.14715239726)(2000121    2158.44172864423)(2000101    1731.2277469163)(2000111    975.640904970124)(2000012    975.740904970124)
4 3      - (1000000    2475.67835168952)(2000111    2867.70508180287)(2000012    2470.68066733201)(2000022    2481.54783493694)(2000002    2523.82289775695)(2000221    2802.72125592766)(2000201    1865.84871993729)(2000101    3169.99642455015)(2000121    2471.13917814584)(2000211    2081.45681330901)
2 4      - (1000000    2628.27675027948)(2000211    2315.11927175183)(2000012    2991.40112237088)(2000002    2509.20788865653)(2000022    3118.83891090997)(2000201    2472.604232922)(2000111    3175.906810322)(2000221    2722.10161257564)(2000101    3091.45602205562)(2000121    2755.66155912436)
2 5      - (2000002    1580.7246201488)(1000000    1108.79912965642)(2000101    1800.75244364528)(2000022    3176.25640457135)(2000201    -272.512401441396)(2000121    2251.66298995194)(2000221    799.410294633624)
0 6      - (2000201    -884.90452880412)(1000000    939.534049540194)(2000002    -230.192658970789)(2000012    1377.79076356096)(2000111    633.576693321902)(2000022    2371.15234306028)(2000211    892.881389069716)(2000221    1141.93172943702)
4 2      - (2000101    3093.33740569917)(1000000    2586.60516311853)(2000002    2266.14573732095)(2000201    2414.55365658952)(2000121    3181.06855642489)(2000012    2619.36946689552)(2000211    2011.21011902189)(2000111    3159.47303894567)(2000221    2650.48149425003)(2000022    2919.93554502013)
6 2      - (2000012    477.523701661742)(1000000    707.227841921935)(2000101    1560.34067907976)(2000211    750.156322321541)(2000002    1702.26099761792)(2000111    1174.4742933059)
2 9      - (2000002    2503.33877285138)(1000000    1442.02889721949)(2000201    1624.28249140331)(2000101    1473.96378870877)(2000111    1279.05152778005)(2000211    1248.78541541886)(2000221    -19.4120368084759)(2000012    2596.20141868677)(2000121    538.994640654667)(2000022    604.845053893484)
1 9      - (2000101    1875.91067660058)(2000211    1759.6204003272)(2000002    3187.31350184651)(1000000    1999.04939707001)(2000201    613.749044906911)(2000012    1770.35780263471)(2000111    1614.07656538264)
10 1      - (2000111    1491.43626101598)(1000000    1669.45870068124)(2000002    2001.31673481651)(2000201    666.872632486404)(2000101    227.431912395623)(2000211    1219.29524907685)(2000012    1132.5592523718)
10 2      - (2000101    -78.6326793305838)(1000000    678.293987298376)(2000002    1840.39923042808)(2000201    -79.7644033092361)(2000012    2814.99708534916)(2000111    404.21578011697)(2000211    417.831123586922)
11 0      - (1000000    1856.10353751805)(2000101    214.296763822094)(2000201    -295.927125318165)(2000211    732.028227883399)(2000111    398.043158303529)(2000002    501.603829335192)(2000012    2305.28275124442)
7 4      - (1000000    601.893818948808)
9 1      - (1000000    1517.04599941039)(2000002    2665.69880710471)(2000101    906.370400733721)(2000201    537.928430703032)(2000111    1081.82405009107)(2000012    1525.29327080722)(2000221    555.454930391943)(2000211    393.549073305908)(2000022    1026.42190042868)
1 11      - (2000101    525.627773430613)(1000000    2696.64658933678)(2000111    -22.2904521789808)(2000002    773.375593586941)(2000012    2532.74479703577)(2000211    26.6508850028111)(2000201    1227.65095797556)(2000121    777.227663531314)
0 11      - (2000201    281.381529084096)(2000002    1470.17149435722)(1000000    2739.47098026255)(2000012    2009.53138119545)(2000211    4.93781896356914)(2000101    294.089953943005)(2000111    342.992109870812)(2000022    302.539937971595)
0 10      - (2000002    2550.5993923383)(1000000    2600.28379224937)(2000022    1583.75918717588)(2000211    2522.53994231563)(2000111    2148.52632872691)(2000201    1954.52176612154)(2000101    607.796107890276)(2000012    3243.87004897008)(2000121    -133.648901036497)(2000221    869.551330462265)
0 9      - (2000111    1534.23875001639)(2000101    1456.77955949241)(2000012    2221.45124792531)(2000211    1996.225711416)(2000221    490.453524891435)(1000000    2317.917330667)(2000201    1195.28241400296)(2000002    3124.72943765566)(2000121    -103.647396506619)(2000022    1652.56093772774)
1 12      - (1000000    3091.92833446107)(2000101    2606.5997045881)(2000012    842.071371443099)(2000002    2431.19546466908)(2000201    2680.6532475655)(2000111    266.162222016735)(2000211    566.841739846207)
1 8      - (1000000    -493.661651168958)(2000002    1008.68180118191)(2000201    -326.741280555002)(2000101    958.235459395637)(2000111    -85.1223980310668)(2000022    621.675757445053)(2000211    969.609055350924)
1 5      - (1000000    2516.31400538415)(2000101    604.859980909492)(2000022    307.408612149596)(2000201    778.663406210565)(2000012    3132.43096223875)(2000002    1286.61083488028)(2000121    585.384026665972)(2000111    1945.08354225663)(2000221    2192.98726910087)
1 10      - (1000000    2632.02908646745)(2000201    1444.01480948115)(2000101    1360.44247002567)(2000012    3158.12269975767)(2000022    967.660086706991)(2000211    1807.0582029851)(2000002    2855.35926947425)(2000111    2254.55680875819)
14 2      - (2000101    -111.736434358681)(2000002    2259.32875410901)(2000201    1388.92650784836)(1000000    3190.38609815551)(2000211    -303.004825506711)(2000111    342.405765386348)(2000012    779.037017302473)
9 2      - (2000201    2134.20727782343)(2000002    1372.83781703982)(2000012    2761.33323979585)(2000101    394.941683379221)(2000111    857.374933511937)(1000000    1059.81454312443)(2000211    806.818468170861)
4 7      - (1000000    -297.271351797654)(2000101    -186.179431581848)
3 8      - (1000000    -547.919500344971)(2000002    911.270631601256)(2000201    558.194433310968)(2000012    645.233097751617)
1 7      - (2000012    -364.202787197251)(2000002    18.5165429185263)(1000000    724.916404077063)(2000121    183.066089452531)(2000101    -153.742236140422)(2000201    463.960660224415)
12 0      - (1000000    2704.51129260884)(2000002    1323.25320744118)(2000211    -407.144775905007)(2000101    -218.696647437043)(2000012    135.006201924319)(2000111    -553.383793685242)(2000201    -220.9122738205)
13 2      - (1000000    3054.39291893)(2000101    2284.092117465)(2000002    1908.48709205638)(2000201    1711.08318652641)(2000211    825.658060950962)
12 1      - (2000201    -899.08941103175)(2000012    134.442842470152)(1000000    3031.64479340629)(2000101    1006.4747653056)(2000111    -447.512020962884)(2000211    138.913701124202)(2000002    1143.5493818323)
2 10      - (2000002    2707.02632076477)(2000101    1689.23642880182)(1000000    2518.84734643004)(2000211    2325.88264693991)(2000201    1813.95849535965)(2000121    634.567531367728)(2000111    1246.50901906893)(2000012    3156.2532976534)(2000022    649.274829361509)
1 14      - (1000000    3107.28125085988)(2000101    2843.0358174801)(2000211    -478.999860642814)(2000002    2889.44538106687)(2000201    2703.51533179575)(2000012    1244.18308785536)(2000111    764.983741038822)
3 13      - (2000101    -531.407189176619)(2000002    278.915206360546)(2000201    119.32582289955)(1000000    3041.43919488395)(2000211    66.9645587740508)
3 10      - (2000002    -155.896749089218)(1000000    -825.937161543219)(2000201    -612.725510918586)(2000101    -665.006195605147)(2000012    2845.04851921912)(2000111    255.404451163572)
11 1      - (2000002    331.973006251706)(1000000    1911.03624126134)(2000211    -982.913960678117)(2000111    47.1705424624874)(2000012    1282.98844280574)(2000201    607.959841073799)(2000121    -158.535102204621)(2000101    634.377365164466)
0 12      - (2000101    1997.73389165347)(2000201    2206.6818033206)(2000111    832.869971129309)(1000000    3078.00074557535)(2000121    -458.817602136913)(2000002    1889.03527863492)(2000012    843.366175553203)
3 11      - (2000002    2843.13191790028)(2000121    -14.4831465705679)(2000101    -484.095337500989)(2000111    651.799342782521)(2000211    651.799342782521)(2000022    871.606787615214)
4 11      - (2000002    -329.19914085689)(2000022    -55.5059530207167)(2000101    -916.629464765538)(2000211    939.793134268577)
4 12      - (2000002    -45.8403708669212)(2000201    -768.941213049969)
9 0      - (1000000    1512.02292871345)(2000211    138.710568084311)(2000012    1729.02108979033)(2000002    3174.12723940631)(2000201    1314.97447786288)(2000101    1883.86036671253)(2000111    506.211103616717)(2000121    424.842260095777)
10 0      - (1000000    -98.8509070890125)(2000101    1146.89544482721)(2000201    1538.69795635162)(2000211    1589.45591612017)(2000111    -70.3713264240116)(2000002    2294.13213881531)
5 0      - (2000101    -160.909973480554)(1000000    1959.39059788623)(2000201    859.297617556246)(2000111    2581.44732659817)(2000221    680.463632802085)(2000002    1845.08011157292)(2000022    1534.90067487886)(2000121    1299.50822339195)
3 14      - (2000201    1137.1391554919)(1000000    3176.53078582593)(2000101    577.684267274749)(2000002    2700.73821791261)
0 13      - (2000121    -21.6502581600101)(2000002    2524.70980405594)(1000000    3093.56747566204)(2000201    2445.00037556242)(2000101    2243.40149384265)(2000111    889.017678457787)(2000211    1611.20433583554)(2000012    1368.37377273775)
0 8      - (2000002    282.877771514548)(2000012    1950.1422939489)(2000101    -279.370335581752)(1000000    -607.555290381559)(2000201    -404.677279297053)(2000211    -408.187106960293)(2000111    955.665936634019)
2 14      - (1000000    3144.80899448196)(2000101    1969.66745654666)(2000201    2436.33784080865)(2000002    2942.701136847)(2000012    1598.01948682804)
13 0      - (2000201    1893.79232359632)(1000000    2785.8736354584)(2000111    -500.915777954886)(2000012    386.167586817281)(2000002    2625.53276627939)(2000101    2044.36129138986)
1 6      - (1000000    1052.99859914201)(2000201    -1011.37071642977)(2000012    1147.29542154085)(2000111    2195.58578922278)(2000002    2258.46025194716)(2000121    1009.35984026523)(2000101    33.3247604180754)
3 15      - (2000101    1384.34110400901)(2000002    1804.67317800045)(1000000    3212.33203196079)(2000201    -58.5527020615516)
2 8      - (1000000    -808.047753058623)(2000221    -434.086518931021)(2000101    173.379918499805)(2000002    1115.5537524446)(2000201    426.262320476135)(2000012    911.007293054486)
2 11      - (1000000    3107.56779161966)(2000111    523.406947539169)(2000012    1796.7254212911)(2000201    1080.03699357766)(2000002    3128.6603619394)(2000101    904.168665592102)(2000211    1069.96971392585)(2000121    572.808489896976)
14 4      - (1000000    1798.09064074946)
4 13      - (2000101    1601.57044089323)(2000201    1853.39948908328)(1000000    2827.57918493574)(2000002    1513.29140499988)(2000111    618.421932301838)
5 1      - (2000201    670.577737335509)(2000002    1442.66274492993)(1000000    396.533050895992)(2000101    1519.26886300794)(2000022    683.201110820702)(2000121    797.142786902504)
4 5      - (2000022    26.7932830914283)(2000201    608.016451503026)(2000101    -867.380204525269)(1000000    1260.60410578505)(2000111    765.53528126836)(2000002    1168.14998315408)(2000121    984.576858331847)(2000221    1005.99715432284)
14 1      - (2000101    1993.24922967654)(1000000    2601.59317420621)(2000201    1470.85572801752)(2000002    3042.39261830613)(2000211    1060.86043054168)
0 14      - (2000111    630.266789321382)(1000000    2993.27444405325)(2000002    3026.3589803646)(2000101    2421.21158313709)(2000201    2405.55010421155)(2000012    2547.60501879235)(2000211    1648.43707048187)
2 13      - (2000201    2413.20897064413)(1000000    3118.84953856524)(2000002    2691.09872173615)(2000211    1136.52965125712)(2000101    2285.79898322653)(2000111    589.387489234805)
13 1      - (2000111    -464.76215975623)(2000002    2250.00264531512)(1000000    3087.20666882642)(2000201    1472.07639452327)(2000101    1622.37204986633)(2000012    880.307994651882)
2 16      - (2000002    628.53545901351)(1000000    3053.77736161169)(2000101    167.273704686165)(2000201    845.736466171385)
14 0      - (2000101    1592.79887747286)(1000000    2957.63144586891)(2000201    2418.5348237557)(2000002    1341.07086004686)(2000012    813.11077478576)
6 0      - (1000000    337.548759007714)(2000201    50.0732732281025)(2000111    317.799481520438)(2000002    1445.69609218666)(2000211    1645.77551308574)
1 13      - (2000002    2583.59150159712)(1000000    3076.21690822956)(2000101    2475.04195054204)(2000201    2432.84793544482)(2000012    547.08111764497)(2000111    544.656214778438)(2000211    933.871794465943)
2 15      - (1000000    3168.40545145061)(2000101    1472.73138173479)(2000201    1611.71656671049)(2000002    1975.95648308819)
6 1      - (2000002    -891.509510126308)(1000000    917.276785010125)(2000101    1542.91547379173)
12 2      - (2000012    -35.6163680405103)(2000201    -336.114429368615)(1000000    2879.35560993244)(2000111    -200.210390377729)(2000211    281.312356662663)(2000101    374.755500090423)(2000002    1471.00975777153)
11 2      - (2000012    1925.00560886693)(2000111    186.192865415816)(1000000    1956.72531256016)(2000211    279.052599362418)(2000201    1406.81563911795)(2000101    362.247335732761)(2000002    485.586276790553)
2 12      - (1000000    3134.95711657095)(2000101    1244.62147587067)(2000002    1140.82742334223)(2000211    -433.046767288647)(2000111    -325.572854205777)(2000201    325.07610358586)(2000012    1480.5648574333)
1 15      - (1000000    3024.70659464002)(2000211    -482.259933791901)(2000101    -189.673576561079)(2000002    693.704956038686)(2000012    803.922654709718)
0 5      - (2000201    1572.3468353068)(1000000    1894.47842189729)(2000211    -179.582997275213)(2000022    2275.13269774576)(2000012    986.735401338538)(2000002    1311.83921548063)(2000101    2946.13957193952)(2000111    2189.63287725589)(2000221    1469.56863264491)(2000121    1521.84673847597)
16 0      - (2000012    -55.7236597195814)(1000000    1523.80847277505)
3 7      - (2000101    -61.0100518039712)(2000002    -269.53211721454)(2000121    161.585513358647)(1000000    347.110539973821)
3 9      - (1000000    45.870738629229)(2000101    1280.35716423757)(2000201    -886.131943163704)(2000002    2170.81425322226)(2000012    244.45570534843)(2000211    952.142741874472)(2000111    1028.70432768522)
5 9      - (2000002    -44.5325377239273)
0 15      - (2000101    2038.08970769928)(1000000    2837.73075887081)(2000111    -225.009497883979)(2000002    2161.46860100997)(2000201    1289.82525190752)
15 0      - (2000201    -17.2028016248318)(1000000    932.051682982919)
5 2      - (2000111    10.8427825356848)(1000000    1783.66603480547)(2000221    1575.05784873921)(2000101    -699.635834987534)(2000002    1731.40891052436)(2000201    645.993157036722)(2000022    1277.43365226703)
15 2      - (1000000    1063.89604727667)
2 7      - (2000002    -646.651296359867)(2000211    -578.745454933575)(1000000    1047.41645599299)(2000101    463.960660224415)
15 1      - (2000002    156.869731860614)(1000000    709.618145599566)
5 5      - (1000000    2023.03597898856)(2000002    2676.26668946481)(2000101    602.338173184178)
5 6      - (2000201    400.096267660956)(1000000    2859.686520076)(2000101    1035.48387243498)(2000002    859.136480082958)(2000022    898.202911889559)
2 6      - (1000000    1667.26308266702)(2000002    105.563625441961)(2000201    -1440.22360721799)(2000101    -920.084737401589)
6 5      - (2000101    2419.53364142969)(1000000    1451.7030159343)(2000211    531.130988283368)(2000201    510.872876756556)
14 3      - (1000000    2082.31246265025)(2000101    562.268588450753)
11 4      - (2000201    371.554320811201)
1 16      - (1000000    3149.64875354761)(2000101    497.258215733163)(2000002    449.613273470797)(2000201    1762.42109250917)
3 16      - (1000000    3200.06838215017)(2000002    2098.40698481453)(2000201    1328.39101773025)
0 16      - (2000002    1552.45601347876)(1000000    2829.3240278052)(2000111    -306.717751772792)(2000101    1797.69776843716)(2000012    1329.94204676553)(2000201    2304.48702137284)
4 15      - (1000000    2922.96784229161)(2000002    109.498419439429)(2000101    1111.48472384538)(2000201    769.836242931988)
11 3      - (2000211    -463.072042473896)(1000000    808.157169461844)
0 7      - (1000000    401.770738460495)(2000101    1236.11444226991)(2000221    904.02723590419)
17 1      - (1000000    60.7027976352334)
6 6      - (1000000    1852.06455819272)(2000111    3065.20094773686)(2000012    528.414323654618)(2000101    845.191251889368)
7 1      - (2000101    1167.41565028755)(2000201    495.376291408855)(1000000    617.897903640114)
4 6      - (2000002    408.08391985595)(2000012    2858.80478734497)(1000000    900.411039788859)(2000022    1115.31432349641)(2000221    957.134053909974)(2000201    457.559053909974)
15 3      - (2000201    130.430113722955)(1000000    1023.10703568603)
6 8      - (2000022    49.1125433779396)(1000000    49.1125433779396)
10 3      - (2000111    716.181847164047)
1 17      - (2000201    441.151736638558)(1000000    1594.84362211323)
4 9      - (2000012    268.301018209783)
5 10      - (2000002    42.4468149908935)(2000201    -457.08281834244)(2000101    910.625294710141)
5 11      - (2000022    73.3108368876597)(2000012    2130.90140313978)(2000211    825.583769776627)
16 3      - (1000000    147.724280950263)
0 17      - (1000000    2180.37470374267)
4 8      - (1000000    -260.0696063138)(2000002    131.125126299751)
2 17      - (2000201    560.464171866679)(1000000    2507.44934202532)
4 14      - (2000201    -242.380545285232)(2000002    1563.00826473666)(1000000    3178.49114530816)(2000101    463.182580973371)(2000211    708.211183950343)
3 12      - (2000211    -145.788269859495)(2000101    353.711730140505)(1000000    2163.06487920176)
4 10      - (2000211    98.5060899639716)(2000201    2295.73262141479)(1000000    535.299562492239)(2000101    603.378368326411)(2000012    845.9600770318)
10 4      - (2000101    67.2359286909087)
7 0      - (2000121    450.238941951034)
8 2      - (2000211    641.908867711269)(1000000    427.939245140846)
16 4      - (2000201    1433.95631121139)
16 2      - (1000000    646.872921047246)
15 4      - (2000002    606.645267739594)(1000000    1736.93860890284)
8 1      - (2000101    -135.015649713553)
9 3      - (2000111    905.500459711591)
13 3      - (2000101    776.086887362774)(1000000    2664.32489263332)
4 16      - (2000201    1181.71911361592)(1000000    2211.34338630766)(2000002    830.646905500655)
5 18      - (1000000    1928.02951629512)
5 7      - (2000002    1610.0278161103)
6 17      - (1000000    878.805649818328)
3 18      - (1000000    1906.06092580195)
7 2      - (1000000    1493.76956064229)
5 12      - (2000101    455.810339497479)
4 18      - (1000000    2394.54934444122)(2000101    1131.80475450166)
8 0      - (2000101    1146.75377654493)(2000002    1773.04070046186)
18 1      - (1000000    1038.07967006909)
18 2      - (2000201    1132.44563048871)
2 18      - (1000000    2140.35192648633)
7 5      - (2000012    2023.11702931382)(2000201    865.309451870115)(2000211    764.843943025381)
7 7      - (2000211    592.243824069992)
3 17      - (2000101    565.327431916209)
13 4      - (1000000    870.851020579882)
7 6      - (2000221    812.53020890118)

