278
0 0      - (2000101    22248.6999258191)(2000002    24821.7219956594)(2000211    20846.6613485177)(2000221    -867.374657027901)(2000201    21803.3724599866)(2000111    25745.8224652472)(1000000    24600.4311532226)(2000012    20054.705376474)(2000121    -813.191550049112)(2000022    118.859391134989)
2 2      - (1000000    24305.1065017133)(2000002    9739.91539371157)(2000201    11207.8020270866)(2000211    9428.81909681925)(2000012    8829.82050199308)(2000101    17018.7482712366)(2000111    11711.4833541741)(2000022    79.7623928964727)(2000221    -1069.75339514783)(2000121    -930.803979565861)
2 0      - (1000000    23381.3037126547)(2000201    18025.4726023301)(2000002    18011.9323297033)(2000022    -213.926853045702)(2000101    14909.9224773286)(2000012    9729.78946670437)(2000221    -1062.52403892297)(2000111    11622.1087708305)(2000121    -1093.9028084899)(2000211    6894.00653513186)
2 3      - (2000101    13901.3084759205)(2000201    16438.3407048016)(1000000    24574.2003666334)(2000211    16699.9197391847)(2000002    18676.0603954422)(2000022    -493.264498294352)(2000012    13288.3850797997)(2000111    3747.68642309069)(2000221    -1008.2979345072)(2000121    -897.921580265243)
1 1      - (2000101    2397.9804389761)(1000000    3142.98015625449)(2000002    3117.25076179199)(2000221    -660.409415800644)(2000211    2145.93031006471)(2000201    2347.09231513177)(2000121    -1079.27878996257)(2000012    2302.14572854523)(2000022    -91.882184360074)(2000111    3412.46077926315)
2 1      - (2000201    13781.1514334907)(1000000    23958.0156276624)(2000002    9092.33421020644)(2000101    13163.6054933648)(2000111    13475.0024134901)(2000221    -1008.92191934713)(2000211    14102.5822819542)(2000121    -1440.49537104584)(2000022    38.8102958650645)(2000012    7181.19077592791)
4 0      - (2000002    10713.1458204595)(2000201    16716.1136473969)(1000000    24582.1976913816)(2000121    -936.730450861506)(2000012    4479.80679665305)(2000101    18953.2643804166)(2000221    -500)(2000111    11166.5406393916)(2000022    -24.1096449235187)(2000211    13730.7192140015)
0 2      - (2000002    12321.504693645)(2000101    8889.25897060101)(2000012    4721.51244553433)(2000121    -923.896287823064)(1000000    22951.2860110481)(2000201    12342.1842940513)(2000022    -285.70483134201)(2000211    8796.71739019781)(2000221    -1170.24764164176)(2000111    7902.71863313362)
1 0      - (2000002    3520.62806297928)(2000012    2176.26711513914)(1000000    3084.74015859956)(2000101    2465.34451550932)(2000201    2681.62000710913)(2000221    -945.460207342777)(2000121    -981.99297368489)(2000211    2326.5781838582)(2000111    3617.14685878155)(2000022    206.001084047896)
0 1      - (2000201    2787.83156702487)(2000002    3612.82756584358)(1000000    3329.38458557634)(2000022    117.660060548094)(2000101    2604.79901388122)(2000012    3251.23310520564)(2000211    1547.96496093037)(2000221    -1149.58583928941)(2000121    -902.002349347674)(2000111    -207.987086653815)
1 2      - (2000201    13913.4072500625)(2000002    13928.8786522959)(2000101    9554.37954754602)(1000000    24082.8483284105)(2000221    -1063.30986372359)(2000211    11823.7644754952)(2000121    -1060.359102616)(2000012    1383.53014819289)(2000022    -28.4662316531828)(2000111    12559.9872261435)
1 3      - (2000002    16923.0097617537)(1000000    24116.7180558082)(2000201    4593.65755441156)(2000111    15036.5920568765)(2000012    16988.2814101302)(2000101    10641.716514269)(2000221    -1115.61346299404)(2000211    4045.25867738677)(2000121    -500)
4 3      - (2000101    14526.4163500548)(2000221    -1436.17904862318)(1000000    24347.7396472196)(2000002    14776.4401134502)(2000022    -52.0103659614667)(2000201    14949.6954917056)(2000111    6749.40143672283)(2000121    -500)(2000211    12075.6161173482)(2000012    9586.41901100681)
3 0      - (2000201    17581.0923458194)(2000002    14709.6167741619)(2000101    15221.0163889896)(1000000    24349.3077796076)(2000111    13491.7251788161)(2000012    16188.8110405792)(2000211    5469.53697871513)(2000022    190.751057315703)(2000221    -1037.41519798325)
3 1      - (2000101    14804.6729629986)(1000000    24294.0254747994)(2000002    16840.124302186)(2000201    18710.3246762433)(2000012    14090.7820149432)(2000022    -353.383328343282)(2000121    -910.659327217675)(2000221    -801.172688644482)(2000111    9899.76907188466)(2000211    16450.1681026376)
2 4      - (2000002    17716.4491697755)(2000012    18720.7259024979)(2000211    9278.44131090172)(2000111    15459.5740280314)(2000101    14103.8252663166)(2000201    16347.6902047836)(1000000    24593.9647631708)(2000221    -1071.36922650485)(2000022    -142.738453009704)
0 4      - (2000101    14388.2824871704)(2000221    -944.121048785158)(1000000    24300.7333856773)(2000211    5155.43429853385)(2000012    12045.5063693514)(2000111    8732.05718019936)(2000002    19289.9715436129)(2000201    16547.408176281)(2000121    -627.123648917153)(2000022    140.265602324131)
3 2      - (1000000    24361.4850605142)(2000101    13171.3697337209)(2000002    17669.8773880908)(2000201    16148.0816802665)(2000012    9360.954069097)(2000211    9089.1362645361)(2000111    11803.5866467508)(2000022    513.458639268764)(2000121    -501.382000005844)(2000221    -276.951443324016)
3 4      - (2000002    16528.480555766)(2000022    -68.6233489971068)(2000012    -280.002344136181)(1000000    23932.5116908365)(2000201    12312.3128946929)(2000101    15714.0070069554)(2000111    13687.0531302214)(2000211    1615.09487534251)
1 4      - (2000201    16575.5429768116)(2000002    24121.3586038448)(1000000    21020.6065120626)(2000111    16023.4721173222)(2000022    -45.907164026384)(2000121    -1006.93729110371)(2000211    12226.498107669)(2000101    14555.9142848055)(2000221    -500)(2000012    15509.8478773888)
0 3      - (2000111    15469.093740942)(2000002    16744.1731986382)(2000201    20435.4886192875)(2000012    12585.3396037083)(2000101    15092.9161910997)(1000000    24435.8903560436)(2000121    -1100.66651008479)(2000211    13701.2306475566)
4 2      - (1000000    24281.7640210435)(2000211    11626.0856486948)(2000002    13563.68400097)(2000201    11309.9603559281)(2000022    -60.585642791386)(2000111    15538.9108686905)(2000101    17180.4924472116)(2000012    12073.9538502748)
3 3      - (2000211    13403.4535714858)(2000101    15670.1036902612)(2000012    9608.18848538384)(1000000    24075.656192159)(2000121    -872.881247802338)(2000221    -971.952214533032)(2000002    14320.2393758364)(2000111    14548.3069581109)(2000201    19298.3508562911)(2000022    27.5820961706407)
4 4      - (2000012    4047.25379566755)(1000000    23492.7358903744)(2000111    884.699743995391)(2000002    14028.9293583183)(2000101    16995.9243795871)(2000201    14789.7509182675)(2000211    11751.8047985495)
4 5      - (2000211    -1158.68332931117)(1000000    7471.50138815651)(2000221    -828.903925555089)(2000012    -540.639442853)(2000101    1072.17237142499)(2000002    6854.29763186843)(2000111    1741.04054064913)(2000201    12844.0390285922)
5 4      - (2000111    -781.34185317571)(2000201    -1165.69368254892)(2000101    2181.42298574691)(1000000    23138.4188522826)(2000012    -133.886982230476)(2000002    7725.36725214265)
4 1      - (1000000    24138.3520950988)(2000211    7664.05121623986)(2000201    15824.745592363)(2000002    13006.1107190394)(2000221    -1874.42889601818)(2000121    -1197.70863811809)(2000101    16270.7073370973)(2000022    55.5677245021684)(2000012    6012.16904701354)(2000111    10039.0870433766)
5 3      - (2000101    5366.88422163093)(1000000    22254.6358674355)(2000201    8597.87691002783)(2000002    7294.16292839372)(2000022    -34.6849297563918)(2000221    -750)(2000111    -517.207923864459)(2000211    3852.93476791308)(2000012    5674.2753843023)
5 1      - (2000201    7140.65556985939)(1000000    20129.2022955104)(2000101    -262.260932728313)(2000002    8997.98750131236)(2000211    -899.782913251333)(2000121    -1534.86131020114)(2000111    -1662.09517938385)(2000221    -594.666884267686)(2000012    -95.1668842676865)
5 2      - (1000000    14964.3799824248)(2000201    7342.65274396223)(2000002    20689.7447688136)(2000022    -33.2305973327963)(2000111    6537.14876690505)(2000101    6710.92733644397)(2000211    3721.52051469504)
6 0      - (1000000    16627.8427969306)
0 9      - (2000002    12525.542190631)(2000101    10654.0955842737)(1000000    12966.858547258)(2000201    13140.5983935035)(2000111    9441.83157505889)(2000012    15828.2725642162)(2000211    24281.3956195593)(2000121    16720.9875800369)(2000022    15491.0090034897)(2000221    8693.03775153078)
1 9      - (1000000    19584.0580918477)(2000101    19571.5800742288)(2000002    21076.6610918405)(2000201    19263.7865699813)(2000111    20691.7634053047)(2000012    20734.2147867752)(2000221    20964.9040665957)(2000211    20196.0196979642)(2000121    20669.1859316455)(2000022    25055.2017308711)
9 0      - (1000000    1146.29854242148)(2000002    3867.11347264588)(2000201    1837.03520361615)(2000211    1921.31829163106)(2000111    158.285520391176)(2000101    4205.17315747977)(2000012    3033.99138241146)(2000022    17121.855367217)(2000221    4790.04464596119)(2000121    1726.07897611745)
10 2      - (2000002    1016.17003318017)(2000221    -699.251723055943)(2000201    -768.250127058739)(2000211    -693.913964593539)(2000022    17011.1781147153)(2000111    -782.639562518989)(2000121    4757.18437294364)(1000000    -807.105878809588)(2000101    1457.34211576335)(2000012    1999.17571162524)
0 5      - (2000012    -633.379080465364)(2000121    -782.310371612178)(2000201    4230.6297439634)(1000000    19888.6425831207)(2000101    4415.30606279942)(2000111    400.244772650974)(2000002    4358.93804016352)
2 13      - (2000201    15171.7980337854)(2000002    24471.1496194396)(2000211    10447.9470914309)(2000111    13546.76876767)(2000101    9615.00210998175)(2000012    10785.2943555582)(2000121    -1212.70714822711)(1000000    23160.0594936751)(2000221    -453.303815312199)(2000022    -169.522894225912)
1 10      - (2000201    18949.4232913737)(1000000    21992.813778174)(2000002    21493.2322003827)(2000101    24597.2648511888)(2000012    18473.244479611)(2000221    19566.0772499103)(2000111    20300.6009508639)(2000211    20413.888956163)(2000022    19865.4397926517)(2000121    20270.654478969)
14 1      - (2000002    43.204053778855)(2000201    534.653272236814)(1000000    3538.30500388728)(2000022    -9.84716640574526)(2000111    1363.36535606619)(2000101    -1298.26700269929)(2000221    -823.077918195101)(2000211    -414.633616601762)(2000012    -10.987277313444)(2000121    -762.016224104789)
13 0      - (2000101    454.353846382521)(2000002    2385.06177774766)(1000000    356.879736731853)(2000012    -399.155861127518)(2000221    -1022.04616889411)(2000201    -75.5266992238113)(2000211    -199.470106875737)(2000121    -964.084655732311)(2000111    871.865014524869)
3 16      - (2000002    -817.099033437754)(2000201    -878.960828982345)(1000000    -878.783361482147)(2000101    -578.659135561879)
9 2      - (2000201    901.717032408786)(2000111    1575.40822706237)(2000002    1085.21627143781)(2000012    14071.5790624709)(1000000    -905.09526827985)(2000101    1867.38154933512)(2000211    1356.16067893492)(2000121    1262.74284088899)(2000221    922.62616992584)(2000022    3087.76780630589)
2 14      - (2000002    22724.227485542)(2000201    20904.1372670917)(1000000    26041.2867935501)(2000101    19814.8701656561)(2000211    20929.8472746141)(2000111    20424.0271494719)(2000022    -308.393391192204)(2000012    20590.3655023347)(2000121    -1039.41301306727)(2000221    -861.710520194761)
0 14      - (2000101    21364.3965067775)(2000201    22149.7998015978)(1000000    26118.2238554339)(2000221    -1234.95878603898)(2000002    19924.4209728185)(2000111    20173.9417735201)(2000211    19083.353139072)(2000121    -837.295585913151)(2000012    19793.3984246634)(2000022    124.554188217103)
2 10      - (1000000    21489.860855072)(2000101    19600.9377223717)(2000002    21490.8652167029)(2000201    19659.2723805043)(2000012    20225.2470319332)(2000022    25205.3592787935)(2000111    21554.3413358394)(2000121    20669.3920471367)(2000221    19490.3226381842)(2000211    20137.6615661824)
13 2      - (2000002    -782.602895155504)(1000000    19.8901626777498)(2000111    -958.499029664496)(2000012    -541.892704731613)(2000022    33.0533687866181)(2000201    -1126.10798953076)(2000211    -990.242736380472)(2000101    -1037.18700061375)(2000221    -1032.3362812178)(2000121    -729.598378343556)
2 11      - (1000000    18851.2799033892)(2000101    19884.0733913537)(2000002    20393.5548517976)(2000012    25509.7696322278)(2000121    18352.9730683665)(2000022    20446.1064302477)(2000211    20163.9201584919)(2000201    20797.8782378608)(2000111    21303.830280444)(2000221    19169.0904677056)
0 8      - (2000002    -1297.79027174084)(1000000    1237.73976965354)(2000111    -766.144652939647)(2000101    -471.417903829359)(2000201    851.786505828939)(2000221    932.282583064385)(2000022    4257.95393317053)(2000121    1770.2963621554)
0 10      - (1000000    19855.5602377613)(2000002    19751.922931669)(2000201    21081.3641472984)(2000111    19211.5484880732)(2000221    21383.673479367)(2000022    18570.4600399257)(2000101    19716.5680050598)(2000012    24985.7657681555)(2000211    20541.6917083551)(2000121    19079.253557841)
1 12      - (2000012    22248.7372188275)(2000111    -1053.23134208979)(2000002    -904.624452936239)(1000000    9240.11324580483)(2000101    6413.35988357734)(2000201    2895.51913683125)(2000121    10728.2202830124)(2000221    1857.13199673863)(2000211    2343.17775613989)(2000022    2594.30965623717)
11 1      - (1000000    -967.274299724185)(2000201    -1321.53541693316)(2000101    -970.977222459809)(2000002    -571.303254534388)(2000111    -604.413375659838)(2000211    -1072.86201875503)(2000012    85.006907641272)(2000221    -577.06822891141)(2000022    68.8495234539317)
12 2      - (2000211    -1010.30439704083)(2000201    -997.990040876639)(2000002    -1287.28646309575)(1000000    -262.998816045903)(2000101    -538.013777225489)(2000022    -641.612443369818)(2000121    -869.843365780792)(2000111    -1137.0376157262)(2000221    -1020.14780046837)(2000012    263.606701707963)
1 14      - (2000101    20315.6012448695)(1000000    26300.3863138171)(2000121    -1057.36825736641)(2000201    20336.5924074241)(2000111    19391.5465133466)(2000211    18676.736305429)(2000012    20333.443966634)(2000022    -68.860510328981)(2000002    22020.56476777)(2000221    -890.545977497336)
11 2      - (2000101    -851.983633674654)(1000000    -904.24316009571)(2000002    -830.439915304491)(2000201    -1361.37905247963)(2000221    -1076.55873349787)(2000211    -55.5479488150014)(2000111    -1068.44638972738)
4 8      - (1000000    -377.133112922527)(2000101    -1413.36924896279)(2000211    -1141.05878765382)(2000111    -625.174532636513)
14 2      - (1000000    6752.22006982901)(2000002    -697.029137052247)(2000121    -1032.30905940972)(2000201    301.948874155036)(2000101    -786.650059219756)(2000022    -126.309035400143)(2000111    3199.53113688348)(2000211    -271.648812857465)(2000012    42.9282437116761)
0 13      - (2000101    19919.3523597255)(1000000    25407.0292401224)(2000012    21161.19655787)(2000022    -13.1080494377928)(2000201    18387.4801879546)(2000002    19572.6478575136)(2000211    19578.9481556281)(2000121    -996.150029875641)(2000111    19747.9109532781)(2000221    -973.741689488492)
13 1      - (1000000    1917.76380740024)(2000101    -1102.38117455881)(2000201    -357.423235448046)(2000111    -412.196410175248)(2000121    -1137.89321920279)(2000002    -634.717504161621)(2000221    -1540.78399169102)(2000211    -451.040555890418)(2000012    231.140268596539)(2000022    -112.281298205738)
4 7      - (2000002    -124.334515524656)(1000000    24.8520627172633)
4 10      - (2000101    -950.359885946833)(1000000    5068.92645202903)(2000211    504.890331314227)(2000022    18594.4565892022)(2000201    1216.24183776864)(2000221    2115.80652175234)(2000002    5687.47104597054)(2000012    1185.15832118667)(2000121    2106.21316960797)
9 1      - (1000000    1572.76189095734)(2000012    7393.07343565787)(2000201    -764.900651442358)(2000101    6164.16895668355)(2000002    1276.99508202786)(2000121    2108.38034023152)(2000022    15121.7748859151)(2000111    1587.2765211936)(2000211    2299.24463513879)(2000221    1810.91922237975)
3 11      - (2000101    11000.0689466335)(2000002    11803.088335932)(1000000    9027.86007663221)(2000012    24361.8627243051)(2000121    6855.08550416488)(2000022    14967.1922922818)(2000221    13656.1576945566)(2000201    7771.37794373028)(2000211    9805.65644927434)(2000111    12921.6090115473)
12 0      - (1000000    -369.564322922411)(2000101    -535.984913333121)(2000201    -616.180423799422)(2000111    -956.278917416518)(2000121    -1138.06672969503)(2000022    -66.7249889269533)(2000002    981.243015262386)
0 12      - (1000000    25846.4691627155)(2000002    22670.2316446986)(2000101    21329.0217580924)(2000211    20177.0475399836)(2000221    17182.6581796409)(2000012    21917.8166866522)(2000022    18226.6815454505)(2000201    19734.3645956593)(2000111    21374.5709813815)(2000121    17259.3428177186)
3 9      - (1000000    10422.72619021)(2000121    15468.5625216884)(2000101    10831.6139837567)(2000002    8065.73879498044)(2000022    23968.3318916175)(2000201    13134.8223965659)(2000111    7300.372972738)(2000211    9455.1810049569)(2000221    7204.45102119075)(2000012    11751.7145189324)
2 9      - (2000201    24678.2603857373)(2000211    18955.3098549512)(1000000    19411.3120729471)(2000101    19084.3065204688)(2000002    21369.5653752735)(2000022    20783.5664358125)(2000012    20817.6065936517)(2000111    18863.2498195263)(2000221    19512.522657851)(2000121    22900.9356630381)
5 8      - (2000022    -384.986883705008)
1 13      - (2000101    17014.2180517122)(1000000    26380.5508395995)(2000002    14064.9721665955)(2000211    7322.31694470367)(2000221    -1091.22944431422)(2000121    -1008.67052553029)(2000111    9471.22510358202)(2000201    14180.3924491764)(2000012    4002.24753366724)(2000022    -458.85099700475)
14 0      - (2000002    -814.908592378505)(2000201    -439.500273939629)(2000101    164.941751177388)(1000000    2614.64887043189)(2000022    -16.1822946252101)(2000121    -977.028633939694)(2000221    -940.577690750118)(2000111    9367.91591101364)(2000211    1103.1557893501)(2000012    161.587861310093)
12 3      - (2000101    -2619.01492993447)
2 12      - (2000101    -937.116413775345)(2000201    3182.33868915712)(2000002    7259.15666214537)(2000111    9186.00872572772)(2000221    4459.25699774219)(2000012    7569.419531322)(1000000    22074.6118698325)(2000022    5756.96331813955)(2000121    4419.85993154852)(2000211    7606.07288598944)
2 5      - (1000000    21544.7668334407)(2000101    6555.57671012871)(2000201    9639.68952924211)(2000002    1460.39219081189)(2000211    7033.5065700566)(2000111    13703.2701416755)(2000012    8075.21406463094)
10 0      - (2000101    -994.204614812195)(2000201    -961.261228953116)(2000012    17601.8755234706)(2000211    -920.044552279771)(1000000    -673.838216485137)(2000111    -636.106017418572)(2000002    -484.157347359016)
3 14      - (2000111    16637.0877938976)(1000000    24656.5349028856)(2000201    22822.6854025612)(2000211    17289.9087025406)(2000012    21393.7706935153)(2000002    16480.2124024882)(2000101    15739.677527734)
1 5      - (2000111    -1694.59870870265)(1000000    23531.1709754192)(2000101    6378.35158846667)(2000221    -509.692638849398)(2000211    6158.72659858496)(2000012    8166.53415781184)(2000201    1959.23310507022)(2000002    4696.06757716)
0 15      - (1000000    25169.1981180783)(2000002    19523.8326973161)(2000111    19761.1550436238)(2000012    19241.1060451547)(2000211    20524.51812279)(2000101    20456.969052919)(2000201    19077.1244174637)
4 13      - (2000201    -1239.46660764689)(2000221    2220.69020410217)(2000121    -980.059101938963)(1000000    -891.66346360658)
12 1      - (2000201    -1181.70679875102)(1000000    41.3523341160414)(2000002    -775.886650565498)(2000121    -1113.0166015969)(2000022    75.2300453375873)(2000221    -897.572948280941)(2000101    -917.544952271861)(2000012    -445.813121149449)(2000111    -876.226744347358)(2000211    -532.994311699542)
0 6      - (2000221    -1038.3662607499)(2000121    -971.323874237949)(2000211    -1053.26016535656)(2000101    -28.6884949400041)(2000002    1660.55308399043)(1000000    -784.177727122551)(2000111    -383.87879108823)(2000201    1317.99391102265)
0 11      - (1000000    7823.37384324483)(2000201    7879.0842867516)(2000101    11819.8455784527)(2000111    10777.611811127)(2000121    16588.6699542061)(2000012    14571.9416799952)(2000211    13758.4109425314)(2000002    5076.01917208027)(2000022    23850.6173785318)(2000221    11967.7058882252)
4 16      - (2000101    -593.813843947254)(1000000    455.116999541121)
3 6      - (1000000    3302.32914318249)(2000211    -751.25)(2000101    763.801266075335)(2000221    -751.875)(2000111    -561.961705795979)
4 6      - (1000000    16364.9133116596)
2 8      - (2000101    -597.710832775629)(1000000    -1001.44703915392)(2000211    728.55793448259)(2000111    156.989532911952)(2000002    294.57878715048)(2000022    1700.41413844018)
11 0      - (2000002    -301.5776544363)(2000201    -824.969209338987)(1000000    18722.3547748438)(2000121    -867.929347477062)(2000211    -559.096581111148)(2000221    -1062.12897620589)(2000111    -397.86607633955)(2000012    -106.190175886686)(2000101    -1177.39196883598)
3 10      - (2000101    14588.1878054984)(2000211    15280.9587538208)(2000002    14810.4229112312)(1000000    12925.0743289542)(2000111    2466.28971612748)(2000012    15896.8073381114)(2000201    11310.3957336431)(2000221    10040.1100001486)(2000022    24616.5472175677)(2000121    2507.70823382546)
4 9      - (1000000    5814.31113901969)(2000201    -1016.86524312849)(2000221    -148.395185853781)(2000002    -918.328316390556)(2000012    21167.4716354928)(2000111    605.562075691719)(2000211    382.50732358686)
4 15      - (1000000    -168.793435443208)(2000002    -347.499419417722)
10 1      - (1000000    3465.60669616857)(2000002    760.151847052839)(2000211    565.408611697332)(2000201    -948.031964451291)(2000101    -917.839521003167)(2000111    20161.4977474726)(2000221    1598.03180918953)(2000121    3908.35934873609)
5 5      - (2000101    -906.936533371731)(2000002    -980.029121690433)(1000000    17001.707327802)(2000201    1603.36143159269)
2 6      - (2000012    348.968262572358)(1000000    2018.75732935586)
3 13      - (2000002    14256.8147202832)(1000000    22455.3541381043)(2000101    12583.4113297576)(2000201    15031.0747726705)(2000111    10905.522374274)(2000121    -968.512007868145)(2000211    7854.70177381472)(2000012    7127.20517980088)
5 0      - (1000000    21075.9653738077)(2000211    -965.875611128582)(2000012    5087.93452520244)(2000101    2181.24569354453)(2000002    1533.33437849271)(2000201    8444.55562598406)(2000022    -0.5)(2000221    -577.557864709091)(2000111    1003.08978209016)
6 1      - (2000211    -471.65572392777)(2000002    4507.2485104672)(1000000    7955.79149453978)(2000101    4582.64189570772)
9 4      - (1000000    -816.808586478275)
6 2      - (2000101    5375.52734735748)(2000201    1618.89837038439)(1000000    16159.8989820901)
2 7      - (2000012    -215.918853034818)(2000101    -795.439232093539)(2000201    -712.765894272208)
14 4      - (1000000    1889.54724365575)
8 3      - (1000000    2462.42811401501)
2 15      - (1000000    25540.0379764431)(2000101    19077.0276745432)(2000201    14787.1073672753)(2000002    18710.9226211596)(2000012    20537.5477711937)(2000111    19217.2583397249)(2000211    19768.1574341207)
1 11      - (1000000    19925.123146123)(2000201    18962.9290189906)(2000002    21663.4430728931)(2000111    20638.2082112575)(2000101    19139.3017860751)(2000221    18456.9794356097)(2000211    20835.8799964466)(2000121    21527.6915456766)(2000012    19865.6461924521)(2000022    24781.0847645924)
5 7      - (2000211    -327.317304439737)(2000022    -1)(1000000    -500)(2000012    -77.3173044397369)
1 15      - (2000002    20565.7343726462)(1000000    25567.4471098637)(2000012    20096.562065127)(2000101    16934.4484550552)(2000111    15843.7642663113)(2000211    16674.8961195489)(2000201    19391.7520143207)
6 4      - (2000012    -467.945009581893)(2000111    2811.25745182438)(2000002    -87.1824448368871)(2000101    -1026.95327846455)(1000000    17113.0417019061)
1 8      - (2000012    2915.60503839334)(2000002    -573.844461012854)(1000000    233.710083717024)(2000111    1049.50753896633)(2000201    791.796301789563)(2000211    1055.51789711991)(2000101    48.6596792349892)(2000221    1594.74106575065)
3 8      - (2000012    637.521465517845)(2000201    -988.531661504826)(2000101    -1193.49120708107)(2000221    -917.273692227568)(1000000    -257.1475423321)(2000002    -500.375)(2000022    6145.33998746555)(2000111    1233.19236367481)(2000121    4025.10685653331)
6 6      - (2000221    -562.167257762328)
3 7      - (1000000    -1000)
8 0      - (2000101    -616.426605355923)
0 7      - (2000002    -1082.61286664066)(1000000    -1155.7443965955)
3 12      - (2000221    -671.316945866909)(2000211    943.203358570188)(2000022    1771.13999584583)
4 12      - (2000002    -871.433477198656)(2000101    -943.428135740489)
4 11      - (2000111    -1080.0798826392)(2000221    -581.492805113203)(2000012    3629.20129172633)(2000002    1482.85597307422)
11 3      - (2000211    -500)(1000000    -30.4915697035599)
15 2      - (1000000    13952.1270920305)(2000201    -54.6563124080434)(2000002    1214.83886736592)(2000111    910.050922434881)
1 7      - (2000111    -896.653084549318)(1000000    -62.3003930377189)
2 16      - (2000201    24250.3014520322)(2000101    19520.9110329968)(1000000    19818.2640985847)(2000002    17217.120320311)(2000111    16429.1529944127)(2000211    19934.6703372023)(2000012    16396.3275213141)
0 16      - (1000000    24012.491961915)(2000012    18404.9316159992)(2000201    13085.5786285656)(2000211    18230.3237532462)(2000002    17251.2738080699)(2000111    13510.5393201734)(2000101    17548.8134950932)
3 15      - (2000101    18076.7086560392)(2000012    18390.1734805949)(2000211    17323.4357561479)(1000000    20711.683921524)(2000111    16190.8493705121)(2000002    18601.2736652886)(2000201    24131.5257867457)
7 0      - (2000002    -195.383857584968)
15 0      - (2000201    1358.72251867495)(1000000    5293.13517887791)(2000211    889.486164719256)(2000111    1312.76223267205)(2000012    1285.18314646163)(2000002    1490.8234732271)(2000101    324.600720693012)
1 16      - (2000002    19678.3280462828)(1000000    21311.5246761168)(2000012    18161.523952825)(2000111    19714.3717341965)(2000201    18949.9166630867)(2000101    24168.6960036259)(2000211    19670.1342399386)
3 5      - (2000002    113.286014388402)(2000201    8763.82653840879)(2000111    10831.8874435055)(1000000    22872.213625323)(2000211    7304.13516836124)(2000101    8522.8928869594)(2000012    2296.65986731061)
6 3      - (1000000    18252.1094161964)(2000101    2291.48971033861)(2000201    3501.49043097612)(2000002    2206.49437756996)
1 6      - (2000101    -924.720972174129)(1000000    11381.7816999745)(2000002    -1271.07702356516)(2000201    -824.539810849864)(2000121    -942.161638270056)(2000221    -940.161638270056)
5 14      - (1000000    804.648063306776)
16 0      - (2000121    -758.74664577534)(2000211    2201.47255111649)(2000101    496.191332310341)(1000000    15828.9203338726)(2000002    4402.75860659837)
9 3      - (2000101    -803.661047559506)(2000002    1.45753775597569)
8 1      - (1000000    6.11539564937776)
10 4      - (2000111    24.5098397042893)
7 4      - (2000111    -39.9928920979812)(2000201    -39.9928920979812)
4 14      - (1000000    -518.609189983232)
15 1      - (1000000    19918.6235688223)(2000201    885.379030059865)(2000101    278.311494500735)(2000012    1598.50919661823)(2000111    895.99397721887)(2000002    2289.32784509463)
15 3      - (1000000    12310.3737282461)(2000111    572.696377262121)(2000012    4338.87029192701)
6 5      - (2000211    -899.051706494426)(1000000    566.204434404165)(2000121    -770.615748423793)
8 2      - (2000012    2280.24131304441)(2000002    197.932360049701)(1000000    1383.25910012198)
6 9      - (1000000    2466.65739512822)
10 9      - (1000000    16699.440307347)(2000002    4794.74906987499)(2000101    2270.47489507052)(2000201    2585.32069562022)
11 12      - (1000000    25529.1879575045)(2000101    1981.60464689679)(2000002    7439.92419342925)(2000201    2657.5198345719)
12 12      - (2000012    -26.517828362389)(2000221    -450.141871602602)(2000022    117.870544655646)(2000111    -762.748723193448)(2000201    13301.1386440556)(2000101    18923.8909592822)(2000002    20795.5257044575)(1000000    31317.4761877314)
14 13      - (2000201    2568.27721726775)(1000000    30713.5016724263)(2000002    4044.00050049078)(2000101    2683.66304582976)
14 12      - (1000000    31033.3312411145)(2000201    10849.9772396182)(2000101    2804.8102144625)(2000002    10455.8349117757)
12 14      - (2000002    4266.97887625302)(1000000    31420.2103857649)(2000201    7976.17767786659)(2000101    6305.52178710295)
13 12      - (2000111    -437.722905891448)(2000121    -437.722905891448)(2000022    123.608388931261)(1000000    31098.1620639465)(2000201    11845.5393766118)(2000101    2657.51086493837)(2000002    7918.51817575696)
14 11      - (2000211    -430.982527980712)(2000022    -59.1933823763352)(2000002    4254.04389417942)(2000111    -766.015085310035)(2000012    271.503010525116)(2000101    5594.83791532832)(2000201    2475.66694258351)(1000000    30614.6332226152)
12 17      - (2000111    458.611685151075)(2000201    1499.57914299391)(2000101    -490.469284322691)(1000000    2002.49105661585)
12 9      - (1000000    2664.92550344534)(2000211    -648.209072108288)(2000111    -761.155943310084)(2000101    2610.20681968668)(2000022    558.358808919935)(2000002    5515.09554404308)(2000221    -423.527743192147)(2000201    2708.97619476162)(2000121    -186.458410035138)(2000012    557.853549539706)
12 10      - (2000002    3395.50323910526)(2000022    319.30078142433)(1000000    29076.0623613073)(2000201    8655.09307176167)(2000101    7191.08949382086)
9 15      - (2000121    -743.094983492735)(2000221    -891.546195235539)(2000002    2648.39113064165)(2000201    1401.09897074506)(1000000    10034.5668240895)(2000101    1619.22673087669)
14 10      - (2000221    -716.181753836661)(2000022    1251.75944878555)(2000211    -419.206069344953)(2000002    3360.69905127124)(2000201    2480.18969671452)(2000111    -427.441158057442)(1000000    15995.050028043)(2000101    2493.55680929844)
13 10      - (2000201    4494.76449784444)(2000022    110.769862840263)(2000002    3429.71765652599)(1000000    30554.5423432067)(2000101    2481.73381212481)
14 9      - (2000211    506.202352961465)(2000101    2672.46028741237)(2000022    2471.60629403287)(1000000    2752.72344086301)(2000201    2699.50785211614)(2000002    3711.69499297248)(2000221    311.555029059775)
10 16      - (2000111    -816.085758096183)(1000000    5298.19298091537)(2000101    229.082348499215)(2000201    109.709482060515)(2000002    1418.58989489726)
16 11      - (2000201    -786.11775008691)(2000002    2766.83787138977)(1000000    2863.58495753692)(2000101    1360.71864070103)
13 9      - (2000002    16578.1531449294)(2000121    -797.561509975412)(2000012    2497.794296962)(2000211    -437.722905891448)(2000201    2740.93008425999)(2000111    5784.19970773161)(2000101    2020.70630775891)(1000000    3894.21150112127)
15 9      - (2000101    460.037744780148)(1000000    4508.76988842722)(2000201    373.072789443079)(2000002    1659.04256209164)
9 14      - (2000111    -673.989412498528)(2000201    2431.08443056127)(2000022    356.09491287909)(2000211    -470.822401196668)(2000012    28.6775988033321)(2000002    3630.61374094717)(2000101    2528.74328848048)(1000000    8416.8960388315)
7 13      - (2000111    -721.343722163313)(2000012    81.1054451070657)(1000000    2644.52810912689)(2000201    2677.6613450352)(2000002    3564.92995385389)(2000101    2484.05367448464)
15 13      - (2000012    61.7770941085515)(2000201    2894.75852077863)(1000000    29308.3437284817)(2000101    2292.32410780926)(2000002    3817.23050183885)
9 9      - (1000000    6547.06487908786)(2000201    2684.70475168349)(2000101    2542.55471789523)(2000002    17915.7134182069)
9 8      - (1000000    2684.67514043385)(2000201    2114.85141087338)(2000101    1286.98072460887)(2000002    1843.14727912446)
8 16      - (2000101    -319.73574096701)(1000000    2748.25415481102)(2000201    1355.11027070002)(2000002    1854.75827070002)
13 13      - (1000000    31314.6507080425)(2000201    2472.69359253383)(2000101    5087.35770875274)(2000002    3639.74649040168)
10 13      - (2000121    500.800915971736)(2000002    4240.03899509688)(1000000    12625.1878273368)(2000101    26687.0965447512)(2000201    2213.76357419276)
12 13      - (1000000    30840.3182836222)(2000101    11689.9415025647)(2000002    17419.7372402433)(2000201    2580.72529837788)
12 8      - (2000121    2372.12339168889)(2000211    1581.41559445926)(1000000    2460.97475969887)(2000002    15525.6742435148)(2000201    2373.12202205593)(2000101    1840.64157935847)
13 14      - (1000000    31013.4685222299)(2000101    2860.05953507628)(2000002    3333.53283016942)(2000201    2757.83944183685)
14 14      - (1000000    30067.9585264395)(2000101    9450.0903111776)(2000002    3756.27160543674)(2000201    6695.00512916686)
11 11      - (1000000    29872.8057749812)(2000002    10802.5513645701)(2000201    1308.92908196213)(2000101    4846.36574032222)
9 13      - (2000121    -500)(2000201    2384.0920759263)(1000000    2541.11169725352)(2000002    3508.99657226429)(2000101    2472.57560524628)
16 2      - (2000201    1069.42359088957)(2000111    824.100720693012)(2000002    2626.43085150851)(1000000    7651.65681891489)
10 14      - (1000000    3373.12109012584)(2000101    2285.55953664679)(2000002    3711.76615485468)(2000201    1692.7472961482)
10 11      - (1000000    30073.2790950035)(2000201    4829.35208779891)(2000002    1764.72654884287)(2000101    2478.91063210204)
10 3      - (2000121    891.538196959399)(1000000    13856.7964113708)
10 10      - (2000201    2675.11404095316)(1000000    2699.84921873751)(2000002    3510.76010944162)(2000101    2585.60552337085)
16 8      - (2000211    -83.2166710744196)(2000101    -83.2166710744196)(1000000    2595.87336277549)
11 10      - (1000000    29555.0030077516)(2000201    451.040162567586)(2000002    13284.3617316812)(2000101    9290.58773591664)
6 12      - (2000201    806.54470561091)(1000000    4287.15290791911)
11 14      - (2000201    7842.24048804802)(1000000    30749.9117783332)(2000002    3829.26439406794)(2000101    5483.28630174643)
6 14      - (2000101    543.890346972709)(1000000    3587.51486362071)
12 11      - (2000101    6321.07172996369)(1000000    30067.3149856039)(2000201    1843.6517836481)(2000002    10271.3625317957)
13 11      - (2000101    2469.7272994515)(2000002    5571.71851177346)(1000000    29993.8936071662)(2000201    11800.4812945992)
8 10      - (1000000    2609.09999411733)(2000002    4025.53549272317)(2000101    1564.22657201694)(2000201    1275.35383765089)
15 12      - (2000101    2533.93642516706)(1000000    30350.270876784)(2000201    1664.37078768057)(2000002    3019.98214024993)
9 11      - (1000000    2455.20847725842)(2000201    2319.97140350745)(2000101    2803.93005122179)(2000002    3631.78453096306)
9 12      - (2000211    623.811954138431)(2000012    1634.43303412018)(1000000    2694.70964881306)(2000101    2735.284174744)(2000002    3691.48575309409)(2000201    2632.70542526255)
15 14      - (1000000    30299.7106017997)(2000002    2468.21513673041)(2000101    2135.20507253218)
8 8      - (1000000    2750.67124530156)(2000101    2207.00121555826)(2000002    2791.28525830132)(2000201    1434.6649410371)
11 13      - (1000000    29369.8842820617)(2000101    4737.12746985581)(2000002    4436.5819573632)(2000201    6356.15691938305)
9 10      - (1000000    2742.06125502683)(2000002    3610.15514021755)(2000101    2772.74967717014)(2000201    2592.64886134977)
12 7      - (1000000    2469.88714807329)(2000201    1293.45155226953)(2000101    1293.45155226953)
10 8      - (1000000    2699.92233643295)(2000201    1658.78357397962)(2000101    2587.00186555856)(2000002    4566.45922887641)
11 9      - (1000000    2437.00781575937)(2000002    3746.04959974819)(2000101    2443.59537384348)(2000201    2461.19551297497)
12 15      - (2000201    1716.23683014602)(2000002    3741.40123606991)(1000000    24923.3069031031)(2000101    1887.79271051)
14 6      - (1000000    3835.31846692828)
13 15      - (2000201    -99.6176441367226)(2000101    1235.95212228995)(1000000    25183.0293893709)(2000002    1702.88975576723)
10 12      - (2000002    9824.61205362117)(1000000    28110.9699992949)(2000201    4551.02034360789)(2000101    1231.78149116994)
10 7      - (1000000    4644.80651641331)
16 1      - (2000002    1620.63475421923)(1000000    10375.9881230132)
8 9      - (1000000    2329.20060308134)(2000101    928.327738510457)(2000002    3193.86702210526)(2000201    1145.70849942294)
15 15      - (2000201    2858.67328926273)(2000101    1789.3304056008)(2000002    2613.94188686891)(1000000    21805.5611239192)
16 14      - (1000000    26321.539613277)(2000201    -264.309411510777)(2000101    2311.40096944033)(2000002    3312.86071590626)
13 16      - (1000000    24351.4732555652)(2000201    889.455732956075)(2000002    3700.87792516142)(2000101    1433.75098977354)
15 10      - (1000000    19447.2167859744)(2000101    557.402049740271)(2000002    6408.54527789251)(2000201    1910.65841591676)
14 15      - (1000000    28392.2163009684)(2000201    2496.12510716009)(2000002    3662.16446456196)(2000101    1976.12762855604)
6 10      - (1000000    3302.73328093896)
15 8      - (2000201    2033.23881725384)(1000000    2405.10605063479)(2000101    86.0097405594111)(2000002    2139.73057031056)
14 16      - (2000101    2283.16400828236)(1000000    25473.1647078657)(2000002    3158.4538378015)(2000201    1219.18916198134)
9 7      - (1000000    4632.08238907653)(2000101    704.821864050345)
15 11      - (1000000    4386.2505047361)(2000101    626.632271531504)(2000201    2481.92559898199)(2000002    1080.25178264037)
12 16      - (2000101    272.185022904551)(1000000    28580.9947462895)
16 13      - (1000000    29334.2953048169)(2000002    3712.17229404992)(2000201    6804.14759670475)
10 15      - (1000000    3709.13751552305)(2000201    2121.21459004822)(2000101    1635.16506878912)(2000002    3815.48397753745)
11 16      - (2000201    268.6515561774)(2000101    446.248148415863)(1000000    221.626913084541)(2000002    3491.96766829669)
7 10      - (1000000    2422.48255221808)(2000002    1227.32384626646)(2000201    1280.47781087612)(2000101    1854.53553996649)
16 12      - (2000002    3899.77696783503)(2000201    1512.75329420309)(2000101    2500.76522603105)(1000000    24431.7867112708)
13 8      - (2000201    899.560045269601)(2000101    1016.61737900107)(1000000    2426.86308166957)(2000002    3662.72151366621)
16 10      - (2000201    707.758547509613)(1000000    5826.63890822693)(2000101    147.809000425122)
13 17      - (2000002    1308.70502951507)(1000000    300.799236615863)
17 11      - (2000101    384.902267201629)
14 8      - (2000101    2421.98989352792)(2000201    1234.98175647846)(1000000    2587.68401396652)(2000002    3567.56194007591)
16 9      - (2000101    2276.51451185245)(2000201    1290.4040513795)(2000002    3281.3018747514)
18 16      - (2000002    956.947931478622)(2000101    145.631755944523)
8 12      - (1000000    2493.82199626709)(2000201    2331.91457920672)(2000101    1247.29893053161)(2000002    3415.60710520883)
17 12      - (1000000    -462.54147014386)(2000002    1311.26355304207)(2000101    275.493907578346)
10 17      - (1000000    3892.93376608634)
7 14      - (2000101    1512.87381203662)(1000000    2630.51940744665)(2000201    2125.22279103991)(2000002    3643.78015189756)
8 15      - (2000201    2564.89381454612)(1000000    2421.29080709905)(2000101    2106.9967931797)(2000002    3500.25852740688)
8 13      - (2000201    1062.30919390515)(2000002    6819.56888087484)(1000000    2580.7051371009)(2000101    2316.95483234021)
8 14      - (2000101    1451.94431114022)(1000000    4223.9208067103)(2000002    3082.8359475986)
11 15      - (1000000    2676.9038609354)(2000201    2555.09419323423)(2000101    2029.57091602417)(2000002    3667.26928334948)
8 4      - (2000201    900.195284587441)
16 3      - (2000111    854.421463952366)(2000211    8759.18002252164)(2000201    1219.37154874217)(1000000    7601.3590753132)(2000101    2088.01368789699)
15 4      - (2000201    13463.8452719895)
8 11      - (2000201    1644.99164016457)(2000002    3811.6429740459)(1000000    16166.4433317478)
8 7      - (1000000    4176.90049227802)(2000101    1520.85261631605)
7 7      - (1000000    3844.174514155)(2000201    1109.73386125618)
11 8      - (1000000    18932.8117618948)(2000002    4979.13203427783)(2000101    2495.43791263261)(2000201    5714.95713606106)
7 12      - (1000000    3307.21737310052)
7 11      - (1000000    2512.97448368911)(2000101    2347.53043409237)(2000201    2258.32981859973)(2000002    3436.05943783234)
13 7      - (1000000    2591.19642476226)(2000201    1875.24412337573)(2000002    3488.16219749008)(2000101    1167.5862681505)
14 7      - (1000000    2683.46814904394)(2000101    2332.84572520637)(2000002    3416.26280806536)
16 15      - (1000000    23810.5821038297)(2000101    2065.2277869944)(2000201    2719.38129051354)(2000002    1759.75799909959)
17 10      - (1000000    3227.99439973736)
13 6      - (1000000    3824.42507791385)
9 16      - (1000000    3068.26137838616)(2000002    1751.70254597689)
9 5      - (2000111    2406.17880988242)(2000002    1374.95931993281)
12 6      - (2000002    2302.60983499987)(1000000    3517.05049248679)
6 13      - (1000000    4045.21645003109)
6 11      - (1000000    4429.80800757362)
11 7      - (1000000    3869.6443794396)(2000002    2389.37961489884)
6 16      - (1000000    3308.61655570603)
7 15      - (1000000    2846.25549771363)(2000201    1327.86928299175)
7 9      - (1000000    2691.95302299448)(2000002    3147.93148240943)(2000201    1328.46925382437)(2000101    1919.31781663616)
11 6      - (2000201    2420.61798071421)
7 16      - (1000000    3630.92697107131)
15 7      - (1000000    2458.09177400662)
16 7      - (1000000    2323.32773544158)(2000201    2178.001786224)(2000101    2324.14609551857)
7 8      - (1000000    4233.92509073111)
10 6      - (2000201    2317.4643077009)
17 7      - (1000000    2387.89845154313)
17 8      - (1000000    2196.21793105557)
7 18      - (2000201    2358.46042374451)
6 15      - (1000000    2349.61759103562)
8 17      - (1000000    3620.13532109795)
5 12      - (1000000    3308.07702308833)
7 17      - (1000000    2270.04422659057)
5 11      - (1000000    3283.24389929783)
9 17      - (1000000    2249.60350393482)
8 6      - (1000000    2246.15270423167)
7 6      - (1000000    1917.29698402028)
15 16      - (1000000    15556.1582915134)
16 4      - (2000002    10646.1852266027)
14 3      - (1000000    7166.60451637046)
16 16      - (2000002    3719.36918229924)(1000000    6061.78413352294)
14 17      - (2000002    3717.46177519582)
17 3      - (2000111    4148.92894677305)
15 17      - (1000000    6973.52496199071)

