158
0 0      - (2000002    2381.19562778831)(2000101    1891.20989779344)(2000022    2615.75953115628)(2000201    1728.27971713692)(2000211    2049.50178806282)(1000000    1991.67096356523)(2000121    2427.0305871268)(2000221    2469.91257074264)(2000111    2049.30072457856)(2000012    2390.09692858934)
2 2      - (2000111    2313.11330830781)(2000211    2460.72321955747)(2000012    2388.80082597948)(2000002    2601.99104427639)(2000101    1777.95304569052)(2000201    1834.54593932429)(1000000    2573.51590407977)(2000121    2503.33017397392)(2000022    2696.61683593788)(2000221    2638.38681688211)
1 2      - (2000002    2606.01862808829)(1000000    2594.18938912616)(2000211    1869.82549012817)(2000111    2347.00700422579)(2000201    1706.89679401981)(2000101    1781.94614073447)(2000012    2607.78398569441)(2000221    2661.48189865714)(2000121    2623.25258308814)(2000022    2683.88667283)
2 1      - (1000000    1875.10599451318)(2000002    2605.37710206956)(2000111    2539.31992764862)(2000201    1764.36152009944)(2000101    1757.82723465617)(2000221    2620.36684572159)(2000211    1807.2633291687)(2000121    2352.40891649358)(2000012    2545.7671262223)(2000022    2591.05985671733)
1 0      - (1000000    1849.12211108574)(2000002    1834.04422472799)(2000101    2530.92790450172)(2000201    2009.88456271113)(2000211    1911.17100073985)(2000221    2616.88738912837)(2000022    2566.14775910207)(2000111    2557.60137763033)(2000012    2171.5989997036)(2000121    2446.47520921238)
4 0      - (2000022    2728.30722018633)(2000201    1634.23695096404)(1000000    1831.1106706138)(2000012    1837.05003086431)(2000211    1681.19629780997)(2000101    1641.15046961228)(2000002    2624.10844230327)(2000111    1971.5282483985)(2000121    2553.04643980958)(2000221    1688.09735320992)
2 0      - (2000101    1955.20372892614)(2000201    1704.25892833893)(2000002    2530.96387941942)(1000000    1673.86411406159)(2000211    1709.59565504293)(2000111    2530.88628951537)(2000012    2260.57235902461)(2000022    2616.40570400725)(2000221    2417.51591670641)(2000121    2512.61169506984)
3 2      - (2000201    1640.05654543074)(2000012    2245.81472530609)(2000002    2626.99837359436)(2000221    1697.01959729006)(1000000    2278.06937611933)(2000101    1832.33960330113)(2000211    2047.98142208575)(2000022    1976.69278817813)(2000111    2276.21608836043)(2000121    2309.7881606115)
0 2      - (2000201    1630.45106693565)(2000002    2614.51100707705)(2000211    1999.15512481608)(2000012    2352.83436872185)(1000000    2612.96412753482)(2000221    2509.62401623395)(2000101    1649.2358495778)(2000111    2225.24213440116)(2000121    2563.59955438294)(2000022    2607.50360996619)
1 6      - (2000221    2435.88818140887)(1000000    1739.35073817121)(2000211    149.756769124084)(2000201    1474.27991157514)(2000101    1252.11871570199)(2000002    2315.3537597028)
1 1      - (2000002    2135.20440880961)(2000101    2041.87684089253)(1000000    2217.1151533257)(2000201    2262.68367119504)(2000111    2481.94291499926)(2000211    1687.60528924021)(2000221    2501.46855439572)(2000012    2316.39248076471)(2000022    2594.27707602857)(2000121    2605.20216358744)
1 4      - (2000211    1497.81495107149)(2000121    1298.07541249427)(2000002    2629.67698217352)(2000101    1661.52933374061)(1000000    2551.45337711344)(2000201    1656.93186852806)(2000111    2110.02290476716)(2000012    2709.84635393778)(2000022    1075.53755397595)(2000221    1974.93844878474)
4 2      - (2000201    1639.84328613585)(1000000    1679.44870042334)(2000002    2620.87087885911)(2000101    1654.999788619)(2000022    2654.11810969062)(2000111    2348.46229988516)(2000012    2438.85528521431)(2000221    2151.39048161356)(2000211    2246.62815210225)(2000121    2537.3595176613)
3 4      - (2000211    1646.48490346471)(2000012    1296.62331966812)(2000201    1650.13503170576)(1000000    1659.99101996527)(2000101    1559.55747384586)(2000002    2638.94153485628)(2000221    2503.61439520213)(2000022    2934.65610249259)(2000111    1075.67518071743)(2000121    963.141495879428)
0 1      - (1000000    2602.51168101641)(2000002    2606.45499744036)(2000111    2369.44014539282)(2000121    2394.97637342419)(2000101    1750.91371874159)(2000012    2551.45924092954)(2000022    2681.44436411313)(2000201    1990.42266712001)(2000211    2388.39268309258)(2000221    2503.35801259882)
3 1      - (2000211    1779.09245124086)(2000002    2645.6831775892)(1000000    1988.72448089271)(2000111    2735.04416942553)(2000101    1809.73742416623)(2000201    1741.02683507421)(2000022    1847.30627561983)(2000121    2062.80777999905)(2000012    2086.38819357924)(2000221    2400.28596454224)
4 4      - (2000101    1684.95802917172)(1000000    1739.02641369158)(2000211    867.51836070113)(2000201    1676.12783399648)(2000002    2430.59794235059)(2000022    860.919732479612)(2000111    2639.42000460297)(2000012    1758.09658326063)(2000221    1328.29547572266)
1 5      - (2000101    1644.09252811268)(1000000    1650.95136071887)(2000002    2642.48702056001)(2000201    1673.56199621153)(2000211    -149.146881873642)(2000121    500.990991021427)
0 4      - (2000012    1015.79542114876)(2000211    1902.08844754202)(2000002    2621.53028944551)(2000022    1031.05675895113)(1000000    2613.79798300665)(2000111    1702.24999186034)(2000201    1657.88897579405)(2000101    1658.70824798097)(2000221    2130.36924099999)(2000121    2558.06908651951)
0 3      - (2000201    1884.55537738099)(1000000    2583.98610746554)(2000002    2614.23343768976)(2000111    2449.79551346834)(2000101    1667.59057238052)(2000012    2359.74897329745)(2000121    2150.50094097119)(2000211    1443.05684542644)(2000221    1315.79262480206)(2000022    2660.11150736423)
6 1      - (2000221    66.7649011696853)(2000022    44.4349341131235)(2000111    2299.87486523471)(2000002    140.926458192187)(2000201    310.14455589176)(2000012    372.609646963926)
2 3      - (2000002    2667.6940508879)(2000201    2254.74746324179)(2000101    2198.04007851374)(2000012    2557.97362849025)(1000000    2667.48696884758)(2000211    2168.16546197486)(2000111    2038.28539323172)(2000121    2942.43994446546)(2000022    2449.1946398368)(2000221    2650.05730445238)
3 0      - (2000111    2597.06806350401)(2000101    1637.58941519414)(2000002    2481.66307147464)(1000000    2382.48942397397)(2000211    2561.88502170547)(2000201    1697.47293002071)(2000121    2323.70375841257)(2000012    1707.85952301129)(2000221    1747.36829799265)(2000022    2812.23678944668)
5 5      - (2000121    19.5235724652138)(2000002    252.119110611379)(1000000    2459.15302669088)(2000211    857.115134010546)
3 3      - (2000101    1679.47056600017)(1000000    2574.4416578416)(2000002    2622.19609816041)(2000201    1641.97730128609)(2000012    2502.85745008873)(2000111    2090.64255067343)(2000121    1415.87675147256)(2000211    1833.81349029264)(2000022    2223.95124490481)(2000221    1791.73356463158)
1 3      - (2000002    2622.40154236495)(2000101    1655.54493049918)(1000000    2598.05696479971)(2000121    2544.59221326791)(2000221    2768.63612614135)(2000201    1707.69612462912)(2000111    2153.88576070229)(2000012    2663.40271282663)(2000022    1668.14219373149)(2000211    2217.00545555791)
4 1      - (2000201    1661.15865330216)(2000022    2671.03469196017)(1000000    1646.28353356438)(2000121    2052.69151602179)(2000101    1653.46648411875)(2000002    2621.8503780713)(2000211    1172.5954118967)(2000012    1768.93615339169)(2000111    2248.08574614218)(2000221    1340.88999788544)
5 0      - (2000111    1487.61656516977)(2000201    1495.72748779263)(2000002    2661.81176597182)(1000000    2188.57999244933)(2000012    145.015844419874)(2000221    685.794582160078)(2000022    2633.06366825867)(2000121    1319.21185711732)(2000211    1353.07467133187)(2000101    1687.65480571171)
2 4      - (2000201    1613.89434821383)(1000000    2557.51215290985)(2000002    2625.17178654402)(2000111    1707.77711691308)(2000022    1739.28860613559)(2000221    2723.3919218465)(2000101    1661.97505380038)(2000012    296.720709138713)(2000121    495.555777668699)(2000211    1508.43993145482)
5 2      - (2000201    1417.41456139167)(1000000    1618.81904144599)(2000002    2686.29983363226)(2000101    1410.93354477377)(2000211    766.435745856118)(2000221    1420.52160935841)(2000111    1478.49432033621)(2000121    2566.73822818677)(2000012    2356.78526050965)
2 6      - (2000002    916.408238483369)(1000000    1820.39367288001)(2000012    -62.2752532404099)(2000201    1474.07193232852)(2000121    1777.76152938899)(2000111    1822.19819423337)(2000101    772.655588705117)
0 5      - (2000201    1004.83340373229)(2000101    1798.55115132012)(2000002    2643.59001641608)(1000000    2227.01595325033)(2000022    1691.93178563813)(2000012    2525.22188012041)(2000111    1028.42471706778)(2000121    1357.43006485255)(2000211    1217.46459427849)
6 0      - (1000000    1629.31380869361)(2000002    760.371174974446)(2000012    2182.45407222072)(2000121    1756.77122001257)(2000101    1374.18853967872)(2000111    1396.27072773292)(2000201    2275.85235722774)(2000211    795.892909547587)
5 1      - (1000000    1630.54814154465)(2000012    2655.97479907212)(2000201    1558.48061279834)(2000111    1016.49010977031)(2000211    80.7430526924566)(2000002    2634.46937237451)(2000101    1635.25194532722)(2000221    500.820656703222)
4 3      - (1000000    2035.30843924133)(2000022    2373.37150807614)(2000002    2630.63159333134)(2000121    1498.09349321568)(2000211    1899.73913628637)(2000201    1697.69774937062)(2000101    1702.87119964501)(2000012    1288.60182036622)(2000111    1500.70007279464)(2000221    1381.35955459514)
6 3      - (2000022    172.61223132023)(2000211    -384.425179119847)(2000121    2712.65438460301)(2000002    337.612908675329)(1000000    357.062126737935)(2000012    1629.43052430395)(2000201    558.779423270208)
2 9      - (2000002    2619.77781987245)(2000211    2117.00438872071)(2000012    2582.80027742924)(1000000    2251.55073286095)(2000101    1975.42552516332)(2000201    2260.98185333829)(2000111    1956.21450345379)(2000121    819.185747445391)(2000022    771.375157719916)(2000221    1579.68771712214)
10 0      - (2000111    2368.19926201064)(2000201    2311.92206744657)(2000101    2294.84679828402)(2000012    2617.25395774734)(1000000    2312.64357327733)(2000002    2610.08863259119)(2000121    845.348444305053)(2000211    2419.6947524555)(2000221    997.199970431782)(2000022    1598.85736920596)
0 9      - (1000000    2262.81012306263)(2000002    2616.11380509493)(2000101    2008.38668045542)(2000201    2139.62592820458)(2000022    1427.71713967621)(2000211    2364.37042132733)(2000111    2252.20241391179)(2000012    2617.2811257604)(2000221    1533.43976433629)(2000121    1557.36101532973)
1 11      - (2000121    211.73238443919)(1000000    2380.4820833363)(2000221    66.3978731515325)(2000002    2644.90316329697)(2000101    1375.35082705797)(2000211    1801.75380741142)(2000111    979.072720885803)(2000201    1002.93412651615)(2000012    2254.29618165817)
2 11      - (1000000    2334.99750863858)(2000101    1076.57163679352)(2000002    1839.92359595389)(2000201    2313.83901085432)(2000012    2674.19906314948)(2000211    1275.54272494786)
1 9      - (2000201    2369.35726161863)(2000022    1969.41710874933)(2000111    2575.18322334558)(2000002    2615.57734578588)(2000211    2561.47045988197)(2000101    2052.95150005598)(1000000    2579.16430854336)(2000012    2615.56892017694)(2000221    1416.5316255976)(2000121    1497.72939612255)
9 0      - (2000101    2044.84633677902)(1000000    2247.22521975576)(2000012    2618.93211533488)(2000211    2167.81568441912)(2000201    2348.4353146073)(2000111    2186.97902916022)(2000002    2619.04882746015)(2000121    490.623868705803)
1 8      - (2000002    1775.41652675085)(2000201    210.583141346474)(1000000    -750)(2000101    751.336450683301)(2000111    -45.0767442934819)
1 12      - (2000101    2157.05954545272)(2000002    2315.14852015433)(1000000    2444.63726723947)(2000201    2302.84142750998)(2000211    516.833509592701)(2000012    1268.3829731829)(2000022    681.175893297039)
1 13      - (2000002    2412.65871515579)(2000221    277.705521020205)(1000000    2523.68292346403)(2000111    761.785523017043)(2000211    -660.689547673393)(2000101    2065.48746574111)(2000201    1995.57309988254)(2000012    1694.82111144748)(2000121    429.689396978249)
0 10      - (2000201    1862.23003421571)(1000000    2367.19159647776)(2000022    1805.47041775534)(2000002    2625.03799744656)(2000211    2339.16478952537)(2000101    2344.7829559257)(2000012    1798.01523101751)(2000111    1992.18321745643)(2000121    486.78563537013)
1 10      - (2000201    2260.10563916427)(2000002    2623.5489957876)(2000211    2475.0734919863)(2000121    177.886306874107)(2000111    2055.42557979395)(2000101    1961.22096719784)(1000000    2117.23292787969)(2000012    2605.52615616562)(2000221    1000.04218476983)
0 8      - (2000002    2644.03187188123)(1000000    -734.10443177507)(2000221    35.7056704188167)(2000101    -13.2428471544592)(2000012    982.490632044221)(2000111    -154.601180200064)(2000211    -87.7662308109456)
2 10      - (2000201    2213.37976868328)(2000111    2327.86908162861)(2000002    2617.07927075008)(2000101    2312.55736618299)(2000012    2625.9284385976)(2000211    2342.43430006612)(1000000    2502.30298651179)(2000121    933.28431020549)
10 1      - (2000012    2622.42325441281)(2000002    2511.25482045187)(1000000    2037.23099597678)(2000201    2465.91172981447)(2000101    2198.45494679899)(2000022    363.60477053675)(2000211    2375.3330372633)(2000111    1796.09229819966)
0 12      - (1000000    2477.51823567237)(2000211    95.5721993790702)(2000002    2606.37180671878)(2000201    2196.92613292211)(2000022    327.489623741577)(2000012    1192.84956171426)(2000101    2190.75538001284)(2000111    767.193978127854)
12 0      - (2000201    1248.1194356341)(2000012    156.937034096167)(2000002    2628.75267825264)(1000000    2234.49705608358)(2000211    74.7643885680451)(2000101    1570.11664541719)(2000111    660.843407698585)
12 2      - (2000002    196.232625600834)(2000101    1468.40057182903)(2000121    71.2684003783546)(2000201    1264.71342882444)(1000000    2601.98559630686)
13 1      - (1000000    2636.08909824005)(2000101    1111.15777531696)(2000201    -999.705580766771)(2000002    2476.23270281297)(2000111    -433.958739623181)(2000211    720.22709637496)(2000012    1492.62915461276)
2 13      - (2000211    -874.48389966894)(2000002    2632.65521710931)(2000111    -457.11129301962)(2000101    2279.55850754997)(1000000    2574.75676639482)(2000201    2207.2690940158)(2000012    787.536273996035)
2 14      - (2000012    245.961246132464)(1000000    2470.42193786738)(2000111    1216.7499299323)(2000201    2034.71769207605)(2000101    2296.63746495365)(2000211    1385.80802865761)(2000002    2216.1067134939)
1 14      - (2000201    2475.21100598995)(1000000    2566.55375729467)(2000012    122.538501772934)(2000002    2587.22420634563)(2000101    2218.21052223972)
11 1      - (1000000    1760.8386199543)(2000101    1190.95415491669)(2000002    1733.35870281482)(2000211    1788.25650851669)(2000111    1113.84226181879)(2000012    2459.28992902173)(2000022    786.319751793504)(2000221    409.958833107914)(2000121    388.301826082687)
14 1      - (2000002    1403.93809755949)(2000201    1872.5785648301)(1000000    2483.98957356594)(2000101    403.536321190478)(2000211    -392.301137880738)
11 0      - (2000201    1563.39331964364)(1000000    2140.22891591921)(2000101    593.483986866704)(2000002    2637.48543825709)(2000211    1403.50170628199)(2000111    1994.9169273541)(2000012    1610.07865448144)
3 14      - (2000111    584.871609295919)(2000002    1874.45809124406)(1000000    2267.76958083758)(2000101    2061.5170252268)(2000201    2006.77178479028)
14 0      - (1000000    2468.05747130758)(2000101    1830.80452921025)(2000201    1840.35431511458)(2000002    2611.21791727138)(2000211    237.624476168199)
4 13      - (2000211    -671.286899992112)(2000101    51.9924000052583)(1000000    2549.28108491662)(2000002    491.540134989077)(2000201    664.961424535869)
13 0      - (2000002    2392.18636200556)(1000000    2654.67373786998)(2000101    1552.6354437843)(2000201    246.347074608376)(2000012    2076.14552409481)
0 13      - (1000000    2473.78162858607)(2000201    2442.67423174138)(2000002    2439.08835251146)(2000101    2315.25609220263)(2000012    285.684798437743)(2000211    -191.898395493496)(2000111    512.917853791508)
3 10      - (2000211    2411.305042954)(2000101    2324.96014800783)(2000012    2605.28312021556)(2000111    1884.7235716479)(1000000    1828.86012911722)(2000002    2645.71332966881)(2000201    1826.2843472768)(2000221    497.125620753986)
9 1      - (2000221    922.481464414318)(2000121    1206.00973548207)(2000022    1818.5830086518)(2000101    2265.57283210523)(2000201    2082.74332203407)(1000000    2171.2137209443)(2000211    2494.48745544003)(2000002    2619.80028968766)(2000012    2581.631104244)(2000111    2392.65770666361)
10 2      - (2000101    2224.602310095)(2000022    508.668658173)(1000000    1879.95796345559)(2000111    2105.70545707599)(2000201    1956.59580643058)(2000012    2631.70447816628)(2000211    2208.45107758836)(2000002    1693.93772118278)
14 2      - (1000000    2316.03547993832)(2000201    2040.43638799847)(2000012    279.239824153138)(2000101    1418.16484322549)(2000111    877.728229227537)(2000002    1221.32739672982)
5 4      - (2000002    482.479121674143)(2000201    428.330175843726)(1000000    1753.73204558851)(2000101    -79.9851730460468)(2000121    2230.48700727282)(2000211    1266.0764732663)(2000111    1266.0764732663)
12 1      - (1000000    2460.30816314196)(2000201    1402.34974285175)(2000101    170.982514441718)(2000002    2621.13683229253)(2000211    1346.16479050173)
3 16      - (1000000    2430.78490481628)(2000101    1759.28453243307)(2000002    785.64512714764)(2000201    1008.47039736883)
0 11      - (2000022    90.3159034281376)(2000111    -293.037650405939)(2000201    691.781796904641)(1000000    2308.31662992275)(2000002    1180.12611034338)(2000101    986.054946317352)(2000211    785.196059926247)
4 14      - (1000000    2324.26671518012)(2000101    1041.61932045757)(2000201    975.620466466458)
0 14      - (2000111    910.285022095747)(2000101    2331.57251480146)(1000000    2498.58086898516)(2000002    2388.41389523094)(2000012    1140.25701748196)(2000201    2221.70245849722)(2000211    842.11075605371)
2 12      - (1000000    2402.81170931438)(2000201    2171.94048254521)(2000002    2206.00716433782)(2000101    2220.97085538062)(2000012    161.563973667192)(2000111    1134.43293284134)(2000211    -100.592363500739)
3 11      - (2000012    448.042030686977)(1000000    524.813256344357)(2000002    62.3631822974235)(2000111    -437.136817702577)(2000121    -617.333503408616)
11 2      - (2000101    537.774914052334)(2000201    2267.56169031276)(1000000    2263.63060290186)(2000111    1175.6985052169)(2000002    2570.76763266325)(2000012    1448.54484782679)
3 9      - (2000211    1128.29230602996)(2000221    -242.380125482969)(2000111    687.051156936335)(2000201    1892.53032232761)(2000002    2638.99652383048)(2000101    584.986995368363)(1000000    1828.32509004973)(2000012    2292.18551355412)(2000121    330.164578407298)
9 2      - (2000101    2440.74793329767)(2000002    2615.53017747683)(2000121    1365.18436090672)(2000211    2495.09637940862)(1000000    2324.86602059211)(2000111    2067.54341945767)(2000012    2581.46114499659)(2000201    2135.20614940644)(2000022    899.079454903318)(2000221    1001.66208838879)
16 3      - (1000000    2554.73608376175)
0 15      - (2000101    2382.12512811974)(1000000    2500.05364199678)(2000002    2537.54337022928)(2000201    2408.6853032425)(2000111    669.447198231918)
4 5      - (1000000    2042.28121067437)(2000201    1257.2101749426)(2000002    896.745047085996)(2000012    1073.71931148846)
3 18      - (1000000    535.809200189177)
5 8      - (2000201    -814.104275063914)(1000000    -681.335334152906)
13 2      - (2000002    1799.64455514746)(2000012    323.127609201711)(1000000    2638.68483647788)(2000201    2359.24280600685)(2000101    1030.80217209237)
3 5      - (1000000    1584.4400832825)(2000002    2637.95899462328)(2000101    1289.30788232432)(2000022    1773.3289696791)(2000012    1018.67897735193)(2000211    477.313770543922)(2000201    476.957209867694)
3 13      - (1000000    2599.1177800313)(2000101    923.857989057248)
4 6      - (2000002    1860.72473918642)(1000000    492.239858995761)
0 6      - (2000012    927.690550967099)(1000000    871.954036497833)(2000121    2270.41548315121)(2000211    116.705218689397)(2000101    297.299119737694)
2 16      - (2000022    284.369474660151)(1000000    2542.69573035837)(2000201    696.123965906351)(2000002    811.429467309196)
1 16      - (1000000    2563.67908618181)(2000002    2041.91065787638)(2000201    1373.78383857585)(2000211    -415.511747819196)(2000101    1898.25761149147)
4 10      - (2000111    1015.39981031921)(1000000    434.374224351898)(2000101    808.73875656754)(2000211    660.186090783864)(2000002    2646.07722367671)(2000012    1256.47165549984)(2000221    414.89306964153)
7 1      - (2000022    114.557828845674)(2000201    1284.60087095247)
3 12      - (2000101    -724.567010264583)(1000000    2543.24462908532)
0 7      - (1000000    -579.351629094439)(2000121    347.968422564838)(2000101    -688.802324068903)(2000201    1105.91528818566)(2000211    -156.349461119363)
5 3      - (2000111    2535.57558900933)(1000000    1646.33391505634)(2000101    1215.26375409464)(2000201    481.495257178391)(2000121    401.845452568774)(2000012    2156.73297712993)(2000002    1065.29883602575)(2000221    1757.05077151786)
3 6      - (2000201    -791.38566612298)(2000121    2643.13420400124)(1000000    1765.31363718537)(2000111    913.038023941935)
6 5      - (2000211    -641.311303432274)(1000000    685.908343274592)(2000111    2208.19946904993)
2 8      - (2000002    2229.00852964713)(2000101    655.297572790245)(1000000    101.899001954232)(2000201    559.18313813778)(2000111    489.227049856274)(2000121    -10.2729501437265)(2000012    986.808408440708)
6 8      - (2000022    365.40423152829)
5 9      - (2000121    53.9294756754096)
5 6      - (2000121    625.789331099023)(2000211    -99.5819957202504)
1 7      - (1000000    -362.133691840758)(2000012    1195.55438595115)
2 7      - (2000012    111.910533007289)(2000002    572.809114210216)
6 2      - (1000000    2044.62290537747)(2000201    458.021320195964)(2000022    1123.08793250628)(2000002    1968.35938496995)(2000221    1527.8402626532)(2000211    397.460497248007)(2000121    897.923429396119)
4 9      - (2000002    2683.03371734338)(1000000    832.327929985083)(2000201    814.545468378355)(2000111    1585.75162638317)(2000211    409.913020881815)(2000101    410.905905776407)
4 7      - (1000000    168.394452864387)
5 7      - (2000012    1966.84255933293)
1 15      - (2000101    2411.98006085179)(2000201    2485.69026742204)(1000000    2528.55249654673)(2000002    2642.2226048248)(2000012    1278.83202201874)
2 15      - (2000201    1973.2922290936)(1000000    2400.26655664624)(2000101    1618.69897515446)(2000002    2343.36432115268)(2000211    820.491576289947)
15 1      - (1000000    1850.98558805499)(2000002    119.879170262619)
15 0      - (2000211    161.195096929327)(1000000    2460.21382897308)(2000002    832.369366706451)
3 15      - (1000000    2375.94658057659)(2000101    530.590837842405)(2000201    475.529069452396)(2000002    1085.05434577237)
4 11      - (2000211    -107.478102106332)(1000000    -323.667422579216)(2000121    220.217891632995)(2000012    2695.72391642502)(2000002    236.454086140609)
7 3      - (2000111    285.459548225762)(2000211    437.770638866941)
8 1      - (2000101    -102.411218251213)(2000111    -267.181445744456)
0 16      - (1000000    2518.96692937323)(2000002    2159.75204967046)(2000201    1489.09314392427)(2000111    413.492632562453)
2 5      - (2000002    2637.03567809721)(2000101    1640.62435444711)(1000000    2180.74621757149)(2000201    1655.89567871307)(2000211    1663.23987812311)(2000121    943.901720928353)(2000221    1682.46339062934)(2000012    731.13617958789)
6 4      - (2000221    282.03075840765)(2000211    -217.54424159235)(2000111    1013.98609677762)(2000101    1222.31593764696)
3 8      - (2000002    1907.11854655939)(2000111    -111.668721392179)(2000012    638.488524033404)
7 6      - (2000002    421.547062314083)(2000111    419.316378238518)
13 3      - (2000201    909.335448330783)(1000000    2519.00702887995)
8 0      - (2000201    2397.40490777657)(2000101    440.115355337665)(2000111    1224.63445978297)
15 2      - (1000000    1066.78634521849)
15 3      - (1000000    1471.92269342476)
16 2      - (1000000    431.704929822015)
14 3      - (1000000    2051.26103278432)
6 6      - (2000201    1061.61837238331)
15 4      - (1000000    2194.00139070137)
10 3      - (2000101    534.404734760206)
5 11      - (2000101    1707.60620814231)(2000002    1259.244177563)(2000012    651.840678086045)
16 4      - (1000000    2502.42547597191)
16 0      - (2000111    578.175595122544)(1000000    2481.00302973196)(2000002    1272.45068100878)
8 2      - (1000000    532.969120886239)
7 5      - (2000201    694.096554555668)
13 4      - (1000000    2249.34011934972)
4 15      - (2000201    1300.24621624696)(1000000    2525.59346125886)(2000002    711.400074766119)
7 2      - (1000000    1813.43496248735)
0 18      - (1000000    2197.94249148256)(2000101    780.16096366325)
10 4      - (1000000    812.69731908546)
3 7      - (1000000    1490.21806960972)(2000022    1410.85707536234)(2000002    1346.17639662657)
5 12      - (1000000    1717.5232240253)(2000211    782.855169769404)(2000201    435.69265340905)
17 2      - (1000000    801.474988053387)
6 11      - (2000101    1672.93462593021)
4 12      - (1000000    2510.42119035128)
5 10      - (2000101    809.349761623201)
9 3      - (1000000    1966.75007757663)
6 12      - (2000012    742.176388318957)(2000002    1343.44038875933)
9 4      - (2000101    1671.81120623685)
7 0      - (2000101    1318.45047320426)
15 5      - (2000002    822.509440329588)(1000000    1208.23870853867)
16 1      - (1000000    1345.33635464776)
14 4      - (1000000    1171.90154252924)
17 0      - (2000201    26.268939183772)
18 0      - (1000000    26.2151281492578)
14 5      - (1000000    26.9561683593788)

