153
0 0      - (1000000    67298.8243494384)(2000202    67681.2205506048)(2000001    67987.9575837832)(2000002    67905.1063406544)(2000101    67236.0119416866)(2000100    67859.4000079417)(2000211    67661.6344072711)(2000022    67551.4438060761)(2000111    67444.1759555979)(2000121    67679.1992049263)(2000221    67095.1826380213)(2000200    67783.764201634)(2000102    67672.6428728586)(2000012    67592.9240487776)(2000201    67523.9515006307)
0 2      - (2000200    66656.894272712)(2000002    66257.5195867513)(2000202    65350.4607803245)(1000000    66866.6145705205)(2000022    60923.8293481583)(2000100    67034.8496459034)(2000111    66727.8682066056)(2000121    57199.0263174235)(2000201    66526.4281986448)(2000101    68061.9636910635)(2000102    66214.2158379742)(2000012    62846.7248378868)(2000221    59609.6300254106)(2000001    66284.2562221114)(2000211    66267.5904870175)
1 3      - (2000002    65178.7030535173)(2000100    65789.3582500389)(2000201    61940.1356952748)(2000202    62550.5702691982)(2000221    57836.3686089907)(2000012    57903.1005958286)(2000211    56399.623304411)(1000000    65196.4712541547)(2000101    68119.084159591)(2000200    63242.537576901)(2000111    60763.8129331656)(2000102    65191.673137459)(2000022    57944.2060418759)(2000121    57129.5096712088)(2000001    51491.352941044)
2 0      - (2000002    65598.8142981948)(2000100    66592.4907469735)(2000221    63163.7189973794)(1000000    66836.0955946562)(2000102    65949.7653842274)(2000001    60866.2032014809)(2000012    65293.2852863331)(2000200    66131.6085070079)(2000201    67585.1338859602)(2000202    64778.6630889272)(2000211    60259.3036156822)(2000101    66271.8902398968)(2000121    61253.662009031)(2000022    62276.657951414)(2000111    65568.2795764504)
1 2      - (2000201    67700.6373383759)(2000202    66026.8730237685)(2000100    66242.3646329372)(1000000    66825.7350912804)(2000211    66409.2698518169)(2000002    67639.4424643193)(2000200    66745.2384079497)(2000102    67338.1874305055)(2000001    64966.9572459044)(2000111    65423.9293371307)(2000022    63832.8027873134)(2000101    67178.7079674804)(2000012    66112.5491994319)(2000221    62247.2575442073)(2000121    59882.9412394447)
0 3      - (2000022    56625.6885949872)(2000002    66261.3625001321)(2000201    62420.5493413675)(1000000    66834.1862188282)(2000111    63175.5593184583)(2000200    63093.7743676489)(2000221    53720.196512911)(2000101    68106.6082900061)(2000202    64700.3655163208)(2000121    60558.2312620773)(2000001    54108.8199245914)(2000100    58682.8553209881)(2000102    60564.7378932917)(2000012    60789.0505701447)(2000211    53749.1307356728)
3 1      - (2000100    68044.4734557179)(2000211    58994.8790907065)(1000000    66745.641556434)(2000201    66324.2631296591)(2000111    58604.8077367434)(2000121    40455.0366261521)(2000202    63225.5894002104)(2000102    62711.5422686877)(2000012    52568.862724651)(2000200    59583.2281718029)(2000001    55245.1368886281)(2000101    62894.2527453728)(2000002    62176.0986554935)(2000022    43648.9124352848)(2000221    46010.4080152804)
2 2      - (2000201    66514.5413166508)(2000102    66861.0987925516)(1000000    67268.419390625)(2000202    66929.6017472162)(2000002    66471.4671686389)(2000101    68056.1424506072)(2000012    66315.9601624288)(2000100    67375.4489160999)(2000121    64838.8388235582)(2000200    66080.5589012607)(2000111    66734.2569578715)(2000022    64813.711113588)(2000001    62601.1959017503)(2000211    67426.4302367432)(2000221    64360.5500299713)
2 3      - (2000100    64119.7704702184)(2000002    63575.8157228523)(2000121    57706.6755663465)(2000102    65535.1298861523)(2000202    62479.3403606674)(2000200    64159.9352490691)(2000201    65343.4770029506)(1000000    65829.3540162896)(2000101    68023.4956448387)(2000111    62816.9654140529)(2000221    54186.5417545435)(2000012    61384.1760155154)(2000211    61805.5322212628)(2000001    54320.0320120523)(2000022    51796.9558418524)
2 1      - (2000121    62917.8112587492)(2000202    65333.9068118196)(2000102    66820.5054459047)(2000101    68079.8329280926)(2000201    67525.6757826202)(1000000    67206.2314701267)(2000001    63253.8270907681)(2000211    64228.3080011753)(2000221    59686.4610231922)(2000111    66044.2599278693)(2000012    63293.8491980432)(2000002    66679.9013115093)(2000100    67117.7918978633)(2000200    67475.4853277206)(2000022    60373.9406525637)
1 0      - (2000100    66477.5638176045)(2000102    66434.8960651061)(2000202    67379.9788158512)(1000000    67317.6669836282)(2000201    66755.6981179187)(2000101    67103.7965692985)(2000211    67340.1542588875)(2000012    64529.5657107464)(2000001    63668.0618352446)(2000200    64994.3195672618)(2000002    67798.4334859628)(2000022    62227.8275049923)(2000111    64569.6105867189)(2000221    59982.0551415635)(2000121    68061.8868525833)
4 3      - (2000211    30317.9185547077)(2000100    52301.8320249708)(2000102    54158.1477428627)(1000000    64563.1199104249)(2000111    26534.1156228465)(2000101    68142.2477737225)(2000200    53556.1782914834)(2000002    52841.9987007169)(2000201    57187.1968186084)(2000001    37629.2570768895)(2000202    52048.2551889092)(2000221    10138.5021477358)(2000012    44112.8508781161)(2000121    21170.5106049328)(2000022    26583.7767627772)
3 3      - (2000201    62456.0530585805)(1000000    66612.3355624195)(2000100    60750.5018395825)(2000002    63196.5633775641)(2000111    56522.3219100811)(2000012    59666.1538805331)(2000102    53383.5264922931)(2000202    56160.1740227046)(2000001    45474.6984438869)(2000200    63523.4816546915)(2000221    43587.1424775381)(2000022    44694.0750949344)(2000211    51666.6613247528)(2000101    68139.9984983141)(2000121    48359.8788673045)
1 4      - (1000000    65699.2705152452)(2000102    62213.6450941598)(2000100    60416.1059521725)(2000101    68046.6109461126)(2000201    61967.7188013566)(2000202    62483.4000310723)(2000002    60186.8934904885)(2000200    58001.8930625722)(2000211    52496.1837703851)(2000001    55271.6435931907)(2000221    40195.8548330159)(2000012    52910.8586165279)(2000121    52563.8291308604)(2000111    61112.7359601147)(2000022    44154.2075894985)
4 4      - (2000002    57373.139169076)(2000200    46865.1113756653)(2000101    43535.8717524991)(2000012    30710.7699807472)(2000202    54407.9876162948)(2000201    52203.2503325294)(2000102    55118.2084265107)(1000000    62783.6886423964)(2000100    67943.744072636)(2000111    43807.4564641351)(2000221    14542.4517465552)(2000001    41989.7200916383)(2000211    31214.1479039802)(2000022    14143.6716762927)
3 2      - (2000102    58913.6840238881)(2000002    65193.8875862449)(2000101    62055.6967346626)(2000121    46540.2221644646)(2000200    62951.7180978478)(2000111    42173.2164525194)(2000012    62109.2688950849)(2000202    63195.1011707478)(2000201    65334.9783461601)(1000000    66923.5708812106)(2000001    57826.4005193296)(2000100    68100.1719626871)(2000211    56175.4796807029)(2000221    45786.5600770163)(2000022    35634.4543471723)
4 1      - (2000101    61403.9254857305)(2000221    32745.2951710357)(2000100    60311.9353674188)(2000012    50310.5070239989)(2000002    62287.3087595778)(1000000    66573.0441399113)(2000001    55832.7642101455)(2000201    59715.9320441127)(2000102    58414.3758748067)(2000211    31567.9775339266)(2000202    55642.2519855861)(2000200    61445.0546543302)(2000111    47380.5493362525)(2000022    5883.69165538618)(2000121    4273.46767750281)
0 1      - (2000111    66165.3927522562)(2000002    66857.997629089)(2000201    67257.3726382895)(2000100    66820.1674847016)(2000102    66022.6184703679)(2000001    59620.9955078789)(1000000    66786.1097884262)(2000221    63907.7055136284)(2000101    67929.2972632731)(2000012    66486.6543508257)(2000211    65020.5342526246)(2000121    60942.8605604716)(2000200    66880.6940856829)(2000202    67168.4781754718)(2000022    59846.4236820986)
1 1      - (2000012    63066.7120724027)(2000001    61900.0186130844)(1000000    66843.5476207446)(2000101    67943.486054439)(2000200    66575.818224456)(2000102    66081.998562875)(2000202    65057.4626364499)(2000201    66063.2012327389)(2000121    63400.6528484677)(2000002    66837.1765705786)(2000211    62000.4344029222)(2000221    63299.3206150089)(2000022    61290.9060392991)(2000100    64803.9827781798)(2000111    64620.1768670034)
1 5      - (2000111    18812.3593906363)(2000221    15099.7654980336)(2000202    46127.6360764522)(2000101    67842.2665505014)(1000000    48057.5620927509)(2000211    1694.87897397788)(2000002    48882.8724561086)(2000201    44403.6964848518)(2000200    47340.9209827755)(2000100    40409.3467787939)(2000001    54378.4969636612)(2000121    11911.9898496463)(2000102    43115.6446204539)
4 2      - (1000000    66503.5023681223)(2000001    58018.6719477746)(2000201    52066.2085647432)(2000102    57697.6064939091)(2000101    57070.5234163202)(2000202    54350.5309651265)(2000200    60858.7988290409)(2000121    11543.4189489994)(2000002    53583.7740537933)(2000100    61095.3844769678)(2000221    21488.4538287289)(2000111    33813.8543769287)(2000022    22538.4606699512)(2000211    39566.8415700712)(2000012    33404.1762539214)
4 0      - (2000202    59971.4397760627)(2000101    56319.8605569485)(2000200    57275.5296415263)(1000000    66610.6007350733)(2000102    59437.216480865)(2000001    49678.2521215496)(2000121    25821.7318179734)(2000022    21202.222567982)(2000002    64740.1877600791)(2000100    68158.1906296014)(2000111    48698.1096303106)(2000211    51851.2832629715)(2000012    41215.6688554675)(2000201    59922.1192601361)(2000221    30067.5497335475)
3 0      - (2000201    63849.0724460952)(2000022    40257.7919049415)(1000000    66377.4510417385)(2000002    65448.4222768738)(2000001    61684.8611140875)(2000102    64497.3927080115)(2000111    54159.2680781337)(2000211    55351.5675858012)(2000012    61633.2924501056)(2000101    68106.0440057757)(2000200    65780.5881453667)(2000202    64282.5992889581)(2000100    65066.1148178524)(2000221    39998.7976233421)(2000121    53377.2010332014)
0 6      - (2000202    39987.4282424049)(2000201    47618.9716718207)(1000000    66863.3060365242)(2000101    34303.6627581489)(2000001    45003.6682614317)(2000102    47036.9069210233)(2000200    31374.409462763)(2000100    16596.4952947011)(2000002    32841.9026059525)(2000012    5445.3493705533)(2000111    15452.2938221268)
0 4      - (2000211    59731.5457715193)(2000200    59374.3989844344)(2000101    59524.6932142122)(2000012    58677.9862147742)(2000102    61525.0592006964)(1000000    66524.8310018773)(2000201    64755.1730298986)(2000100    68133.117777699)(2000202    59734.1478709354)(2000221    37352.3168444347)(2000002    63896.8618446371)(2000111    61324.162152282)(2000022    47606.5383488604)(2000121    40115.1516360427)(2000001    51871.8589849286)
1 6      - (2000001    37546.5338486515)(2000101    31227.616714082)(2000201    29399.6333620269)(2000111    8872.69014777858)(2000022    3295.88605753575)(2000002    67577.5644434412)(2000100    28505.089233404)(2000200    34708.6704532673)(1000000    19509.0616187)(2000102    33697.7377136372)(2000202    34486.3292682947)
2 5      - (2000201    36884.4463465247)(1000000    39073.9254385357)(2000101    40168.7564941574)(2000001    29919.135108343)(2000200    49304.2697780824)(2000202    49337.7175812046)(2000102    38722.9359620527)(2000002    67277.0940332221)(2000100    49106.4143292054)(2000111    21209.6027783691)(2000012    14826.1286796823)
6 0      - (2000102    47887.4340863654)(1000000    67078.34900496)(2000001    45068.4203794006)(2000200    40248.2643443884)(2000201    50875.463481864)(2000022    3258.16760622074)(2000101    46968.042555146)(2000100    48392.3265811989)(2000012    7361.67529737272)(2000002    35893.9367493136)(2000202    37784.5006360599)
7 0      - (2000202    37197.4636444778)(2000100    12405.3427600211)
1 9      - (2000201    6887.07475364738)(2000001    741.363966891707)(2000102    8878.99887845821)(2000100    1853.49371685902)(1000000    26870.5366486161)(2000202    5335.12223145761)(2000200    759.399874673517)(2000101    15194.8470678825)(2000012    1721.0760244313)(2000002    11514.8072910273)
0 9      - (2000200    570.926700402211)(1000000    17658.0322886651)(2000201    18438.3055484815)(2000001    42.9879128212687)(2000101    25573.5441499689)(2000202    9063.19827728038)(2000002    9509.12595998761)(2000012    11353.9934008194)(2000102    20682.7450713706)(2000022    4572.49698009771)(2000221    9999.20910758657)
0 10      - (2000200    1153.53049310891)(2000002    16147.0213511465)(2000102    13825.4701115096)(2000101    29693.8635886861)(2000100    2504.12158886673)(1000000    8239.37741131183)(2000201    98.7473980525153)(2000121    18145.7043388699)(2000202    4510.44448799661)(2000221    4838.53144800323)(2000022    1766.2407291304)(2000211    9498.32775143299)(2000111    10905.6020461311)
1 10      - (2000202    15130.1010243308)(2000002    29424.0796966043)(2000102    10168.9685397352)(2000200    873.712391079586)(2000100    370.890040163441)(2000111    17495.2183279378)(1000000    2480.61032914469)(2000001    725.03186203694)(2000101    11496.2442987332)(2000221    195.486371683279)(2000012    11945.059885602)(2000022    22468.7055183575)(2000211    13679.777740173)
2 9      - (2000202    23.567785624342)(2000200    259.512508083709)(2000101    25622.4781543509)(2000100    481.167281083117)(1000000    9094.6477809472)(2000201    420.520617405488)(2000012    8878.82193218517)(2000022    5857.36770457796)(2000211    14888.0105730408)(2000002    18215.2489567065)(2000111    16672.577115104)
9 2      - (2000002    11706.8067146492)(2000100    861.555505939367)(2000200    249.718217912196)(2000012    214.392158106903)(2000111    4590.7042170353)(2000202    722.711025848225)(2000001    1220.43073023846)(2000201    27473.749011728)(1000000    266.069314189819)(2000101    987.993340311321)(2000221    1483.31775717694)(2000022    8669.6708889711)
5 2      - (2000102    49960.516622169)(2000202    42736.6145502619)(2000002    67012.6063176245)(2000201    57032.5575361431)(2000200    21265.5310710515)(1000000    44635.9469186117)(2000001    35755.3760771845)(2000100    32729.5831693448)(2000211    5665.54168623522)(2000101    26305.218796295)(2000111    24640.8872793524)
9 4      - (1000000    -309.0229981787)
12 1      - (2000102    14999.4101578589)(1000000    28443.209288282)(2000202    6277.05999680695)(2000101    14924.7567487062)(2000111    13359.0028854305)
1 11      - (2000202    7039.19530355021)(2000001    1887.62344222668)(2000101    3966.10584929801)(2000211    4430.71611247984)(2000121    892.736828783935)(1000000    3516.30891750107)(2000201    12204.0472684048)(2000002    30227.8380018223)(2000102    13559.9137177977)(2000012    9947.40240986866)(2000221    5880.53832042532)
0 12      - (2000101    5463.94433349414)(1000000    25668.0026460622)(2000002    14572.3771236695)(2000202    22336.5201026741)(2000022    1677.89328611793)(2000102    1722.58826547622)(2000012    29815.6739762535)(2000121    2032.73132682165)(2000201    17129.8664528883)(2000211    17969.7714233664)
2 10      - (2000200    840.441234810977)(1000000    28679.7537177858)(2000202    18794.0542090203)(2000211    15025.9125313112)(2000002    9145.9767912628)(2000022    6464.08803616169)(2000221    19145.6015547095)(2000101    10471.1885103175)(2000201    9451.39217763034)
0 14      - (2000202    10859.7747800616)(2000002    15317.8958974861)(2000001    -0.2)(2000121    15508.0652916265)(2000022    3914.51903251506)(2000201    4990.04759754805)(2000200    535.774036078993)(1000000    8556.64653012824)(2000101    16224.9138959549)(2000012    20986.5289663463)(2000102    39820.872682527)(2000111    537.405144189537)(2000211    6065.85104754703)
2 12      - (2000100    1541.39596116306)(2000001    500.771055513651)(2000202    10471.9380505093)(1000000    7048.39570246596)(2000101    866.095090871731)(2000002    36521.6490583953)(2000121    21009.2676107359)(2000022    13094.8420720884)(2000012    23952.231612933)(2000211    11730.375688024)(2000201    17765.2235473416)(2000102    14370.9811257805)
13 1      - (2000201    21023.608490983)(1000000    25765.2537184308)(2000002    6638.71430029557)(2000111    4618.33395862701)(2000012    1744.63040802592)(2000202    801.875228770544)(2000102    4128.41654232415)(2000121    3776.02736825035)(2000221    12588.757131942)(2000211    14239.3371391356)
13 2      - (2000202    4626.14421534744)(2000102    3074.80641751032)(2000100    1391.36110658909)(2000201    137.385019702948)(2000002    29599.705221857)(2000012    32.8908710341115)(1000000    1408.57198098928)(2000211    11049.5132809027)(2000221    3148.9158063655)(2000111    4111.80702669634)(2000022    4029.18421925318)(2000121    9765.25618883522)
0 11      - (2000101    2940.25661980985)(2000102    8337.48476583329)(2000100    1290.41023552035)(1000000    2971.01884886349)(2000002    29346.4471275217)(2000111    1944.01892012788)(2000121    2728.97527700303)(2000012    5676.43377601704)(2000221    5862.85368140095)(2000211    6073.00877298315)(2000022    7104.27849324376)
4 6      - (1000000    19074.6446365056)(2000101    60381.8974705561)(2000100    10826.3995335689)(2000201    20203.9191637623)(2000102    8476.32604216347)(2000002    13731.976343705)(2000200    9905.43852171207)(2000202    9928.47708928299)
1 13      - (2000002    4675.56285464476)(2000100    1682.68250519539)(2000111    12384.543278091)(2000202    46970.2140629999)(1000000    16579.1878349824)(2000121    1137.90415832708)(2000201    3214.29091605876)(2000102    2657.85753245215)(2000101    17432.0880368107)(2000221    9746.95891001017)
2 4      - (2000002    60804.7324443904)(2000211    55567.9541351305)(2000111    57721.1655321183)(2000200    59759.3960070491)(1000000    62919.1854036867)(2000201    57604.2438868104)(2000202    64610.3472426253)(2000102    58093.7579619729)(2000001    56036.4477871585)(2000101    68075.6591134543)(2000100    62677.5681328658)(2000022    50110.9556390102)(2000221    50764.046687631)(2000121    39187.4444622583)(2000012    51652.0723001754)
1 14      - (2000102    13702.8237512881)(2000002    44282.1560506164)(2000201    21838.0801280012)(2000200    -750)(1000000    16992.1120660312)(2000101    11892.2636042179)(2000012    16105.6863517542)(2000202    9663.15192604864)(2000121    3297.37911439652)(2000211    14655.9185586021)(2000111    13204.8748953507)(2000221    4065.46855308956)
5 5      - (2000200    36247.6210478238)(2000012    22351.7130201749)(2000002    66840.5625454839)(2000022    2841.8238275036)(2000100    32421.7672843869)(2000201    24562.4475423689)(1000000    30291.7931661137)(2000202    30763.0242254795)(2000001    20237.0729928206)(2000101    48950.5522875108)(2000102    12562.6445155989)
2 14      - (2000101    4499.56134708091)(1000000    5391.82904253312)(2000012    15549.9250271043)(2000102    50668.6357751178)(2000200    1644.44621853614)(2000121    1638.86108570894)(2000111    3207.77440427478)(2000201    28461.532425617)(2000211    789.458258916663)(2000202    4973.74028804435)(2000002    8265.90044945354)(2000022    6983.4753503248)(2000221    10695.0986168365)
10 0      - (2000100    486.86331912483)(1000000    1169.01613192218)(2000002    27944.284238065)(2000102    12653.3974742711)(2000211    7997.29194742975)(2000101    9895.19814461851)(2000111    12630.7033429615)
2 6      - (2000221    643.389007289223)(2000002    66129.2970840409)(1000000    42349.9025032657)(2000100    11375.8377596172)(2000200    30426.7994822013)(2000202    22019.101845635)(2000101    25328.7583491798)(2000121    4982.09094422726)(2000102    37848.5187253789)(2000201    31929.2837531355)(2000001    27597.5225638006)(2000012    7407.66462435008)
3 6      - (2000121    4295.51429749182)(2000001    25028.853189175)(2000101    66564.0384634135)(1000000    22981.1596864833)(2000002    25613.2539548889)(2000200    5496.58044437368)(2000102    13512.7688309097)(2000100    17914.1138438088)(2000202    11108.3998741036)(2000201    13308.6325864481)
2 8      - (1000000    22326.0855628784)(2000100    466.470737544711)(2000002    13097.6958999848)(2000201    11717.430591217)(2000022    2405.1851756893)(2000111    3173.70738562203)(2000221    3646.11968032787)(2000012    10346.9448920353)
2 11      - (2000100    422.23724296113)(2000202    -177.674310262236)(1000000    19738.1543770962)(2000001    -0.2)(2000102    13367.3816487528)(2000211    27107.5295465999)(2000101    4314.66714997499)(2000201    7967.97432524466)(2000022    15666.1808303718)(2000012    7110.75860975844)(2000121    3545.02422508497)(2000221    7629.40965199882)
9 0      - (2000101    23326.6533578459)(2000200    -468.047427115816)(2000202    10694.3727565362)(1000000    2445.85823252145)(2000102    243.599640299852)(2000012    5532.17041887231)(2000221    9068.00414171042)(2000002    10144.2431540395)
3 16      - (2000201    -756.511769593831)(2000100    -0.268)
1 12      - (1000000    13674.8919012398)(2000002    19965.1547690956)(2000200    -65.483203683525)(2000202    8626.4945621515)(2000100    -0.6116)(2000211    2165.35763521217)(2000221    -0.46272)(2000101    18667.7212731958)(2000121    5102.37837130975)(2000201    36657.4202619742)(2000012    6911.3300898481)(2000111    19408.0881302481)
0 13      - (2000201    7216.45482395061)(2000200    824.609180408692)(2000012    16017.9161213335)(2000211    4622.40688033997)(2000221    15028.3438663717)(2000102    537.002656469884)(2000101    20857.7568406313)(1000000    44599.5470305095)(2000002    7894.64042940345)(2000111    1885.52904632379)(2000202    4078.40010139441)(2000022    13448.5016158753)
11 0      - (2000022    6874.35806018578)(1000000    28875.4923559127)(2000001    1599.4963449122)(2000202    17774.4898594267)(2000121    2107.04771845869)(2000111    2317.56799949688)(2000221    3147.58259732968)(2000211    3378.03532852175)(2000101    13016.6296507114)(2000102    11561.8394973546)
1 16      - (2000101    -0.268)(2000201    3857.92595327166)(2000022    848.678787637903)(2000211    1844.89790064467)(2000002    2971.41833967997)(2000012    7717.04924792264)
12 2      - (1000000    2737.44170792494)(2000102    790.205477977175)(2000101    27677.280266678)(2000200    451.07679055133)(2000100    1057.32467612242)(2000201    1728.07261160206)(2000202    12886.3559350537)(2000111    7300.51992650226)(2000022    17901.1134791925)(2000211    13465.0051048321)
11 2      - (2000202    836.031246771695)(2000012    148.680893216811)(2000100    1561.51218852081)(2000002    28415.1977198803)(2000101    13372.1246372554)(2000102    4457.77409430877)(2000211    7225.19934644755)
2 13      - (2000102    5521.40577906563)(1000000    -44.2089398551121)(2000121    857.93742151963)(2000101    26242.2282213785)(2000012    34739.5496034532)(2000111    1101.30198999918)(2000202    7710.2567254818)(2000002    6203.81371298708)(2000221    15021.9400287663)(2000211    16840.8064380099)(2000022    12315.3686101435)
1 15      - (2000001    104.312591156842)(2000101    43905.5988550768)(2000211    1215.23140394708)(2000202    6184.0033264612)(2000111    2995.63460312614)(2000221    4900.23736341998)
13 0      - (2000202    15399.8226418022)(1000000    3316.79604315355)(2000002    3382.58521330222)(2000102    3917.12434045261)(2000012    15578.0170502119)(2000211    361.209728417396)(2000101    3549.82267744252)(2000121    2264.07192414703)(2000201    29072.3466642655)(2000022    14186.1333613617)
10 2      - (1000000    2013.17506116295)(2000200    1736.37363542933)(2000100    1203.44720214172)(2000201    22170.3701992952)(2000211    10174.4161966056)(2000202    6758.00519228485)(2000012    16905.1293340918)(2000111    6438.51955882604)(2000221    574.284140468645)(2000102    13308.7944053503)
14 0      - (2000200    533.416460156803)(2000001    74.1404466084057)(2000012    1323.1578269967)(2000202    3706.68768485315)(2000101    29923.2488258032)(2000022    4002.4271257028)(2000201    22618.2220602905)
14 1      - (2000202    1784.21692334597)(2000201    1054.1415218082)(2000101    220.808754126547)(1000000    -369.365187014135)(2000002    28483.1975346416)(2000221    3167.97159284093)
5 11      - (2000002    -9.78235945844166)(2000100    294.074842595026)
0 7      - (2000002    57691.1072056419)(2000200    13853.9057846169)(2000202    11548.0429067908)
2 7      - (2000200    18323.2963410802)(2000002    1658.67768211538)(2000022    1620.20660726966)(2000202    27290.8910352005)(1000000    65263.7098022248)(2000101    21415.8223307478)(2000100    8667.66723613655)(2000201    8668.23523613654)(2000102    23271.1754397149)
3 12      - (1000000    13172.5018562583)(2000200    -687.771348257942)(2000022    2855.37197997644)(2000202    3011.26743252748)(2000121    2037.9860436665)(2000201    20202.7689025391)(2000002    5353.24729934751)(2000012    9277.84490117977)
4 12      - (1000000    -165.088266990322)(2000201    7032.5377823098)(2000101    13283.2836542208)
4 10      - (2000111    7315.24061951437)(1000000    -258.728999363343)(2000200    1138.70415832708)(2000101    21588.6475553679)
10 1      - (1000000    28476.3600610649)(2000102    391.972743366559)(2000211    790.952900120667)(2000002    20690.5995151646)(2000121    10703.4372163266)(2000012    13881.009738505)(2000111    4755.280823122)(2000101    8104.97411467142)(2000221    10331.5755940694)
12 0      - (2000202    12747.9149422928)(2000211    12287.2687466251)(2000101    28039.2171340762)(2000022    1870.48240716433)(2000102    14163.3260327544)(1000000    5869.43338514506)(2000201    12494.9054314372)(2000002    12201.229409985)
11 1      - (1000000    8984.20095672906)(2000001    442.502841586427)(2000002    26811.4716712716)(2000012    17827.4759790281)(2000201    8196.55824236665)(2000102    387.395869648136)(2000202    1329.06075781294)(2000111    6124.28373897817)
0 15      - (2000201    423.465065714828)(1000000    39950.8135890162)(2000102    124.426503219125)(2000202    49.0385624957039)(2000211    13716.2454126633)(2000022    12807.9637705311)(2000012    6463.41623386785)
3 13      - (2000102    -1304.10720945176)(1000000    -56.5158561870859)(2000002    9410.01885490547)(2000101    22263.3458006036)
4 5      - (2000121    1539.19841817179)(2000102    28780.896508965)(2000001    17224.5937087523)(2000111    5303.63210212673)(2000002    12626.5674379098)(2000101    31795.5522123153)(1000000    65146.2378753598)(2000202    39030.8432236441)(2000201    27582.2085334744)(2000100    43949.6627396988)(2000200    21669.7971222834)
14 2      - (2000101    22676.1355120368)(2000201    7595.74728161196)(2000102    1777.05567700269)(1000000    2084.86811461068)(2000202    27273.9181240925)(2000121    5323.05785363474)(2000211    21896.945766552)
12 4      - (2000201    13027.1621221822)
0 16      - (2000221    1149.55148093729)(2000202    218.117139137638)(2000101    7693.53760218908)(2000002    19918.553816634)(1000000    -305.381460602347)
9 1      - (2000101    25919.3232931888)(2000201    50.6086667548022)(2000200    400.144661998844)(2000100    765.801314189819)(2000001    1040.36005056302)(1000000    12810.6695133917)(2000022    11775.8207698278)(2000211    4276.66670321831)(2000102    5080.31820615079)(2000121    7093.31464378651)(2000002    14530.7411758789)
4 13      - (2000101    2990.19020502791)(2000201    535.774036078993)(1000000    457.587407040029)(2000012    12224.2632524237)
5 0      - (2000201    41875.3323603743)(2000101    49577.5273376209)(1000000    33418.5866851976)(2000100    44031.3648574458)(2000001    47324.3135019569)(2000012    2739.19364800907)(2000002    67583.274379256)(2000202    43836.7884255475)(2000200    55560.7397945732)(2000102    31770.8284740744)
3 14      - (2000100    1511.78332835766)(2000201    878.151886597961)(2000202    2868.65211762389)(1000000    19086.0458415744)(2000111    9567.62340283433)(2000211    12459.3090594916)(2000102    12302.2906322807)
3 9      - (2000201    21787.3563428196)(1000000    457.587407040029)(2000100    764.797494342332)
2 15      - (2000201    15074.9530969023)(1000000    18820.2877030412)(2000002    454.324830095244)(2000111    8884.13677221044)(2000221    578.780801176058)(2000022    6676.67344960223)(2000102    3585.44429450661)(2000101    8007.92535583381)
4 8      - (2000201    1699.01645361979)(2000001    -80.6240047196357)(2000200    822.523109268068)(2000102    688.145805350953)(2000012    8133.57351945028)
5 1      - (2000201    68037.6111464453)(1000000    40038.3375985958)(2000100    42341.8895320025)(2000202    36062.6690376659)(2000111    3134.41572064675)(2000102    41805.3088623909)(2000001    27219.5083648326)(2000101    50367.4876223707)(2000200    45865.041253402)(2000002    41853.858116477)
4 11      - (1000000    -711.272364448789)(2000002    2908.4737530199)(2000001    -1059.06118222439)(2000102    16165.4433873873)
5 8      - (2000102    190.761078348446)
3 11      - (2000101    25609.9254527456)(1000000    9816.27981010482)(2000111    3344.38462052786)(2000012    5872.62961345376)(2000121    6435.13434179453)(2000202    7154.67275831246)(2000022    12909.9602562246)
2 16      - (2000200    822.837243743556)(2000202    2880.14258205423)(2000102    14799.6726136778)
4 14      - (2000102    22396.686507811)(2000022    7326.71395181915)
3 10      - (2000101    5544.18637132217)(2000100    568.532701523483)(2000211    13522.1588134243)(2000202    13480.0908686867)(2000002    14866.9165571858)(2000111    10938.3944516389)(2000012    14519.0396125688)
3 8      - (2000101    14680.0608348777)(2000002    3793.45110126553)(2000111    2226.81129207512)(2000202    4712.94245036325)(2000201    5988.5319313211)(2000211    4704.50942745273)(2000012    8632.06125750718)
4 9      - (2000202    18669.7237508216)(2000012    3584.57605787495)
3 15      - (2000202    909.459434009597)(2000002    19708.1015663059)(2000121    2636.02062067002)(2000102    3128.41654232415)(2000111    3936.09630225043)
13 4      - (2000202    2999.17619149742)
0 8      - (2000001    -562.7)(1000000    8823.61175384882)(2000101    10340.6766057194)(2000002    7084.079615259)(2000022    22511.0396156294)(2000211    1439.57129102712)
15 4      - (1000000    933.98141691107)
7 2      - (2000101    25203.9744474764)
9 3      - (2000200    651.461214860602)(2000211    12686.8836427517)
3 5      - (2000211    664.080007384884)(2000101    66292.0268691527)(2000001    34176.3350124417)(2000102    36095.2708422572)(2000002    26992.7072489878)(2000200    38749.7647804246)(1000000    21397.0328827826)(2000202    28616.8002829812)(2000201    24907.9005506995)(2000111    4126.69490235384)(2000121    6635.79092401612)(2000100    28239.9017783148)(2000012    11496.4934319514)
0 5      - (2000001    38879.0781307516)(2000102    36650.4092170869)(2000100    67825.775812407)(2000202    47219.7789879685)(2000101    38368.9208202301)(1000000    51264.225910375)(2000201    54039.0994270471)(2000200    42128.5633827341)(2000211    5553.12644710536)(2000022    5316.55888314561)(2000111    7787.54130981773)(2000002    42283.3982015218)
3 4      - (2000101    68049.8696023139)(1000000    65410.3038437471)(2000002    53766.1928960679)(2000102    60761.4832306392)(2000211    46022.3571194343)(2000012    54493.1483055964)(2000111    48607.8327444245)(2000221    40331.5573391869)(2000202    45489.0382221534)(2000001    37008.3500616703)(2000100    64958.5074918383)(2000200    61142.3904312271)(2000201    61615.3933979473)(2000121    20300.4407518398)(2000022    32691.6615277872)
1 7      - (2000022    1332.38186449494)(2000202    24603.8980028723)(1000000    61780.1221170667)(2000101    11624.5313712729)(2000201    21562.2804190205)
1 8      - (1000000    5589.06083001015)(2000211    20134.0137200732)(2000022    11183.242412459)
5 3      - (2000100    67227.0753322409)(2000200    33092.2523465836)(1000000    43952.4103039165)(2000202    40503.9487259135)(2000102    24897.0412611683)(2000002    39152.373040868)(2000201    55360.1971458956)(2000101    41826.5435809953)(2000211    34724.9569497326)(2000001    29479.5119879628)(2000111    10158.2417977285)(2000012    11195.5912860451)
6 5      - (2000211    6756.97169039732)(2000202    13154.3141354033)(1000000    61347.3890225311)(2000102    12681.2700255749)(2000001    10894.3372903605)(2000200    11537.3357980213)
4 15      - (1000000    4055.79504589789)(2000211    15271.8294817173)
13 3      - (2000101    706.388601135428)(2000102    3372.83249585541)
5 4      - (1000000    66107.0044221269)(2000211    2830.5722145952)(2000012    12422.7833350865)(2000001    22181.2837281252)(2000002    33063.7462304956)(2000221    4209.74490766747)(2000202    47618.83678817)(2000102    32421.8137042507)(2000101    19178.9495789118)(2000100    32818.6457893617)(2000121    11399.0126642264)(2000201    21274.2685588757)(2000111    26325.3904482405)(2000200    27167.001438418)
6 2      - (2000001    1224.25900970667)(2000221    1925.20811418611)(2000200    66039.1930604297)(1000000    27849.4235723722)(2000012    2470.56703672984)(2000201    9539.26361692197)(2000100    13915.0098664476)(2000202    21846.7852460236)(2000102    12986.1524573437)(2000002    23890.681738791)
4 16      - (2000012    2000.06806748074)
1 17      - (2000202    2161.53424330428)
5 6      - (2000200    18630.4220702235)(2000012    4040.00538592965)(2000201    65969.2792084565)(2000101    12907.2694099769)(1000000    8436.38360122376)(2000102    12168.5285121515)
6 4      - (2000002    66729.0927405575)(2000100    2368.21561234671)(2000201    31754.9827363523)(2000202    17490.4633893466)(2000200    25010.6847366152)(2000102    7817.46740288892)(2000101    17066.6520398284)(1000000    31826.6002094619)
3 7      - (2000102    21840.3482083736)(2000100    42575.5308110955)(2000101    8930.69850214219)(2000002    9139.60142057528)(2000001    14338.6609432154)
7 1      - (2000101    13845.3222512368)
6 1      - (1000000    66286.1746234548)(2000012    2883.04581472971)(2000102    45857.4428368671)(2000201    43915.743955395)(2000101    47296.3827537962)(2000100    37673.4911175334)(2000200    40254.943809193)(2000202    23019.1425718889)(2000001    22650.8923627845)(2000002    34115.5629942326)
15 3      - (2000211    3694.92441223137)
6 3      - (2000100    24525.6459388363)(2000102    24360.0580710275)(1000000    66003.1770451772)(2000101    32109.3301214708)(2000201    38357.1132087444)(2000200    27388.6019614976)(2000001    13623.4998890191)(2000202    17890.5423966685)(2000111    22650.1313710286)
8 3      - (2000012    3017.28505783861)
4 7      - (2000201    3301.41034906424)(2000100    52314.9864291937)(2000101    9916.03681365692)(2000002    10452.0884351048)(2000200    9702.78843510481)
10 4      - (2000201    4297.50515913301)
6 6      - (2000201    -500)(1000000    12996.9811146498)(2000102    58948.4905955861)(2000002    14534.6316388051)(2000100    7312.90239764119)
6 11      - (2000202    3336.43382640083)
4 17      - (2000101    7337.92915840482)
15 1      - (2000002    6214.29248311307)
7 4      - (2000202    30754.1831286942)
1 18      - (1000000    7337.16221798744)
5 7      - (2000001    18080.2878847091)(2000102    50160.4992743822)(1000000    15631.5473915307)(2000202    10233.8331328409)(2000101    11428.1411789257)(2000200    22714.5162806822)(2000100    14132.5424063177)
7 3      - (2000202    19747.1077904548)
15 2      - (2000012    8046.98131598706)
3 17      - (2000211    6824.48335694049)
12 3      - (2000211    8346.81926505332)
6 13      - (2000221    7353.14825968468)
15 0      - (2000121    8511.07698673245)
16 3      - (2000012    13337.5888379085)
5 15      - (2000002    8914.59398083628)
7 5      - (2000202    41340.0885507127)(2000001    9564.1227816657)
6 8      - (1000000    34695.5072387849)(2000202    11340.4133536978)(2000002    10462.4363018263)
8 7      - (2000201    26090.8099099847)
7 6      - (2000102    13042.7666236012)(2000002    43187.6958912148)
7 9      - (2000102    35111.0300900717)
8 8      - (2000202    23607.5280023153)
6 7      - (2000202    640.978949289749)

