498
0 0      - (2000100    18401.9673462102)(2000101    19940.107838105)(2000111    16767.3828799412)(2000022    19824.9673286441)(2000201    18982.5254262325)(1000000    19963.8391122565)(2000102    19232.3628004184)(2000002    18313.6013791658)(2000200    20174.2183758106)(2000001    20872.6775253662)(2000012    19945.1273948111)(2000221    16123.6701093922)(2000202    18875.2976974256)(2000211    19955.2025410116)(2000121    11938.9728706404)
0 1      - (1000000    21855.4319695896)(2000200    23043.3681425928)(2000201    21418.7953027104)(2000102    22885.716961609)(2000221    23117.9165458204)(2000001    23251.6457140576)(2000100    22752.3335634903)(2000101    22905.0260365518)(2000211    23138.3912882152)(2000202    22567.6750751419)(2000012    20854.6588798495)(2000002    22337.2873101146)(2000121    23829.9441932883)(2000022    23102.8793841238)(2000111    23234.194636423)
1 0      - (2000101    22228.1677444847)(2000211    21361.7182536693)(1000000    22202.6947024546)(2000221    20878.2876102909)(2000001    22683.5548949217)(2000111    20716.0896474535)(2000201    22559.012826145)(2000102    22482.0376880446)(2000202    22263.2275039382)(2000012    22624.3592560296)(2000100    20461.9014383877)(2000002    22474.5900686956)(2000200    22427.3852740346)(2000022    21042.8615999215)(2000121    20807.9248240747)
2 1      - (1000000    21849.3652663481)(2000001    21669.3737863618)(2000102    21684.1777799993)(2000202    21865.0265911121)(2000201    20775.2529887079)(2000111    21393.9182862331)(2000100    21692.9644127869)(2000200    21341.3117694679)(2000012    18371.5549854745)(2000022    21137.2874214991)(2000002    21692.1227125322)(2000101    22480.8162916461)(2000211    22404.4579749895)(2000121    20989.3109689478)(2000221    20391.7540065724)
3 0      - (1000000    23823.3048148039)(2000202    20635.0807330958)(2000002    17423.5059503133)(2000200    23115.8466671376)(2000201    21526.4158111483)(2000101    22864.3107768867)(2000100    22569.5204255086)(2000211    19622.7155889934)(2000012    21066.1113449772)(2000111    22098.4118756584)(2000121    19682.372094853)(2000221    17310.6181878744)(2000102    21217.9931957481)(2000001    23839.1274734926)(2000022    19457.1373737519)
1 1      - (2000101    21560.9382538615)(2000002    17091.1936576334)(2000200    22537.8558721988)(1000000    20486.5768097478)(2000001    22571.0518974333)(2000201    20667.1058693319)(2000022    21505.7245139819)(2000121    18637.6825817427)(2000102    22291.2630641577)(2000202    22487.2692772252)(2000211    22062.138880479)(2000100    22704.2956181252)(2000012    22359.442663106)(2000221    20561.0696819545)(2000111    21302.5662015416)
3 1      - (2000202    20836.1699306815)(1000000    22071.2803013357)(2000101    19753.0894495854)(2000200    22496.0120264466)(2000100    22924.1369080333)(2000111    23391.6202558549)(2000022    23041.6474146378)(2000102    21985.4523419927)(2000012    21885.971159851)(2000211    20837.0641270498)(2000121    16628.9914739942)(2000201    20768.4536895066)(2000002    22757.6515386849)(2000001    22881.1085023959)(2000221    18718.0331085717)
2 2      - (2000002    21933.9424498031)(2000102    21580.5008971024)(2000200    22061.6072368859)(2000100    21936.8700965934)(2000201    21250.7052614094)(2000012    21586.4416657154)(2000001    22206.1099170003)(1000000    21959.1177707297)(2000202    22143.9814805001)(2000211    20914.3289046714)(2000101    18339.5216113195)(2000121    19415.1238723766)(2000111    19241.1357694123)(2000221    22772.4684455391)(2000022    17617.2683638456)
2 4      - (2000202    23533.8336901623)(2000101    24289.4221486369)(2000121    24368.6437564448)(2000111    20185.3570650667)(1000000    23929.3032964126)(2000002    24077.8383843545)(2000102    22705.7160536306)(2000200    23690.4389448893)(2000001    25529.8487906264)(2000201    24027.9244479237)(2000211    23592.8276191883)(2000100    24290.097505963)(2000012    21131.6458804032)(2000221    17355.406694087)(2000022    18938.0105668375)
0 3      - (2000101    20991.6471491597)(2000201    20738.693033217)(2000012    18541.994719431)(1000000    22127.8535988024)(2000200    21984.9244676749)(2000102    21695.0431336925)(2000211    22080.3647129671)(2000221    23006.6450010923)(2000202    22065.4907240615)(2000100    22534.7098480213)(2000022    21653.9200293095)(2000002    22282.9803059687)(2000121    13804.183407253)(2000111    15540.1744843109)(2000001    22287.884173087)
1 3      - (1000000    23503.3611583066)(2000201    23984.6532341521)(2000101    24182.5802430574)(2000100    23517.6507522708)(2000102    23138.957395793)(2000202    23717.3420900215)(2000221    18651.6981190171)(2000121    20786.8238104896)(2000022    20597.8677730722)(2000111    23964.874156779)(2000012    23818.0006216116)(2000002    23644.345003023)(2000001    22276.9050613351)(2000211    22013.5972518649)(2000200    23948.8808214183)
1 5      - (2000200    23271.0670246943)(2000100    20529.2367764882)(2000002    21708.2030056471)(2000202    22941.2922407068)(1000000    22748.535570772)(2000201    19043.8391058136)(2000101    22304.8597529924)(2000121    2932.80065433685)(2000111    14191.5985284653)(2000102    21802.159929203)(2000211    14833.0568657285)(2000012    21192.1251737088)(2000221    6327.18227527994)
4 1      - (2000202    23642.9664878934)(2000102    24149.6449046077)(2000101    24624.5361414801)(2000201    24041.6508330903)(1000000    23955.8071411629)(2000221    16097.8220740931)(2000200    23954.0501949836)(2000002    20052.3601757135)(2000121    18567.204295609)(2000012    24138.4215317724)(2000001    25049.6619765073)(2000100    24225.696126616)(2000022    20083.2915017033)(2000211    20654.0952229587)(2000111    16940.2817224076)
1 2      - (1000000    22143.3585194425)(2000001    22821.6871291211)(2000111    19864.6824529251)(2000201    21464.1392525691)(2000002    22723.4054611465)(2000102    22555.5978165239)(2000100    22703.9803884915)(2000221    21983.6004442723)(2000022    21764.473973652)(2000101    22543.4358597889)(2000202    22650.3736164156)(2000211    21618.1595092814)(2000012    21520.0678905296)(2000200    22181.6417776931)(2000121    18276.0067890909)
3 4      - (2000102    19363.3988819294)(1000000    23006.8174204581)(2000022    -0.5)(2000101    24245.6003345754)(2000201    24131.3686675169)(2000202    23052.9690532261)(2000200    24365.5977839588)(2000012    1852.48227871519)(2000211    16589.5156567427)(2000001    25237.3071093845)(2000002    24240.4809920013)(2000100    24539.5647778164)(2000111    16461.879222681)(2000121    18891.7034353256)
0 2      - (2000102    22261.8131874011)(2000002    22639.2569278496)(2000012    19306.9575845308)(2000100    21729.6474915065)(2000101    18736.4209668113)(2000202    19615.6597641564)(2000200    22642.9610353991)(1000000    22227.2353155388)(2000201    21643.9425558699)(2000211    21521.7203145954)(2000111    22088.7947418415)(2000022    21827.1183754486)(2000121    18997.1053509628)(2000001    22854.4801667416)(2000221    18564.0423154491)
2 0      - (2000100    22097.487535574)(2000201    18870.5441524838)(2000002    22010.3458714916)(2000202    21009.8292448178)(2000102    21843.5038706835)(2000022    19996.3802233812)(1000000    22341.9677427348)(2000101    21145.5286797531)(2000200    22327.749047586)(2000121    18493.5051301875)(2000221    20469.5594223857)(2000001    22521.020208022)(2000111    16043.9681112095)(2000012    20892.0984676011)(2000211    19793.7612491219)
4 5      - (2000201    23907.729501254)(1000000    23973.8875294878)(2000002    22375.6149635882)(2000102    21612.9327065587)(2000101    12771.8394070869)(2000200    23881.3996610752)(2000202    16261.6015266873)(2000100    23822.7913945121)(2000001    19592.7807843226)
3 2      - (2000101    18773.8234439485)(2000200    23100.9170517035)(2000002    23094.3875305316)(1000000    21557.5439506723)(2000121    18944.6873497037)(2000100    21988.7294682421)(2000102    23097.8639597769)(2000202    22572.2591528233)(2000221    19901.6596628262)(2000012    22453.1597533976)(2000201    23018.4634288531)(2000111    21635.5035906116)(2000211    23224.7269692678)(2000022    20749.502240267)(2000001    23250.3323483889)
4 4      - (2000102    23624.0324396748)(2000202    23862.8489120562)(2000101    24140.9642487871)(2000201    23027.2178979054)(2000200    24010.8764855648)(2000002    23803.4820155444)(2000221    7180.00660765006)(2000111    3493.94837310878)(1000000    23927.2581529935)(2000100    24033.4109183147)(2000001    23384.1350214859)(2000012    20613.5265992992)(2000022    8837.68939822299)(2000211    8667.21842966438)
1 4      - (2000001    24429.3768681606)(2000201    23818.5609537356)(2000102    23443.7721859205)(2000200    23858.2685139142)(1000000    23970.9173285713)(2000002    23161.5693592444)(2000111    21664.770380013)(2000100    23434.9283362428)(2000101    24043.0494632035)(2000202    24064.0613595815)(2000121    15556.3996616056)(2000211    23400.6649397142)(2000012    16698.3224706077)(2000221    22056.3820893389)
0 4      - (2000101    19767.3184771828)(2000002    22709.6998304711)(1000000    21929.7123407046)(2000100    22784.4737056184)(2000202    21207.963952871)(2000001    23116.6717304146)(2000211    22214.6036392144)(2000012    19297.1724651532)(2000102    17744.0325693787)(2000111    23283.050558717)(2000221    17063.6646231396)(2000201    17675.0164780043)(2000200    21646.5137921322)(2000121    18858.1352104678)(2000022    14610.2925642505)
2 3      - (2000111    20533.2291504391)(2000101    22686.8466764377)(2000002    21021.2235514053)(1000000    22741.6039242681)(2000211    20685.3342465501)(2000102    22547.3802442377)(2000200    22590.7330803005)(2000012    22739.7624526029)(2000221    24049.0906645263)(2000201    22320.5345169144)(2000001    22592.9805066628)(2000022    22058.4314692495)(2000100    21329.5931619647)(2000202    20666.8435431951)(2000121    16287.0690683738)
3 3      - (2000102    23672.2808577733)(2000022    23621.785286518)(2000201    23599.8299536935)(2000202    22036.2279733147)(1000000    22908.2255899366)(2000101    20787.9851900451)(2000001    23623.3220171845)(2000100    23843.3051622967)(2000200    23686.848627817)(2000012    20388.8614866552)(2000111    21281.3810584445)(2000221    12104.4417210968)(2000002    23952.4852240585)(2000211    23783.6735007405)(2000121    17756.3611062533)
4 0      - (2000201    23322.860869271)(1000000    22857.9377553383)(2000202    22603.5587268404)(2000100    23101.3141839717)(2000111    22926.8830090576)(2000101    23174.5336239702)(2000200    22481.132499683)(2000002    24951.2965722103)(2000012    23305.6168747472)(2000102    23415.266574281)(2000121    23994.1170196701)(2000001    23317.0402865433)(2000211    22904.7872668568)(2000221    23588.7340309929)(2000022    21766.2569469506)
6 5      - (2000102    9697.5443061963)(2000200    8923.35090553771)(1000000    22847.2518941624)(2000202    13820.3472908371)(2000201    16429.4575577841)(2000100    24645.7171996068)(2000001    6204.97392429634)(2000002    13117.8316431102)
6 0      - (2000111    790.485164981184)(2000202    24661.5370627078)(2000200    24685.7355362751)(2000102    24243.4280464266)(1000000    24537.8989946626)(2000002    22715.3417623638)(2000001    16755.4328713677)(2000100    20744.4364887448)(2000201    24143.8170849171)
4 2      - (2000100    23407.6571404487)(1000000    23834.5476759132)(2000022    20542.5008866434)(2000221    14271.7030233632)(2000101    23593.6517973898)(2000202    22684.7198880066)(2000002    23735.1512926209)(2000012    23770.0361728733)(2000200    23968.6410138647)(2000102    22569.6428866652)(2000201    22075.0369846618)(2000211    7602.56880315189)(2000001    23824.9429310179)(2000111    23984.614650208)(2000121    19703.0096705455)
1 6      - (2000202    21104.764552897)(2000100    24716.7973853724)(1000000    24094.9906345817)(2000102    23298.9382201892)(2000101    15626.5553595292)(2000001    22201.5601311681)(2000221    11184.0430580998)(2000002    16916.5453571771)(2000012    16882.4727241849)(2000200    13700.7434300219)(2000201    18320.0217853205)(2000111    6308.36887443729)
5 3      - (2000200    24734.2480499682)(1000000    23968.5555327979)(2000111    3935.79501850787)(2000100    23194.8375228915)(2000202    23750.6998658128)(2000001    24445.9940624969)(2000101    24334.5127199196)(2000201    19911.2256811933)(2000102    20568.5556835687)(2000211    9919.26269846195)(2000002    17002.8592830557)(2000121    13226.2261371619)
5 2      - (1000000    24219.7948388758)(2000211    2135.90515498959)(2000200    21216.8409871946)(2000100    24581.1131611193)(2000202    18866.1052288562)(2000111    3321.92041835649)(2000201    23743.6300042914)(2000002    24714.896917538)(2000001    8721.99441226679)(2000102    23247.252434775)(2000101    24635.9004656727)
0 5      - (2000111    11032.8613752712)(2000201    23161.0411945193)(2000101    23652.0355669461)(2000102    23172.2681520944)(2000002    23775.8616438288)(2000202    23517.110787875)(2000001    18145.6957233123)(1000000    22579.6613256554)(2000100    23878.5635727051)(2000200    22639.5192794325)(2000022    14524.0686981343)(2000012    6543.54580992553)(2000211    21336.0986739783)
5 0      - (2000211    10470.2280903316)(2000200    21934.3321940734)(1000000    23482.821666922)(2000100    23857.0345592053)(2000101    23578.9906454947)(2000201    23406.248497507)(2000102    23621.1690301878)(2000001    15760.0406283365)(2000111    14277.0913431563)(2000002    19628.6550798327)(2000202    23418.4367537137)(2000121    9321.97646879738)(2000221    15559.5821774224)(2000022    14784.8536129582)
5 5      - (2000221    2136.13722751429)(1000000    23802.0012716751)(2000200    17722.0372576106)(2000202    18238.4433141043)(2000101    21216.7540827791)(2000201    20941.1396528498)(2000002    25361.1160002445)(2000102    21875.5713452043)(2000100    18350.2955526937)(2000001    18763.2072206725)
4 3      - (2000200    20932.3811046161)(2000100    22910.2881262886)(1000000    22594.089738849)(2000211    17174.1782930453)(2000102    22594.0114384098)(2000002    21916.2132775404)(2000111    14241.7790433715)(2000121    9849.35296725401)(2000022    7305.9449670027)(2000001    22186.4076913411)(2000202    19954.9782059745)(2000201    22627.1463453168)(2000221    13799.1220054193)(2000101    22750.7972698447)(2000012    11975.9896334072)
5 1      - (2000101    22602.6766142106)(2000202    23926.1799895167)(1000000    23909.0736467232)(2000102    23757.2856909107)(2000201    23386.1560061246)(2000200    23660.8961135584)(2000002    23533.0773720185)(2000211    9920.56360291901)(2000100    22981.1303659326)(2000001    19456.4492437326)(2000221    2969.77354682485)(2000121    7022.32955752283)
5 6      - (2000211    2492.14274857148)(2000202    23292.9858781752)(1000000    19727.7061291771)(2000200    14947.9460628346)(2000101    8315.22290190203)(2000201    12956.1720959363)(2000102    8150.91133721543)(2000100    6913.77395711536)(2000002    11386.3494251021)
6 3      - (1000000    13051.0980612831)(2000002    21404.6579704135)(2000201    20426.4053375172)(2000101    18205.4616782917)(2000001    10064.7742821729)(2000102    7514.27819811445)(2000100    15662.3021291492)(2000202    20350.122595802)
3 5      - (1000000    25271.4980891911)(2000012    1372.37437761378)(2000202    25533.2191596509)(2000201    24409.1482570552)(2000102    25419.911790744)(2000002    24591.2665288348)(2000200    24996.9431582908)(2000101    25189.2239650133)(2000100    25465.8259695847)(2000001    20192.8105572996)
2 9      - (2000221    3284.93572623632)(1000000    23225.5619532334)(2000111    15202.9899859547)(2000102    21751.0029308096)(2000012    14562.436846666)(2000101    25552.3720609203)(2000202    14703.0870877622)(2000022    28002.0694191296)(2000201    18237.4182192867)(2000001    11266.3439588716)(2000100    18667.8527274577)(2000200    14580.4393866308)
10 0      - (2000202    17947.9779630159)(2000002    8829.12372206196)(1000000    22039.38161177)(2000121    1785.18967008371)(2000102    11927.7951008216)(2000211    13899.7049121557)(2000201    14604.4335587506)(2000022    6901.03846580433)(2000111    18176.0633900793)(2000101    13274.5902004795)
1 9      - (2000022    19266.1275590271)(2000211    15650.581982557)(1000000    22417.779621855)(2000202    19136.8628243811)(2000101    27291.2496905328)(2000012    14183.2633088375)(2000102    19774.7892584476)(2000001    22279.921253626)(2000002    19651.234919835)(2000201    22315.9819901537)(2000200    14880.093277697)(2000100    21384.558028942)
2 6      - (2000101    23380.5071514809)(2000002    3440.67381059029)(1000000    22060.2582339357)(2000200    13408.026487015)(2000102    3269.45307329841)(2000001    17376.971050542)(2000202    10066.8897145015)(2000201    19873.1288432919)(2000022    7058.64958721242)(2000100    12802.3940824198)
0 12      - (2000201    20553.6388508626)(1000000    26118.8047296713)(2000101    24941.3894087162)(2000202    22925.9030437365)(2000221    28060.949382674)(2000121    18603.1696968926)(2000002    22860.8770189718)(2000102    23461.9843581924)(2000022    19787.572603887)(2000211    24787.2381516653)(2000111    21757.239936778)(2000012    19194.8041772189)(2000200    23605.040343713)(2000100    23655.0047532912)(2000001    22779.0918820783)
0 10      - (2000102    21308.8146184724)(2000101    27315.9898932306)(2000221    16500.4061167074)(2000201    23185.0211654204)(2000211    6504.38481122482)(2000202    16451.5524461476)(2000012    9241.51161119975)(2000111    15681.5081223836)(2000022    8106.63929474154)(1000000    22611.2897142587)(2000002    13754.1538477469)(2000121    8683.02321017927)(2000100    10630.0393451282)(2000200    16819.8660462864)
1 11      - (2000101    22841.9423644093)(2000012    27919.2588211528)(2000002    21759.4675327497)(2000202    20673.7157272984)(2000022    11135.69512151)(2000102    17566.0446140079)(2000121    15149.1832631648)(2000201    20999.4573644329)(2000211    23379.0437564791)(1000000    21590.0089080739)(2000001    18630.6439758797)(2000200    10903.2172376949)(2000100    13868.7188667618)
1 12      - (2000221    18620.3138829108)(2000101    2650.37996055365)(2000012    28560.9891875246)(2000121    5670.24669356375)(2000202    10157.2776172578)(2000201    12308.1380239361)(1000000    13286.0145749943)(2000211    26677.1148622186)(2000102    24357.267510394)(2000002    16129.4765050474)(2000022    8876.30814566131)
13 1      - (2000012    5006.39978911159)(2000002    17501.0671955549)(2000111    3877.05749892404)(2000201    25371.7114923087)(2000102    17793.573522459)(2000022    13961.8992190625)(2000211    12311.6373994766)(2000221    14426.0215680425)(2000101    13050.5091164867)(2000121    16485.2903433022)(1000000    13100.0386274975)(2000200    5964.85954250777)(2000100    5302.73089755008)(2000202    9871.2268621819)
2 13      - (2000211    28137.8494335406)(2000202    13191.5326941697)(1000000    11871.6311000582)(2000101    15600.6758927583)(2000002    24882.4762503067)(2000111    4975.84208120817)(2000201    19229.6798334116)(2000221    17167.722567492)(2000012    9172.02362831357)(2000102    8537.23209356789)
6 1      - (2000001    24280.8616795574)(2000012    8513.24970342976)(2000100    10519.4416121672)(1000000    24451.6094173996)(2000200    7927.07802234784)(2000201    14306.0373446604)(2000101    20464.8381911095)(2000002    24600.2829042448)(2000202    8685.40672094737)(2000211    6591.32848104681)(2000111    6911.01186338677)
9 2      - (2000201    22372.8725446273)(2000121    4865.44264957797)(2000102    6995.86998310649)(2000022    14065.3594417474)(2000202    11056.8075385111)(2000002    6565.75902742537)(2000001    10007.1530199279)(1000000    16577.577006077)
2 5      - (2000202    22920.847388114)(2000200    24572.6031366862)(2000201    24161.424348368)(2000001    7897.20662788101)(2000102    24109.5135871081)(1000000    20070.0379930518)(2000012    8094.41388000991)(2000100    24356.7803355504)(2000101    22973.2179681137)(2000002    19645.3151500336)(2000211    10867.9709766224)(2000022    7875.30536330691)(2000121    9421.6177806326)(2000111    6626.63142997677)
4 10      - (1000000    23683.1544055576)(2000111    3518.32255581602)(2000102    29036.0011064107)(2000201    10310.9695694598)(2000221    11444.747603305)(2000002    9653.59490116522)(2000012    9238.71554868245)
0 14      - (2000111    14352.9502845436)(1000000    21368.5734784305)(2000102    10844.5782814495)(2000201    19184.6454328538)(2000002    22881.4327506559)(2000221    1882.6440144613)(2000121    20013.536341123)(2000211    4663.14933387558)(2000202    21322.407757824)(2000101    15648.6288216714)(2000012    8165.78337943693)(2000200    13800.0859055965)
2 14      - (2000012    28073.6826149768)(2000002    9277.30071086011)(2000102    14491.5999609622)(2000022    13251.1558817868)(2000111    13624.3723431256)(2000201    28061.5493814126)(2000101    19406.4118239282)(1000000    9870.16123885306)(2000211    5824.83629300611)(2000202    11617.1144930718)(2000221    15457.9717060485)(2000121    8572.02362831357)(2000200    5998.67925491753)(2000100    5718.33752422751)
0 9      - (2000022    9861.77141438981)(2000202    22001.9401286588)(1000000    22812.3641955192)(2000211    17475.5767682322)(2000012    15369.5972888693)(2000121    4745.68710827527)(2000201    22794.2161573732)(2000101    21437.710882102)(2000002    23660.0616786647)(2000102    21960.4271682028)(2000111    17748.7733046432)(2000200    13958.7791338535)(2000001    18246.6677820643)(2000100    13611.0337254951)
1 7      - (2000211    16808.6926975357)(2000201    22857.7685850253)(1000000    16000.2090806189)(2000102    6323.0558218064)(2000101    10217.2269965351)(2000202    5401.46597341709)
0 6      - (2000201    21508.5470163575)(2000202    15755.3269504348)(1000000    22914.0814463978)(2000102    22459.823154054)(2000002    2457.13752095722)(2000101    17650.0580375023)(2000100    15894.0764907213)(2000200    20614.0885290822)(2000001    15289.746480581)(2000022    9473.29289846344)
2 12      - (2000102    10172.3819965616)(2000002    22789.3690381814)(2000201    12710.9595174243)(2000121    1807.96513958603)(2000211    24602.680469247)(2000022    3688.77224718076)(2000221    19715.1311833057)(2000012    4346.92136868476)(1000000    11688.4100300837)(2000202    14760.3784637596)(2000101    6028.96801692163)
2 11      - (2000201    19706.9812578563)(2000012    14054.5358770586)(2000221    10001.9448981396)(2000202    21151.0222365151)(2000022    13167.7454105218)(2000002    22604.5183514293)(2000211    27165.1796678037)(1000000    22779.9539968768)(2000101    22530.453374431)(2000121    15291.7466710725)(2000001    24611.6218350864)(2000100    10563.905131415)(2000102    15413.0032580513)(2000200    9531.7755048834)
11 2      - (2000012    26420.728894561)(2000121    17012.3860724745)(1000000    22595.7980844741)(2000111    18190.2567203568)(2000202    6330.46546331442)(2000201    6594.70053066265)(2000001    5619.35850666543)
10 2      - (2000111    17729.9280842045)(2000002    8746.65078377508)(2000202    24392.3957450362)(2000022    3777.75042541841)(1000000    14229.6150171602)(2000221    16622.702432126)(2000201    7497.38754420848)(2000101    12343.0975449388)(2000211    16686.6322778824)(2000102    5733.69187883757)
0 13      - (1000000    14377.9868223902)(2000012    28986.1641013644)(2000221    9898.27642372843)(2000101    18049.9380091193)(2000002    21975.0926805898)(2000211    2695.5299292077)(2000201    23927.2528800856)(2000202    22168.6670662545)(2000022    20193.2396630525)(2000102    19410.5530181054)(2000111    8648.13680844029)(2000001    12458.0580509242)
13 2      - (2000211    10050.7435588927)(2000002    24091.8639845575)(2000202    7426.95667039273)(1000000    20613.2775790601)(2000101    12871.4765461329)(2000102    -250)(2000201    5977.46952218383)(2000200    10093.5136955511)(2000100    5634.82210396689)
2 16      - (2000111    2494.64152468293)(1000000    27059.6123504456)(2000201    3767.5833653901)(2000101    9238.86656294993)(2000102    6765.23734566849)(2000202    6765.23734566849)
14 1      - (2000101    24283.7852883882)(2000102    10559.6660889378)(1000000    15996.1234900749)(2000121    5252.15725519647)(2000211    13657.9060497447)(2000002    12344.283638264)(2000111    4546.29192079776)(2000012    11829.1874017716)(2000100    13020.5209597254)(2000201    11332.8580005811)(2000202    12633.2549708289)(2000200    5850.75698583797)
9 1      - (2000201    23444.3564771028)(1000000    17753.236389291)(2000012    19383.8172187979)(2000121    6635.34015721613)(2000022    9902.20658209388)(2000202    13868.3676899687)(2000101    16056.4974509704)(2000211    12524.306089574)(2000102    8328.22316056091)(2000002    10824.4511942636)
3 9      - (1000000    20488.5751169319)(2000111    1634.78940674012)(2000012    28611.9914191169)(2000221    8802.83473563601)
8 4      - (2000221    1639.33105179568)(2000201    17221.8525795662)
1 14      - (2000221    15065.3303695185)(2000022    11785.4340335849)(1000000    26711.194017043)(2000012    20298.6551873934)(2000101    4840.134029825)(2000002    17561.6248808721)(2000111    15478.3417088271)(2000102    13508.2694742629)(2000201    8790.37301842884)(2000211    10966.0434382923)(2000121    1633.64945082935)(2000202    6541.29491695092)
0 15      - (2000101    16765.9650097977)(2000202    12474.954764551)(2000121    4227.0559963348)(2000102    9412.48826815288)(2000201    19557.69959691)(2000022    7157.94065044368)(2000002    26186.6183489477)(2000211    8638.71554868245)(2000001    9994.57246710209)(2000100    14660.2095332496)(1000000    11009.4476982667)(2000200    9215.21277247936)
2 10      - (2000012    27507.8897818694)(2000022    3232.43752519385)(2000101    22248.9811566439)(2000202    21954.475689668)(2000111    12488.7167026927)(2000102    22483.893485995)(2000002    22627.7766217723)(2000201    24013.79559416)(2000211    7369.95786246091)(1000000    16984.8853763699)(2000001    22673.8365559227)(2000200    20931.8019309379)(2000100    21319.9885318373)
11 0      - (2000202    8623.70933819564)(2000221    7281.92641170464)(1000000    24356.4573873242)(2000121    7280.62471238699)(2000012    14221.4475940812)(2000111    7304.6665134938)(2000001    5535.20891713571)(2000201    5478.52036159944)
4 11      - (2000101    10908.5054093183)(2000111    3716.3506099995)(2000002    28870.4198283273)(1000000    5793.59600052084)(2000121    7087.56686324091)(2000022    6887.03676049746)
1 13      - (2000202    17127.2973643801)(2000101    21405.7060078699)(2000102    17339.3440927818)(2000012    21557.475242022)(2000111    19846.3828015136)(2000002    23986.6098116934)(1000000    15001.7981833337)(2000211    12549.1072816064)(2000221    9902.69842446171)(2000201    21614.4416246459)(2000121    9396.90583079571)(2000001    6200.99032787271)(2000200    13600.6634357245)
12 2      - (2000002    23180.3299643648)(2000101    11257.5386020664)(2000201    17771.5507239973)(2000102    11602.5270464217)(1000000    4597.93622975807)(2000211    10853.3894007988)(2000022    5916.12021392576)(2000121    10044.2471753105)(2000012    9633.91215884626)(2000221    10598.172899974)(2000111    15589.5195523697)
14 0      - (2000201    4336.753180961)(1000000    5728.85358357088)(2000002    25167.3530736756)(2000102    19804.6860075653)(2000211    27256.9580815878)(2000012    1934.67990240606)(2000111    12373.5127093857)(2000101    12060.8871221394)(2000202    15743.5456118789)(2000221    15093.0695457312)(2000001    16420.7053095068)
0 8      - (2000221    2583.53970392562)(2000201    9133.55347221777)(2000012    8236.71626786509)(1000000    18812.5693153869)(2000101    26512.871019154)(2000111    8336.84342754017)(2000202    9773.34253973855)(2000211    12090.1292460982)(2000100    15349.5994424342)(2000001    6563.79031118083)(2000002    6020.02655948255)
3 10      - (2000201    1559.0558930001)(2000111    28195.7062862052)(2000012    24524.0037393789)(2000101    16723.9737157136)(2000121    7799.19199937385)
11 1      - (2000102    22914.0634926364)(2000111    18168.2874306636)(2000121    16079.8978564458)(2000012    6140.01510797503)(1000000    14855.3495478469)(2000221    7658.83959530701)(2000202    9417.80319621923)
14 2      - (2000202    12975.4083469955)(2000201    15391.4792166606)(2000102    26143.5002043151)(2000101    15798.909898076)(2000002    14613.790904871)(2000012    13904.2733451174)(2000211    11475.8574415963)(2000121    9891.26549823921)(1000000    5719.64089317628)(2000200    5936.61198904014)
3 14      - (2000002    25810.7260502356)(2000102    12176.0506942539)(1000000    10691.5987109189)(2000111    11625.8917546244)(2000101    9038.84404899488)(2000022    8574.16959711769)(2000200    3975.23647031442)(2000202    11030.0838374486)(2000201    7015.38734566849)(2000001    7015.13734566849)
1 16      - (2000211    27533.3806187432)(2000012    15306.9046520991)(2000102    26349.2714932892)
4 13      - (2000211    11704.2886964497)(2000022    2636.73346676178)(2000012    2805.47575333439)(1000000    27071.5189276609)(2000102    6579.37253233574)
1 10      - (2000101    20662.6821204552)(2000002    23204.6124026044)(2000121    10738.2751092837)(2000102    19536.9537887539)(2000022    9467.46214562752)(2000012    6926.62315464023)(2000221    16001.079811165)(2000201    16057.6419222506)(1000000    22872.0735454988)(2000211    19525.9591737989)(2000202    14206.6975374237)(2000111    9234.41872643422)(2000001    18416.9474942548)(2000200    11515.4096284041)(2000100    14287.617049303)
2 15      - (1000000    27060.9493826659)(2000202    13191.6411615416)(2000201    20537.8384823738)(2000012    9101.94009600846)(2000100    11269.9000049588)(2000001    17288.2659977241)(2000200    13118.4745196572)(2000002    10413.9177303141)(2000102    6765.23734566849)
3 13      - (2000121    28177.7610874263)(2000201    26462.3416776447)(2000202    8698.71930740808)(2000101    8654.99753688536)(2000012    8970.20021973367)(2000111    8424.70921364392)(2000211    8690.7600404396)
10 1      - (2000111    21359.5653758228)(2000202    8849.02330285435)(1000000    24818.2268311137)(2000012    4801.20124191309)(2000121    13593.0691091781)(2000102    13781.3035594573)(2000211    8988.77274271708)
0 11      - (2000221    13866.37586827)(2000202    22045.2329343366)(2000022    3495.71762931996)(2000201    22266.6884025735)(2000101    21657.0070688484)(2000211    12115.5836335003)(2000111    17671.3462280753)(2000002    21624.7873255717)(1000000    21280.7893064596)(2000121    8862.78007269838)(2000012    7130.24900880103)(2000200    19702.1002579544)(2000100    18430.4993026573)(2000001    21902.1615432912)(2000102    21245.063033006)
9 4      - (2000012    10914.647717351)
1 8      - (2000221    27520.9960352041)(2000201    12983.8779666448)(2000102    24037.597840241)(2000101    10689.6965648643)(2000002    7465.28630817318)(2000202    2903.90527671606)(1000000    17794.6958209842)(2000001    11534.99916642)
2 8      - (2000121    2196.67467618823)(2000022    13126.3012773738)(2000102    4853.33133587252)(2000002    5373.87945730188)(2000202    25410.7490885815)(2000201    6654.88666164748)(1000000    23660.990683772)(2000101    6596.71639245284)
12 0      - (2000211    13685.5812542654)(2000201    18987.6466541139)(2000121    9710.16208080337)(1000000    20499.9414082004)(2000111    4927.56768232429)(2000221    7113.02747640799)(2000101    17660.188872218)(2000202    22291.6737211322)(2000102    17964.464869272)(2000002    25448.3487683704)(2000022    8799.43208975174)(2000100    18547.4860863397)(2000001    9787.28247293532)(2000200    17614.8530646465)
6 4      - (2000202    3233.64294615227)(2000012    3624.64418455876)(2000201    24272.5629064691)(2000002    5393.9754870161)(2000001    5394.1754870161)(2000200    6248.4049854162)(2000100    18462.5141432395)(2000101    24557.8374440972)(1000000    18750.798598431)(2000102    9168.52197828606)
3 6      - (2000001    26953.2631700943)(2000121    5683.96906221132)(2000100    3053.73404323309)(1000000    23386.4352113167)(2000101    21601.1388876762)(2000002    19973.4694864173)(2000102    18497.5746811134)(2000200    18322.7797264137)(2000201    16214.1743631569)(2000202    15989.4521571835)(2000012    8393.3156038581)
4 6      - (2000001    19355.0943893845)(2000102    24263.2369038252)(1000000    19175.9485085297)(2000101    9250.73386982125)(2000200    18469.4048315824)(2000100    14767.9439922022)(2000002    15438.6525915547)
4 15      - (2000211    1246.82076234147)(2000002    24211.6788814772)(2000221    2568.03564929571)
3 12      - (2000002    28223.4869900734)(1000000    4984.97699849238)(2000121    8106.48098262672)(2000111    16956.7698833486)(2000221    10010.6653277794)(2000101    9248.13289305096)(2000022    8717.41079329953)(2000012    8510.15934208778)
12 1      - (2000102    8810.97260231061)(2000012    11525.7234340324)(1000000    16273.0776711586)(2000202    5271.63783892064)(2000201    27417.7752710421)(2000111    16123.4200148442)(2000221    9965.21997690153)(2000022    8472.84381601873)(2000200    3975.23647031442)(2000001    5973.67041084622)(2000101    5995.29787239509)
13 0      - (2000022    3971.19555430681)(2000002    23064.4352298329)(2000201    3393.3471014892)(1000000    5345.56540422005)(2000211    10656.8754370997)(2000221    6546.11023881881)(2000202    9922.97942748309)(2000111    13110.8492232333)(2000001    10572.5177386549)(2000101    13311.4249795769)(2000100    5797.9935679801)(2000200    6880.39900880103)
5 7      - (1000000    25829.8634881508)(2000100    2143.62754410104)(2000200    13764.3624725778)(2000202    9046.02011689795)(2000201    6889.51292133415)(2000001    6678.81768550751)
4 14      - (2000202    7130.45649285018)(2000102    27062.3971504333)(2000101    11597.542768343)(2000211    8639.22726121894)(1000000    0)
3 11      - (2000101    2604.7269608326)(2000111    7435.35867310136)(1000000    8775.13501410858)(2000012    5911.24452918814)(2000201    27894.0909976897)(2000202    20546.4862129984)(2000211    9561.22886475332)(2000121    9141.4959644715)
8 2      - (1000000    24411.9672078016)(2000211    8665.86246959981)(2000100    6490.99295493999)(2000200    6608.91563100011)
9 0      - (2000201    22901.1753388443)(2000202    4117.49192337283)(2000101    21151.1829984486)(2000012    19053.3467316985)(2000211    22366.7066375232)(1000000    22251.3422541873)(2000002    6936.94159426885)(2000121    6767.44078132575)
4 12      - (2000202    10679.9711874462)(2000101    28730.0590716638)(1000000    5312.70379580677)(2000002    9816.43319352339)(2000012    13566.8516042671)(2000211    8781.85149213307)
13 3      - (1000000    24887.1442112122)(2000121    8692.7557531905)
1 15      - (2000201    28061.30110046)(2000221    13593.9543143617)(2000002    15171.0779614782)(2000111    6850.20335747087)(2000202    9908.73255216314)(2000200    10460.5716638217)(2000001    7015.13734566849)
5 4      - (2000002    24812.7973292337)(2000101    24339.9696130175)(2000100    24363.1654378062)(1000000    24145.2089754819)(2000201    24217.8526968915)(2000200    24468.6597113555)(2000001    22574.4520802931)(2000102    14032.1112094425)
6 2      - (2000101    21916.7050427095)(1000000    21366.789887125)(2000201    20718.7708531413)(2000002    22799.6946590666)(2000100    12346.3396779764)(2000001    11401.542679046)(2000202    6804.59766288961)(2000102    23023.2417117687)(2000211    8364.96170926337)
3 15      - (2000102    3115.78341319338)(2000201    2218.82568615879)(2000101    28055.5016917102)(2000221    27249.0341715281)(2000012    9032.54474706433)
7 2      - (2000101    24503.8255165103)(2000002    6687.21503245934)
0 7      - (2000101    25667.9285018629)(2000111    3449.20784326454)(2000102    14325.1478003998)(2000201    16744.2304719554)(2000001    11694.6739380049)(2000202    6373.30143458682)(2000002    6623.10143458682)(1000000    22441.0467004022)
4 8      - (2000201    19722.8241890887)
2 7      - (2000221    11797.2179286411)(2000102    13112.0329406017)(2000101    6592.27428123896)(2000202    6342.29218457341)(2000100    6352.89920993592)(1000000    11971.153664464)
3 8      - (2000202    15900.3458812577)(2000022    6518.54622095834)(1000000    20936.6256229771)
0 16      - (2000202    26988.4171138488)(2000121    10060.7295400523)(2000012    29089.2573879626)
3 7      - (2000200    14966.5141938663)(1000000    20714.207103191)(2000111    2992.29450541675)
5 13      - (2000211    4243.11018913352)(2000012    8679.21723151312)
15 0      - (1000000    3726.35026425485)(2000002    23926.8581431549)
7 1      - (2000001    24679.0526521569)(2000111    20624.9281068204)(2000201    6707.57882447295)(2000200    6620.71611640296)
7 6      - (2000100    25360.4697224833)(2000101    6636.2178766478)(2000202    6558.53694618925)(1000000    6558.53694618925)(2000002    6774.48246651913)(2000102    5682.62037745819)
4 16      - (2000002    18645.8210982315)
15 4      - (2000202    17986.9745419692)
3 16      - (2000111    1976.31602645573)(2000201    24257.5839724934)(2000211    26626.5909765773)
5 12      - (2000101    17725.9815962026)
8 0      - (2000101    6041.9148900751)(2000111    11081.7134324262)(2000202    21410.6424483098)(2000200    18099.0450722469)(2000001    6630.60817727735)(1000000    14085.1956874626)(2000002    6681.17943098486)(2000100    11564.3151508253)(2000102    6400.58375546289)
9 3      - (2000102    26223.3487864284)(2000221    7098.66391399513)
4 9      - (2000022    18599.2847207276)(1000000    23549.2699900639)
4 7      - (2000100    26448.7014164255)(2000001    14195.695319192)(2000201    14490.8977834144)
6 6      - (2000201    22993.6076192666)(2000101    14633.2322714076)(2000200    12885.5616168476)(2000102    8003.06121925517)(2000202    11193.1278213037)(2000100    6777.13979102994)(1000000    6508.43956760699)(2000002    6624.91151120425)(2000001    6592.93338396632)
6 7      - (2000102    22686.4131984722)(1000000    21154.8135473003)(2000100    17180.9417809801)(2000002    9362.10199278549)(2000101    15802.9636470431)(2000202    11245.4181669836)(2000001    5884.97840729216)
7 5      - (2000202    23671.5327012346)(2000102    18303.4188869072)(2000100    11964.2053397733)(2000200    6856.12412754551)
7 4      - (2000002    23668.0242732888)(1000000    13546.177351146)(2000200    13632.1770901543)(2000201    18424.4619241872)(2000102    6555.34943230239)(2000001    6835.04780056966)
11 3      - (2000202    24913.4109281605)
7 0      - (2000102    23757.807143583)(2000012    9691.13539417583)(2000100    6665.79560694772)(2000202    6429.0633733262)(2000001    10882.9033746203)(1000000    6432.17775728917)(2000201    10879.2312991366)(2000101    10237.9831405592)(2000200    5834.63023534709)
0 17      - (2000111    9405.51397307635)(2000201    15276.1619140455)(2000102    8831.64732031754)
6 15      - (2000201    10061.2436470236)(2000002    8551.34135837468)
14 9      - (2000012    21911.2826164862)(1000000    -0.3)(2000111    6929.71151234863)(2000211    8992.2568296841)(2000002    8596.2967254449)(2000121    8283.98804042091)(2000221    8851.12668024821)(2000101    1366.55086122545)
9 12      - (2000211    21147.9575149436)(2000102    13969.9321180541)(2000201    9287.68124686088)(1000000    7623.31926178216)(2000022    14150.8063574072)
10 12      - (2000012    22012.5608755735)(2000201    9587.17124686087)(2000002    -0.3)(2000111    14457.0768654141)(2000102    8342.18822303725)
12 12      - (1000000    13583.9516341621)(2000002    18202.3686693332)(2000022    19564.7904990978)(2000221    8122.3523969989)(2000121    13027.2445411027)(2000012    13026.7378920433)(2000102    12558.5033597318)(2000211    14169.7342628948)(2000101    18134.291144948)(2000201    11290.4009734369)(2000111    15783.9233214892)(2000202    11635.1195889605)(2000200    6970.56598835867)(2000100    6581.17649506985)
11 12      - (2000201    -300)(2000002    18475.0777784298)
14 11      - (2000111    15850.4755289029)(2000221    6595.30020981126)(2000201    5751.33019426388)
14 10      - (2000002    19577.0904219942)(2000201    17309.2165462151)(2000211    -0.245712)(2000221    6043.93826983175)(2000102    8401.91109934456)(1000000    13741.4920466179)(2000101    8929.17403955307)(2000022    15202.1164121869)
12 11      - (2000102    14677.4668651633)(2000012    9154.8593276886)(2000022    8986.26051346832)
10 10      - (2000201    9297.9541349697)(2000221    1629.54021619363)(1000000    7833.30016798183)(2000101    8215.78339419286)(2000102    9051.99106962193)(2000202    4529.48332126765)
9 10      - (2000102    9138.39679847234)(2000022    16322.5285021453)(2000221    7270.5616174831)(2000111    6619.89243398224)(2000121    9339.71412101287)(2000202    8652.75000574109)(2000211    8515.48339419286)
10 8      - (2000221    -0.3)(1000000    11024.4625486749)(2000022    9484.53841905627)(2000202    9684.62667358403)(2000201    9138.66316612234)
9 13      - (2000201    23143.5096729244)(2000102    13512.8000164102)(2000211    4235.70457325185)(2000121    4970.57506757224)(2000012    6679.76078944503)
6 14      - (1000000    12733.579313341)
10 11      - (2000201    11902.7576547404)(2000002    8517.43643194356)(2000121    10679.9113026882)(2000012    8587.12632339708)(2000202    8811.62953718464)(2000101    6874.01654309853)
9 11      - (2000202    6666.15290618743)(2000101    8932.51292191297)(2000002    17076.618390374)(2000211    15573.9905573583)(2000111    14168.3190197671)(2000201    14785.0092944439)(2000121    8827.21763676277)(1000000    8704.31839126048)(2000012    15660.9314441423)(2000102    13898.1896038722)
8 11      - (2000211    10388.1454668279)(2000200    8904.51869511054)(2000002    -0.25)
4 17      - (2000121    15099.2777375588)(2000101    8201.88698935197)
10 4      - (2000012    17706.9666316993)
9 9      - (2000211    7566.50687508005)(2000202    8909.87866047454)(2000121    7081.6941499679)(2000022    24132.0793088858)(2000002    6761.78289899993)(2000102    8582.28008538304)(2000201    6024.42941943493)(2000111    8420.96589814101)
10 9      - (2000202    14627.7083305361)(2000201    14915.7188415563)(2000121    9180.20062164673)(2000012    9532.69805907884)(2000111    5692.26444633662)(2000211    13952.5985253047)(2000022    20910.8982790923)(2000002    9020.31042857525)(1000000    14442.1508943934)
9 8      - (2000211    9695.71467133592)(2000221    9887.30130293006)(2000101    9268.96139593163)(1000000    9268.96139593163)(2000012    9725.0420480934)(2000022    6123.32461661615)(2000121    -0.3)
7 10      - (2000202    13462.7966698318)(2000211    9515.12662367279)(2000102    8253.06554421144)(1000000    8717.62725348559)(2000121    -0.2236)(2000002    2844.4393818445)(2000012    7085.10709912501)
11 9      - (2000121    16575.9805262048)(2000002    9259.68441967243)(2000102    15392.0800421583)(2000101    6879.58827792794)(1000000    1768.01767099601)(2000221    2148.77096655266)(2000012    6342.11196018911)
8 9      - (2000002    13987.6057667774)(2000201    4411.6248287628)
11 10      - (2000002    17112.115167106)(2000101    8319.98061136584)(1000000    8240.15223155129)
7 11      - (2000102    14128.8776759327)(2000121    4999.63370494023)(2000211    8628.96745507564)
8 10      - (2000022    23118.1023492155)(2000121    8786.45515098222)(2000102    16648.1686017075)(2000211    7960.01418562296)(2000002    8350.50662886829)
12 9      - (2000221    18848.9093917661)(2000022    23971.181721577)(2000102    15163.5343442078)(1000000    16471.7747621422)(2000121    20388.580585389)(2000202    8261.91878810835)(2000012    8849.20125784066)(2000101    8489.24009267007)(2000201    2635.82028854615)
11 11      - (2000121    8308.91566723883)(2000002    8522.18239174)(2000221    8922.39324299578)(2000202    6141.20292678474)(2000111    6112.89072540949)
12 14      - (1000000    12830.348624623)(2000221    2821.36928792291)(2000211    8489.45188927831)(2000202    8123.04488307101)(2000012    8447.22856837716)(2000200    -250)
9 14      - (2000022    18774.8202273758)(2000012    20101.651711904)(2000211    9039.89710744385)
12 13      - (2000202    15215.7402916325)(2000121    8973.75416661206)(2000102    8610.80800236669)(2000002    8431.06000333517)
6 12      - (2000012    8389.03806992041)(2000102    29048.3349678494)(2000202    9394.72536922579)
13 13      - (2000002    18675.1138675458)(2000101    8762.56389113961)(2000211    8761.44947847547)(2000221    8261.21209008699)(2000201    14906.7030740255)(2000022    8896.14301620135)
11 8      - (2000202    10945.0858547244)(2000211    10699.445139376)(2000012    9103.67104052692)(2000111    9165.24993408785)(2000022    9579.20064329898)(1000000    3111.45019368892)
9 7      - (2000101    22416.4638133405)(2000002    9445.78372001904)
10 14      - (2000002    22647.1317886794)(2000111    2821.35419192291)(2000211    9195.37880766098)
7 9      - (2000121    21576.0720084665)(2000201    8462.46563341223)
11 13      - (2000111    11124.885694638)(2000101    10647.2393909017)(2000022    8872.37499546112)
8 12      - (2000111    8961.39536937068)(2000102    16226.3343349722)(2000202    8253.81516607968)
12 10      - (2000202    11551.3510658539)(1000000    15513.7131810022)(2000101    15599.6166778589)(2000221    2455.87181743509)(2000111    8830.72685255558)(2000002    9846.22979677165)
14 14      - (2000102    18425.4809727495)(2000121    8194.91816180158)(2000201    6326.13034022468)
13 14      - (2000202    10779.4422084613)(2000121    8810.32513020942)(2000111    8510.62513020942)(2000211    8744.42394614201)(2000221    1998.0198696587)
15 13      - (2000102    10187.6447021329)(2000111    7967.54924899422)(1000000    8325.24995757738)(2000202    8215.20655312784)(2000101    3632.58043576565)
15 16      - (2000211    15963.0971680458)
15 15      - (2000221    8564.60181084432)
6 13      - (2000221    25638.9701425046)
8 8      - (1000000    5614.41360683273)(2000202    6787.66915751766)(2000221    -0.3)(2000201    -0.3)(2000211    -0.22116)
12 16      - (2000121    1901.90685904552)(2000202    5567.39345470996)
11 6      - (1000000    18306.2426637174)
13 12      - (2000022    25622.5673929057)(2000102    9437.77859873673)(2000221    9356.32187583056)(2000002    8659.80888708039)(2000111    8225.70823110855)(2000121    8215.20655312784)
13 15      - (2000012    25815.897791819)(2000102    8836.30380437462)(2000002    4359.68962626905)(2000221    4409.57360382794)
16 13      - (2000002    15093.1066461017)
6 11      - (2000202    23098.5108748844)(2000002    9393.34274438085)
7 12      - (2000012    22091.7336651298)(2000121    9146.9363637427)
12 17      - (2000102    8568.5598416066)
6 10      - (1000000    22435.1775230645)(2000121    8810.07319052004)
3 18      - (2000201    8891.49910925168)(2000101    14491.5348018799)
11 14      - (2000101    15647.5736006775)(2000022    8717.00776431719)(2000202    8286.17137628811)(1000000    8101.0150232069)(2000102    8518.9702834307)(2000121    8108.68053002309)(2000221    -0.20978)
12 7      - (2000022    28221.4227529775)(2000121    8519.31362702199)(2000111    8318.80588714679)(2000012    8895.81774396908)
14 13      - (2000022    23793.0415688491)(2000101    9001.39141402704)(2000211    8511.62240509824)(2000102    8236.09215411864)(2000111    8453.22010781661)(2000221    8586.73824405887)(2000012    8882.06723328758)
16 12      - (2000022    21837.0832170166)(2000200    -250)
13 10      - (2000022    16801.2798504046)(2000102    9466.9584864962)(2000121    6133.70999731566)(2000202    8862.58825297819)(2000012    3132.88629546135)(2000200    -250)(2000101    5350.23000868288)
10 7      - (2000012    17305.2716198577)
15 12      - (2000221    7789.52043763383)(2000002    11492.9296296616)
13 9      - (2000202    14025.7422789902)(2000201    8150.7445502738)(2000211    13750.4022099912)(2000101    8453.90444888819)(2000022    8637.01800477172)(2000012    8937.78424116144)(2000002    7219.57485620723)(2000121    6903.34648031818)
10 13      - (2000102    21094.2126769421)(2000002    15113.0844803629)(1000000    7522.46798663957)(2000202    12346.3098003902)(2000111    8255.74558215718)(2000121    14284.1411976874)(2000012    -0.3)(2000101    -250)(2000022    4075.42522338021)
8 7      - (2000211    12251.9797259011)(2000101    16619.2694228079)
10 6      - (2000202    12995.2480305667)
16 15      - (2000002    22717.9017338157)
11 7      - (2000111    28504.3797431716)(2000201    7307.9779475693)(1000000    7305.14137269617)
5 16      - (2000022    15430.1557154995)
7 8      - (2000121    9090.52924249502)(2000102    19839.2970614021)
16 14      - (2000002    19831.5474989666)(2000022    8872.85918918486)
6 9      - (2000211    22738.7380258452)
12 15      - (2000201    18412.8215393291)
13 11      - (2000221    8868.09709726356)(2000201    13800.466229755)(2000022    8892.78633430166)(2000121    6690.99046266516)(2000211    5898.83752442881)
13 8      - (2000121    13469.9580250105)(2000101    10809.7035720438)(2000221    14357.8141588609)
1 17      - (2000211    8577.64428046292)
15 2      - (2000121    17942.3493611898)(2000200    22084.4748807682)
5 11      - (2000202    13492.3015623473)
15 11      - (2000211    5590.03690956826)(1000000    5011.67159085925)(2000102    11307.8121902531)(2000002    3898.59176570761)
8 13      - (2000101    25023.8079786493)
18 4      - (2000002    14145.6270874616)
7 13      - (2000201    17071.0017270853)(2000211    8763.61917223858)(2000022    9792.30802773677)
17 2      - (2000201    15062.7330535145)(2000111    5942.59231818891)
13 16      - (2000022    26058.4928915571)(2000002    14592.6948832994)
12 8      - (2000102    21310.6134303007)(2000002    8625.27186549737)(2000211    8286.17137628811)(2000012    1978.99853357927)
14 12      - (2000022    8811.2827830489)(2000101    10465.5013730195)(2000100    8084.58666480716)(2000012    5351.55146663425)
6 17      - (1000000    8493.8451951007)
14 8      - (2000202    27197.571047927)
14 3      - (1000000    25321.3025629452)
8 6      - (2000111    9261.48513558242)(2000022    8637.01800477172)(2000001    24007.1569515801)(2000102    6589.08282858443)(2000100    15640.9009108057)
7 14      - (2000111    24603.3376151316)(2000201    8721.84471012408)
16 16      - (2000002    17751.6467602793)
15 10      - (2000002    2507.08275374813)(2000121    10149.5399414506)(2000012    8979.73457226799)
9 15      - (2000102    26834.3731875342)(2000111    7472.67701359127)(2000012    7179.01733660974)(1000000    6869.75105324889)
10 16      - (2000101    20415.2040513023)(2000202    -300)(2000022    8955.25084302687)
8 14      - (2000211    7522.46798663957)(1000000    20659.0742041688)
12 18      - (2000022    18867.827360179)
15 14      - (2000102    14973.4621541363)(2000002    8650.3674039854)(2000221    4072.50912350259)(2000202    6227.76608747158)
14 7      - (2000121    14252.0807565632)(2000202    17368.3219379706)
13 17      - (2000102    9058.65790772426)(2000201    12009.1518136762)
15 8      - (2000002    19882.2617926436)(2000102    8307.05631347847)(2000121    -0.236976)
8 15      - (2000221    10437.3834377779)(2000111    6936.34790856673)(2000101    3928.58307773951)
2 17      - (1000000    14684.1191706142)
13 7      - (1000000    18121.0315963097)
7 15      - (2000102    18304.2469639541)
11 15      - (2000102    19586.8800378298)
9 16      - (2000101    15533.2472261471)(2000100    8650.2224316659)
16 1      - (2000202    19171.7571302954)(1000000    6765.23734566849)
10 15      - (2000102    18332.8224943559)(2000221    1378.43382459208)
16 3      - (2000121    8262.78007269838)(2000200    1642.15767745054)
7 16      - (2000121    18772.1704761704)
16 7      - (1000000    2695.26334822624)
14 15      - (2000201    13243.1316495931)
17 14      - (2000202    14210.8464839297)
14 17      - (2000002    8715.49995496958)
16 11      - (2000002    6653.91874545766)(2000101    11869.9786076414)
16 10      - (2000012    22859.9764103585)
16 9      - (2000201    4018.74146463559)(2000101    5437.78418562031)(1000000    16484.1853257794)(2000211    4670.08890082449)
15 9      - (2000022    26223.3897061359)(2000002    8334.87414397327)
0 18      - (2000012    8785.98174939859)(2000101    6444.69921826265)
1 18      - (2000102    16051.1165515339)
3 17      - (1000000    14975.121926069)
11 16      - (2000202    24429.9464140551)
17 10      - (2000002    18114.3122440661)
17 11      - (2000022    21336.2653459348)
8 17      - (2000022    8819.49163119799)
7 17      - (2000101    8253.81516607968)
2 19      - (2000221    8790.33507154078)(1000000    13118.0340255525)
21 2      - (2000211    25486.1470407209)
1 22      - (2000101    24000.7950476191)(1000000    7126.97244546735)
21 1      - (2000211    18483.1417699449)(2000002    6442.59231818891)
8 16      - (2000022    22718.6103715072)
10 3      - (2000201    17159.0328697614)
24 3      - (2000202    18356.0368353294)
8 3      - (2000022    8893.47981558342)(2000002    25741.9100665493)(1000000    12332.3407754086)
13 4      - (2000012    26908.1021220267)(2000201    7304.41082645637)
19 9      - (2000111    16933.4240476242)(2000202    3093.54944596037)
11 5      - (2000002    13715.945105348)
12 4      - (2000221    13687.7468847017)
8 5      - (2000211    8834.36102818403)(2000002    11668.1726557279)
17 13      - (2000202    16459.9553392435)
9 5      - (2000201    8832.19798752852)
22 2      - (1000000    22912.5377461159)
16 6      - (2000002    8198.71208975172)
20 4      - (2000101    12590.7741634529)
18 2      - (2000002    15983.278655078)
14 18      - (1000000    4630.88061073102)
13 19      - (2000111    14394.7951258469)
19 11      - (2000202    9847.39907108611)(2000101    4609.23014893848)
10 20      - (2000211    12407.2800613037)
16 19      - (2000201    8213.56651033018)
5 10      - (2000221    7995.6395149939)
16 5      - (2000012    8640.10208220814)
9 18      - (2000201    8457.33518856644)
12 6      - (2000012    8671.81421893916)
21 13      - (2000211    5751.67021888597)
2 25      - (2000002    23685.8762678184)
10 19      - (2000002    7228.58834486442)
2 22      - (2000102    13475.233949009)
11 22      - (2000101    7880.850125788)
21 0      - (2000221    15528.652686411)(2000111    6309.77032618227)
21 15      - (2000002    11912.2950881158)
20 1      - (2000202    16113.4898238385)
17 12      - (2000102    8777.1895570525)
23 3      - (1000000    19557.290623087)(2000012    6839.2866105536)
14 23      - (2000202    7880.850125788)
15 1      - (2000201    25992.1675871356)(2000202    6765.23734566849)
23 11      - (1000000    7880.850125788)
18 12      - (2000002    13187.4263268151)
24 1      - (2000202    22906.6222496889)(2000221    7229.81470528819)
0 24      - (2000221    27040.8975383531)(2000202    12097.1815843102)
12 25      - (2000012    13479.0866535517)
2 26      - (2000211    16065.5734312696)(2000102    6319.35728998639)(1000000    10604.5020397587)
12 3      - (2000012    22115.9098263935)
0 23      - (2000211    25818.4263095308)(2000002    12431.6226087784)
20 14      - (2000221    -0.29496)
27 3      - (2000201    9267.78730988568)(2000022    6888.88868414658)
3 25      - (2000221    16108.4927901936)(2000202    6658.34069362987)
11 26      - (2000211    9127.68367531298)
9 21      - (2000102    22124.8172012046)
17 16      - (2000022    8636.80642086371)
10 17      - (2000012    7127.08827423533)
17 17      - (2000211    -300)
0 22      - (2000121    22141.1013406609)(2000201    12687.5983746346)
11 19      - (2000201    10756.8267345598)
19 10      - (2000121    7491.71871644232)
19 2      - (2000002    13064.9251487092)
23 1      - (2000202    20038.9970247877)
12 21      - (2000111    9396.46009115368)
4 23      - (2000102    16535.7500508049)
20 8      - (2000022    8806.2519311747)
24 0      - (2000211    28015.6515152266)(2000221    11303.8271226798)(2000022    6955.66057257196)(2000101    6390.78305471117)(2000102    12406.6240133987)(2000012    7265.23734566849)
4 19      - (2000221    12634.2951382218)(1000000    6765.23734566849)
23 0      - (2000201    24065.2813391942)
9 25      - (2000022    14759.5810895695)
9 23      - (2000211    5671.38642497547)
14 4      - (2000012    12312.1931069561)(2000102    6637.52895352869)
15 3      - (2000202    17135.4048138939)(2000121    15297.3096519236)
19 15      - (2000012    12108.0006698676)(2000221    3239.59180531669)
2 20      - (2000012    12446.7747683131)
17 9      - (2000202    16105.6080857503)(2000101    3574.3274129809)(2000121    1637.65651355897)
18 10      - (2000022    12776.6532213435)
25 4      - (2000201    21842.9277924839)
0 21      - (2000121    6572.92344398406)(2000211    23234.6090857265)(2000101    6364.90208215316)
24 16      - (2000022    9174.41792368364)(2000201    1584.88228688145)
1 23      - (1000000    22753.7027017131)(2000121    5768.12530541212)
12 5      - (1000000    11542.127791773)(2000202    4193.02447959629)
23 8      - (2000221    7083.24539047949)
25 13      - (2000121    11616.0325524444)
21 12      - (2000002    7932.22095472012)(2000202    1610.39807954723)
21 11      - (2000202    7314.04280582484)
24 10      - (2000111    7505.4657221273)
20 5      - (2000221    6608.45263597026)
1 27      - (2000211    17683.0402132692)
0 25      - (2000012    27119.2074832838)(2000022    6173.42648576433)(2000201    7016.86515723102)
21 10      - (2000201    8288.46029055427)
25 2      - (2000202    21951.6133382703)
20 9      - (2000002    10125.9037894371)
23 9      - (2000121    4901.44835248804)(2000111    4621.13527318482)
13 5      - (2000211    7059.59085782204)
7 3      - (2000002    22450.0129321473)(2000101    6682.59816932913)(1000000    6360.01850209861)
16 2      - (2000121    6597.6294556618)(2000202    20319.4640480812)
25 11      - (2000101    7360.64154367379)
22 10      - (2000211    6978.18940108865)
11 4      - (2000002    24289.3257356834)(2000100    5974.0980658769)
18 11      - (2000202    2636.62861863813)(1000000    1400.01019743053)(2000101    4297.17996753531)
8 19      - (2000012    14294.1194156968)
9 17      - (2000012    11673.205241992)(2000202    4109.93962626905)
22 1      - (2000201    22317.7225415758)(2000012    6614.00316032644)(2000121    5843.42783756443)
25 1      - (2000111    22942.5170701473)(2000101    5843.42783756443)(2000002    7265.23734566849)
7 7      - (2000100    26490.1910981186)(2000002    11957.9604469234)(2000201    6854.65590989394)(2000202    11358.3820534252)(1000000    11313.8828298107)(2000001    5311.31559163313)
6 8      - (2000100    26573.255168978)(2000201    6853.083729239)(2000202    6587.58175726451)(2000002    6681.45072066814)
13 6      - (2000002    7111.52906273125)
23 15      - (2000101    6673.69546798282)
12 24      - (2000201    6494.82244322805)
12 28      - (2000202    3176.9788792799)
25 0      - (2000022    24529.4739097202)
24 9      - (2000012    15847.4586142127)
16 0      - (2000211    15103.6165005931)(2000201    8122.32490655419)
22 4      - (2000101    22843.5882572247)
5 28      - (2000002    7107.81946078874)
22 9      - (2000121    8845.25872712587)(2000101    3158.32378455544)
0 26      - (2000211    24855.5016857306)(2000111    6941.1712372342)
5 14      - (2000121    6548.11249072743)
10 26      - (2000201    -250)
0 20      - (2000202    14841.2629242112)
3 19      - (2000101    11419.6252443169)
21 9      - (2000121    10125.3820906441)
16 8      - (2000121    14204.1533085435)(2000111    -250)
22 12      - (2000201    7253.07867615071)
25 12      - (2000111    4578.52421302018)
26 1      - (1000000    24316.0702276539)
1 26      - (2000102    25686.7705835196)(2000201    15508.4077290168)
26 0      - (2000202    27434.1884745056)(2000121    7304.6665134938)(2000012    7265.23734566849)
19 14      - (2000201    -250)
1 25      - (2000202    17592.7702782602)
27 1      - (2000202    11262.8664207195)(2000201    19763.4470830122)
24 2      - (2000221    22889.339059102)
14 25      - (2000221    2136.42235152809)
1 29      - (2000111    -250)
17 1      - (2000012    7026.80736015289)
0 27      - (2000202    16081.3131264166)
26 2      - (2000102    23620.3435698118)(1000000    6083.26340893786)(2000211    7229.81470528819)
8 24      - (2000201    -250)
2 27      - (2000012    17415.2954697725)
19 12      - (2000111    3176.9788792799)
24 12      - (2000111    8634.48713969777)
8 18      - (2000211    2901.2855176074)
22 3      - (2000102    23000.36966464)(2000201    6442.59231818891)
17 8      - (2000101    9128.91085621964)(2000202    4344.40803346584)
4 22      - (2000111    5604.32439766002)
0 28      - (2000002    11912.634612686)
27 0      - (2000012    7062.18401502058)
19 18      - (2000221    2196.24543734965)
3 27      - (2000202    15312.1314055382)
1 21      - (1000000    14918.3418081827)
5 21      - (2000012    6944.90845337279)
6 23      - (2000102    11918.8016714892)
2 24      - (2000102    20733.8351945465)
19 0      - (1000000    11531.0570239691)
2 21      - (2000002    18448.669149643)
1 20      - (2000022    6962.15956527546)
26 3      - (2000012    12437.5784713984)
1 24      - (2000111    23918.6301643159)(1000000    5649.47636577209)
11 21      - (2000101    -250)
24 14      - (2000201    1971.15942055289)
4 27      - (2000012    6808.83396022065)
3 26      - (2000202    11124.0904328238)
3 28      - (2000201    17390.8970872678)
18 8      - (2000201    5477.53964816577)
21 6      - (2000102    6887.03676049746)
11 18      - (2000102    9172.95659517055)
17 5      - (1000000    11161.7169809866)
8 1      - (2000100    25376.5659759598)(2000002    6596.69273062073)(1000000    20649.9321887348)
14 16      - (2000201    9074.63503429256)
20 2      - (1000000    11969.6383379418)
22 5      - (1000000    6832.37456952832)
25 9      - (2000121    7017.06291494325)
20 11      - (2000201    4937.08001626586)
20 0      - (2000211    21794.3268570329)(2000101    6442.59231818891)(2000012    6442.59231818891)
19 1      - (2000202    11402.7688642021)
11 17      - (2000111    9217.87854129874)
10 5      - (2000201    3402.73212459713)
29 3      - (2000002    18801.1130678346)
18 0      - (2000022    6855.85003496813)(1000000    12214.1653549199)
6 22      - (2000101    6355.08772802597)
27 2      - (2000022    16079.5323930184)(2000221    6557.90559571027)
23 2      - (2000002    19196.0206944082)(2000101    6566.67664282982)
25 3      - (2000022    12004.1525281224)
22 0      - (2000202    14492.7437396362)(2000221    6017.93421455562)
2 23      - (2000201    21002.1291275201)(2000211    6442.59231818891)
17 15      - (1000000    1718.97035749419)
3 22      - (2000121    6340.30282752579)(2000012    18940.8315111074)
22 15      - (2000102    3093.54944596037)
3 29      - (2000022    6839.2616105536)
3 21      - (2000101    6337.32535858018)
18 9      - (2000002    4548.34674534823)
10 18      - (2000012    2939.38181716112)
2 18      - (2000121    6327.43376544705)
23 10      - (2000221    3275.32074860119)
1 19      - (2000201    6828.56824565978)
15 23      - (2000102    1584.92180688145)
13 18      - (2000002    6506.45624328133)
26 11      - (2000022    2988.84873847488)
14 24      - (2000221    -0.25)
21 4      - (2000201    13446.474472095)
19 4      - (2000201    5649.47636577209)
23 14      - (2000111    4845.75441117249)
21 14      - (2000121    5307.2747879266)(2000111    5057.4638879266)
3 23      - (2000201    17763.9689051709)
28 9      - (2000102    4178.33307773951)
22 14      - (2000022    -0.25)
27 4      - (2000102    6442.59231818891)
22 16      - (2000201    5216.24599549218)
26 4      - (2000201    6442.59231818891)
27 9      - (2000101    5140.928753794)
10 21      - (2000101    5216.24599549218)
17 0      - (2000202    5942.59231818891)
28 2      - (2000102    19456.8403754288)
23 13      - (2000202    1610.39807954723)
20 12      - (2000002    14561.905825836)(2000211    1816.05933641712)
15 17      - (2000002    6097.02622286884)
21 3      - (2000002    12178.7427145396)(1000000    6765.23734566849)
22 11      - (2000012    3226.60594238821)
28 0      - (2000012    5649.47636577209)
7 25      - (2000211    2661.92903358246)
2 28      - (2000002    12678.7427145396)
19 13      - (2000012    5256.60165311726)
20 15      - (2000201    -0.25)
23 5      - (2000022    7265.23734566849)
17 4      - (2000121    6765.23734566849)
5 9      - (2000201    11716.3868245476)
20 3      - (2000012    7412.32989535356)
19 8      - (2000012    4359.68962626905)
27 6      - (2000202    7126.97244546735)
28 15      - (1000000    5359.20030385208)
16 4      - (2000101    1906.274420738)

