155
0 0      - (2000101    -729.88339021662)(2000001    -1019.22627512494)(2000201    -1452.09420627591)(2000002    -1072.847172416)(1000000    -726.024508763865)(2000012    -572.726929957112)(2000111    -1518.14312084564)(2000211    -1231.42158140433)(2000121    -1263.09389111766)(2000221    -1218.39380519918)
2 1      - (1000000    -397.787669938867)(2000012    -264.879552280218)(2000001    -778.706284051666)(2000002    -915.213151002619)(2000211    -1143.21556203958)(2000201    -1022.6025062768)(2000101    -390.954321125803)(2000111    -589.916411392081)(2000121    -980.007646106709)(2000221    -624.73545746855)
1 1      - (2000001    -697.418076287444)(2000101    -314.740183361815)(1000000    -360.051332190273)(2000002    -759.134255512136)(2000211    -883.022872900184)(2000201    -643.978184861629)(2000111    -1155.60876342411)(2000012    -251.714159413606)(2000221    -831.959902196583)
1 0      - (1000000    -498.289820983977)(2000002    -977.021866553832)(2000201    -709.658027788285)(2000101    -422.672435528048)(2000001    -840.120796030178)(2000211    -885.962234133185)(2000012    -662.206703668141)(2000111    -664.037301880893)(2000121    -1082.94964152524)(2000221    -890.23131183634)
0 3      - (2000201    -620.783101744006)(2000111    -1071.66415197243)(2000001    -209.972864347871)(1000000    -180.099571274629)(2000101    -196.945521495085)(2000002    -349.336696057176)(2000012    -810.90756548389)(2000211    -883.692067700157)
1 3      - (2000002    -954.588886733084)(1000000    -710.566456331689)(2000201    -958.282542995332)(2000001    -1129.23319063746)(2000101    -354.695460055656)(2000111    -863.701719364822)
0 1      - (2000101    -442.692698029336)(2000001    -928.888843601166)(2000201    -1061.92186907068)(1000000    -472.567638054347)(2000221    -1301.4668006444)(2000211    -1266.34434084881)(2000012    -738.171963577025)(2000002    -1219.26282705141)(2000111    -1055.658576349)(2000121    -1158.69910059353)
2 0      - (1000000    -459.86904776875)(2000012    -634.038349338283)(2000211    -1203.4725702393)(2000002    -972.632577241523)(2000101    -451.437958308831)(2000111    -796.033403706772)(2000001    -985.66075864567)(2000201    -1125.99321615979)(2000221    -1095.90444109603)(2000121    -779.01698117676)
3 1      - (2000111    -1294.9830425143)(1000000    -1005.58546331343)(2000002    -807.151860738971)(2000201    -878.74011683261)(2000101    -458.742999147373)(2000001    -837.892735447857)(2000211    -452.380726232948)(2000012    -169.818548491838)
2 2      - (1000000    -302.056879592738)(2000002    -931.002413343487)(2000201    -813.357699511276)(2000211    -831.583449381473)(2000012    30.0711506218309)(2000101    -274.951022778875)(2000001    -769.357781034127)(2000111    -1373.25426423724)(2000221    -1124.37985815514)(2000121    -1045.74805131907)
1 2      - (2000001    -1511.50800376995)(1000000    -301.016523352866)(2000101    -294.818557896895)(2000201    -1437.88413689519)(2000211    -604.732315015905)(2000002    -589.183415640515)(2000012    -255.966194276571)(2000111    -1183.01458052567)(2000221    -1005.58149000143)(2000121    -876.592662632935)
0 2      - (2000101    -320.898440605102)(2000001    -703.986919854461)(1000000    -303.272877515552)(2000201    -730.782787301135)(2000002    -705.405844943702)(2000221    -823.908252373793)(2000111    -594.530528460972)(2000012    -110.611674689814)(2000211    -969.518378400235)(2000121    -1471.94265618627)
2 5      - (2000101    -344.059887948025)(2000211    -1045.64245562601)(2000001    -750.446034099662)(2000002    -829.963182128615)(1000000    -558.460233233483)(2000201    -811.097943791478)(2000012    -385.499631920908)(2000111    -578.704228097678)
2 3      - (2000201    -660.884609639725)(2000101    -365.713200078936)(1000000    -464.44385635112)(2000001    -663.634049286595)(2000002    -714.365925214435)(2000211    -1240.67923141163)(2000111    -665.736545484631)(2000012    -411.116762442956)
0 6      - (2000001    -181.404902701375)(2000201    -210.401763465421)(2000002    -315.529894053721)(1000000    -975.627757353725)(2000101    -6.57796503608114)
4 4      - (2000001    -746.560209413418)(2000201    -710.838162251269)(2000101    -162.256354139493)(2000002    -443.901966580232)(1000000    -272.629118716662)
2 6      - (2000001    -288.577231675422)(2000201    -369.843363567148)(2000101    -477.629500144524)(2000002    -442.830768150878)(1000000    -871.212142449733)
6 5      - (2000001    -129.258539707078)(1000000    -626.798807601126)(2000101    3.87312148105152)(2000002    -126.450784103744)
5 2      - (2000201    -313.815463567992)(1000000    -33.1646735670072)(2000002    -557.272318415499)(2000001    -925.33410756647)(2000101    -5.99975229517507)
3 0      - (2000101    -451.981617849833)(2000111    -440.114524380434)(2000201    -1217.76377786678)(1000000    -977.781064657095)(2000002    -697.305171478523)(2000012    -330.629397513301)(2000001    -796.419122129104)(2000211    -1085.42082756046)
0 4      - (2000211    -1465.55677199771)(2000201    -860.88573682419)(2000101    -214.584444813477)(2000002    -460.243582627671)(2000001    -675.921191627245)(1000000    -186.09913558305)(2000012    -825.756971677998)
5 0      - (2000002    -215.854130208243)(2000001    -145.897247912299)(1000000    -775.577163262461)(2000201    -374.902941527721)(2000012    149.511604344383)(2000101    -117.307919672549)
3 3      - (2000201    -345.751527681821)(2000001    -578.27778597976)(2000002    -845.621577009502)(1000000    -636.76356603729)(2000101    -107.526055931069)(2000012    -221.769527853512)(2000211    -514.573818339639)(2000111    -293.322897623643)
4 3      - (2000001    -284.69214143749)(2000111    -680.93181134954)(1000000    -304.230974305882)(2000101    -584.446298485205)(2000201    -246.956994291123)(2000002    -460.659327331155)(2000012    -325.471306452128)(2000211    -1043.35404022775)(2000121    -658.670742639877)
3 2      - (2000201    -778.773172868494)(2000001    -852.269587263896)(1000000    -485.312100244678)(2000101    -303.858854955549)(2000012    -63.7230023334122)(2000211    -370.638724884485)(2000121    -500)(2000002    -670.646353836537)(2000111    -1159.90191815994)
4 0      - (1000000    -1021.8560497895)(2000101    -480.191228582428)(2000002    -820.528953132638)(2000001    -888.734281569093)(2000201    -1112.64793469216)(2000211    -879.652769711322)(2000012    -397.380314427197)
2 4      - (1000000    -280.174202216357)(2000111    -1257.50915927878)(2000201    -1025.31261890535)(2000002    -1102.26067213668)(2000211    -1198.65320800161)(2000101    -237.14965335612)(2000001    -655.825932871021)(2000012    -303.353220905046)
4 1      - (2000001    -800.637902657541)(2000201    -888.947301909665)(2000002    -1001.67331602179)(1000000    -685.906541577915)(2000211    -1480.6640597175)(2000121    -500)(2000101    -423.832660265315)(2000111    -507.0158639354)(2000012    -467.368116685849)
1 6      - (2000002    -514.862896615473)(2000001    -405.870640923548)(1000000    -828.905669255708)(2000201    -860.29668507923)(2000101    -183.283177098973)
6 2      - (2000001    -554.44479454372)(1000000    -862.980180585261)(2000211    -537.59397912547)(2000002    -356.275169115619)(2000101    26.4197502544485)(2000201    -271.193995326912)
0 5      - (2000201    -288.596345793921)(2000111    -1410.94093430808)(1000000    -179.106551122662)(2000001    -156.344634221218)(2000101    -334.987816043232)(2000002    -624.971739119358)
4 2      - (2000201    -308.183825607191)(2000101    -459.807799601294)(1000000    -349.743746464193)(2000001    -823.741138283555)(2000002    -637.892421978055)(2000221    -1203.2662421409)(2000111    -197.809048103797)(2000211    -382.680215890862)
1 4      - (2000211    -1166.33265964784)(2000201    -637.652951509913)(2000002    -570.731138430217)(2000012    -428.451877706482)(1000000    -253.23137305442)(2000101    -233.765514509313)(2000001    -378.361272796966)
2 9      - (2000201    -1147.15086534226)(1000000    -1026.1922398151)(2000012    93.4010497661162)(2000002    -404.964773201588)(2000001    -501.797532263685)(2000211    -918.034056430423)(2000111    -1367.19292084832)(2000121    -1298.45728039726)(2000101    -1061.6847916997)(2000221    -790.259732196122)
1 9      - (2000201    -961.761323153525)(2000012    211.580475995638)(1000000    -1287.25633199659)(2000111    -1060.53518831272)(2000101    -1202.55353583754)(2000001    -725.452629925978)(2000211    -498.144854962271)(2000121    -732.615657869479)(2000002    -204.890571657009)
11 2      - (2000012    -825.832787072407)(2000001    -1330.88433144517)(2000101    -1224.91713683807)(2000201    -556.544138548193)(2000002    -637.303041515325)(1000000    -571.160869356199)(2000211    -703.766368097889)
6 4      - (2000211    -681.797955507687)(2000101    -262.254802657619)(2000002    -819.610921991663)(2000201    -322.043280736586)(1000000    -818.731599581284)(2000001    -470.048849459794)
10 2      - (2000101    -988.795897290586)(1000000    -1211.26870983575)(2000002    -176.899896829168)(2000201    -1002.64493784922)(2000001    -1146.15890095666)(2000111    -913.578218315422)
11 1      - (2000101    -1364.73484311797)(2000201    -1465.83856982627)(1000000    13.888381080624)(2000001    -282.62129509797)(2000211    -1127.39664200569)(2000002    -1227.23346647306)(2000012    -870.850696584824)
1 10      - (2000002    -241.156058646822)(2000111    -1549.43370040891)(2000201    -1546.8425617473)(2000001    -458.293429710466)(2000211    -553.884686715163)(1000000    -1270.29083246027)(2000101    -1315.05179120416)(2000221    -877.445346238427)(2000012    126.973641973833)
2 11      - (2000111    -783.141051010271)(2000201    -677.21729315021)(2000001    -438.107168103646)(1000000    -706.365236765619)(2000101    -1281.65224561416)(2000002    -742.3036641749)(2000211    -897.074536896585)(2000012    -768.645030912498)
9 1      - (2000101    -1250.74689133017)(1000000    -1122.42163529125)(2000201    -1135.84297119281)(2000012    272.572035009924)(2000001    -344.241664795745)(2000002    -397.432042586039)(2000111    -930.691167214217)(2000211    -889.24416771861)(2000121    -1038.0133352351)
0 9      - (2000111    -1252.17441945746)(1000000    -1194.64318931781)(2000001    -797.335622419604)(2000201    -1179.32441440638)(2000002    -963.942182016399)(2000101    -1091.65158421791)(2000211    -1151.43827516942)(2000012    -56.9440942182602)(2000221    -434.08087502223)
13 2      - (1000000    -208.233444612172)(2000101    -378.895380947022)(2000211    -299.506552985777)(2000201    400.483642804552)(2000111    -822.091932309069)(2000002    -219.751222270113)(2000001    44.2346796051762)(2000012    -56.1026981022033)
12 2      - (1000000    -266.381991853206)(2000111    -1160.480307029)(2000001    -164.770578109548)(2000211    -512.062978832911)(2000101    -496.113516386395)(2000002    -230.191443282346)(2000201    -327.426439767588)(2000012    -400.015042022478)
1 12      - (1000000    -350.449253099976)(2000211    -766.578129426497)(2000201    -562.716462847042)(2000101    -564.378177890309)(2000002    -817.619810961854)(2000001    -836.48733546072)(2000111    -74.7661583140932)(2000012    -526.342612080098)
3 4      - (2000101    -67.978525070522)(1000000    -400.820752001327)(2000001    -296.880737530473)(2000201    -424.874082904604)(2000012    42.9238787378851)(2000002    -598.408611409585)
0 10      - (2000111    -790.495354066596)(2000101    -1374.43893095562)(1000000    -681.919758679289)(2000002    -871.219352902925)(2000001    -956.327096793026)(2000201    -695.46408561242)(2000012    -362.720766358254)(2000211    -1212.26607103883)
2 12      - (2000201    -817.051721563757)(2000012    -65.905327887411)(2000211    -891.53284571169)(1000000    -505.255418775861)(2000002    -294.588147489404)(2000101    -701.471616669103)(2000001    -821.575000524369)(2000111    -1119.38253566574)
10 1      - (1000000    -907.011857466689)(2000001    -933.623211977725)(2000101    -920.031750987267)(2000211    -905.247866910541)(2000201    -926.663581395615)(2000002    -622.564694390174)(2000111    -875.475918222402)
1 13      - (2000101    -318.124050253378)(2000111    -873.300478410724)(2000002    -183.327355481552)(2000201    -382.044791470516)(1000000    20.3528484211699)(2000211    -574.082175733937)(2000001    -130.659293507792)(2000012    115.196980526497)
1 14      - (2000001    -401.30351178858)(2000101    5.31304984106217)(1000000    24.9607978561237)(2000002    165.631539784121)(2000201    -847.822249152321)(2000211    -944.216868709179)(2000111    -1011.91148183939)
13 0      - (2000001    -240.440148235693)(2000111    -1158.80442355053)(2000201    -1132.38378058605)(1000000    -236.110001791388)(2000002    -825.495062269824)(2000101    -952.768355623445)(2000211    -447.09969210058)(2000012    -712.811523644217)
14 2      - (1000000    -277.463267517234)(2000101    -400.292974517289)(2000201    169.964109366475)(2000002    78.8899809977307)(2000001    -109.968100818256)(2000111    -401.452041120294)(2000211    -104.310547720393)(2000012    -957.20639459494)
3 12      - (2000001    -407.48782083707)(2000121    -612.596776798453)(1000000    -639.103774188901)(2000101    -338.203409566361)(2000211    -863.35475145299)(2000201    -981.915081717526)(2000111    -716.427007992086)(2000002    -856.669527459415)(2000012    -406.422330630322)
4 10      - (2000002    -692.78359648039)(2000201    -983.378107858754)(2000012    -332.369627956426)(2000001    -430.407506210058)
14 0      - (2000001    237.147325237671)(2000211    -1112.8721203704)(2000201    -915.02596417254)(2000111    -702.50997378368)(2000002    -62.4979387768296)(1000000    33.8636017203161)(2000101    -499.41508690104)(2000012    177.30251564782)
0 15      - (2000002    -341.44804506854)(2000001    -803.420383056494)(2000201    -884.742827415346)(2000012    -510.375721832497)(1000000    -453.857610335822)(2000101    70.0752199642826)(2000111    -625.102909766526)(2000211    -690.671083256486)
13 1      - (2000002    -1191.87185033877)(2000001    -978.993402184748)(1000000    -332.490317132328)(2000101    -850.850113221215)(2000201    -851.985025166264)(2000111    -1029.75292590428)(2000211    -901.176909651246)(2000012    -659.376941488974)
1 15      - (2000001    -399.571529811048)(2000101    -806.103404516767)(1000000    44.8332834018068)(2000211    -591.189477692795)(2000002    -560.712866857667)(2000201    -1015.87916562687)(2000111    -766.586015993275)(2000012    -431.309144596939)
0 14      - (2000002    -444.805409088777)(2000211    -756.08648260591)(1000000    -461.156503569182)(2000001    -585.939271407931)(2000101    -201.435260637258)(2000201    -104.636699748122)(2000012    -325.6553201362)(2000111    -459.566665547875)
5 3      - (2000101    -188.060303307477)(1000000    -569.20734897552)(2000001    -399.23417758026)(2000002    -566.119475720223)(2000201    -264.54121213303)
6 3      - (2000002    -145.140551582467)(2000001    -458.854286224085)(2000101    -194.812954932749)(2000201    -185.54124789304)(1000000    -520.413313919342)
0 11      - (2000002    -893.584936887074)(1000000    -452.73807255501)(2000201    -826.79166520093)(2000012    -205.99513371262)(2000101    -699.274435812379)(2000001    -960.169362121505)(2000211    -1398.38672323058)(2000111    -745.933792830923)
12 1      - (2000111    -1308.27258983068)(2000201    -541.668453686896)(2000211    -1305.2314330767)(1000000    -737.938251368764)(2000101    -1065.69870706782)(2000001    -592.623128633358)(2000002    -291.528506752642)(2000012    -1170.57837721904)
2 10      - (2000002    -264.635366479843)(2000111    -1485.3691779983)(1000000    -695.919083975553)(2000101    -370.478878873762)(2000211    -1105.22673230065)(2000001    -26.2218804003698)(2000201    -1104.80827706586)(2000012    -55.1443024885068)
4 13      - (2000101    -963.634111376065)(1000000    -399.679274235495)(2000001    -1033.57961921354)(2000111    -792.96844114355)(2000201    -809.00265717357)
2 16      - (2000002    -287.922016478225)(2000101    -727.00402420707)(1000000    -319.704009753943)(2000111    -918.386085100153)(2000001    -18.0466864138102)(2000201    324.941588536862)
0 12      - (2000101    -927.86725749313)(2000002    -956.350447579592)(1000000    -550.407168152247)(2000001    -596.94902130236)(2000201    -645.122173071354)(2000111    -1351.34559594891)(2000211    -668.091054145081)(2000012    -1060.80789749522)
10 0      - (2000101    -863.262307622721)(1000000    -1308.0693534274)(2000002    -1133.27342121072)(2000201    -1042.92321744448)(2000111    -1307.06322993996)(2000001    -619.157293122367)(2000012    -92.2154481534386)(2000211    -598.950676039279)
9 0      - (2000111    -939.957879423775)(2000201    -1269.20889422206)(2000101    -1362.01161543922)(2000012    -49.4355304498444)(2000211    -471.311400617937)(1000000    -1224.69016908466)(2000002    -1127.24010413023)(2000001    -496.398298120664)
14 1      - (2000201    -826.857835602474)(2000012    -87.3952262013391)(1000000    -785.986856467249)(2000101    -631.967689974418)(2000001    -696.808413451113)(2000002    -578.400482761393)(2000211    -755.460188875939)(2000111    -625.601459425911)
11 0      - (2000211    -634.48456276562)(2000101    -576.385209620824)(2000201    -1201.59322384336)(2000002    -679.655274721723)(1000000    -542.86312091498)(2000111    -1130.90102002899)(2000001    -158.992831481613)
1 11      - (2000002    -749.858613591607)(2000201    -738.974581682499)(1000000    -657.084598213012)(2000101    -831.933527093765)(2000001    -38.6893082356802)(2000111    -1306.02955808509)(2000012    -930.878105347013)(2000211    -776.479243993741)
1 16      - (2000101    -907.870135489281)(1000000    -207.639618584102)(2000201    -695.609019057871)(2000001    -107.511292885446)(2000002    -218.297681231446)(2000211    -436.59702206066)
2 14      - (2000001    -611.855291946761)(2000101    -829.428561641846)(2000002    -577.766744488348)(1000000    -129.055623287984)(2000201    -749.941820984269)(2000211    -787.549422668578)(2000111    -1237.3554001045)
3 13      - (2000002    -213.421338877624)(2000101    -157.143078222257)(1000000    -128.558441640523)(2000001    -314.182121451118)(2000201    -998.339232258414)(2000012    -78.2320671510525)(2000211    236.420491768437)
9 2      - (2000001    -827.183110916078)(2000111    -1273.31332292421)(2000101    -1359.78377423751)(2000201    -1422.47640814093)(1000000    -1506.11481996378)(2000002    -656.959822331471)(2000211    -1170.10690296041)(2000012    -471.424133181103)
12 0      - (2000012    -441.048482213487)(2000002    -308.76541108784)(2000001    -758.948278590461)(2000201    -972.293426095555)(1000000    -798.476946726146)(2000101    -684.778511590273)(2000211    -988.064164402749)(2000111    -662.140540688939)
5 1      - (1000000    -714.993277037878)(2000001    -339.520555735331)(2000002    -353.085567932257)(2000201    -368.39255428847)(2000101    -280.11877076039)
3 6      - (1000000    -509.663249437664)(2000001    -555.506470841755)(2000002    -1099.27174020101)(2000201    -455.235118484452)(2000101    -347.297079340115)
3 15      - (2000101    -381.753105958868)(2000002    226.473578905222)(2000001    -1359.42522058996)(1000000    -99.7220597058278)(2000201    -911.025877383649)(2000111    31.1125805975116)
0 13      - (2000012    -715.337559050502)(2000201    -488.920220430936)(1000000    -583.589468436455)(2000001    -512.511226367437)(2000101    -672.37662857356)(2000002    -177.557968136023)(2000111    -820.421579321197)(2000211    -1012.72767252654)
2 15      - (2000001    -313.414922404691)(2000002    91.4311854529196)(2000101    19.5404604811779)(1000000    239.958282145817)(2000201    -232.024951310637)(2000111    223.643831601952)
3 16      - (2000201    -854.701463860085)(2000002    -877.211284609262)(2000001    -828.348019032855)(2000101    190.022306363615)(1000000    -780.188538273334)(2000111    -432.764900788136)
11 3      - (2000002    -452.066122251975)(2000211    -967.2271298316)(2000012    -467.727129831601)
2 13      - (1000000    51.9391714904866)(2000002    77.7226530854672)(2000201    -889.185466309567)(2000101    -916.973096733493)(2000001    52.2776945622392)(2000111    -603.744040309996)(2000211    -1035.28374979889)(2000012    161.058872082353)
3 14      - (2000001    -169.628609474715)(1000000    22.2896929644367)(2000201    -229.001009101091)(2000101    -539.401484043455)(2000002    59.8058578447721)(2000111    -956.33151117343)(2000211    -951.035999409128)
5 11      - (2000221    -531.11810337517)(2000002    -928.958620106359)
1 7      - (2000012    -792.600340839303)(2000211    -806.45283193669)(2000201    -368.761550408479)(1000000    458.335149608736)
16 3      - (2000002    514.646627920834)(1000000    433.742315164363)(2000201    125.085836902075)
1 5      - (1000000    -98.2877444271545)(2000101    -552.444202820958)(2000201    -730.953154554878)(2000001    -596.742145454046)(2000002    -675.936399248178)
3 11      - (2000101    -95.6367238353461)(2000201    -363.193610434291)(2000211    -145.988137213129)(2000002    -188.180540286295)(1000000    -500.705704780582)(2000001    -63.3173385999311)
3 8      - (2000002    108.887309316504)(2000211    -734.651719012695)(2000201    -764.583307690939)
2 8      - (1000000    -1532.35416886478)(2000002    -815.3360509598)(2000001    -652.413913193095)(2000111    -874.476673346204)
4 9      - (2000002    -230.199749664751)(2000001    -420.320464718993)(2000211    -431.728295027346)(2000012    -181.296395535241)(2000101    -666.559733344521)(2000111    -910.106592363323)(2000201    -504.081600443746)
4 15      - (2000002    112.661565119573)(2000201    -797.738717367771)(2000001    -53.4023085995461)(1000000    -33.4641567438988)(2000111    -607.274128729296)(2000012    -436.556374813121)(2000101    -35.5750556462892)
4 11      - (2000111    -1372.88112666476)(1000000    -915.254084443175)(2000211    -1014.31027415828)(2000002    -915.254084443175)
6 0      - (2000001    -352.116299794248)(2000101    -174.68846157251)(2000211    -959.806365296169)(1000000    -769.335420427942)(2000002    -303.412259115772)(2000201    -178.697591021615)
9 4      - (1000000    -832.8984738691)
4 14      - (1000000    127.834667916952)(2000101    -715.146902164095)(2000211    -670.641074791157)(2000002    184.431419759756)(2000001    -47.4202649380596)(2000111    -681.25602552725)(2000012    -249.4709149371)(2000201    54.2730049373486)
3 10      - (2000201    -1235.24749359671)(2000001    -190.313392092785)(1000000    -822.79891988007)(2000111    -633.460138818642)(2000101    -716.971462718544)(2000002    -95.8033593042464)
6 1      - (2000201    -674.436161028848)(1000000    -940.967499223431)(2000001    -668.437421148227)(2000101    -89.2239292136298)(2000002    -595.907193290179)
3 5      - (2000111    -500)(2000012    -380.291955636274)(2000101    94.7018076450364)(2000211    -745.173006549458)(2000002    -558.894147170879)(2000201    -465.131971763163)(1000000    -762.13850046869)(2000001    -444.272868449086)
1 8      - (2000101    -1068.39087086407)(2000002    -641.699060076486)(2000201    -1417.1340685857)(2000012    -278.676415492923)(2000111    -1054.85218121723)(2000211    -694.74474691952)(1000000    -1149.09631059161)
4 5      - (2000002    -757.921989294116)(2000201    -1389.91988418616)(1000000    -1279.30065263737)(2000101    -186.780015900293)(2000001    -980.977013524807)
14 3      - (1000000    -827.908035308961)
0 8      - (2000111    -1069.39597168131)(1000000    -1034.59131974683)(2000002    -771.947985987763)(2000001    -921.78363855842)(2000211    -671.001397168328)(2000012    -245.371196839875)(2000101    -1402.34161957932)
8 2      - (2000111    -1532.09095062846)
15 3      - (2000101    -147.631111045547)(2000201    -1009.89624174962)(2000002    -6.4144208431747)
14 4      - (2000201    -20.9648681985323)
0 16      - (2000201    -489.347841391972)(2000101    -1400.56276907259)(2000211    -56.4833336484869)(2000111    -669.533007651032)(1000000    -38.4460564302541)(2000002    -678.082750563824)
3 9      - (2000001    -1429.57608546684)(2000002    -854.653126742818)(2000111    -701.938543733426)(2000211    -1079.56360838465)(1000000    -1208.21185922593)(2000012    128.008111731074)(2000201    -1150.38391932318)
5 14      - (2000001    -229.298113527584)(1000000    -453.333872423607)(2000101    12.5966746025471)
5 16      - (2000001    28.2505979902332)(2000101    94.416575023734)
13 3      - (2000201    -793.191644229962)(2000101    -748.129602206571)(1000000    -376.157568519045)
4 6      - (2000002    -222.142875573439)(2000001    -753.560009646976)(2000101    -33.7838154223145)(1000000    -700.38208815979)
8 1      - (2000001    -226.35802539783)(2000002    -555.538925662752)
2 18      - (2000201    -939.459464058335)(2000001    -563.683709963788)(2000111    -834.195175302287)
4 12      - (2000101    -565.492021591132)(1000000    -449.264168338202)(2000002    -15.6578771794482)(2000001    -261.081809910862)(2000012    29.9264623532352)(2000211    -150.088065591208)
12 3      - (1000000    -388.350409141681)(2000002    -115.436917793871)
5 13      - (2000101    -550.525296138312)
5 5      - (2000201    -713.40608344816)(1000000    -982.694435876375)(2000101    -266.067268201399)(2000002    79.0423219460186)(2000001    -238.4196648783)
5 15      - (2000201    -376.204005480647)
12 4      - (1000000    -144.562053136575)
5 4      - (2000201    -281.011739603164)(2000001    -208.186819359551)(1000000    -715.612708982103)(2000101    -173.520941001403)
3 7      - (2000201    -716.105793648226)(2000001    -716.205793648226)(2000101    -431.023261215211)(1000000    -1173.70063867071)
2 7      - (1000000    462.835817537985)
14 5      - (1000000    -95.4568635303335)
15 2      - (2000201    -148.329476227599)
15 1      - (2000201    -20.3237687996516)(2000002    -28.0785882136781)
4 16      - (1000000    -468.559395867894)(2000012    -218.572398694354)
4 17      - (2000002    -237.635402798501)(2000001    -127.653834748535)(2000211    -176.618848966916)(2000201    -176.618848966916)
15 0      - (2000201    -641.965232029908)(1000000    -102.891935615212)
17 3      - (1000000    -30.9232445648702)
17 1      - (2000101    -83.1944455783474)
3 18      - (2000211    -375.463808122322)(1000000    -152.445679574098)
6 7      - (2000001    -80.7564978446702)(2000201    -660.456665686665)
0 7      - (2000101    137.187185388143)
16 0      - (2000101    -77.2211528111269)
17 4      - (2000101    369.925486010343)
5 10      - (2000211    -506.76951184962)
4 18      - (1000000    300.38854749709)
13 4      - (1000000    280.23320966197)
16 4      - (1000000    119.214787596476)
16 5      - (2000201    58.3556592751567)
5 17      - (1000000    176.153886888077)
0 18      - (2000111    182.479381001173)(2000001    182.479381001173)
16 2      - (1000000    -100.041927747463)
15 4      - (2000201    124.540710200866)
7 5      - (2000101    -40.8707474690213)
6 6      - (2000101    41.4923722670864)
7 6      - (2000002    47.7912173337599)
5 6      - (2000001    -135.224922110725)(2000201    -101.8564333643)(2000101    -49.9478181940196)
7 7      - (1000000    -872.826444886437)(2000101    16.806758953246)

