164
0 0      - (1000000    -1434.93034394856)(2000102    -1730.19022505329)(2000200    -1809.41353530356)(2000202    -1905.84968733995)(2000101    -1751.8715697441)(2000001    -1845.99712216899)(2000002    -1408.14167791955)(2000100    -1784.96461591858)(2000012    -1502.6467730245)(2000110    -1389.20129044771)(2000201    -1759.66940944226)(2000211    -2176.12432926523)(2000210    -1645.88921174979)(2000022    -1372.70125022258)(2000212    -1820.37736259018)(2000111    -2146.16148727778)(2000112    -2025.26610810173)
2 1      - (2000100    -1998.14925411755)(2000201    -1699.37281187146)(2000102    -1280.68030092538)(1000000    -1287.97070851684)(2000200    -1949.87957644832)(2000002    -1634.51196395781)(2000202    -2009.90396048409)(2000001    -1620.00837716923)(2000101    -1907.33622237856)(2000012    -1780.81884144221)(2000210    -1923.05988206588)(2000212    -1723.46856877087)(2000112    -1890.35673005316)(2000111    -2008.30408059074)(2000110    -1756.40485847896)(2000022    -1270.54929926614)(2000211    -1937.48271016403)
0 1      - (1000000    -1361.30842753094)(2000022    -1162.63354669947)(2000002    -1703.98542491566)(2000201    -1581.1180742124)(2000101    -1715.13491923981)(2000001    -1827.29863802046)(2000100    -1941.40570477876)(2000202    -1204.50560074531)(2000200    -1884.0415850803)(2000112    -1939.53668696503)(2000210    -1247.61349178158)(2000110    -1707.41491600601)(2000102    -1737.24733233107)(2000211    -1761.29719343037)(2000212    -1871.14655459966)(2000111    -1830.49823554403)(2000012    -1174.01964958037)
1 1      - (1000000    -1547.83959491595)(2000200    -1912.26952795297)(2000100    -1816.70242578064)(2000102    -1774.13804520047)(2000201    -1862.04852373092)(2000202    -1943.36510624924)(2000001    -1552.44289172013)(2000002    -1843.62121895762)(2000212    -1566.5491317855)(2000012    -1299.53420118517)(2000101    -1818.1631432616)(2000022    -1285.86357903116)(2000211    -1948.45990406089)(2000111    -1985.82324931225)(2000110    -1621.65923558237)(2000210    -1754.82830112204)(2000112    -1574.33117249215)
1 4      - (1000000    -1463.36458553992)(2000100    -1825.72381201807)(2000002    -1738.07251959438)(2000202    -1579.94111594402)(2000201    -1538.71098146781)(2000001    -1699.96415884054)(2000102    -1767.71488151741)(2000200    -1437.8646678948)(2000101    -1234.96966073016)(2000112    -1434.99298313014)(2000110    -1284.49429701634)(2000022    -1181.09845447324)(2000012    -1215.63952964341)(2000210    -1389.9473610988)(2000212    -1683.25601123895)(2000111    -1293.73887197922)(2000211    -1358.8984557386)
1 0      - (2000100    -1726.00677609885)(2000200    -1755.85146938554)(2000001    -1632.53530712863)(1000000    -1184.0823727417)(2000202    -1631.95053017295)(2000111    -1857.87023813559)(2000201    -1725.33322723695)(2000101    -1761.24751950944)(2000102    -1612.34525040324)(2000012    -1420.13198279933)(2000002    -1235.53994502611)(2000110    -1181.01445738508)(2000210    -1722.24405448788)(2000211    -1863.48413770783)(2000022    -1181.64802101175)(2000212    -2046.21784533884)(2000112    -1975.08073329794)
2 0      - (1000000    -1428.79485320003)(2000200    -1965.66077140279)(2000102    -1814.33613737531)(2000212    -1847.71397914355)(2000112    -1791.31014708065)(2000202    -1744.08318014028)(2000001    -1530.45042930917)(2000201    -1537.43020244696)(2000100    -1785.88872657065)(2000012    -1376.75227347196)(2000101    -1692.22596418915)(2000002    -1839.46817569795)(2000111    -1850.00535809643)(2000110    -1725.75603568153)(2000211    -1896.95944062184)(2000022    -1229.86090816605)(2000210    -1658.13374460799)
2 2      - (2000212    -2036.23807606737)(2000112    -1857.54455028085)(1000000    -1267.92925085987)(2000100    -1925.87626888848)(2000102    -1732.41132258533)(2000202    -1663.3211275054)(2000101    -1973.23020430383)(2000201    -1729.23664598158)(2000200    -1893.63582670258)(2000022    -1244.77949836587)(2000001    -1703.82295129505)(2000002    -1242.8993345791)(2000012    -1432.92782448654)(2000110    -1243.99028149454)(2000111    -1930.8314592969)(2000211    -1931.11311027055)(2000210    -1820.55435217984)
0 2      - (2000101    -1260.66213339701)(2000201    -1674.14140727044)(2000002    -1743.04011054776)(2000202    -1757.17749845193)(2000102    -1874.2415662357)(2000210    -1934.12742648119)(2000100    -1753.52916119477)(1000000    -1220.5569559012)(2000001    -1775.2013357632)(2000200    -1316.57290435416)(2000022    -1181.61743871747)(2000012    -1616.84477661921)(2000112    -2013.52826704188)(2000212    -1653.78139011822)(2000110    -1182.12584359959)(2000111    -1947.82767346078)(2000211    -1815.2981632697)
1 2      - (2000212    -1860.26963131309)(2000002    -1351.07411730617)(1000000    -1302.48416113037)(2000101    -1857.29089602415)(2000102    -1757.19101854011)(2000201    -1843.42791988458)(2000110    -1927.32906815679)(2000100    -1821.49216083542)(2000022    -1268.40076431269)(2000001    -1905.62171767613)(2000202    -1849.40401903968)(2000112    -1867.31921270712)(2000200    -2071.67628149864)(2000211    -1833.12406029935)(2000012    -1661.44239023335)(2000111    -1907.02910326439)(2000210    -2194.90828826)
3 0      - (2000100    -1928.03027512281)(1000000    -1499.67734282435)(2000102    -1984.31273486131)(2000101    -1986.77118954809)(2000001    -1892.25645904331)(2000200    -1984.48036026276)(2000202    -1993.2747733142)(2000002    -1291.46933055309)(2000112    -1394.41701626007)(2000201    -1887.45364447704)(2000212    -1614.71082510748)(2000012    -1404.5979902018)(2000110    -1557.97393596427)(2000210    -1755.07942420755)(2000111    -1790.97639829996)(2000211    -1477.41506130996)(2000022    -1393.92014868363)
3 2      - (2000100    -1608.18368631652)(2000001    -1684.79372692826)(2000201    -1670.42120716067)(1000000    -1148.04926466455)(2000002    -1817.60303762281)(2000101    -1703.35648070769)(2000102    -1651.92402754129)(2000012    -1337.97434690657)(2000202    -1585.73979946777)(2000200    -1666.61021235853)(2000112    -1792.63442971338)(2000022    -1159.32552073159)(2000212    -1747.16283843868)(2000211    -1725.38316061929)(2000210    -1672.35219007237)(2000111    -1680.5066822098)(2000110    -1301.36561332153)
3 1      - (2000002    -1536.43255827046)(2000200    -1637.74136759682)(1000000    -1821.75704299672)(2000101    -1736.12413967615)(2000001    -1188.7138443609)(2000100    -1676.80570934979)(2000202    -1706.90082004269)(2000012    -1122.88826267824)(2000110    -1529.49800968266)(2000201    -1705.86976638189)(2000210    -1744.5934126725)(2000102    -1727.08932530425)(2000212    -1682.04777887656)(2000022    -1122.06107181884)(2000211    -1676.95246150518)(2000111    -1605.87272412206)(2000112    -1748.62931903823)
2 4      - (2000102    -1888.10406738678)(2000202    -1848.77882239304)(1000000    -1754.81747337823)(2000002    -1157.62080413894)(2000211    -1495.02564685206)(2000001    -1707.72314406203)(2000112    -1451.85630398377)(2000212    -1443.51807493735)(2000101    -1821.4948013934)(2000111    -1543.83251292692)(2000012    -1256.50489510527)(2000100    -1928.43341706284)(2000200    -1859.68790510548)(2000201    -1902.6923781772)(2000210    -1480.65819258978)(2000022    -1149.56504516064)
2 3      - (2000201    -1801.10834325221)(2000112    -1578.77099120425)(2000210    -1303.60144986085)(1000000    -1409.40873273509)(2000102    -1823.7976351785)(2000200    -1903.62139392318)(2000202    -1701.87043625103)(2000012    -1425.76923094143)(2000211    -1751.96637105103)(2000001    -1696.60385448472)(2000111    -1706.7821208172)(2000002    -1174.31507712976)(2000101    -1794.16527020976)(2000100    -1739.86362903837)(2000212    -1512.91494945223)(2000022    -1155.46174783676)(2000110    -1191.98764748112)
4 4      - (2000012    -1069.17941709741)(2000101    -1324.38143670738)(2000201    -1451.59480094893)(2000001    -1073.67353787318)(1000000    -1527.95843723444)(2000112    -1237.0208552205)(2000202    -1823.90213611843)(2000200    -1439.44432102605)(2000022    -1080.75423534029)(2000110    -1242.28044512032)(2000100    -1729.85141242849)(2000002    -1337.18816270966)(2000212    -1302.8264671025)(2000102    -1309.62598039248)(2000211    -1175.967307554)(2000111    -1272.70726127225)
4 0      - (2000200    -1677.23492192417)(1000000    -1614.19564565026)(2000001    -1607.47232192851)(2000101    -1842.66391754057)(2000100    -1573.29913851506)(2000202    -1517.11433562071)(2000002    -1173.75551348194)(2000110    -1758.95181484586)(2000201    -1718.92650640512)(2000102    -1731.2140113479)(2000111    -1718.52197583553)(2000022    -1172.92846510189)(2000210    -1346.96031168719)(2000112    -1612.44106578875)(2000012    -1393.27433363709)(2000211    -1495.55003769133)(2000212    -1361.09950473232)
1 3      - (2000100    -1773.13961187161)(2000101    -1840.86721915608)(2000202    -1189.67245979162)(2000012    -1627.57822865075)(1000000    -1302.86452598603)(2000200    -1869.84985623109)(2000002    -1680.43165041294)(2000001    -1867.57508598049)(2000201    -1831.96699537495)(2000210    -1479.13179646506)(2000022    -1176.01559829835)(2000102    -1773.76650878401)(2000211    -1782.11285016147)(2000212    -1645.54155448603)(2000112    -1518.17730411231)(2000110    -1466.00676642561)(2000111    -1738.32278486346)
3 3      - (2000210    -1418.69658575801)(2000101    -1808.14529799006)(1000000    -1826.88495107388)(2000001    -1955.01630625847)(2000100    -1803.90331829444)(2000102    -2025.75649242363)(2000201    -1837.75036522433)(2000200    -1898.19954873797)(2000002    -1236.78800186968)(2000022    -1202.21950532922)(2000212    -1702.28792267462)(2000012    -1716.51301281536)(2000202    -1887.11307829957)(2000211    -1760.82299219904)(2000111    -1629.09734457371)(2000110    -1248.34186109665)(2000112    -1559.41711215259)
4 2      - (2000200    -1681.98382247469)(2000101    -2014.88504369061)(2000002    -1724.55790632352)(1000000    -1586.18581568775)(2000201    -1627.34964541871)(2000100    -1941.18211310225)(2000001    -1429.30997818158)(2000202    -1928.93276552356)(2000112    -1744.87206997383)(2000110    -1436.7992308536)(2000012    -1551.88891662021)(2000102    -1667.24433300692)(2000022    -1291.75095118601)(2000111    -1641.04854341636)(2000211    -1667.71342157696)(2000212    -1509.38657463933)
4 3      - (1000000    -1781.87630918623)(2000002    -1788.37240266911)(2000110    -1417.68981144807)(2000212    -1651.24284522711)(2000112    -1679.89238950196)(2000111    -1390.74478779135)(2000012    -1150.65908760399)(2000001    -1165.28288926034)(2000101    -1573.26136813979)(2000200    -1671.09245413669)(2000202    -1651.0842750554)(2000210    -1285.18762703358)(2000100    -1865.98805647962)(2000201    -1734.70768550611)(2000102    -1531.70951298966)(2000022    -1151.72607943798)
0 4      - (2000211    -1486.8539641394)(2000111    -1656.55238266425)(2000201    -1765.60265323948)(2000102    -1641.80015469687)(2000101    -1406.13638533972)(2000001    -1437.97460935338)(2000002    -1692.66082411166)(2000012    -1513.82853741937)(2000112    -1488.53061103208)(2000200    -1586.95577241112)(1000000    -1597.09657343367)(2000100    -1595.72850818381)(2000210    -1567.31253425965)(2000212    -1605.83740592614)(2000110    -1478.09509533062)(2000022    -1335.8422238397)(2000202    -1470.49180232027)
6 1      - (2000102    -1480.08743921359)(1000000    -1866.69623379616)(2000001    -1485.04678946824)(2000202    -1264.82712057729)(2000002    -1722.73117056844)(2000100    -1197.11718820633)(2000101    -1664.28394487416)(2000210    -1165.57058675662)(2000200    -1711.4031492027)(2000201    -1163.65725923541)
2 9      - (2000101    -1105.87091410469)(2000201    -1107.57945878581)(2000202    -1002.08065048076)(2000001    -1095.63446853482)(2000012    -1027.09138312872)(2000100    -1100.98121495016)(1000000    -1151.5253932619)(2000200    -1103.8714980309)(2000002    -1105.82506045759)(2000102    -1019.79783717003)(2000210    -1096.08076786508)
9 0      - (2000200    -1024.56223976932)(1000000    -1223.6928106842)(2000002    -1026.61883115602)(2000101    -1025.55437984658)(2000001    -1092.31888179746)(2000201    -1025.19171401797)(2000100    -1022.77448369988)(2000012    -548.790588847667)
0 9      - (2000002    -1180.28265029349)(2000100    -1182.218326767)(1000000    -1191.57206911896)(2000201    -1180.17683667925)(2000012    -1151.37167520909)(2000200    -1180.46751648494)(2000202    -1160.3447066379)(2000102    -1141.74929895807)(2000101    -1180.3467723922)(2000001    -1185.03741858976)
1 11      - (2000001    -1182.88113669633)(1000000    -653.652609040329)(2000201    -437.091559199289)(2000101    -440.271073502484)(2000002    -640.732562934493)
13 2      - (2000002    -293.315896175534)(2000102    -515.64027774626)(1000000    -132.878808167915)(2000200    -148.925067854513)
12 1      - (2000102    -1110.8303847848)(1000000    -340.420638517174)(2000210    -58.4713093084686)(2000201    -450.156456327286)(2000001    -33.3020491572295)
10 2      - (2000201    -794.318481957269)(1000000    -730.721681815959)(2000101    -738.615986480043)(2000002    -804.438342646371)(2000012    -698.862495535319)(2000100    -743.832736706038)(2000110    -191.549495362334)
13 1      - (2000201    -500)(2000002    -324.608733831829)(1000000    -237.605708590059)(2000100    -499.63003424167)(2000101    39.4975786243755)
2 13      - (1000000    -318.760958863299)(2000110    -750)(2000211    -626.811691475006)(2000100    -307.633061426934)
2 11      - (2000002    -750)(2000212    -999.235737914261)(2000102    -790.127618745947)(1000000    -657.475116774371)(2000101    -574.747124942928)(2000201    -584.058520442728)
3 10      - (2000102    -701.886454128374)(1000000    -763.24105653325)(2000002    -761.094094575287)(2000210    -285.458520908441)(2000200    -719.666408242255)(2000201    -752.207011870503)(2000110    -498.272873446285)
1 9      - (2000102    -1284.55023963389)(2000202    -1097.26085785072)(2000201    -1135.29377401791)(2000001    -1142.3630552574)(2000002    -1137.52059290798)(1000000    -1171.82270260171)(2000101    -1135.36913322792)(2000100    -1134.4549612184)(2000012    -1098.91889651637)(2000200    -1134.11083702362)
1 14      - (1000000    -210.436876766209)(2000110    -920.466632219799)(2000102    -276.756907094557)(2000002    -437.354544410358)(2000101    -434.472854888562)(2000100    -390.749054625835)(2000001    -200.359060118815)
1 10      - (2000202    -700.576026870825)(2000200    -929.098194073886)(2000100    -933.490060029374)(1000000    -1033.52750103322)(2000012    -704.355723177931)(2000201    -959.958832234437)(2000001    -709.002625263545)
2 10      - (2000111    -1086.10672513031)(2000100    -896.255894729661)(2000101    -903.703753263519)(1000000    -906.367303930311)(2000002    -903.187018528833)(2000200    -894.629337229514)(2000001    -810.415783881372)
3 4      - (2000101    -1643.05300191433)(2000201    -1623.08158216322)(2000102    -1697.22814152496)(2000200    -1684.93686059135)(2000001    -1553.45113218927)(2000002    -1804.22249644998)(2000100    -1771.92618983407)(1000000    -1513.49606804595)(2000202    -1431.29283146756)(2000012    -1260.7257512596)(2000110    -1307.64696821679)(2000212    -1421.02388589437)(2000022    -1203.41745204733)(2000210    -1212.46644093395)(2000112    -1595.36960395629)(2000111    -1536.86752167209)
14 1      - (2000002    -682.755218725989)(2000202    -351.02938762207)(1000000    -239.362424966865)
0 12      - (2000002    -352.343371601663)(1000000    -362.004054370571)(2000022    6.06979661037019)(2000001    -134.517446928155)(2000012    -301.75084927521)
0 3      - (2000100    -1749.2278325937)(2000001    -1853.83576464521)(1000000    -1428.57356892689)(2000212    -1802.88570142869)(2000211    -1752.13287296455)(2000201    -1678.1146940732)(2000210    -1578.07272263351)(2000101    -1813.60665890186)(2000202    -1124.17130757014)(2000002    -1714.83479586185)(2000012    -1583.18660069291)(2000200    -1931.90957032051)(2000102    -1693.68407748721)(2000112    -1808.28754218399)(2000022    -1070.18160313875)(2000111    -1711.55569128228)(2000110    -1615.14480121749)
4 11      - (1000000    -688.821322473644)(2000002    -770.619318589481)(2000200    -726.82669019419)(2000101    -881.220907019883)(2000001    -582.262591873128)(2000201    -621.643291680132)
4 13      - (2000100    -684.696127327247)(2000201    -686.487203840082)(1000000    -88.3662533680664)
0 14      - (2000101    -211.708429373833)(2000210    -432.8787061122)(1000000    -187.679163219862)(2000100    -567.235027344791)(2000202    -267.162926434916)(2000002    -445.113543238972)(2000001    -262.614339363716)
0 10      - (2000001    -997.966791050939)(2000202    -1216.87481195528)(2000100    -1022.00345075244)(2000101    -1063.05110381635)(2000002    -1023.00037048222)(1000000    -1058.98249732775)(2000201    -1024.66642630553)(2000210    -981.447342921849)
2 5      - (2000202    -1578.60635582045)(2000101    -1379.32880841744)(2000200    -1466.40722614906)(2000100    -1695.90983298947)(2000212    -1545.63834103484)(1000000    -1625.69860217966)(2000002    -1369.13519331465)(2000102    -1402.33259467007)(2000201    -1345.25586679656)(2000001    -1060.79424901072)(2000210    -1310.12266685519)(2000022    -976.7249605763)
0 7      - (1000000    -750)(2000200    -821.496727411461)(2000100    -768.030022308916)(2000102    -897.912685750671)(2000001    -779.330388561969)(2000002    -953.794263581777)(2000101    -904.480297689713)
0 13      - (2000012    -141.270681952678)(2000002    -324.478545771265)(1000000    -269.010600784278)(2000201    -265.334073962834)(2000100    -409.852737506538)(2000200    -390.582613428324)
1 5      - (2000201    -1433.49826054561)(1000000    -1498.7347083723)(2000100    -1367.78737252151)(2000002    -1503.77369378212)(2000202    -1743.75118900413)(2000001    -1351.19102941943)(2000110    -1764.59983792256)(2000211    -1299.44370542136)(2000012    -1352.23895307022)(2000200    -1464.64239378527)(2000102    -1577.60417278127)(2000212    -1647.46974942789)
3 5      - (2000002    -1352.74199514307)(2000102    -1254.53870353665)(2000201    -1569.45129219419)(2000101    -1357.57853741769)(2000001    -1200.54216689281)(2000200    -1336.21271570357)(2000100    -1243.58628892308)(1000000    -1253.76338400067)(2000202    -1245.69976494526)(2000112    -1233.21700603347)
5 3      - (2000100    -1293.43169321604)(1000000    -1745.80397155736)(2000002    -1205.84934588888)(2000212    -1237.16345597359)(2000202    -1535.15201544363)(2000201    -1487.21774881386)(2000001    -1323.72508609754)(2000200    -1456.50829266486)(2000022    -897.634880748478)
5 4      - (2000101    -1149.33466092724)(2000012    -1076.11421943307)(2000102    -1116.34304146352)(2000100    -1503.49367267516)(2000002    -1133.70315845945)(2000200    -1311.53557137798)(2000210    -984.642510535048)(2000201    -1187.45425997063)(1000000    -1225.39532708964)(2000001    -321.971374289803)(2000022    -123.860801020354)(2000202    -534.398545372528)
2 7      - (1000000    -837.415739716494)(2000101    -739.524631230502)(2000002    -288.369355176408)
3 13      - (2000202    -500.375)(2000001    -597.399636878618)(2000102    -619.367854549451)(2000002    -333.042172528601)(1000000    29.9791245608183)(2000200    -250.518090850396)
11 3      - (2000212    -526.751745830632)
11 2      - (2000201    -987.659523432434)(2000111    -526.751745830632)(2000101    -533.16866981132)(2000100    -697.5854882263)(1000000    -38.5120625985054)(2000110    -272.410757411255)(2000001    -504.059061636605)(2000200    -299.304797656245)
2 12      - (2000100    -684.660559312949)(2000022    26.8939907060592)(2000102    -487.869568288835)(1000000    -223.211894871922)(2000201    -345.98938908372)(2000101    -251.911014599184)(2000002    -214.513868788525)
3 15      - (1000000    -142.120270730212)(2000100    -625.422256852374)(2000012    -338.500393777716)(2000102    -292.972113066331)(2000002    -581.967045866674)
1 13      - (2000100    -285.820662535903)(1000000    0.851621769127957)(2000002    -328.218962155431)(2000200    -37.0506946924584)
11 1      - (2000201    -636.914265260483)(1000000    -193.65957612894)(2000210    -203.577196741055)(2000002    -624.896705924863)
12 0      - (1000000    -528.90438272167)(2000002    -215.791110849575)(2000200    -482.716870008353)
2 14      - (2000002    -675.108295547407)(1000000    -507.505718802928)
4 1      - (2000200    -1641.74993657172)(2000002    -1197.67549896449)(2000102    -1660.6371869123)(1000000    -2082.75280557799)(2000212    -1232.32329273038)(2000012    -1446.41323476791)(2000001    -1606.2056191043)(2000201    -1729.28435547129)(2000202    -1663.47806249587)(2000100    -1703.22504389505)(2000101    -1611.39836565145)(2000110    -1511.94505285954)(2000210    -1285.27397079183)(2000111    -1632.16085817049)(2000022    -1197.54336483511)(2000211    -1415.5084720222)(2000112    -1195.02032985282)
0 15      - (2000100    -154.346306536154)(1000000    -4.66939164521477)(2000012    -195.243263341127)
0 11      - (1000000    -507.621019787103)(2000201    -484.369928563127)(2000102    -550.062568887085)(2000101    -502.863428157307)(2000002    -494.871126521341)(2000200    -499.272321386334)
4 6      - (2000200    -1084.13948544333)(2000201    -1017.23992871699)(2000102    -1137.85227318576)(1000000    -980.590228433975)
2 6      - (2000200    -1654.28298641557)(1000000    -1617.43306559428)(2000102    -1383.67797070228)(2000202    -1089.97116524052)(2000111    -1282.43011357513)(2000201    -1760.53501154405)(2000100    -1478.81931084625)(2000001    -875.62097236536)(2000101    -906.7368972938)(2000002    -960.887717332277)
13 3      - (1000000    -32.2324352626677)
1 15      - (2000100    -221.419195095695)(2000201    -285.247058810289)(2000200    -163.895687410995)(1000000    144.818220231125)(2000001    -214.737637030012)
9 2      - (2000102    -1181.35481423186)(2000001    -996.285571528893)(2000200    -999.860791455452)(2000101    -979.473951763529)(1000000    -997.653179080483)(2000201    -1038.60817162306)(2000002    -1050.52229600886)(2000100    -1064.81346603227)(2000012    -991.476195734986)
4 8      - (2000202    -738.148629450191)(1000000    -779.063035710798)(2000012    -662.716390850061)(2000101    -783.746351282555)(2000200    -782.023984901347)(2000002    -778.186200931316)(2000001    -779.258345798863)
14 2      - (2000201    -375.381912031932)(2000101    -446.544084480124)(1000000    -228.344294034765)(2000200    -418.962497462534)
7 1      - (2000111    -1007.6090045983)(1000000    -662.227643822911)(2000002    -234.8531544882)
1 12      - (1000000    -396.889414607719)(2000100    -397.856271449928)(2000002    -397.158153977325)
6 2      - (1000000    -1112.00255560076)(2000002    -1416.77591760061)(2000022    -809.571679737082)(2000200    -1331.21850354222)(2000202    -1060.12016066242)(2000001    -815.234548310496)(2000102    -1237.16316480352)(2000111    -1032.34053191548)
3 14      - (2000201    -324.755466365207)(2000110    -154.28241653572)(2000202    -659.122636536468)(2000200    -135.384269248216)(1000000    -165.281741081056)(2000210    -198.780304589565)
5 0      - (2000201    -1196.46798574372)(2000101    -1506.38656387605)(2000212    -1421.23786704279)(2000112    -1728.68515991958)(2000210    -1449.73953496983)(2000002    -1177.20965761309)(2000100    -1735.80960277754)(1000000    -1707.8151688599)(2000102    -1389.76184707539)(2000200    -1247.03630367811)(2000111    -1221.03856395439)(2000202    -1525.33173411518)(2000012    -1177.61410151818)(2000001    -1244.1611358349)
5 1      - (2000212    -1510.79267989433)(2000200    -1927.50056749966)(2000211    -1535.78864873798)(2000002    -1743.69121466547)(1000000    -1465.89798159703)(2000201    -1400.50839277063)(2000202    -1548.9835668645)(2000102    -1354.95185085631)(2000100    -1892.74619907313)(2000112    -1425.028297057)(2000110    -1355.86721395487)(2000111    -1530.48585919542)
5 5      - (2000101    -1662.02548204749)(2000202    -1339.02942512091)(2000212    -1549.66134450584)(1000000    -1357.49756193383)(2000002    -1496.8214679631)(2000100    -1423.89577975009)(2000201    -1210.03255455468)
1 6      - (2000201    -1308.21191670906)(2000100    -915.52987618548)(2000200    -1358.8203419288)(2000012    -858.534679791173)(2000112    -845.782485592696)(1000000    -1670.3738395114)(2000002    -1042.65865877065)(2000202    -913.267002783052)(2000001    -1001.23512914904)(2000102    -1105.4316403009)
3 9      - (2000012    -876.361355438747)(2000002    -912.389730732633)(2000101    -912.663438877389)(2000202    -839.108145459072)(1000000    -997.810440101279)(2000200    -912.609095288072)(2000201    -913.954818488944)(2000102    -847.908462699834)(2000100    -973.762801215248)(2000210    -779.726028504999)(2000001    -853.360817354222)
2 15      - (2000201    -418.277637964064)(1000000    -35.2727318132473)(2000200    -362.991760608484)(2000002    -254.331507930649)
3 11      - (2000201    -411.09000239711)(2000002    -426.302697920464)(2000101    -469.280714958515)(1000000    -224.035363957906)(2000012    -386.871311466158)
2 16      - (2000200    -632.049225449018)(1000000    -207.227349331788)(2000012    -410.326247558454)(2000100    -665.595468816649)(2000002    -607.625389676444)
1 16      - (2000002    -512.816101925942)(1000000    -3.8554748045789)
13 0      - (1000000    -377.656061666829)(2000002    -553.481453715027)(2000001    -232.138776176287)
4 12      - (2000200    -770.227855937908)(2000001    -593.77319119269)(1000000    -596.915802287362)(2000002    -545.766263255305)
1 8      - (2000101    -1063.59953845909)(2000201    -1187.39554559024)(2000202    -1055.73774781326)(1000000    -1062.81165196407)(2000100    -1058.0024642857)(2000001    -1020.11436818875)(2000200    -1056.72109941276)(2000002    -1062.98078482353)(2000110    -857.133890807456)
0 6      - (2000100    -930.518132124683)(2000101    -879.403020230756)(1000000    -1316.12523984664)(2000201    -1064.77367210266)(2000001    -1067.73011531786)(2000002    -1688.18841306888)(2000102    -792.463433277942)
0 5      - (2000102    -1374.44175542033)(1000000    -1573.37399647988)(2000101    -1369.44911906643)(2000001    -1300.36613269469)(2000202    -1554.76578071289)(2000200    -1404.94681860195)(2000002    -1420.02435946523)(2000100    -1425.97317540497)(2000110    -1286.63681245203)(2000211    -1554.57638170409)
4 10      - (2000200    -792.53527101015)(2000201    -805.436605800372)(2000101    -808.550548701228)(1000000    -819.251166727938)(2000202    -793.316541590114)(2000100    -812.008187951606)(2000002    -823.985311479285)(2000001    -792.79925677744)
0 16      - (2000202    -584.448480224432)(2000200    -558.73835560188)(1000000    -258.764399595077)(2000201    -497.386124050157)(2000102    -293.101420406176)(2000002    -331.133907077984)
10 0      - (2000100    -943.813620545387)(1000000    -875.714042468811)(2000012    -841.42768571231)(2000002    -876.279558007533)(2000200    -873.72824180627)(2000101    -873.453214468544)
3 6      - (2000200    -1404.99068954849)(2000202    -1174.28786299835)(2000001    -1037.85943153664)(2000201    -1037.45481774504)(2000210    -278.043770695891)
8 1      - (2000101    -617.93500409822)(2000001    -698.48934902808)(1000000    -401.53950860957)(2000002    -312.530531760321)
5 2      - (1000000    -1936.36830316485)(2000001    -1939.96952843674)(2000101    -1760.40158085518)(2000201    -1730.98543149314)(2000100    -1728.22339675338)(2000200    -1864.73373318561)(2000211    -1338.95589011548)(2000002    -1142.16369571074)(2000102    -1965.35293071882)(2000012    -1142.43394607579)
8 0      - (2000002    -816.502559298949)(1000000    -857.477132008513)
14 0      - (2000012    -333.870903482359)(1000000    -201.958002177871)(2000202    -239.106081903729)(2000200    -227.676921027895)(2000002    -383.785134966813)
0 8      - (2000201    -1111.37454445431)(2000110    -1111.0273446414)(1000000    -1113.39228959959)(2000100    -1107.84897794677)(2000002    -1119.3803137253)(2000200    -1129.87193903242)(2000001    -1106.65458773964)(2000012    -1103.80522696785)(2000202    -1074.44284117641)(2000101    -1399.65256790739)
9 1      - (1000000    -960.447408942891)(2000201    -961.301600690349)(2000200    -961.241789372586)(2000100    -958.227922018554)(2000002    -1042.85557243121)(2000012    -927.254107798351)(2000001    -930.57664684855)(2000101    -965.175166345382)(2000110    -828.907768679221)(2000202    -909.45571071611)
4 9      - (1000000    -1044.46957873377)(2000100    -1028.21955718201)(2000201    -1030.96852651722)(2000101    -1029.76645168385)(2000002    -1029.12767522724)(2000200    -1041.49507077894)(2000001    -1029.7398413472)(2000202    -986.839746413712)(2000012    -532.562400653156)
15 2      - (1000000    -253.515606009505)
2 8      - (2000100    -969.835342809233)(2000001    -968.020064409231)(1000000    -999.92464782619)(2000002    -993.105435393225)(2000102    -947.103605670694)(2000201    -1044.70429574701)(2000200    -969.031373862707)(2000101    -968.3114432335)(2000012    -970.505204140142)
6 3      - (2000212    -995.170524049132)(2000100    -1221.16631309738)(2000210    -926.236332801071)(2000112    -967.635443307217)(2000002    -955.625217890493)(2000101    -839.620422296846)(2000102    -1502.61844010223)
7 3      - (2000002    -672.557849204005)
1 7      - (2000100    -588.292814282301)(1000000    -1077.70152830095)(2000200    -486.466751416302)
3 12      - (1000000    145.697218309001)(2000200    -328.731467426767)
3 8      - (2000001    -1105.1348841895)(2000100    -1102.44100454206)(1000000    -1101.26422148706)(2000200    -1225.71530021023)(2000101    -1101.71078607957)(2000012    -1087.36908028008)(2000002    -1119.13148885201)
4 5      - (2000202    -1045.71474338548)(2000001    -968.289582594728)(2000100    -1070.24920838668)(2000201    -1323.52422312437)(2000101    -1590.20264826752)(2000110    -775.636489469064)(1000000    -1237.95742970757)(2000102    -1744.5363529036)
11 0      - (1000000    -323.843231251051)(2000101    -375.590299623101)(2000200    -67.1581398317991)(2000002    -394.988411637045)
3 16      - (2000200    -403.804162095902)(1000000    -661.243971152519)(2000100    -463.415261467602)(2000201    -423.395874350104)
5 10      - (2000200    -616.665221358115)(1000000    -703.002834406359)
6 0      - (1000000    -1453.27933589683)(2000210    -1235.47965569518)(2000002    -1343.54942808569)(2000101    -1110.15978095516)(2000100    -1266.01200021101)
4 15      - (2000201    -853.302614370845)(2000002    -382.864667532941)(1000000    -83.3195803695495)(2000100    -382.590893550965)
5 9      - (2000012    -420.996244177461)(2000100    -191.151052532031)(1000000    -159.237592159889)
10 1      - (2000210    -310.758823547654)(2000100    -799.925097395928)(1000000    -876.802773988069)(2000001    -675.49635718396)(2000101    -795.426839377642)(2000012    -749.214494320163)(2000002    -799.066167584041)(2000102    -646.867806267459)
8 4      - (2000100    -695.352835584389)(2000002    -277.878850585012)(1000000    -23.9300509896276)
6 4      - (2000201    -1493.52330859601)(2000100    -1115.39853983668)(2000200    -476.436699635308)
4 7      - (2000210    -360.80807566361)
7 2      - (1000000    -792.966171724625)(2000210    -772.0880816052)
1 17      - (2000200    -444.522110694166)(2000002    -448.934537877355)(1000000    -542.735141278383)
5 6      - (2000201    -751.253433698443)(2000212    -725.364195037603)(2000101    -1056.58665911388)
2 17      - (2000200    -391.81368298854)
7 4      - (2000210    -840.902629674369)(2000212    -824.72714053279)(2000102    -240.294862856152)
9 3      - (2000201    -523.501498278406)
12 2      - (1000000    -332.484787012311)(2000001    -309.275002119401)
8 2      - (2000002    -668.385441579802)(2000110    -341.297068661729)(1000000    -450.429421198563)(2000200    -478.735496491448)(2000201    -587.083327816345)
4 14      - (2000200    -327.910264193545)(1000000    -162.902354274925)
0 17      - (2000002    -566.208685694901)(2000101    -482.54184626508)
3 7      - (2000201    -342.130601834462)(2000101    -343.831186649307)(2000002    -376.332869194412)(2000102    -558.625435823482)
8 3      - (1000000    -671.405312684401)(2000100    -174.946242278783)
15 0      - (1000000    -4.69783850990557)
5 12      - (2000002    -912.651886776918)(1000000    -10.9591259686685)
9 5      - (2000002    -363.087603453926)
7 0      - (2000012    -618.672021224287)(2000100    -839.100086247307)
10 3      - (1000000    -274.839511586957)(2000100    -229.217243177165)
11 4      - (2000202    -213.55342510306)
5 11      - (2000101    -747.167363387207)(2000200    -662.378400833008)(1000000    -182.103502086185)
5 13      - (2000100    -216.443212834371)(1000000    -11.5297593526954)
3 17      - (1000000    47.7468314798478)
7 5      - (2000102    -573.947957185807)
4 17      - (2000200    23.3484560724749)(1000000    -4.92206857047613)
12 4      - (1000000    17.5732970849241)
4 16      - (1000000    22.7608898823223)
15 3      - (1000000    54.4822096010029)
8 5      - (2000201    -553.902922077174)
15 1      - (1000000    -10.0769840827081)
5 17      - (1000000    -1.37423995985148)
7 6      - (2000202    -21.2864138248952)(2000101    -84.6605762776701)
6 9      - (2000002    -11.3724975331913)
3 18      - (1000000    -11.5724884592811)
16 3      - (1000000    -5.01702200877867)
6 14      - (1000000    -4.06776633513603)
14 4      - (1000000    -2.34814008944564)
8 7      - (2000100    -12.0156332688939)
7 7      - (2000201    -22.183391089026)
5 7      - (1000000    -141.974486184837)
6 6      - (2000022    -81.4196725930479)(2000100    -101.716180005686)
16 4      - (1000000    -2.84533782555203)
5 16      - (1000000    -25.9326071805044)
6 13      - (1000000    -6.67328088406305)
14 3      - (1000000    -3.09951175366507)
16 0      - (1000000    -3.25746052711571)

