159
0 0      - (2000002    72.2819956715764)(2000101    -532.421772354901)(1000000    -714.052859491345)(2000201    -603.200137918409)(2000012    -216.70924094313)(2000211    -552.884216137434)(2000111    -548.057488360633)(2000121    -763.163373956413)(2000022    108.480562303021)(2000221    -780.814947446451)
0 2      - (2000101    -717.97230545129)(1000000    -413.866160760051)(2000201    -780.385866183823)(2000002    -43.7753507653534)(2000121    -1025.29903113211)(2000221    -951.131249616342)(2000022    -103.406756640422)(2000111    20.2437986218658)(2000012    -223.393776421604)(2000211    -979.324141935866)
1 0      - (2000002    126.224489669336)(2000101    -783.912581601406)(2000221    -1112.35128818015)(2000022    50.2710641967661)(1000000    -88.3652519136112)(2000111    291.838141487776)(2000201    -738.648511593056)(2000211    -595.538038565299)(2000012    -721.483154849125)(2000121    -1070.37102858886)
1 2      - (1000000    -635.584699142159)(2000221    -897.526367126147)(2000101    -808.149918996766)(2000012    -370.922729430759)(2000201    -800.62199635064)(2000211    -528.60617027442)(2000002    -235.796328469561)(2000022    150.279150344846)(2000111    219.416372399599)(2000121    -937.680833597716)
1 3      - (2000201    -789.865134745278)(2000121    -953.376839865619)(2000002    -241.018100275569)(2000111    188.406529880338)(2000022    -80.9079486592972)(1000000    -764.126635459382)(2000101    -810.080274488116)(2000012    -558.723491051329)(2000221    -870.498040772625)(2000211    -830.370018525477)
3 1      - (2000211    -779.301312206987)(2000121    -1000.80760940239)(2000012    -782.638233740649)(2000101    -705.83039639343)(1000000    -699.581295964799)(2000002    -635.115249685062)(2000022    210.709432740274)(2000111    198.784006180929)(2000201    -799.040048972957)(2000221    -761.580367474751)
0 3      - (1000000    -657.107846005838)(2000201    -793.855966431459)(2000101    -807.678903291763)(2000002    -155.058973956635)(2000221    -1002.0482441947)(2000121    -939.426184203364)(2000211    -1108.20237383249)(2000012    -355.531897653957)(2000111    186.248289334506)(2000022    171.72484193373)
3 4      - (2000121    -1040.71375609329)(1000000    -617.223662245667)(2000002    51.2501474817386)(2000101    -639.371747951785)(2000201    -778.759696046711)(2000012    -518.634485746955)(2000211    -669.774709018968)(2000022    76.636200466373)(2000221    -794.752339841695)(2000111    163.64155689793)
3 0      - (2000101    -791.370141577352)(1000000    -768.308061880493)(2000201    -787.183889034844)(2000002    -583.805217240686)(2000111    203.532074763316)(2000022    137.755338387819)(2000012    -349.468049939834)(2000121    -933.086984097819)(2000221    -832.924798605804)(2000211    -483.151155999473)
6 2      - (2000002    -278.973137638662)(2000022    -38.3677067147578)(1000000    -396.931008382315)(2000201    -840.263305794609)(2000221    -874.609770649334)(2000111    -499.479694199111)(2000211    -195.803057215001)(2000121    -847.685522109376)(2000101    -1100.80151607034)(2000012    187.787803322945)
2 1      - (1000000    -355.177304545785)(2000101    -799.933873849564)(2000002    -75.3615000149984)(2000201    -756.54340749517)(2000221    -1034.50760797167)(2000111    -670.287849250589)(2000012    -423.506247159354)(2000121    -892.250037197485)(2000211    -906.89781044028)(2000022    236.448593558838)
3 3      - (1000000    -655.239584548397)(2000101    -802.691734389651)(2000201    -782.236775407926)(2000022    196.81569120327)(2000211    -834.927621883701)(2000002    -465.773539298253)(2000111    194.546688619465)(2000012    -691.373296562898)(2000121    -802.18487759247)(2000221    -812.169860308312)
3 2      - (2000002    -724.024583681843)(2000111    176.511992785861)(2000101    -779.162986586149)(2000012    -744.944813271899)(1000000    -779.177775696641)(2000201    -785.963968988776)(2000221    -971.081630829089)(2000022    148.505029429259)(2000211    -753.785889941157)(2000121    -825.353071275094)
4 2      - (2000201    -823.087746490131)(2000101    -798.848201225822)(2000002    -109.646492611865)(2000111    -447.138789958063)(2000121    -1080.54264404789)(2000211    -853.976917345943)(1000000    -631.615076555555)(2000221    -946.741089557382)(2000012    -448.290889019882)(2000022    81.9593191882014)
2 3      - (2000002    -484.465278798434)(2000022    383.323384766831)(1000000    -720.36711701784)(2000211    -373.464760544416)(2000201    -724.07795233561)(2000012    -38.5143556136574)(2000111    243.091379573432)(2000101    -724.385918663011)(2000221    -943.149527757843)(2000121    -700.670966669128)
0 1      - (2000221    -973.992335504649)(2000211    -728.876475208645)(2000002    -82.841388615029)(1000000    -311.640317227575)(2000101    -731.153625579607)(2000201    -754.998995860949)(2000012    -72.1091155702072)(2000121    -746.157753013925)(2000111    -723.627452264995)(2000022    345.713096580388)
2 2      - (2000101    -793.153016430661)(1000000    -652.624822559142)(2000211    -648.032692928909)(2000111    211.079383632667)(2000121    -912.063178302132)(2000002    -516.077027634313)(2000221    -909.807260257676)(2000201    -594.095427493523)(2000012    -741.686748616849)(2000022    45.9833098045893)
2 0      - (2000002    -68.0781644695138)(2000101    -741.529742302204)(2000201    -789.258138111049)(1000000    -295.175209585942)(2000111    -203.099840736125)(2000022    204.749720117654)(2000012    -212.582817642081)(2000211    -802.008804249892)(2000221    -786.783852354932)(2000121    -1047.27964821849)
5 0      - (1000000    48.1601118183877)(2000201    -730.358291340905)(2000101    -785.901947985551)(2000002    83.5269391948634)(2000121    -921.802916783731)(2000211    -1046.94020320533)(2000221    -916.458474378008)(2000012    -303.241538345028)(2000111    -756.475040885599)(2000022    124.130781508255)
4 0      - (1000000    -505.742448350473)(2000101    -765.632776624929)(2000002    -308.739896342417)(2000022    219.955565747535)(2000201    -728.216184082099)(2000012    -458.324862003229)(2000121    -841.117246068133)(2000111    213.918419479166)(2000211    -792.170947596903)
5 1      - (2000002    -59.1582820827796)(2000201    -768.843435071313)(1000000    -260.304089492255)(2000221    -869.63467153804)(2000121    -843.745086913778)(2000211    -637.712406141835)(2000111    -887.32181853783)(2000101    -766.376381325339)(2000012    -271.928396111818)(2000022    102.964871237535)
1 1      - (2000101    -768.00174700355)(2000002    34.1660441414487)(1000000    8.19884540241554)(2000201    -664.744026203298)(2000111    -223.239544882989)(2000121    -843.433061549415)(2000211    -880.715583403892)(2000012    -219.781814595597)(2000221    -1045.71895422256)(2000022    235.087287592296)
4 3      - (2000022    -77.8238948169493)(2000211    -296.745625850929)(2000121    -846.164510209653)(1000000    -731.089634009884)(2000201    -708.533527922427)(2000002    -179.056792757382)(2000012    -149.664258343165)(2000101    -796.352924164604)(2000111    -366.355064701648)(2000221    -657.732175845304)
0 4      - (2000101    -809.867120542995)(2000012    -300.49304877896)(2000002    -59.3377847759012)(2000111    73.1216992406482)(1000000    -566.606361138866)(2000121    -1037.46426145388)(2000201    -703.916810328103)(2000211    -353.022566280758)(2000022    223.337497522103)(2000221    -795.499413528935)
0 5      - (1000000    -777.271389798615)(2000121    -2063)(2000101    -806.392668905506)(2000211    -2190.77957215486)(2000221    -1833.41836160426)(2000002    46.9765127042662)(2000022    31.6994436884824)(2000111    -675.856465764112)(2000201    -784.673519594764)(2000012    -4.80452299914927)
6 5      - (2000022    11.7411548873564)(2000211    -323.16819132786)(1000000    572.295510062925)
4 7      - (2000201    -1225.56028492088)(1000000    -1227.09157114919)(2000002    -845.017755695193)(2000101    -822.480048728389)(2000211    -772.945294717064)(2000111    -709.587681122232)(2000221    -1037.39878673712)
6 4      - (1000000    -722.329400883496)(2000201    -855.836784151065)(2000111    -1052.63816659555)(2000101    -1061.41291504117)(2000012    170.114976466228)(2000221    -750.25)(2000002    -663.112456336897)(2000121    -387.804126583128)(2000211    -387.804126583128)
4 5      - (1000000    1064.27268340758)(2000221    -793.292360332665)(2000101    -758.055688371864)(2000002    -228.191770928368)(2000022    350.180039663708)(2000211    -982.514726945869)(2000111    -621.038697007086)(2000012    268.644196840749)(2000121    -302.195197756428)(2000201    -849.143874728476)
3 5      - (1000000    -277.361592548491)(2000201    -780.983071664625)(2000101    -785.787260935707)(2000111    -137.456675927005)(2000012    -232.982515764215)(2000211    -134.042265688145)(2000002    174.147554068956)(2000221    -938.915443537451)(2000121    -739.764965455002)(2000022    113.89266103389)
4 1      - (1000000    -699.413773660799)(2000211    -781.796927156359)(2000101    -779.352096160275)(2000201    -811.636255025543)(2000002    -245.908910402966)(2000022    -79.7979495435395)(2000012    -448.705546276772)(2000121    -821.407402095116)(2000111    143.834673756904)(2000221    -884.976275309443)
1 4      - (1000000    -738.570820674799)(2000101    -788.710474140693)(2000002    22.4336694316568)(2000012    -322.757584468211)(2000211    -652.062983162857)(2000201    -778.505095338483)(2000221    -895.579670584121)(2000121    -877.228937008958)(2000111    -78.4422960114746)(2000022    -2)
1 5      - (2000101    -768.268728406444)(2000221    -944.369816683648)(2000022    217.858368227797)(2000201    -784.523659460395)(1000000    -796.909172748018)(2000111    203.70913968564)(2000211    -412.675472872198)(2000002    89.8343943025436)(2000012    -143.415702126461)(2000121    -955.623520451343)
0 6      - (2000201    -775.311503899306)(1000000    -671.243163683767)(2000121    -500)(2000022    -84.2025610756732)(2000012    296.390311267975)(2000211    -824.97721894627)(2000111    -63.1581087104561)(2000002    171.643725102492)(2000101    -720.371572478854)
2 4      - (2000002    15.7973107979318)(1000000    -407.952158820978)(2000201    -811.576392531276)(2000101    -759.79106646746)(2000111    -275.353202278297)(2000012    -187.162644884287)(2000022    293.749210637108)(2000221    -653.350211384129)(2000121    -558.140532720211)(2000211    -368.745028266543)
3 6      - (2000201    314.599052897375)(2000111    -1816.46540850205)(1000000    1065.32296300507)(2000101    -244.388372744876)(2000002    -632.150907032567)(2000211    -449.80951439444)(2000022    53.3335621994526)(2000221    -638.26140071285)
2 5      - (2000211    -505.942342606343)(2000002    140.757714839161)(2000012    -48.4744155749001)(2000111    -1484.41000045682)(1000000    -711.152468167885)(2000022    -34.3667933472013)(2000201    -627.4582295559)(2000101    -750.214992623893)(2000121    -988.829823582498)(2000221    -1189.64081477626)
5 2      - (2000221    -927.688326853761)(1000000    -229.407982615527)(2000101    -760.450774982395)(2000002    11.4288704614331)(2000012    -409.264332956344)(2000111    -274.718480147878)(2000121    -726.718870705429)(2000201    -795.73409479162)(2000211    -415.642892311598)(2000022    85.9750132618176)
6 0      - (2000211    -432.377006855285)(2000022    -419.778703958877)(2000121    -937.6875)(2000012    130.024236357567)(2000111    -502.751298988539)(1000000    -799.930691318213)(2000101    -714.94584876414)(2000201    -800.465302321569)(2000221    -432.865609930082)
5 4      - (2000101    -942.443065941871)(2000111    -815.85870021805)(2000121    -993.994541655969)(1000000    814.978715533858)(2000002    -75.319180544598)(2000201    -833.567828572325)(2000211    95.908492236626)(2000022    65.8706962808163)(2000012    -559.992975641537)(2000221    -752.850969208114)
5 3      - (2000022    68.6343608088307)(1000000    -186.167064327554)(2000211    -99.9093320606577)(2000111    -835.99224062)(2000101    -792.724766293747)(2000201    -764.445774462982)(2000221    -724.363013193962)(2000002    63.6632478903802)(2000012    -410.416555335586)
5 5      - (2000121    -1182.16837361285)(2000101    -582.407524151888)(2000201    -859.172574192975)(1000000    -331.934331020716)(2000111    100.324670719543)(2000002    -656.14788609261)(2000022    82.1626250546215)(2000221    -750.25)(2000012    -462.39111786045)(2000211    -174.989361496213)
8 3      - (1000000    -195.856107104278)(2000111    -401.624397750495)(2000022    -1)
4 4      - (1000000    -329.091602712171)(2000101    -701.631782957216)(2000201    -856.131271114876)(2000002    -109.774437599823)(2000012    39.1462902023877)(2000111    -612.491850321455)(2000121    -878.183795847122)(2000211    -582.44962312356)(2000221    -943.890815794853)(2000022    348.061805489131)
3 8      - (1000000    -699.887094040002)
6 1      - (2000101    -947.883320695704)(2000221    -750)(2000211    -426.821190570782)(2000002    -937.011360428309)(2000012    278.851232555222)(1000000    -416.872991602541)(2000111    -767.290660652648)(2000121    -418.576951647503)
1 6      - (2000101    -687.84686423889)(2000201    -804.353609493924)(1000000    -812.209573118406)(2000022    185.780500570255)(2000012    -574.747430587354)(2000211    -784.54437193632)(2000111    -191.392090265484)(2000002    188.94890392117)(2000121    -545.795060134163)
6 6      - (2000201    -1003.75351399887)(2000022    -0.5)(2000101    -1031.05458065494)(2000002    -167.861336416005)
4 6      - (2000111    -757.899946070106)(2000002    142.087087891871)(1000000    776.161668039425)(2000101    -886.475041432052)(2000022    -243.416428363277)(2000012    160.855244389491)(2000201    -824.932464319319)(2000211    -629.378601257198)(2000221    -728.311236671788)(2000121    -899.926927848173)
7 5      - (2000221    -875)(2000002    -1057.41837966953)(2000201    -916.431737769073)(2000121    -497.680410553465)(2000211    -727.771943045806)(1000000    -478.931737769073)(2000012    35.9944589041213)
5 6      - (2000121    -1118.87254317168)(2000111    -899.432406689573)(2000002    -768.277556135607)(1000000    -527.88885116566)(2000221    -500)(2000022    190.012177046912)(2000211    208.217399048506)
6 3      - (2000221    -830.581249126129)(2000012    308.898702915375)(1000000    -52.7077883590462)(2000101    -946.767441818284)(2000201    -1303.44775664164)(2000002    -396.245037172411)(2000211    -807.727332383164)(2000121    -1414.92993023605)(2000022    3.21858710487263)
7 0      - (1000000    -318.800219952342)(2000121    -1060.86490125988)(2000201    -349.891150707149)
8 6      - (1000000    -943.221990661263)(2000101    -943.221990661263)(2000201    -1011.54851305278)
2 7      - (1000000    -927.615778917752)(2000121    -907.949427041778)(2000201    -1000)(2000211    -873.208504623927)
2 6      - (1000000    -776.744109070492)(2000101    -671.650725746106)(2000012    128.606901395918)(2000121    -969.124275805789)(2000002    174.523300945683)(2000201    -787.931493319378)(2000221    -717.530988708181)(2000022    64.9380225836389)
0 7      - (2000101    -982.636283468343)(2000002    -623.270141054333)(2000022    -4.72315481271104)(1000000    -486.208355179929)
1 9      - (1000000    -15.2123272951989)
1 7      - (2000002    -875.770668626867)
7 8      - (2000211    -1000)(2000002    -584.586517825212)
3 7      - (1000000    -361.390378923306)(2000221    -464.682675400308)
8 0      - (1000000    -1021.29027370516)
7 4      - (2000201    -950.306247477268)(2000221    -756.678795607905)(2000002    -471.033149593422)(2000101    -403.403933412838)
5 9      - (2000101    -1034.34580476806)
1 8      - (2000211    -1117.22687868931)(2000121    -1000)(1000000    -700.401933196059)(2000101    -440.865609930082)
7 7      - (2000012    -52.7946921384854)
5 7      - (2000121    -863.789214759015)(1000000    -696.30928856358)(2000111    -738.669468272331)(2000201    -586.943859040805)(2000002    -692.419786898724)
8 8      - (2000221    -890.86997047137)
6 8      - (2000012    -18.7691491343731)
8 9      - (2000211    -1012.3099374065)
7 1      - (2000012    85.4564891455607)(2000022    212.263736047175)(1000000    -287.471236613009)
7 6      - (2000101    -928.885105945184)(1000000    -530.791489111533)
8 1      - (2000012    44.1196497591008)(2000201    -470.0869001606)
6 7      - (2000211    -979.776618979262)(2000002    -998.056920222712)(2000201    -730.776099534147)
8 4      - (2000201    -500.5)(1000000    -547.630244839863)
9 0      - (2000002    -5.43674598435631)(2000211    -9.51430547262354)
0 8      - (2000101    -528.128832055009)(1000000    -463.390490853881)
4 8      - (1000000    -1500)
10 5      - (2000221    -1125)(2000201    -765.432442538099)
7 3      - (1000000    21.7704632017197)(2000012    28.5841891021601)(2000201    -825.361179863268)(2000022    39.5995633286107)
3 12      - (2000211    -625.962297509953)(2000101    -824.614261860122)(2000221    -782.994412273918)(2000012    -527.953528098848)(1000000    -823.358347655105)(2000002    -824.117673337355)(2000201    -823.881781978687)(2000111    220.633985798891)(2000121    -920.576634882651)(2000022    48.3728920738892)
14 3      - (1000000    -778.194635109855)(2000101    -794.213895941057)(2000211    -688.129445183432)(2000111    186.810120460472)(2000012    -673.578305545072)(2000022    -0.5)(2000201    -831.252027965204)(2000221    -318.908158243318)(2000002    -836.15202662361)(2000121    -318.434740778647)
8 7      - (2000201    -1000)(2000211    -499.272964458274)
13 1      - (2000101    -796.911786425553)(1000000    -796.530267387092)(2000012    -393.730628558946)(2000201    -797.731020180519)(2000211    -789.056645768245)(2000121    -613.144734353303)(2000111    -945.701887084783)(2000221    -660.663729742916)(2000022    -41.1615315691723)(2000002    -786.203770558469)
12 1      - (1000000    -806.364714661994)(2000101    -806.258043360796)(2000121    -949.968850876873)(2000211    -641.51351368112)(2000111    217.118027592761)(2000012    -553.224283001215)(2000002    -807.493796081626)(2000201    -807.555792912375)(2000221    -678.904133223531)
0 12      - (2000022    35.4658754608505)(2000101    -799.710047837246)(1000000    -618.176961349999)(2000201    -787.862129472298)(2000111    189.125765534576)(2000002    -605.693013872673)(2000012    -615.180836017453)(2000211    -710.635539983881)(2000221    -612.493680102408)(2000121    -549.060039833412)
3 15      - (1000000    -739.275105548189)(2000111    191.389325227767)(2000022    -69.7349622692823)(2000101    -783.433663597044)(2000201    -779.827517599159)(2000002    -675.948374796756)(2000012    -649.065953744966)(2000211    -687.592095110858)(2000121    -912.626685262916)(2000221    -395.620974876225)
12 3      - (1000000    -801.445384786111)(2000211    -619.110807823471)(2000002    -803.598792040123)(2000201    -803.653840660001)(2000012    -719.483496371542)(2000221    -479.222891749723)(2000022    61.4616754417764)(2000111    205.457574767621)(2000121    -901.972504372916)(2000101    -801.257756751077)
2 16      - (2000012    -569.567815915555)(2000201    -737.582359334459)(1000000    -364.218840359082)(2000002    113.536639304964)(2000101    -751.297826951023)(2000111    -807.186798410124)(2000022    270.788965077042)(2000121    -690.966903650341)(2000211    -735.468770043057)(2000221    -393.02319143928)
15 2      - (2000101    -534.495966914438)(2000002    204.507105878166)(2000201    -720.310659903433)(2000221    -915.501018159758)(2000111    -809.296198294514)(2000211    -928.990452538486)(1000000    235.927870100414)(2000022    170.886752641546)
0 16      - (2000022    -367.533989039086)(2000012    -53.8684453312523)(1000000    -797.070027163116)(2000201    -775.806197112053)(2000002    118.588859250258)(2000101    -747.802971088412)(2000111    -801.948396629929)(2000211    -704.380100477963)(2000221    -650.681313417475)(2000121    -955.796483442218)
1 16      - (2000211    -1106.35216687615)(2000201    -771.083318071192)(2000101    -759.56667879515)(1000000    -484.384215170827)(2000002    128.578838153697)(2000012    -730.042218220184)(2000221    -797.7859006711)(2000111    -935.44727534208)(2000022    193.721506403315)
17 2      - (2000101    -1029.88591606219)(2000201    -1082.35679804393)(1000000    -223.814496900068)(2000002    -697.12084630321)(2000221    -806.668249158163)(2000121    -722.354225193719)(2000211    -817.278647332501)(2000111    -147.057187031328)(2000012    272.42157048197)
3 18      - (2000111    -1094.05165901295)(2000121    -1293.33951045202)(2000101    -415.803109402029)(1000000    429.146322123308)(2000002    -183.430882934286)(2000201    -759.498779440495)(2000012    645.426159905429)(2000211    58.0387015698962)(2000221    -559.701996443612)
2 12      - (2000002    -832.430449762252)(2000101    -832.773897734089)(2000201    -833.121298049738)(2000012    -446.300330433427)(2000111    211.61185932045)(2000221    -846.109538478279)(1000000    -832.346112004683)(2000121    -1007.64750027028)(2000211    -429.386816717399)(2000022    216.834482944456)
0 17      - (2000101    -800.195769016122)(2000201    -835.481587075781)(2000002    183.532159108589)(1000000    -830.211082049602)(2000012    155.837591962436)(2000111    -1061.11437848579)(2000022    256.548406220596)(2000221    -764.146189143592)(2000211    -588.555297835813)(2000121    -561.662920816549)
1 17      - (1000000    -484.419692156293)(2000101    -1186.8395391599)(2000201    -505.151936338864)(2000002    196.703175622671)(2000022    211.165584464463)(2000012    -250.457407155352)(2000121    -669.92148185912)(2000211    -756.381610636011)(2000221    -696.958559133767)(2000111    -262.461373352917)
0 14      - (2000111    -344.768655514781)(2000121    -777.234832063669)(2000221    -916.948580790686)(2000012    -456.02456326584)(1000000    -711.930028497632)(2000002    -34.0766960392421)(2000101    -720.191075929293)(2000022    10.4570070315572)(2000211    -218.860308673717)(2000201    -772.781256913861)
1 12      - (2000121    -1350.6275850671)(2000111    238.832183125822)(1000000    -830.311450129531)(2000201    -830.628431153965)(2000002    -818.803084140477)(2000221    -887.486851142813)(2000022    108.245360262502)(2000211    -419.853341162188)(2000101    -830.444276963637)(2000012    -458.415899790942)
3 13      - (1000000    -831.765156048323)(2000111    171.590444466553)(2000201    -831.983832001008)(2000101    -832.432726557894)(2000002    -832.528803067066)(2000012    -652.394689732794)(2000221    -893.060345215373)(2000211    -554.250490064244)(2000121    -411.257956698425)
17 1      - (1000000    20.5059174784818)(2000201    -681.771099441772)(2000101    -689.675011954727)(2000002    -343.411070397944)(2000022    156.288466994104)(2000111    -385.620344350299)(2000012    49.6623353597715)
3 17      - (1000000    531.566559829934)(2000101    -667.395798073319)(2000002    -38.0977317224308)(2000121    -924.02022367617)(2000201    -603.513330258517)(2000111    -500)(2000012    342.268780326117)(2000211    -120.671161980505)(2000221    -480.271965790088)
1 18      - (2000002    206.852667810494)(1000000    38.0627465446011)(2000022    223.173046425862)(2000211    -605.930802426627)(2000101    -919.842931470318)(2000201    -332.654073098665)(2000012    -600.371417979413)(2000111    -806.190208935173)(2000221    -731.289291648915)(2000121    -706.427988079284)
2 13      - (2000022    157.361519490598)(2000121    -741.542530989586)(2000012    -591.819849283438)(1000000    -812.680069785733)(2000221    -1444.836475422)(2000111    191.134836319348)(2000201    -813.144531515765)(2000002    -816.104581705675)(2000101    -814.323372925776)(2000211    -817.451829493669)
13 0      - (2000211    -299.030153660557)(2000201    -801.774642533077)(2000101    -817.260376379503)(2000002    -263.956237871673)(1000000    -310.283640585203)(2000022    111.971875689057)(2000012    -339.871237429974)(2000111    -802.288335713787)(2000221    -717.668697749312)
2 15      - (1000000    -633.352931580245)(2000101    -760.748562663045)(2000012    -563.960782359987)(2000211    -648.45863945831)(2000201    -765.838894898152)(2000002    -242.013408318629)(2000121    -311.199589857729)(2000022    -1.5)(2000221    -296.672036920926)(2000111    125.846664450446)
0 15      - (1000000    -799.682704287581)(2000201    -801.026319387118)(2000101    -808.958905286553)(2000002    66.933645478883)(2000111    -634.020655757945)(2000211    -914.728585535949)(2000121    -861.337328120254)(2000012    -293.982065473899)
16 2      - (1000000    668.908590939794)(2000002    -934.600228686981)(2000201    -854.568288924289)(2000101    -883.758288692794)(2000211    -788.656578420269)(2000121    -500.5)(2000111    -591.144855445219)(2000022    188.19960864961)
9 4      - (1000000    -1000)
18 0      - (1000000    -22.7891306293009)(2000201    -543.152748134501)(2000101    -776.062755930436)(2000002    -395.718666036444)(2000111    -882.50191369935)(2000022    -1)(2000012    264.626551444945)
1 19      - (2000101    -589.42729445559)(2000002    -779.286230920923)(2000201    -384.991082219752)(1000000    -63.7236318626355)(2000211    -854.442232227552)(2000012    249.018623539322)(2000111    -919.432409855615)(2000121    -767.71209115498)(2000221    -633.746524997947)
2 19      - (2000111    -516.778744021233)(1000000    -227.873451922065)(2000012    468.821832226187)(2000211    -174.692825861696)(2000022    200.577342571003)(2000101    -167.37044132353)(2000002    -9.01457198706706)(2000201    -857.212816785082)(2000221    -601.877605181673)(2000121    -372.395487662254)
2 17      - (1000000    905.493005569475)(2000002    -516.853267497752)(2000201    -800.632623008227)(2000012    228.325641915032)(2000101    -721.79398199906)(2000111    -143.684266278481)(2000211    -420.368955431906)(2000121    -385.837179042484)
0 13      - (2000012    -620.425471942884)(2000111    -544.191629440539)(2000121    -870.299165144534)(1000000    -778.083353642895)(2000101    -734.826589933384)(2000201    -791.721663751975)(2000002    -99.6109517041166)(2000211    -437.546404867361)(2000022    61.9302569140413)(2000221    -573.498734838629)
3 14      - (2000111    210.243689951214)(2000101    -822.535716310041)(2000201    -821.983768983732)(1000000    -823.101031550873)(2000002    -823.79652111766)(2000012    -613.332168231567)(2000221    -792.283555494069)(2000211    -656.393559131893)(2000022    -0.5)(2000121    -446.798462861022)
19 0      - (2000201    -700.846642003597)(1000000    -534.841124974738)(2000211    -333.979686467424)(2000012    185.752524076079)(2000101    -1020.44225082872)(2000002    -617.53941724768)(2000111    -441.693755315384)(2000121    -673.143526091118)(2000221    -573.403675503042)
1 15      - (1000000    -581.319025236663)(2000002    9.69660603119846)(2000121    -825.494603521348)(2000022    16.4391878342114)(2000201    -780.777719622232)(2000101    -745.003466033297)(2000221    -797.251213685952)(2000012    -157.467398889171)(2000111    -218.240956528227)(2000211    -468.034995896517)
0 19      - (2000201    -165.560189598213)(1000000    -0.385165613059485)(2000101    -149.206733037689)(2000002    -704.754011332162)(2000211    -525.460305145919)(2000221    -795.366832478337)(2000111    -721.144222751197)(2000121    -689.895131494624)(2000012    -3.89231043037343)(2000022    181.940576975187)
2 14      - (2000022    35.6209981783398)(2000101    -813.256751443953)(1000000    -812.962097023489)(2000002    -806.955889880709)(2000221    -849.349011268373)(2000121    -796.25059062516)(2000111    187.750385648246)(2000201    -812.387788616472)(2000012    -591.810969865157)(2000211    -748.760441765674)
0 18      - (2000101    -776.511301899766)(1000000    119.87441082415)(2000201    -63.7990721930918)(2000002    -832.337650137485)(2000111    -369.066340646179)(2000221    -784.600531443571)(2000211    15.6068340128161)(2000121    -847.525035596993)(2000012    273.685097098046)(2000022    209.049810194538)
2 18      - (2000201    -828.419608134039)(1000000    -268.24560404705)(2000002    -150.309020480838)(2000101    184.556897643174)(2000221    -1026.34165139044)(2000012    95.62804961309)(2000121    -719.676554346701)(2000022    229.570888498121)(2000211    153.30851465825)(2000111    39.6178542202853)
12 2      - (2000221    -1081.83700325112)(1000000    -759.344312826441)(2000211    -614.107103945433)(2000201    -812.183089749276)(2000101    -771.618250317094)(2000002    -848.660308388108)(2000121    -1000)(2000111    207.688503682934)(2000012    -395.073437371753)
16 3      - (1000000    1213.45635207344)(2000201    -235.540139551501)(2000101    -817.217341921764)(2000002    -449.593230026942)(2000012    133.799922686641)(2000111    -760.834113283163)(2000022    88.3827681948643)(2000211    -73.1998820590087)
15 0      - (2000101    -184.646853753218)(1000000    722.746731429496)(2000002    213.390505155399)(2000221    -640.858313902389)(2000201    -840.987425213313)(2000012    223.5498294991)(2000111    -890.791191655127)(2000211    -323.753580181432)(2000121    -636.467016421977)
1 14      - (2000121    -871.818225523546)(1000000    -786.014100144123)(2000211    -755.816103153884)(2000221    -895.666340405898)(2000101    -818.660553746865)(2000111    -901.330329948266)(2000201    -737.074123021197)(2000002    -379.935593531749)(2000012    -561.824949485529)(2000022    90.4550106399552)
3 16      - (2000002    13.2881711341835)(2000101    -799.197729029089)(2000201    -778.643688067545)(1000000    3.42262278069988)(2000121    -503.542699209803)(2000111    -469.494144396551)(2000022    315.82209808624)(2000012    -581.549363360653)(2000211    -676.313968245799)
14 1      - (2000211    -617.699706198785)(2000012    121.892138491413)(2000101    -761.708441527232)(2000221    -776.197330406839)(2000002    34.6443882240537)(2000121    -500)(2000201    -799.048423731922)(1000000    -282.88606700301)(2000111    -155.887479749584)(2000022    162.524850252329)
13 2      - (2000121    -1314.3556917891)(2000201    -846.534317429661)(2000101    -824.324517507747)(2000012    -201.458905645243)(1000000    -823.346834316547)(2000002    -828.806328234382)(2000111    190.043305454214)(2000221    -435.060787935288)(2000211    -191.496050784558)
18 2      - (2000101    -788.84647733708)(2000201    -838.991395782952)(1000000    57.9337008131557)(2000002    -726.561061948816)
14 0      - (2000221    -981.223657188591)(2000201    -871.693844270422)(1000000    -18.6465659690244)(2000111    -744.918063456729)(2000012    -471.302345259366)(2000101    -778.080914865092)(2000022    -74.6710702544479)(2000121    -951.936763621045)(2000211    -656.57253156624)(2000002    204.846842942871)
17 3      - (1000000    -101.979845867954)(2000201    -660.376920976909)(2000101    -834.889437716887)(2000002    -855.25026754553)(2000211    -683.157498597245)(2000022    332.598244983865)(2000111    98.2231294584147)(2000121    -333.200877508068)
3 19      - (2000201    -313.580195449782)(1000000    -250.963652923848)(2000101    38.7870886838146)(2000002    -386.302559286388)(2000121    -962.71068234834)(2000221    -599.751028976421)(2000111    -56.8705292263075)(2000022    111.088063271844)(2000012    424.183547832794)(2000211    -325.719545928715)
19 3      - (2000002    249.578495023902)(1000000    -510.805972661053)(2000211    -381.663612538424)(2000101    -788.39587383197)(2000201    -242.826241125013)(2000022    134.478995192079)(2000111    -406.3940068519)(2000121    -424.138784622171)
17 0      - (1000000    245.204025517567)(2000101    -1092.00895308801)(2000002    -492.993593257482)(2000111    -243.790492270967)(2000121    -774.171822662501)(2000211    -311.837428796675)(2000022    115.305565404007)(2000201    -810.493561250706)(2000012    243.382057518988)(2000221    -379.014582237608)
18 3      - (1000000    -1010.99855708525)(2000111    -933.393268655661)(2000221    -610.191270477868)(2000012    11.0399486032671)(2000201    -265.674508170608)(2000101    -834.389373957044)(2000002    -758.179513365374)(2000211    -665.546611811257)(2000022    186.874715458734)
18 1      - (1000000    -715.546785584761)(2000022    -1.25)(2000002    -133.737355577321)(2000121    -727.100071219098)(2000201    -333.868193372931)(2000101    -629.228108272727)(2000012    305.575258457167)(2000221    -564.891784032397)(2000211    9.71708436681672)(2000111    -583.850568243981)
1 13      - (2000201    -818.38015374605)(2000211    -747.749459989983)(2000002    -804.335499680419)(1000000    -803.772812500157)(2000101    -804.519026406103)(2000111    222.298984387439)(2000221    -785.238499002833)(2000121    -754.200179232884)(2000012    -741.235497251733)(2000022    100.567266882713)
15 3      - (2000101    -797.646104352696)(2000201    -795.66815079973)(2000002    139.233172828329)(1000000    127.317215773043)(2000111    -658.489991699324)(2000121    -668.207298962894)(2000221    -695.535651894214)
19 1      - (2000201    -238.23636093612)(1000000    -46.208651056382)(2000002    -564.262207094363)(2000101    -649.555557626528)(2000211    -1065.84433508174)(2000012    208.312865035228)
16 0      - (2000002    134.55094952739)(1000000    -1630.94314627889)(2000101    -1302.77202882546)(2000201    -1112.08301784965)(2000221    -943.479914214856)(2000211    -630.666331383606)(2000121    -1449.62007201865)(2000022    219.185563762657)
13 3      - (2000002    -799.683728900269)(2000201    -795.789134906275)(1000000    -794.43608058297)(2000101    -796.89742722692)(2000221    -619.879712313557)(2000022    -76.4510174267391)(2000012    -293.550539081482)(2000211    -540.528905573029)(2000111    231.377389477745)(2000121    -370.430202188093)
15 1      - (1000000    512.425859092259)(2000211    -920.426129316793)(2000121    -750)(2000221    -860.963968357129)(2000111    -859.694966604323)(2000201    -807.58450491851)(2000002    132.042920536005)(2000012    172.105389844281)(2000101    -761.410900344731)
14 2      - (2000101    -787.024956500442)(2000121    -1134.49271602065)(1000000    -706.104543344053)(2000201    -747.427798956291)(2000002    -708.828282556737)(2000022    -29.6685321206882)(2000111    241.363829172557)(2000221    -403.295465307971)(2000012    -334.545327946066)
12 0      - (2000201    -799.715615075724)(2000002    -726.730355032563)(1000000    -633.631506881962)(2000022    18.7724320878561)(2000121    -557.879508405797)(2000012    -794.795980932275)(2000211    -798.018172971386)(2000101    -805.699650507197)(2000221    -722.320736038019)
19 2      - (1000000    68.9366078319401)(2000121    -500)(2000211    137.536570237343)(2000101    -772.216930398466)(2000002    8.54023769755185)(2000201    -955.97130067352)(2000012    245.344008162314)(2000111    -382.264582237608)
16 1      - (2000002    119.20424406109)(1000000    -758.270058320207)(2000201    -742.489881595572)(2000101    -745.505230511345)(2000111    -326.217449764826)(2000012    441.293868397067)
2 8      - (2000022    86.4072152349318)(2000111    -18.9560262199174)(2000002    -414.381822655254)
6 12      - (2000201    -1057.84902442586)
4 9      - (1000000    -686.168675249169)
3 9      - (2000201    -1203.48790814494)(2000101    -678.520080866267)
1 11      - (2000002    -1109.85749291115)
7 2      - (2000111    -433.207862772407)(2000121    -433.207862772407)
1 10      - (1000000    -1.41372075127932)
8 10      - (2000111    -500)(2000211    -699.716093430161)
9 1      - (2000111    -286.334345930211)
0 20      - (2000111    -489.883325200445)
22 2      - (2000022    425.305354770511)
1 21      - (2000101    -448.946510169243)(2000002    -448.946510169243)
12 5      - (1000000    -209.487488751392)(2000201    -484.439817737595)

