163
0 0      - (1000000    -2123.03467983071)(2000102    -1559.1723988346)(2000200    -1245.94132677471)(2000100    -1813.96058992116)(2000001    -1628.76687747498)(2000002    -1774.65592807507)(2000201    -1750.64172228642)(2000202    -1752.19092611478)(2000101    -1482.14358270632)(2000022    -1241.68109855275)(2000212    -1835.70898314464)(2000110    -1355.84982902337)(2000211    -1965.44573367533)(2000111    -1924.31270551835)(2000210    -1558.22578253997)(2000112    -1777.74177887485)(2000012    -1428.59002473284)
1 2      - (1000000    -1759.01545285157)(2000002    -1115.28243660723)(2000101    -1617.42894328412)(2000202    -1806.199749398)(2000100    -1511.1534498219)(2000001    -1491.67223876007)(2000102    -1505.05789032193)(2000201    -1486.76779592834)(2000012    -1629.61745982117)(2000211    -1659.45566128544)(2000200    -1501.57042449691)(2000212    -1340.29870949435)(2000112    -1544.09306243319)(2000110    -1046.87665766369)(2000022    -927.977204068248)(2000111    -1486.6674851736)(2000210    -1279.76684005921)
3 1      - (2000012    -1584.95765234356)(2000200    -1911.81129792349)(2000110    -1011.87750458005)(1000000    -1113.23506036672)(2000002    -1426.73808403274)(2000001    -1825.63262376529)(2000101    -1604.27433559847)(2000202    -1416.9051049874)(2000102    -1265.40233373636)(2000201    -1763.87903576774)(2000100    -1459.42642136111)(2000212    -1602.46928793168)(2000022    -960.570424727899)(2000111    -1680.36697402683)(2000211    -1660.31126156301)(2000112    -1746.20594425888)(2000210    -1759.89273203669)
2 0      - (2000100    -1757.64523309332)(2000101    -1646.22100467409)(2000102    -1722.51367965581)(1000000    -2018.47494062557)(2000002    -1604.34377184814)(2000202    -1823.81752923788)(2000201    -1785.65605828795)(2000012    -1385.06508154922)(2000200    -1531.87784235537)(2000112    -1435.8470644047)(2000211    -1481.35306183833)(2000001    -1267.12198593753)(2000111    -1612.45688416293)(2000210    -1411.42265195277)(2000110    -1320.05770032015)(2000212    -1621.8949971817)(2000022    -935.341696060761)
0 6      - (2000102    -996.3146270059)(2000100    -1199.44586442826)(2000002    -1113.63900968243)(2000012    -931.107657066131)(2000202    -1563.88582318159)(2000201    -1463.11085299341)(2000111    -1225.84176316348)(1000000    -1277.81953239145)(2000210    -1269.00796297938)(2000200    -1277.89935605915)(2000101    -1366.62033028388)(2000112    -1409.4389591439)(2000001    -1167.88261226193)
4 1      - (2000201    -1841.0220875957)(2000001    -1794.77260636832)(2000100    -1788.60232883067)(2000102    -1560.26682227029)(1000000    -1674.47953136755)(2000200    -1719.57325896177)(2000101    -1621.54061177622)(2000202    -1687.14039163442)(2000002    -1346.59404605495)(2000211    -1327.84822961551)(2000112    -1252.07389858946)(2000012    -1166.45343778896)(2000110    -1697.04660929811)(2000212    -1559.13832929924)(2000022    -932.11759105189)(2000210    -1093.14000787045)
3 4      - (2000210    -987.513892760582)(2000201    -1529.69701973816)(2000012    -1008.66335741188)(2000102    -1327.11234775856)(2000211    -1327.50914997047)(2000200    -1557.1510402983)(2000001    -923.874155428845)(1000000    -1291.55093243806)(2000002    -1439.32462666378)(2000202    -1302.08368056396)(2000101    -1490.85607805803)(2000112    -1555.87505905548)(2000022    -974.400755631351)(2000212    -1397.31370652881)(2000100    -1420.8850711707)(2000110    -1475.00578200921)(2000111    -1118.23284773418)
1 1      - (2000202    -1833.62381211182)(1000000    -2083.24596284483)(2000001    -1820.20061909911)(2000002    -1708.61415248799)(2000200    -1408.41478059863)(2000102    -1477.15561240446)(2000111    -1641.92121420382)(2000100    -1729.30994185594)(2000201    -1801.46536288325)(2000210    -1430.30933849107)(2000101    -1751.6047362096)(2000012    -1100.15354947181)(2000212    -1548.72439660343)(2000112    -1519.98702212859)(2000110    -1591.94666484004)(2000022    -1507.64070334207)(2000211    -1712.9849110261)
2 4      - (2000200    -1519.44263037088)(2000100    -1335.8242748958)(2000001    -1335.87301207089)(2000202    -1382.47746514348)(1000000    -1250.64241592049)(2000201    -1177.70372470401)(2000212    -1452.45484616258)(2000112    -1635.88846674971)(2000002    -1500.27982671413)(2000022    -902.208002436408)(2000110    -898.159866824628)(2000012    -1359.54581922322)(2000101    -1572.87152161195)(2000102    -1339.81143883286)(2000111    -1378.84709445466)(2000210    -1067.78737328779)(2000211    -1485.40316136492)
3 2      - (2000112    -1598.1798869639)(2000101    -1730.88727476655)(1000000    -1503.16506675624)(2000100    -1752.49766289922)(2000002    -1620.60382304459)(2000200    -1770.43803443493)(2000001    -1044.72831094927)(2000201    -1616.84129912947)(2000202    -1558.08238100043)(2000102    -1568.61964525419)(2000111    -1637.80812445071)(2000211    -1526.19507691587)(2000012    -1618.44957653523)(2000110    -1418.9106068119)(2000212    -1520.38216585421)(2000022    -1119.43575377999)(2000210    -1340.9425499734)
5 1      - (2000012    -1339.94583994317)(2000200    -1440.56982848655)(2000022    -936.04165863531)(2000211    -1329.12778239725)(1000000    -1348.63805455201)(2000001    -1307.23938249295)(2000002    -1430.47528728074)(2000102    -1670.7984776232)(2000100    -1102.37353766238)(2000212    -1060.63875641433)(2000101    -1367.88850228831)(2000202    -1626.48748161526)(2000112    -1573.47497331916)(2000201    -1499.11348941798)(2000110    -1468.61217787843)(2000210    -1008.03354450612)
0 2      - (2000202    -1200.89757549431)(2000101    -1650.22440183922)(2000002    -1525.38095829108)(2000112    -1696.61376720542)(2000012    -1654.31622960984)(1000000    -1874.51413916084)(2000100    -1358.37597535391)(2000210    -1496.75558230525)(2000001    -1535.04128322531)(2000212    -1553.93297643696)(2000111    -1735.90247963251)(2000201    -1571.95157263242)(2000200    -1102.07309712728)(2000022    -984.390752775738)(2000102    -1553.25317910402)(2000110    -1468.62069719277)(2000211    -1422.97923115609)
4 3      - (1000000    -1560.55679376562)(2000012    -1577.85447114984)(2000100    -1865.11514156277)(2000200    -1921.38639570847)(2000002    -1004.3863496408)(2000112    -1416.85833496143)(2000202    -1712.98786818625)(2000102    -1767.67216361546)(2000110    -1110.47403525716)(2000101    -1762.67041144362)(2000001    -1697.6193572509)(2000201    -1927.06635871293)(2000212    -1325.16392350494)(2000022    -1281.92366579755)(2000211    -1261.30192664118)(2000111    -1250.00259593128)
3 0      - (2000001    -1452.5996081802)(2000200    -1096.40884756364)(2000101    -1656.75520051212)(1000000    -1951.70181914231)(2000201    -1473.74229888734)(2000202    -1479.01004684046)(2000102    -1527.16980933139)(2000212    -1765.41079596412)(2000111    -1559.90549738564)(2000100    -1560.29339661095)(2000012    -1469.8698560293)(2000002    -1364.14595110605)(2000022    -1057.84830703552)(2000211    -1669.72849967544)(2000210    -1595.74374275203)(2000110    -1434.81102095862)(2000112    -1568.29197904069)
5 0      - (1000000    -1425.15795096396)(2000200    -1238.5922970543)(2000022    -1071.04487677156)(2000002    -984.535268749068)(2000201    -1440.26259702031)(2000202    -1516.5619856832)(2000100    -1360.88268964247)(2000001    -1321.09384995224)(2000211    -1409.72867807687)(2000101    -1272.019600769)(2000210    -1079.7333568517)(2000112    -1388.5225730783)(2000102    -1256.17928771498)(2000012    -966.20708603679)
2 1      - (2000002    -1299.51797159659)(2000210    -1419.27003877988)(2000012    -1347.50103028938)(2000001    -1565.1274016515)(2000202    -1604.93118266163)(2000100    -1517.41789088524)(2000212    -1654.15369094186)(2000201    -1472.54883842887)(2000101    -1753.50728666854)(2000200    -1748.90461170426)(1000000    -1622.70055662783)(2000102    -1665.44497500578)(2000112    -1549.51910714174)(2000022    -1108.85594832324)(2000110    -1582.0247406167)(2000111    -1392.33989753868)(2000211    -1597.67733560845)
1 4      - (2000111    -1668.63171188733)(2000002    -1180.29613679244)(1000000    -1455.30210279901)(2000022    -1056.34955961742)(2000212    -1472.25451751602)(2000201    -1477.82721383468)(2000100    -1507.07262611742)(2000200    -1402.026630623)(2000102    -1440.829267132)(2000101    -1663.94053573319)(2000112    -1179.97009797067)(2000001    -1539.7844246797)(2000202    -1501.7120138077)(2000210    -1475.66738088951)(2000012    -1386.9065947867)
5 2      - (2000102    -1456.88811310064)(2000202    -1371.25833792471)(1000000    -1866.89932444954)(2000101    -1436.06459053154)(2000111    -1189.46371557297)(2000100    -1477.23106476115)(2000001    -1430.42520863873)(2000201    -1598.32134886402)(2000002    -952.591626037684)(2000200    -1378.83578610234)(2000022    -971.947822531139)(2000012    -1259.46807718575)(2000210    -969.50325124103)(2000112    -1426.10743762385)(2000211    -1269.12558630717)(2000110    -933.820514642264)(2000212    -1361.15840088518)
2 2      - (2000202    -1654.70741653582)(2000100    -1659.06453906833)(2000101    -1750.98484009357)(2000200    -1780.15546770393)(1000000    -1929.01763714034)(2000022    -1027.21663993345)(2000102    -1686.15547355993)(2000002    -1241.82747353547)(2000210    -1551.22563731085)(2000110    -1375.72870892439)(2000201    -1389.46615600663)(2000001    -1700.13950771708)(2000112    -1739.66020736734)(2000012    -1621.07793347739)(2000111    -1398.09257315611)(2000212    -1602.4094767932)(2000211    -1571.38939954867)
0 4      - (2000201    -1606.03897434462)(1000000    -1404.25649741748)(2000102    -1047.84040832219)(2000100    -1403.77873137125)(2000200    -1296.2427156766)(2000001    -679.533022945904)(2000101    -1709.46638009432)(2000002    -1497.40726984092)(2000202    -1552.34493394213)(2000012    -1139.11493411882)(2000211    -1415.73846056134)(2000111    -1507.17102597315)(2000022    -754.523168770909)(2000112    -1339.91281977785)(2000212    -1474.7765042491)(2000210    -418.818238391484)
4 2      - (2000202    -1557.05506422627)(2000102    -1522.22104871957)(2000012    -1318.06390002179)(1000000    -1619.26146141775)(2000002    -689.41589525038)(2000201    -1342.69277987688)(2000110    -1040.29452843597)(2000200    -1712.5561738269)(2000001    -1469.95947536546)(2000100    -1438.1026270056)(2000101    -1282.21288777421)(2000111    -1336.57247831098)(2000211    -1188.48626746356)(2000022    -934.39620209944)(2000112    -1340.60498499727)(2000212    -1495.63094639842)
1 3      - (2000022    -1033.7724575989)(2000111    -1749.85599161825)(2000202    -1406.67846129306)(2000012    -1297.47542663359)(2000200    -1711.52047090061)(1000000    -1403.18624103285)(2000101    -1436.19949179579)(2000201    -1691.37360859503)(2000102    -1392.41395966215)(2000002    -1562.41137375619)(2000001    -1674.27747555964)(2000100    -1608.02127135217)(2000211    -1617.31275943891)(2000212    -1779.7280677582)(2000110    -1430.76295017664)(2000210    -1621.42791801859)(2000112    -1745.12875968254)
0 3      - (2000001    -1293.21152129456)(1000000    -1545.03524961824)(2000100    -1468.64420562827)(2000102    -1672.80767474953)(2000002    -1192.94628807979)(2000200    -1637.18384209778)(2000211    -1644.18488187491)(2000101    -1646.21605789005)(2000201    -1559.60261440684)(2000202    -1585.06394071843)(2000112    -1297.79157030697)(2000012    -1252.36539001148)(2000111    -1689.59821009063)(2000210    -1646.22499176077)(2000022    -1040.01884344602)(2000212    -1728.94638947685)(2000110    -1113.06196916777)
2 3      - (2000201    -1461.57970670077)(1000000    -1904.15824194694)(2000200    -1292.48328290477)(2000001    -1467.20029414499)(2000012    -1616.23045946501)(2000202    -1526.63152513852)(2000102    -1397.47983703319)(2000002    -1445.68700038827)(2000100    -1419.71737933188)(2000101    -1018.67941212554)(2000212    -1481.77218590141)(2000211    -1491.81790933991)(2000022    -674.461665451682)(2000210    -1537.97084612765)(2000110    -1237.27467118873)(2000112    -1485.18404047347)(2000111    -1542.30500721581)
0 1      - (1000000    -1770.18336722403)(2000100    -1732.35956059475)(2000202    -1612.79370898708)(2000002    -1399.67461759786)(2000101    -1674.46145817574)(2000102    -1579.53066857051)(2000201    -1622.58894613597)(2000200    -1754.01337598987)(2000001    -1026.65694332013)(2000022    -1422.6181155147)(2000112    -1622.22730064607)(2000212    -1693.02891499579)(2000111    -1536.28867903619)(2000012    -776.522431436061)(2000210    -1284.61265152391)(2000211    -1582.45987439277)(2000110    -1517.80035705066)
3 3      - (2000212    -1374.26310436888)(2000202    -1689.69375864269)(2000002    -1498.38468070488)(2000102    -1489.36444374371)(1000000    -276.608163527463)(2000100    -1712.22113655741)(2000001    -960.626500085111)(2000201    -1130.9126135262)(2000200    -1496.47207840709)(2000101    -1682.31721184065)(2000112    -1425.43246833305)(2000022    -1016.31690403737)(2000110    -1119.78957045723)(2000210    -1453.22294489002)(2000111    -1352.46678411394)(2000211    -1342.82010202921)(2000012    -1502.4704716221)
6 3      - (2000110    -1252.14503509447)(2000002    -1511.58332453296)(2000201    -1412.45713499706)(2000100    -1581.38896004359)(1000000    -1271.64612630434)(2000001    -1252.19717618892)(2000112    -1285.71191133694)(2000102    -1473.25063679824)(2000101    -862.690638883795)(2000200    -1355.46065437896)(2000202    -1190.70067508728)(2000212    -1268.95278787782)(2000022    -874.889767547668)
1 0      - (1000000    -2032.77700174573)(2000101    -1612.89166851127)(2000012    -1261.39882613221)(2000202    -1431.82291326182)(2000200    -1703.19970890048)(2000100    -1526.0740890744)(2000022    -1012.21833013147)(2000201    -1423.99997293605)(2000001    -1057.30525629935)(2000211    -1401.70403282283)(2000002    -1262.80985625602)(2000102    -1394.58155162016)(2000110    -1228.93158041842)(2000111    -1456.19196202665)(2000212    -1507.93892706402)(2000210    -1291.75525626725)(2000112    -1357.46016252687)
2 5      - (2000001    -1295.72228204417)(2000101    -1435.35475434088)(2000200    -1297.12317468859)(2000102    -1472.54927266422)(2000100    -1611.09784366803)(1000000    -1370.67248394411)(2000002    -1661.18968668481)(2000202    -1416.63317639866)(2000201    -1485.61747427202)(2000212    -1571.79597833691)(2000210    -1351.13960316924)(2000111    -1341.3794841462)(2000012    -1333.74941681531)(2000112    -1163.6645055044)
3 5      - (1000000    -1286.49528782247)(2000001    -1484.58938454168)(2000200    -1664.01990402905)(2000201    -1486.71611672089)(2000101    -1734.93397374125)(2000002    -1473.81045162175)(2000111    -1489.08765631923)(2000212    -1370.28475879317)(2000112    -1364.77963094759)(2000102    -1644.25153040559)(2000110    -1188.52563531462)(2000100    -1487.01798905741)(2000022    -759.311815994464)(2000012    -1070.44164310748)(2000202    -1488.11454718704)(2000211    -1138.35711780493)(2000210    -697.909568212488)
4 5      - (2000102    -1411.37528236895)(1000000    -1728.06679979212)(2000001    -975.277800810418)(2000202    -1858.44657390115)(2000201    -1400.03399034265)(2000100    -1190.50913561131)(2000200    -1325.61663197322)(2000002    -1425.43807390296)(2000210    -1268.03040390444)(2000112    -1121.99790085192)(2000101    -1611.573007213)(2000012    -1112.21284342081)(2000212    -1080.33778270512)
3 6      - (1000000    -1310.969429512)(2000001    -1057.32305747229)(2000201    -1288.87739589896)(2000211    -1210.08880975112)(2000101    -1311.36841315211)(2000200    -1071.56270649295)(2000202    -1416.18384380835)(2000111    -1470.50173080766)(2000012    -918.667035938532)(2000112    -1469.07366037597)(2000002    -908.47565714267)(2000210    -1686.46706175752)(2000110    -1205.33058351924)(2000100    -1522.37979285366)(2000102    -1026.92413520254)
0 5      - (2000102    -1389.99745564872)(2000202    -1485.11754959896)(1000000    -1445.1216844651)(2000101    -1395.62916213942)(2000200    -1549.24862577023)(2000100    -1321.78175180326)(2000210    -1150.92185973379)(2000110    -1297.20060625633)(2000201    -1404.81775557628)(2000001    -1588.02411956837)(2000112    -1565.37657345576)(2000211    -1514.07298853581)(2000002    -1039.6764389332)(2000212    -1274.71029856536)(2000022    -1037.89698068334)(2000012    -1206.32718925535)
4 6      - (2000101    -1496.05219574986)(2000202    -1315.96705409186)(2000201    -1228.59725104274)(2000012    -1421.51969262399)(2000100    -1541.62991990205)(1000000    -1272.90848175218)(2000002    -1384.0680755915)(2000200    -1265.2683228248)(2000001    -1267.81762110875)(2000102    -1480.18439632047)
6 2      - (1000000    -1327.20574970426)(2000101    -1303.07950232652)(2000112    -1242.51913333239)(2000102    -1216.96486138655)(2000001    -1560.74696394121)(2000012    -1536.92232848235)(2000201    -1737.9792661733)(2000100    -1358.3044486171)(2000200    -1285.42288628769)
1 5      - (2000100    -1488.43522230923)(2000112    -1191.36288127186)(1000000    -1351.53839393819)(2000102    -1217.54840549553)(2000022    -908.040090791247)(2000012    -986.491681003907)(2000202    -944.978273254303)(2000002    -1332.63977202321)(2000200    -1428.37869388085)(2000201    -1237.09025694511)(2000001    -934.947757157395)(2000101    -1150.90879653386)(2000111    -1018.31621467964)(2000212    -1275.26563258826)(2000210    -1006.6326019592)(2000110    -866.765209505495)(2000211    -1266.01440047331)
5 4      - (1000000    -1783.19257461699)(2000200    -1341.94675569841)(2000001    -1517.86883806204)(2000101    -1031.93396000651)(2000202    -1425.73198300674)(2000102    -1579.708389563)(2000002    -1529.78282545001)(2000100    -1590.9974126485)(2000012    -1163.71410811585)(2000112    -1277.54683315829)(2000201    -1558.312106149)(2000211    -1287.94969204942)
5 3      - (2000202    -1449.6200875441)(1000000    -1718.16983778258)(2000101    -1454.0408176076)(2000001    -1377.91809940581)(2000012    -1481.40595908804)(2000002    -1374.57031290565)(2000102    -1509.34211175529)(2000201    -1521.51849265089)(2000200    -1598.61420944313)(2000100    -1633.35869085325)(2000110    -1241.03973550195)(2000210    -1172.97551872544)
2 6      - (2000200    -1110.32098529814)(2000102    -1179.01265107265)(2000001    -1369.6987820571)(2000101    -1161.69008979732)(2000002    -1479.22235458215)(1000000    -927.317294734508)(2000202    -977.425660318496)(2000111    -943.498347289153)(2000100    -1198.90943128438)(2000201    -1307.13392294611)(2000211    -1157.272310588)(2000012    -1014.40540628731)(2000212    -1200.32808309094)(2000112    -1008.12224910986)
6 4      - (2000102    -1356.20765969213)(2000002    -1380.20432833481)(1000000    -1768.12125503131)(2000012    -1035.53649291007)(2000201    -1280.64182108151)(2000101    -1301.15626829658)(2000100    -1264.48923193713)(2000211    -925.532618925279)(2000200    -1255.38775889027)(2000022    -836.891262210695)(2000001    -1256.84019906332)(2000111    -889.45117617089)
4 0      - (2000102    -1514.47315088071)(2000202    -1665.6640647182)(2000002    -1539.18945229954)(1000000    -1431.82023668247)(2000001    -1070.42952563451)(2000100    -1084.01062288475)(2000201    -1474.0098946697)(2000112    -1740.01783748945)(2000101    -1671.21977647462)(2000210    -1246.87349678788)(2000200    -1509.03495347586)(2000110    -1791.12847160375)(2000212    -1573.63076902257)(2000211    -1416.26927839546)(2000111    -1436.15240744576)(2000012    -1375.54640640944)(2000022    -1011.12312619337)
4 4      - (1000000    -1849.70711616928)(2000201    -1471.70952108111)(2000101    -1442.76201137944)(2000001    -1595.0543665834)(2000100    -1291.38470102581)(2000200    -1426.78195835946)(2000202    -1346.48851822107)(2000002    -1197.52467295973)(2000110    -988.04198575854)(2000212    -1366.33988250095)(2000102    -1500.19290416767)(2000012    -934.503723084441)(2000022    -918.425463856428)(2000111    -1131.38839866577)
2 9      - (2000201    -0.729632)
6 0      - (2000201    -1298.7018962325)(2000002    -1121.09459277475)(2000102    -1525.03818028634)(1000000    -1199.4690318559)(2000202    -1521.41210347829)(2000212    -1331.40823219356)(2000112    -1569.6597237496)(2000001    -1354.87507154061)(2000100    -1314.9288247659)(2000200    -1621.1714862407)(2000111    -1519.28402406943)(2000012    -1358.36683576153)(2000210    -1250.77571217639)(2000101    -1786.49726965869)
8 0      - (2000002    -715.563517327137)(2000022    -467.010581507804)(2000111    -1140.47081940517)(2000101    -975.064314005771)(2000200    -1134.92198596945)(2000211    -1127.68272533731)(1000000    -927.288144084339)
7 4      - (2000002    -452.221614260877)(1000000    -423.920904279948)
6 5      - (1000000    -1261.40840954211)(2000112    -1065.73098463475)(2000202    -1193.68326521695)(2000212    -951.95671183679)(2000200    -1237.65259923124)(2000211    -1149.50013005196)(2000012    -853.709616158912)
7 3      - (2000002    -721.692869179027)(1000000    -1453.68555714895)(2000202    -1247.45132675044)(2000110    -183.239742350605)(2000102    -828.633747367421)(2000201    -826.131710066112)(2000101    -1000.99829027639)
5 7      - (1000000    -508.506796855683)
7 1      - (1000000    -1244.24182435576)(2000001    -1095.06672258919)(2000112    -979.661082724988)(2000102    -1288.40162696438)
1 6      - (2000201    -1464.49734383278)(2000200    -1443.18486049329)(1000000    -1099.75223486755)(2000100    -1366.19787276871)(2000001    -1195.76077488282)(2000002    -1319.36023875725)(2000111    -1107.46311666886)(2000202    -1284.68616936503)(2000112    -847.9646915189)(2000022    -877.405822104838)(2000101    -1357.89739894803)(2000102    -1446.84640541895)(2000212    -1374.03054869558)
5 5      - (2000102    -1059.43175170142)(1000000    -1155.77685009561)(2000112    -1344.63222118852)(2000200    -1301.8419951635)(2000100    -1114.48646693311)(2000001    -1004.44043425755)(2000202    -1298.59033448836)(2000012    -878.914411347906)(2000101    -1082.74506006101)(2000201    -809.14381980792)(2000022    -873.562259567855)(2000002    -1433.69608832341)(2000110    -1206.33150846119)
6 1      - (2000001    -1230.58572832508)(2000101    -1143.06844133323)(1000000    -1430.85933733428)(2000102    -1232.62141600386)(2000100    -1146.93650354835)(2000200    -1042.51574604783)(2000002    -1237.38558376017)(2000201    -1244.21919105667)(2000202    -1468.7065649129)(2000012    -996.762691872433)(2000210    -1219.17948387018)(2000212    -1023.72039095889)
6 9      - (2000002    8.63569685045576)
7 6      - (2000101    -1158.77347588148)(2000200    -877.343269892243)(1000000    -1110.28007283722)(2000111    -1033.62157415411)
6 6      - (2000101    -853.432019292846)(2000002    -843.677227670157)(2000201    -829.290497552572)(2000012    -503.965827512735)(2000200    -771.229758227584)(2000212    -749.376907070925)(1000000    -1276.21628439528)(2000110    -325.983818959388)(2000001    -944.131217843036)
0 7      - (2000200    -1438.19264118731)(2000201    -1569.2183640733)(2000100    -1669.32169967324)(2000202    -1631.79390790267)(1000000    -1445.92573503898)(2000111    -1404.161062563)(2000101    -1668.57664673962)
2 8      - (1000000    -422.225506033103)
2 7      - (1000000    -1078.18885707487)(2000211    -478.51831998208)(2000100    -1112.20030102569)(2000001    -829.122448174046)(2000012    -734.819991769081)(2000101    -510.215924069982)(2000200    -803.211561054202)
7 0      - (1000000    -817.967840640649)(2000100    -1173.40143884189)
4 7      - (1000000    -1217.29449391587)(2000100    -959.751928326283)(2000200    -1439.83398132534)(2000002    -1478.24896166366)
7 2      - (2000002    -848.404393798287)(2000201    -1355.74329451396)(2000001    -1016.73768857697)(2000202    -761.027735004381)(2000101    -1199.07472228852)(2000112    -1282.56457029119)(2000100    -957.075113530032)
6 7      - (2000110    -1214.70924645484)(2000002    -925.41946482834)(2000012    -339.412459914057)(1000000    -1121.81269087024)
3 7      - (2000201    -652.260981353702)(2000022    -165.918180738763)(2000102    -691.457835810384)(1000000    -871.110998785406)(2000100    -531.439573913686)(2000101    -918.088857015871)(2000200    -693.663324731461)
1 8      - (2000100    -929.8901625241)
8 6      - (2000200    -645.553353453132)
1 7      - (2000212    -1053.98858739547)(2000101    -1299.33463769491)(1000000    -1215.82773009938)(2000022    -408.714287832883)(2000102    -869.991872613561)(2000100    -1330.270082235)(2000001    -1115.10316116529)
5 6      - (2000100    -1173.16137206752)(1000000    -1283.15499443764)(2000002    -975.154804577132)(2000200    -1300.25428324109)(2000111    -1446.99443442311)(2000102    -1095.40470001663)(2000012    -763.540907340123)(2000022    -674.445723893543)(2000210    -526.982126104819)(2000212    -467.217547196891)
8 1      - (1000000    -1239.83071000183)(2000200    -1485.22675156006)
5 8      - (2000100    -730.375866330179)(2000200    -1074.51094638388)(1000000    64.7933392198178)
8 7      - (2000110    -1008.66937105425)(2000200    -1113.48268961931)(2000210    -812.582846081092)
8 2      - (2000200    -1193.28140045993)
7 5      - (2000201    -671.492652672489)(2000100    -707.984084955575)
3 8      - (2000001    -955.690892196729)(2000201    -550.953993265444)(2000112    -550.953993265444)
9 5      - (1000000    10.0521381803728)
0 9      - (1000000    -347.316337709269)
0 8      - (2000100    -974.470134305058)(2000210    -946.739749208939)
9 4      - (2000101    -1323.02957095826)
3 12      - (2000022    -972.110650308768)(2000012    -1639.20997780112)(2000001    -1416.89084947273)(2000102    -1280.45842716196)(1000000    -980.880923125695)(2000202    -1377.86331882669)(2000101    -1490.1849353383)(2000110    -1229.43822031659)(2000201    -1516.45253282346)(2000100    -1364.14840667503)(2000002    -1532.86734077961)(2000200    -1624.99743313272)(2000212    -1534.66233209841)
12 1      - (2000002    -966.100864198391)(1000000    -1043.57908166397)(2000102    -1670.3831133284)(2000001    -995.54253141071)(2000101    -1515.60888380192)(2000202    -1730.41658054374)(2000110    -1207.42673030282)(2000210    -978.361572223187)(2000111    -1817.71753513628)(2000112    -1489.48882391332)(2000201    -1773.98677191056)(2000100    -1549.63802568312)(2000200    -1593.59727866551)
13 1      - (2000201    -1563.08213260407)(2000001    -1530.93581434982)(2000002    -1592.01775244916)(2000202    -1446.64886447458)(2000101    -1726.47918384491)(2000200    -1432.19867923802)(1000000    -852.820977257276)(2000100    -1602.88488938791)(2000102    -1763.44551727785)(2000112    -1520.71572604)(2000012    -1291.77402591915)
12 2      - (2000201    -1467.0271406229)(2000100    -1483.17151291614)(1000000    -1753.17670999891)(2000022    -1085.18977788572)(2000110    -939.230945254536)(2000102    -1236.82036983517)(2000200    -1534.92414595092)(2000202    -1458.38636972046)(2000101    -1395.7354687841)(2000001    -1570.42985681203)(2000002    -909.11435276721)(2000012    -938.809236224475)(2000212    -1393.81248340539)
12 3      - (2000202    -1331.40385412737)(1000000    -1083.81331172239)(2000200    -1227.95008203059)(2000102    -1402.03102476421)(2000002    -1279.04287154709)(2000001    -759.401587885481)(2000101    -1233.75659261363)(2000100    -1447.85993221016)(2000201    -1499.56122952029)(2000112    -1019.14538510424)(2000110    -1456.46336618862)(2000022    -806.264724811176)(2000111    -845.799478274573)(2000212    -982.106630996159)
0 16      - (2000101    -1520.80146016319)(2000002    -1585.39965021317)(2000001    -1542.67927143283)(2000201    -1525.28000940461)(1000000    -1920.83049407278)(2000012    -1279.17955818636)(2000212    -1267.90639279996)(2000202    -1656.82183330456)(2000200    -1761.35971324034)(2000022    -939.19321670104)(2000210    -1256.29011251981)(2000100    -1524.8515827437)(2000102    -1432.41279170076)(2000111    -1320.32033655862)(2000112    -1283.54585189252)(2000211    -1409.82230291133)(2000110    -1337.31866092594)
1 12      - (2000112    -1387.27583509359)(2000100    -1611.93850062684)(2000212    -1505.77058632195)(2000001    -1387.82123716276)(2000101    -1693.97417935977)(2000211    -1227.5925686499)(1000000    -1400.08868093349)(2000202    -1458.38509668947)(2000002    -791.858401453144)(2000102    -1401.71578658088)(2000012    -1213.05519338791)(2000201    -1294.87421156785)(2000022    -868.120815459045)(2000200    -1434.02052188132)
13 2      - (2000211    -1428.90169827787)(2000201    -1368.69660110002)(2000001    -1285.01098864613)(2000110    -1283.85529568393)(2000012    -1118.99791132303)(2000212    -1282.88641192575)(1000000    -642.876046585883)(2000100    -1377.58591012485)(2000112    -1312.71808012202)(2000202    -1406.61018411811)(2000101    -1284.16769891074)(2000200    -1650.76369829693)(2000102    -1228.72457373081)(2000002    -1244.45647116567)(2000111    -1460.43687479871)
15 1      - (1000000    -1821.58827023112)(2000202    -1750.72985137671)(2000200    -1338.38834373351)(2000001    -1240.70933597952)(2000102    -1737.94594170437)(2000100    -1331.51497068558)(2000101    -1380.26417493175)(2000201    -1329.14542048552)(2000002    -1444.52686049405)(2000111    -1658.84481241746)(2000012    -1341.94474994267)(2000210    -1241.08802192263)(2000211    -1383.92465802224)(2000110    -1310.31679909267)
17 0      - (2000201    -1384.06737626054)(2000002    -1203.0920023212)(1000000    -1239.36808566374)(2000100    -1233.14982520278)(2000101    -1347.73686814031)(2000211    -1197.73655922718)(2000202    -1434.60196113311)(2000001    -1221.95905490019)(2000012    -1142.51070062749)(2000102    -1293.4135730375)(2000111    -1258.7958507447)(2000112    -1313.90027679776)(2000022    -920.608842685433)(2000110    -1037.89577957351)(2000212    -1423.75735574208)(2000200    -1542.88217098456)
0 17      - (2000002    -1548.66714124748)(1000000    -1956.63623866235)(2000001    -1520.67986880085)(2000200    -1646.5616477988)(2000102    -1639.27075100212)(2000101    -1620.6074571127)(2000100    -1520.24672672111)(2000201    -1304.53285164619)(2000212    -1360.90210841786)(2000012    -1441.03587528626)(2000112    -1326.56363330776)(2000202    -1654.65973868863)(2000211    -1463.90796618212)(2000111    -1521.19972291072)(2000022    -958.534953897321)(2000210    -597.26930851699)
2 19      - (2000102    -1273.66369968226)(2000200    -1164.89453545176)(2000100    -1248.42134756186)(2000101    -1287.54289153831)(2000201    -1342.87554312376)(2000002    -1301.37300541911)(1000000    -1890.22138060405)(2000001    -1232.93920912729)(2000022    -1087.43563730053)(2000210    -1423.45090255905)(2000012    -1416.23914336073)(2000202    -1260.74680197393)
18 1      - (2000102    -1053.52780615626)(1000000    -1297.58850630603)(2000001    -1293.88670219661)(2000201    -1119.58092069719)(2000100    -1216.03628602672)(2000200    -1590.48582501573)(2000002    -1162.85547518648)(2000101    -1380.22773346685)(2000012    -897.368213414671)(2000202    -1161.37049398971)(2000212    -1034.93918314217)(2000112    -1405.56597537448)(2000110    -396.19698476011)
2 12      - (2000201    -1471.89438750513)(2000002    -862.129154325144)(1000000    -1284.39231681779)(2000001    -1328.3871945347)(2000101    -1649.86325745129)(2000100    -1429.10820206301)(2000102    -1499.77904635411)(2000202    -1642.63428573942)(2000200    -1718.08725429925)(2000210    -1426.5275980235)(2000012    -1038.10383209147)(2000212    -1565.01222635445)(2000022    -869.324155984519)
2 17      - (2000200    -1648.93987892626)(2000002    -1155.86558758792)(2000100    -1423.37840298543)(2000201    -1610.19330490667)(1000000    -1603.24025205076)(2000102    -1669.14921919773)(2000001    -1439.77136151751)(2000202    -1421.72184683649)(2000012    -1166.89836646703)(2000212    -1452.41838611147)(2000101    -1785.6976056822)(2000111    -1396.60101357754)(2000211    -1365.21749572787)(2000112    -1467.26087024854)(2000110    -1130.44180861541)(2000210    -1178.85991128286)(2000022    -1133.02080058676)
2 15      - (2000201    -1558.38992093049)(2000100    -1565.03845409239)(2000110    -1138.33124315469)(1000000    -1598.46844607715)(2000200    -1567.78807170443)(2000001    -1024.47013223075)(2000022    -990.726779619744)(2000211    -1552.96060254097)(2000102    -1410.22729464226)(2000002    -1490.5480088779)(2000202    -1541.2736828869)(2000012    -1024.16021362373)(2000101    -1518.18272899317)(2000212    -1288.12642100736)(2000112    -1369.38920872152)(2000210    -1107.0517639661)(2000111    -1397.95507379311)
13 3      - (2000201    -1700.25054133814)(1000000    -1135.63122708189)(2000101    -1436.27894767695)(2000001    -1330.35459221824)(2000100    -1113.12363794663)(2000200    -1756.19309345785)(2000102    -1301.23127128108)(2000002    -1370.67905706318)(2000202    -1594.89163463907)(2000112    -1534.05903635789)
1 15      - (2000002    -1692.08387290501)(2000202    -1783.05574788121)(2000200    -1667.95882027904)(1000000    -1683.80036413162)(2000201    -1700.31289956139)(2000101    -1653.61546674)(2000012    -1061.06391469735)(2000112    -1504.40658241154)(2000001    -1749.64086750241)(2000100    -1827.94790958631)(2000102    -1590.64493263306)(2000110    -1406.13982169602)(2000212    -1818.84542944938)(2000111    -1555.4012653798)(2000210    -1537.87183557203)(2000211    -1592.58664496759)
2 16      - (2000001    -1425.07551979409)(2000200    -1316.62874978874)(2000102    -1460.07496843512)(1000000    -1743.13064982652)(2000201    -1409.6180733123)(2000101    -1388.52434219426)(2000100    -1549.99653959821)(2000112    -1284.89652822153)(2000202    -1611.3086736721)(2000022    -1442.66432800372)(2000210    -1271.62798991222)(2000212    -1529.5377668898)(2000211    -1680.01026135922)(2000012    -1234.27703742843)(2000002    -1231.39271422059)(2000111    -1274.31846940007)(2000110    -1262.83691012179)
16 1      - (2000101    -1546.83123591605)(2000100    -1512.21896723746)(2000001    -1666.82210079719)(1000000    -1838.49831702919)(2000200    -1631.76308803565)(2000202    -1653.51774171337)(2000002    -1198.60761268883)(2000111    -1799.46434241124)(2000210    -1502.24923437256)(2000201    -1525.68847190433)(2000102    -1562.58842295163)(2000211    -1518.04327142714)(2000022    -793.082115937867)
3 15      - (2000101    -1429.16816166671)(2000202    -1616.19852713557)(2000022    -1182.16324196572)(2000100    -1522.61699316551)(2000012    -1601.50150393753)(2000111    -1531.97656138187)(1000000    -1469.00176897982)(2000002    -1546.1706994052)(2000102    -1603.01803117776)(2000001    -1317.54647341622)(2000201    -1512.99773528624)(2000200    -1682.67035118878)(2000112    -1429.66280181912)(2000210    -1265.08339450126)(2000212    -1256.59258741672)
1 14      - (2000002    -1446.83186681875)(2000022    -1109.30199224599)(2000110    -1272.07896554951)(2000100    -1517.30611125359)(1000000    -1369.6441582958)(2000012    -1321.62113858564)(2000201    -1491.4901895833)(2000202    -1320.0493519839)(2000210    -1631.08034801021)(2000001    -1224.88977703775)(2000112    -1398.03854963287)(2000212    -1249.39908926404)(2000102    -1239.47846780679)(2000200    -1354.90320561449)(2000101    -1426.67605862543)(2000211    -1308.49472287216)
0 12      - (2000022    -388.747848716911)(1000000    -524.288309144078)(2000002    -1494.35466604994)(2000210    -1232.95029349699)(2000201    -1741.17161801982)(2000202    -1804.52873619701)(2000200    -1447.78177613422)(2000102    -1828.68381929096)(2000001    -1691.14040450216)(2000100    -909.068115597668)(2000101    -1379.0677171544)(2000112    -1386.33010213792)(2000111    -1347.05933165788)(2000211    -1559.80037192786)(2000212    -1660.31969547383)(2000110    -1611.04446291951)(2000012    -730.020573803071)
3 13      - (2000002    -1577.0069815932)(2000100    -1719.19800370361)(2000201    -1693.48266651018)(2000200    -709.470826395892)(1000000    -1125.8321641961)(2000001    -1172.75534381492)(2000022    -968.91074112849)(2000101    -919.865608623469)(2000212    -1346.46011515076)(2000102    -1520.49590969128)(2000012    -1465.80900747891)(2000202    -1495.36011592346)(2000110    -1338.11865087617)(2000112    -1733.94650056629)(2000211    -1440.98147461761)
3 18      - (2000202    -1413.80418211647)(1000000    -1526.90760435617)(2000200    -1887.07475064145)(2000002    -1530.34900959854)(2000001    -1152.81634347266)(2000022    -1020.48096229349)(2000101    -1485.53336681794)(2000100    -1659.24204994059)(2000201    -1484.21816779982)(2000210    -1129.80968015605)(2000211    -1142.64128318138)(2000212    -1233.46425973344)(2000112    -1474.31746877092)(2000012    -1247.45919760215)(2000102    -1521.90315678817)
2 14      - (2000101    -1664.21935593927)(2000102    -1213.45643723283)(2000202    -1449.07741168262)(2000100    -1555.06195214434)(2000200    -1624.78330428531)(2000201    -1577.17911917299)(2000001    -1539.39300248191)(2000002    -1460.27463743583)(2000111    -1319.09587491193)(1000000    -1474.17955794049)(2000210    -1086.57103865299)(2000012    -1263.00174305967)(2000112    -1277.96331275079)(2000022    -950.215864625594)(2000212    -1063.86184046865)
12 0      - (2000102    -1229.96587907621)(2000201    -1051.9286542318)(1000000    -1129.84345598573)(2000112    -1066.62209118779)(2000001    -1073.44663080929)(2000200    -1556.69717433228)(2000100    -1474.99781948674)(2000002    -1663.09908344631)(2000202    -1486.70121953484)(2000110    -1008.22068726922)(2000022    -1022.29536951704)(2000101    -1519.10911286728)
19 0      - (2000100    -1665.95518197124)(2000201    -1412.73068191353)(2000202    -1294.17893224192)(2000001    -1499.40256067621)(1000000    -1902.26269072351)(2000102    -1519.02438495205)(2000200    -1373.44006935396)(2000101    -1611.55330697416)(2000112    -1304.56888691626)(2000022    -973.839606583391)(2000002    -1560.1851043105)(2000110    -985.904808655047)
3 16      - (2000002    -1283.78453159671)(1000000    -1624.57079673924)(2000012    -1232.05594322957)(2000200    -1734.42388437617)(2000112    -1498.36031511476)(2000212    -1395.49722816656)(2000102    -1722.1700960658)(2000100    -1698.66983281643)(2000202    -1538.15130175585)(2000210    -1547.11018293174)(2000110    -1335.4928947709)(2000101    -1435.38373102329)(2000022    -943.257440633397)(2000001    -1433.89117360861)(2000201    -1667.72176490209)(2000111    -1216.2219109742)(2000211    -1401.92651756025)
1 16      - (2000202    -1877.9907410569)(2000101    -1680.31473242271)(2000001    -1575.59454834784)(2000102    -1388.27644949311)(2000110    -1753.21399011319)(2000201    -1595.83554930735)(2000002    -1229.31279995627)(2000200    -1803.79427227889)(2000112    -1423.22053430873)(2000022    -1039.84953198272)(1000000    -1913.40630019574)(2000100    -1405.29944594868)(2000212    -1582.08851636421)(2000111    -1508.56453976213)(2000012    -1314.5572609115)
18 0      - (2000201    -2051.60536027274)(2000101    -1465.71333627921)(1000000    -1684.15691357404)(2000202    -1421.71900274247)(2000001    -1662.12260869398)(2000100    -1394.05592888342)(2000211    -1308.87176131052)(2000112    -1454.2692542807)(2000012    -1009.85191722652)(2000002    -1172.53948725689)(2000102    -1542.31297287104)(2000200    -1482.35112810874)(2000022    -1131.76689979445)
14 0      - (1000000    -1105.78445179335)(2000200    -1360.94524613193)(2000201    -1621.80139512582)(2000211    -1105.03822080877)(2000001    -995.67910510487)(2000002    -1353.05651846787)(2000100    -1351.76093790788)(2000101    -984.795351788527)(2000202    -1519.35142660425)(2000102    -1614.21373092304)(2000212    -1065.48126223039)(2000022    -860.610254089735)(2000012    -1347.64433831523)
0 14      - (2000001    -1516.48095139094)(2000201    -1572.00032407089)(2000202    -1507.5924248969)(2000101    -1449.26691914034)(1000000    -1167.46415880209)(2000012    -1059.63554903646)(2000111    -1373.66068805242)(2000210    -1368.69928436867)(2000200    -1619.76376434255)(2000100    -1342.56095847981)(2000002    -1106.91775515675)(2000102    -1567.84937106207)(2000211    -1063.99569727992)(2000212    -1320.10704683427)(2000112    -1188.77676588366)(2000022    -888.638568877145)(2000110    -931.819212854247)
3 19      - (2000101    -1762.09424086535)(1000000    -1751.10811963744)(2000201    -1826.76828216136)(2000002    -1773.26467788488)(2000202    -1710.90739753505)(2000102    -1633.0119381268)(2000001    -1237.86774257353)(2000100    -1639.83013219044)(2000200    -1646.52213320351)(2000212    -1669.59726786497)(2000012    -1337.52174410224)(2000111    -1664.92807225114)
19 3      - (2000201    -1144.74611289045)(1000000    -1411.63574086182)(2000102    -1579.33072217315)(2000100    -1564.686015315)(2000012    -1042.32910820991)(2000101    -1697.87065619157)(2000002    -1555.48727355259)(2000210    -1046.45616767937)(2000112    -1211.63072499648)(2000111    -1262.5218041346)
0 19      - (2000002    -1686.45117095056)(1000000    -1706.18571612449)(2000101    -1524.98342553563)(2000102    -1616.08978897622)(2000202    -1342.47659519634)(2000100    -1626.20143426345)(2000001    -1541.16179853851)(2000200    -1629.86413909425)(2000212    -1071.6626727989)(2000022    -913.254491582889)(2000012    -1409.39684611916)(2000201    -1611.50049821326)(2000210    -1227.27991304978)
1 19      - (2000201    -1598.42368961481)(2000200    -1643.19146128019)(1000000    -1955.5581281443)(2000001    -1232.05059196496)(2000100    -1588.88188902375)(2000002    -1604.76574532807)(2000102    -1750.52550373176)(2000101    -1348.28507766139)(2000212    -1683.49589247464)(2000211    -1683.16438091246)(2000111    -1559.48517474341)(2000022    -1233.9405782925)(2000202    -1562.80891334535)(2000012    -1220.41194510582)
18 2      - (2000200    -1711.31160328467)(2000202    -1097.94450468233)(2000102    -1509.16676657591)(2000101    -1558.45917885241)(2000100    -1548.032026131)(2000201    -1525.34972680312)(1000000    -1732.2306988194)(2000002    -1419.78416635907)(2000001    -1737.88190005437)(2000210    -1191.6532496989)(2000012    -1189.66682606676)
2 18      - (2000200    -1655.88602317217)(2000001    -1176.62986743918)(2000102    -1709.70240110559)(2000201    -1564.03557108823)(2000101    -1597.82113719703)(1000000    -1529.68231778484)(2000002    -1525.08874417597)(2000202    -1539.88312634939)(2000110    -1314.49921735487)(2000012    -1218.11773700652)(2000022    -1263.50747333881)(2000212    -1382.06604441458)(2000211    -1381.5325718196)(2000100    -1694.81905080447)
3 17      - (2000201    -1424.82071642118)(2000002    -1563.98771486758)(2000100    -1576.30614024161)(1000000    -1576.26195817682)(2000200    -1576.56142028459)(2000101    -1723.00401923181)(2000001    -1109.07870899623)(2000102    -1354.60820785424)(2000110    -1395.75067918772)(2000112    -1366.43002523004)(2000012    -1244.51441152239)(2000111    -1435.22730328199)(2000212    -1349.65510692515)(2000211    -1231.96949514033)(2000202    -1547.38805799291)(2000022    -1044.99945894007)
1 18      - (2000100    -1345.26333913754)(2000101    -1822.23705502269)(2000102    -1492.95082526393)(2000200    -1865.21553611142)(2000001    -1152.2463061136)(1000000    -1826.21658937675)(2000002    -1916.16690072084)(2000012    -1510.18604838645)(2000202    -1766.22157166452)(2000112    -1782.54228658554)(2000210    -1455.72757702818)(2000110    -1438.99898686425)(2000211    -1332.18750502259)(2000111    -1295.79766021745)(2000212    -1460.22476678449)(2000022    -973.141134001984)(2000201    -1570.32849417839)
17 1      - (1000000    -1715.58107241308)(2000200    -1563.2951019646)(2000100    -1224.29926079813)(2000002    -1531.90621252289)(2000001    -1373.68306667988)(2000102    -1376.30206675419)(2000012    -1160.6802562002)(2000101    -1411.39141137013)(2000112    -1382.86979154085)(2000110    -1105.94725929605)(2000211    -1443.33006810551)(2000212    -1195.72260071534)
14 1      - (2000022    -986.771560714067)(2000001    -1029.18847503064)(1000000    -1445.55438106155)(2000002    -1523.83131872703)(2000200    -1587.63019852537)(2000201    -1673.17077904998)(2000101    -1847.54982492794)(2000102    -1671.67111469401)(2000202    -1526.99718412425)(2000210    -1014.72434719788)(2000100    -1283.52122677027)(2000112    -1019.06216284665)(2000111    -1329.93344193692)
19 1      - (2000001    -1620.02467256929)(1000000    -2014.59905195758)(2000202    -1623.68090127823)(2000200    -1663.561960062)(2000101    -1685.88377452358)(2000201    -1676.21051051851)(2000112    -1399.68486385746)(2000212    -1529.47331470277)(2000102    -1045.93602200152)(2000002    -1680.5361876239)
14 3      - (1000000    -1708.18266366561)(2000101    -1622.66959714065)(2000201    -1585.19441643462)(2000111    -1470.06347248726)(2000112    -1150.58698203781)(2000200    -1558.14034193206)(2000202    -1506.27137806722)(2000002    -1337.25447027619)(2000210    -1301.02843940332)(2000102    -1288.81564073266)(2000100    -1644.17825565894)(2000212    -1283.69524641122)(2000001    -1200.88898034753)(2000012    -993.176068382592)
0 15      - (2000001    -1294.55540145155)(2000200    -1617.5159271247)(2000202    -1539.66596756134)(2000110    -1078.1243781789)(2000111    -1349.83205235367)(2000100    -1652.97635871717)(2000201    -1471.05675671579)(2000102    -1480.41588370506)(1000000    -1760.65496825388)(2000112    -1155.01558863141)(2000012    -1084.97683935535)(2000212    -1252.1485505073)(2000101    -1707.72270874499)(2000002    -1616.90074068387)(2000211    -1191.38545837891)(2000022    -969.634615766031)
1 17      - (2000002    -1748.56290874695)(1000000    -2031.5803957366)(2000001    -1124.75927708523)(2000202    -1374.39450087693)(2000101    -1672.69890627926)(2000100    -1563.7394156105)(2000201    -1484.75792606441)(2000102    -1446.93498910817)(2000200    -1755.60683884203)(2000111    -1611.40442803911)(2000210    -1283.25233303109)(2000112    -1261.03204518376)(2000212    -1562.85367834767)(2000012    -1156.4468725816)(2000022    -1093.39608603059)(2000211    -1390.24704751404)
16 3      - (2000200    -1450.81334479335)(2000101    -1724.82381979455)(2000102    -1609.82347028911)(2000201    -1522.61371954577)(2000100    -1387.93810725777)(2000112    -1291.33354683447)(2000022    -974.944549347906)(2000002    -1486.07696264985)(2000202    -1647.15791562369)(2000212    -1459.05242395575)(2000012    -1297.12743107902)(1000000    -1632.1838083505)(2000001    -1221.49412244754)(2000210    -1035.70190013334)
15 2      - (2000200    -1491.24516376859)(2000102    -1442.32726773616)(1000000    -1504.20524666096)(2000101    -1426.9922377981)(2000100    -1407.77715674036)(2000012    -1390.5359252975)(2000002    -1384.91565829988)(2000112    -1394.33931329107)(2000001    -1452.57499877758)(2000111    -1401.17781312411)(2000202    -1424.75116083049)
0 18      - (2000102    -1605.46409440061)(2000002    -1716.10210579581)(2000201    -1684.22676388753)(2000100    -1543.77871393059)(2000001    -1664.47801333961)(1000000    -1968.49850643471)(2000101    -1753.48704246967)(2000200    -1459.29565598153)(2000202    -1720.688647077)(2000110    -1348.60338144851)(2000211    -1424.90379710861)(2000022    -1180.99056424167)(2000111    -1262.74407939449)(2000012    -1151.88977794258)(2000112    -1437.34067533103)
2 13      - (2000101    -1738.4941080114)(2000200    -1447.90362543935)(2000210    -1616.38324856752)(2000112    -1360.2187056737)(2000100    -1483.66763804134)(2000111    -1493.67544225669)(1000000    -1020.46357545496)(2000002    -1548.13290778023)(2000001    -980.269165366404)(2000102    -1537.54457954221)(2000202    -1514.33247985905)(2000201    -1444.91583070783)(2000012    -944.204189978959)(2000022    -1169.15518931404)(2000212    -1536.23602907683)(2000211    -1413.02109356757)(2000110    -1305.34128972246)
19 2      - (2000201    -1762.00945663071)(2000002    -1179.84142913916)(2000101    -1835.84464109432)(2000100    -1913.74270522375)(2000200    -1624.00143844958)(2000102    -1752.25868736748)(1000000    -1825.89816389777)(2000110    -1581.31587684383)(2000001    -1820.44031508491)(2000202    -785.896290236638)
0 13      - (2000002    -847.64861739081)(2000110    -1096.77385074287)(2000200    -1686.89828921486)(2000112    -1377.25169731002)(1000000    -1634.69709648737)(2000100    -1586.56973019297)(2000202    -1530.78884970733)(2000022    -973.272309007796)(2000201    -1746.21084562577)(2000101    -1733.65218033522)(2000012    -904.106565401012)(2000001    -1322.82208932543)(2000102    -1510.78928966107)(2000210    -1192.41387275743)(2000212    -1412.33668276009)
14 2      - (2000200    -1574.31426345027)(2000210    -1422.68048675955)(2000102    -1539.32968064395)(2000111    -1255.14028467906)(2000101    -1794.51922053403)(2000002    -1473.93119986326)(2000201    -1668.63081511929)(2000100    -1569.21085993779)(1000000    -1342.31458016152)(2000001    -1505.72144794212)(2000202    -1717.75829202033)(2000112    -1363.96829232052)(2000212    -1345.57056217709)(2000012    -1048.73780641525)
13 0      - (2000022    -1036.47816696035)(2000100    -1550.95986434211)(2000210    -992.700658681043)(2000111    -947.524451185871)(1000000    -1620.58228587099)(2000101    -1619.02367733997)(2000002    -1158.04404723232)(2000201    -1535.35128418413)(2000202    -1385.93042000162)(2000212    -1279.10173780838)(2000200    -1588.00569659333)(2000102    -1211.29985482902)(2000001    -1377.81966272789)(2000211    -902.144074835314)
3 14      - (2000201    -1513.91893191208)(2000101    -1331.23095629952)(2000002    -1127.4951493593)(2000202    -1480.86001257912)(2000102    -1121.66362866187)(2000001    -1427.46993014834)(1000000    -1203.18124386083)(2000100    -1680.84530238443)(2000200    -1410.36677027394)(2000022    -901.687579362217)(2000110    -1481.78815056542)(2000111    -1525.96934154506)(2000112    -1208.69310777612)(2000211    -1210.55271477188)
16 2      - (2000102    -1452.19544835475)(2000200    -1533.70198228002)(2000101    -1449.7773987749)(1000000    -1663.04185684546)(2000202    -1417.36935515364)(2000100    -1599.98753903359)(2000002    -1045.8526250384)(2000111    -1364.57860694397)(2000112    -1636.93788696108)(2000212    -1556.17443371355)(2000211    -1430.66674106747)(2000012    -976.870103763992)(2000201    -1414.15972078863)
17 2      - (1000000    -1557.65619506673)(2000201    -1530.9800923755)(2000002    -1575.54277080669)(2000102    -1515.93258320098)(2000001    -1109.39090328991)(2000210    -1096.01496192523)(2000022    -925.49405636895)(2000112    -1272.56786170703)(2000012    -1168.9441913767)(2000200    -1839.79052742779)(2000101    -936.184022754589)
15 3      - (2000202    -1518.86825074921)(2000001    -1305.95344821176)(2000002    -1528.41602995304)(1000000    -1406.46743060795)(2000201    -1401.88953711019)(2000101    -1452.39851226126)(2000102    -1419.79128536962)(2000111    -1402.68545490127)(2000212    -1393.34134934707)(2000211    -1692.53245755217)(2000210    -1336.85163629032)
1 13      - (2000212    -1648.34369478277)(2000200    -1477.55061261797)(2000111    -1504.79159287282)(2000201    -1487.13572657579)(2000102    -906.705532212318)(2000100    -1746.08831794408)(2000101    -1597.7645206171)(2000002    -1742.69785047546)(1000000    -581.12736972928)(2000202    -1722.42211667849)(2000112    -1547.17648427418)(2000110    -1416.48391890592)(2000001    -1717.53264550759)(2000211    -1381.20992044548)(2000022    -842.152757279657)(2000012    -1342.04407405828)
16 0      - (1000000    -1862.97760602614)(2000201    -1642.48393230379)(2000100    -1667.45684934882)(2000002    -1787.45110211838)(2000202    -1462.59810804629)(2000001    -1376.50593151149)(2000101    -1528.42517567667)(2000111    -1335.81557084052)(2000102    -1528.74006010696)(2000022    -911.09626585295)(2000212    -1453.17073726633)(2000012    -1108.93275335048)(2000200    -1534.00380889352)(2000110    -1018.7718105451)(2000211    -1361.71333531493)(2000112    -1325.41020741881)
8 4      - (2000102    -228.707934036752)(2000101    -728.269882081502)
18 3      - (1000000    -1362.56917950587)(2000200    -1747.83080612618)(2000201    -1552.07625300617)(2000002    -1365.9890792583)(2000100    -1432.28039967801)(2000211    -1470.95658866366)(2000212    -1605.99530563889)(2000012    -1134.64410536426)(2000110    -1403.07144197249)(2000101    -1776.33147349435)(2000102    -1072.56709998107)(2000022    -922.920313364811)(2000112    -1350.45287863696)
17 3      - (2000201    -1314.55253404583)(1000000    -1730.50863241177)(2000202    -1489.81886380547)(2000200    -1356.48947718988)(2000001    -1440.7013586647)(2000112    -1310.86176516149)(2000102    -1440.04224731104)(2000012    -1283.34948229368)(2000212    -1228.70688426362)(2000101    -1531.84525753348)(2000100    -1280.95121911679)(2000002    -1264.81215933257)
15 0      - (2000102    -1214.22999403478)(2000201    -1482.88502293498)(2000101    -1220.61668881269)(2000200    -1282.47340642916)(1000000    -1384.65573210473)(2000202    -1745.75731803086)(2000112    -1091.00320533445)(2000001    -1127.50722533668)(2000022    -876.723068866358)(2000212    -1074.44882091315)(2000100    -1326.32104449424)(2000002    -960.874540501734)(2000012    -912.800471945875)
5 9      - (1000000    -184.923790618428)(2000200    -1316.01056225336)
5 19      - (2000102    -160.462412133775)(2000002    -160.462412133775)
4 15      - (2000001    -326.897655484605)
9 3      - (2000112    -1297.45116928491)
4 8      - (2000100    -1154.18007215239)
8 5      - (2000102    -459.67088346407)(2000210    -159.97088346407)(2000101    -711.48331382808)
7 9      - (2000102    -427.375742046562)(2000200    -127.675742046562)
8 3      - (1000000    -343.13352621851)(2000211    -540.971950790625)(2000200    -224.358631665543)
10 3      - (2000202    -489.325019266688)(1000000    -1439.18806691661)
3 9      - (1000000    -1242.09309206203)(2000100    -765.867969222402)(2000201    -1213.70108909939)(2000200    -477.008422143804)
8 9      - (2000201    -451.010048989927)
9 7      - (2000101    -167.101657165145)
9 1      - (2000111    -897.433542067516)
7 11      - (2000100    -241.290186846874)
2 10      - (2000101    -168.153600272759)
1 9      - (2000001    -234.162162591858)(2000012    -393.823055260321)
4 9      - (2000200    -1418.6891529067)
0 10      - (1000000    11.4680731391106)
9 0      - (2000110    -221.785450472792)
4 18      - (2000201    -60.1093933845662)

