163
0 0      - (2000200    28445.949662405)(2000001    29398.831548366)(2000002    28638.4212439023)(1000000    28433.1108659366)(2000201    28994.3389638969)(2000202    28544.6110636466)(2000111    28976.5914135765)(2000100    28972.893971297)(2000101    29330.6371666613)(2000102    28482.3499079992)(2000221    28456.596108264)(2000022    28192.3733010327)(2000211    28557.2977804255)(2000121    28751.6577067015)(2000012    28391.4927482519)
2 1      - (2000201    24028.9343151275)(2000100    18717.7838732045)(2000022    25052.9155444372)(2000101    29321.842621924)(2000200    20606.5400311579)(2000211    25531.5235477418)(2000002    25502.5161749771)(1000000    24073.0159953439)(2000001    9972.89520696917)(2000102    20026.3382962114)(2000111    24929.5866642669)(2000121    25914.4054627436)(2000202    23779.0200656022)(2000012    24278.4953983809)(2000221    24564.2838597725)
1 1      - (2000201    26008.9833276602)(2000202    24447.4202484558)(2000100    23271.5818267636)(2000200    20793.5508076909)(1000000    23641.5238060921)(2000102    25174.6669055807)(2000012    26190.9863864204)(2000002    25269.3455012272)(2000101    29297.9204274295)(2000121    26201.1208588614)(2000221    21796.0922876924)(2000111    23810.2660980702)(2000211    22680.2632881991)(2000001    10154.1262831278)(2000022    21347.6789757998)
2 2      - (2000100    15597.3705850855)(1000000    22170.351746747)(2000102    25286.0739269751)(2000201    28867.3097170692)(2000111    24318.182521861)(2000002    24161.0282857041)(2000012    18934.4782529736)(2000221    25121.9781185015)(2000101    25313.815670395)(2000202    18056.7619958332)(2000200    15425.7958648084)(2000001    11670.4898663669)(2000121    24947.6951440063)(2000022    23607.3658188192)(2000211    26123.0016637547)
3 2      - (2000202    23324.9839491375)(2000201    26062.9631955076)(1000000    24642.6016917521)(2000200    18945.8737954382)(2000101    26691.2894284708)(2000102    23466.3216690907)(2000002    28254.1622740978)(2000022    24957.1778122128)(2000012    30038.0459015786)(2000001    10866.3022236727)(2000100    13849.8570515326)(2000111    25513.8951232211)(2000121    26051.1903546342)(2000221    26895.057747103)(2000211    26256.303530443)
3 1      - (2000101    27085.9491701449)(1000000    26003.7711069791)(2000202    26043.851549972)(2000022    25600.7368068754)(2000200    18690.3543085847)(2000002    27478.2367185106)(2000100    21774.8683282983)(2000102    24066.7719250788)(2000211    24251.1231484925)(2000121    25732.9098333464)(2000012    29873.9724170534)(2000221    25950.1038284251)(2000201    26936.6085974069)(2000001    11382.8010320164)(2000111    26798.4616545476)
4 3      - (2000101    19231.1116828265)(2000221    15291.4103090565)(1000000    23084.2632469094)(2000100    14702.2247656158)(2000202    20833.7395760407)(2000002    30078.7226128412)(2000102    22768.9134165822)(2000121    16983.2225381374)(2000201    19046.2276535527)(2000012    19248.0890808435)(2000211    19737.1292057163)(2000001    11985.9071477451)(2000200    11241.7026414937)(2000111    20458.0895949289)(2000022    18733.3545091831)
1 2      - (2000101    29165.9131027679)(2000002    23169.4029254155)(2000202    23195.5407435454)(1000000    25681.0004562565)(2000001    12112.6128769665)(2000100    24904.3589372675)(2000102    25961.8993246755)(2000221    24806.8252049957)(2000201    24853.7347942997)(2000200    19010.3326085436)(2000022    26290.2567422569)(2000111    26618.1744001291)(2000012    23791.7103123051)(2000211    26839.706058206)(2000121    25686.4419626335)
1 3      - (2000201    24489.7098683065)(2000022    26554.3108443615)(2000211    22253.7485461399)(2000012    29696.2258132845)(1000000    19450.3062119038)(2000200    14992.3315779668)(2000001    11420.6476326354)(2000221    22103.2148824595)(2000121    23447.4057402693)(2000002    19977.8022735958)(2000202    24292.5562245227)(2000100    14238.1729996121)(2000101    20294.5229026494)(2000102    22863.6347329936)(2000111    19299.9349363274)
0 2      - (2000100    17258.8346723672)(2000022    21274.2977501203)(2000202    25761.0426482886)(2000102    24534.7082502154)(2000111    29432.273311285)(2000002    26077.1785107914)(2000121    24000.2795514)(1000000    23929.5804914076)(2000201    25542.1255612676)(2000101    26136.8859522536)(2000211    23732.9229999478)(2000221    23254.2105931037)(2000200    19687.0922981795)(2000001    11066.980481247)(2000012    25635.0540014266)
2 0      - (1000000    24788.3150975216)(2000002    22397.0004448998)(2000200    16343.4471863912)(2000111    23301.7638506083)(2000102    22872.2311995761)(2000001    4703.34643937508)(2000100    21761.3088303769)(2000202    25089.7695266818)(2000201    25430.8996517952)(2000012    25264.8155471203)(2000101    29359.3985293093)(2000211    18743.9450717558)(2000121    24838.1492315014)(2000022    25600.0519848721)(2000221    24325.6685188972)
2 3      - (2000002    24440.1326053914)(2000102    27463.443425461)(2000100    13965.7040982246)(1000000    25607.837621877)(2000001    12218.4203367358)(2000202    20511.5846120506)(2000012    23088.128885894)(2000101    25528.5190234259)(2000201    26565.4060275952)(2000111    26120.7649881785)(2000121    25009.8245228074)(2000022    26110.9717691817)(2000200    13568.6612151516)(2000211    26085.1654801224)(2000221    29690.6930922794)
3 5      - (2000102    9460.70825200159)(2000101    15138.429158939)(2000002    9634.67120257262)(2000001    7837.84266244195)(2000201    28694.8766902451)(2000202    16721.8771898637)(2000100    12273.0355392898)(1000000    14082.4329324018)(2000121    11712.400986791)(2000012    12341.6141270632)(2000200    9629.70315173813)(2000111    10466.2370874474)(2000211    4722.5237782127)(2000022    5300.35210443672)
0 4      - (2000111    17687.1198487412)(2000102    12619.2846077144)(2000200    11690.188080392)(2000100    11885.3862707218)(1000000    21322.330625512)(2000002    29946.1442113547)(2000101    24570.246748358)(2000201    21261.8669691707)(2000012    22517.516149327)(2000121    21716.482913056)(2000211    20441.3410129963)(2000202    18039.6701132647)(2000022    18439.0300080614)(2000221    18868.7019805643)(2000001    7884.36121461651)
3 0      - (1000000    27706.0562672648)(2000100    19140.386042815)(2000201    25929.2712017006)(2000101    26030.5164811819)(2000111    20469.5883474069)(2000200    13244.8765152431)(2000002    25523.1570327204)(2000102    26414.511213373)(2000202    26264.0868167647)(2000221    25705.1850055105)(2000001    11884.1544859469)(2000012    29900.0165216809)(2000121    24218.4737353968)(2000211    25443.926450957)(2000022    26745.3160361313)
0 1      - (1000000    24833.2436339383)(2000121    25905.5089677508)(2000002    23360.3915575829)(2000100    23537.5013478743)(2000201    26373.1021753692)(2000101    27044.5235602567)(2000111    23164.8305084361)(2000202    26081.3919154832)(2000001    8793.39291542424)(2000012    26547.9675373885)(2000102    25866.8126253875)(2000211    29083.0719615313)(2000200    26264.8096086116)(2000221    26915.806400053)(2000022    26208.652303564)
0 3      - (2000101    25585.7264953191)(2000201    21975.120667008)(1000000    29073.8906829017)(2000022    23303.6993221733)(2000200    18200.9938588462)(2000211    23791.6742983782)(2000012    24069.2753832184)(2000102    23521.8079954427)(2000001    11324.4673854924)(2000100    20953.1435581708)(2000002    24654.5991755174)(2000202    23549.9887171942)(2000221    23226.6319535576)(2000111    24831.5927079754)(2000121    20165.000831561)
1 0      - (2000202    25178.4918768505)(2000201    25740.9517108451)(1000000    24842.5605221677)(2000211    27282.2097298715)(2000102    26386.9355830683)(2000002    26865.8948064148)(2000100    25658.6767636479)(2000012    24386.470866442)(2000221    27807.938969711)(2000001    7180.74752323987)(2000111    29308.9502508222)(2000121    25742.9187832743)(2000022    25348.590985298)(2000200    24493.5339699391)(2000101    25996.4784982652)
3 4      - (2000002    29985.5255393123)(2000012    23131.3510011795)(1000000    18311.8394170202)(2000102    21407.9884663766)(2000001    10707.3547001735)(2000111    24015.8467051672)(2000221    16387.9034684069)(2000201    20347.9587393919)(2000100    11073.73803273)(2000101    17446.2817397464)(2000211    20431.986110803)(2000200    13217.1039218971)(2000202    17178.8301783052)(2000022    18673.8757422475)(2000121    16010.3024277708)
4 4      - (2000102    11014.1967681732)(1000000    10482.4983296683)(2000101    28538.7764428446)(2000200    10171.529246391)(2000221    15060.273976006)(2000100    9422.53396790713)(2000002    20051.4859809745)(2000201    15249.3579975015)(2000211    9433.38403620733)(2000202    18043.1976725483)(2000001    6886.25294739564)(2000012    6992.45952368446)(2000121    14705.0025835934)(2000022    10241.7334998792)(2000111    14940.2705465996)
3 3      - (2000211    24281.7803727173)(2000200    10729.4667183236)(2000201    25612.4058593659)(1000000    23100.4475383508)(2000101    23357.9317341008)(2000001    12164.6442613952)(2000002    21989.1451735472)(2000012    23575.3691647034)(2000202    29029.1270116028)(2000111    21652.2622276463)(2000100    15254.193051326)(2000102    22904.4062926407)(2000022    25220.5669052405)(2000121    22249.386905643)(2000221    25734.2965541179)
1 4      - (2000111    17551.0223699395)(2000102    18769.39539454)(2000001    6008.48548553977)(2000100    10791.2934186292)(2000201    20210.3583960361)(2000221    15822.231142879)(1000000    28330.0774819251)(2000202    18981.3343448442)(2000211    21203.233917172)(2000101    19893.7719975505)(2000002    18347.9278077557)(2000200    8743.45828965204)(2000012    18811.7374124315)(2000121    23072.8482774859)(2000022    16193.6203870319)
3 6      - (2000211    5174.68168799892)(2000102    9583.03128194094)(2000200    11254.8173565433)(2000201    24815.7039569219)(2000012    2817.18204859653)(1000000    10727.9700215489)(2000101    6331.4334823922)(2000202    8865.72382143803)(2000100    12746.1421586248)(2000221    4226.95003320451)(2000121    4118.84755595881)(2000001    10869.5390011732)(2000002    8058.69062064815)
6 1      - (2000002    11698.5484915087)(2000102    9358.09938254863)(2000101    12891.4659661656)(1000000    10244.8124796596)(2000200    8431.21404595438)(2000012    7996.26934168074)(2000111    7478.01731657851)(2000201    9651.83912456666)(2000100    7728.2141095649)(2000211    6504.1484414049)(2000001    5102.24250984781)(2000022    9131.9716317071)(2000202    5487.70404956595)
2 5      - (2000101    8807.78026513307)(2000012    24777.9311736939)(2000200    15800.1505331887)(2000001    9845.34445330081)(1000000    16394.2221311666)(2000202    14716.3716484812)(2000201    18800.288038243)(2000121    13033.9229925674)(2000221    17278.0025463198)(2000102    12408.3641983498)(2000100    9179.80083702353)(2000211    16420.5955470177)(2000111    15354.2036119854)(2000002    29482.4925458828)(2000022    17166.1040415156)
4 0      - (2000202    10804.8742690912)(2000111    17064.0218459404)(2000102    15586.2162093612)(2000101    28096.6402642617)(1000000    14688.3345854682)(2000002    19702.1737050823)(2000201    18751.8877884609)(2000001    7861.77775690349)(2000211    15744.6481726221)(2000200    9847.6002895239)(2000022    8686.23278630407)(2000100    14354.2842541493)(2000012    20665.3531516009)(2000121    20369.6362030891)(2000221    12997.9800319592)
1 6      - (2000002    25505.6172801167)(2000200    6422.80045794149)(2000201    13012.0826387943)(1000000    15283.7903884475)(2000022    4264.03985866851)(2000101    10246.9064017878)(2000001    7030.30851777644)(2000211    10754.8984017864)(2000111    13684.4553928757)(2000012    5916.49391599563)(2000221    6562.62527030388)(2000202    7656.16633756896)(2000102    14616.7478977048)(2000100    9283.33505054718)(2000121    9311.44760137668)
4 2      - (1000000    28372.6208669044)(2000202    13444.7187306445)(2000201    15758.4130656005)(2000002    18304.1726733001)(2000101    16115.8982629526)(2000001    10289.3821695284)(2000102    22748.5646382753)(2000211    21411.105656867)(2000200    10174.3486304583)(2000111    16438.987833321)(2000012    16904.6547258446)(2000100    10814.1366196323)(2000022    23157.1695195056)(2000221    4270.58312866679)(2000121    12382.5841671425)
5 6      - (2000202    10658.5639175778)(2000101    10145.5771632587)(2000102    6634.18042887662)(2000100    9730.08909433568)(2000002    9976.26354700166)(1000000    7501.72596292431)(2000111    4873.28862555898)(2000201    10764.4288027364)
5 1      - (2000121    12736.4036306835)(2000101    13613.8127643561)(2000002    28864.5311253613)(1000000    11906.7343526289)(2000202    15133.8763830271)(2000111    12637.3279831187)(2000201    11700.9116539224)(2000211    12175.8301597876)(2000022    8372.70328293864)(2000102    11428.1478513093)(2000221    6716.10234399826)(2000100    10446.5235865614)(2000200    12344.1268876661)(2000012    15139.5041361995)(2000001    8579.32082068375)
5 2      - (2000022    11235.135876789)(2000102    12809.4268155743)(2000211    8403.53954318516)(2000001    8010.62996089522)(2000101    26542.7515310614)(2000200    9711.25142978593)(2000002    17175.0473169169)(2000111    4970.88829174107)(2000202    17596.9862404362)(1000000    12079.3598904101)(2000100    9847.9496215673)(2000012    11984.7996272494)(2000201    11220.8104830175)(2000221    13268.0730347422)(2000121    13371.3960082606)
4 1      - (2000111    21481.8129438688)(2000201    21554.1354080059)(1000000    20826.2629646068)(2000200    13742.5954905645)(2000100    10159.1137108717)(2000202    20212.2730660652)(2000102    20522.1956151738)(2000002    16370.2084321535)(2000001    11231.8391686127)(2000101    28599.3219589094)(2000121    14453.9960210442)(2000012    24976.4439916389)(2000221    18550.8168480021)(2000022    20929.0830885286)(2000211    20385.5430891375)
1 5      - (2000211    6949.59362710373)(2000102    18319.5333821932)(2000202    13939.7710464607)(1000000    13203.9290507435)(2000012    11738.0640484771)(2000201    10192.1518330395)(2000121    16279.7754696256)(2000101    27807.4028829603)(2000200    10648.2364046873)(2000100    10787.8376872288)(2000002    11240.0025183918)(2000221    15710.869745246)(2000111    12106.0297757628)(2000022    11931.8344133853)
5 0      - (2000102    10741.3982737791)(2000100    12297.3732837118)(2000201    10767.9762369892)(1000000    15001.3731985015)(2000121    8964.63219878806)(2000221    2435.53366907034)(2000002    12954.1251684894)(2000101    27633.3764477389)(2000001    5365.42464007903)(2000200    10985.1422532713)(2000211    11168.4563812315)(2000012    17716.1163483403)(2000202    10583.8859277748)(2000022    7970.7681537722)(2000111    7937.69869847498)
6 4      - (1000000    6124.07126948172)(2000101    -0.268)(2000002    11324.2352199206)(2000221    3491.18482265002)(2000102    7797.28537234224)(2000211    4351.30370062234)(2000202    4903.34630922842)(2000100    4136.40216445486)(2000012    5559.77983280125)(2000201    8453.99455736748)
7 7      - (2000102    11035.8104405558)
6 2      - (2000012    5166.35363501046)(2000022    797.147227783298)(2000121    5735.25793364952)(2000201    10731.7836761162)(2000002    12661.1651118025)(2000100    1414.06800646627)(1000000    7299.94133110393)(2000001    4846.64196766354)(2000221    -0.5)(2000202    7036.82787675553)(2000102    5895.44413769863)(2000101    10522.0672346579)(2000200    4047.93247437055)(2000111    4677.31161621297)
7 3      - (1000000    9699.05498286194)(2000111    3897.52229194918)(2000201    7964.04059708985)(2000200    6567.03439661446)(2000102    5753.14079805973)(2000100    6297.61259166866)
0 5      - (1000000    11094.4334454425)(2000201    16916.0381708777)(2000102    16519.3364248991)(2000101    19296.2777230835)(2000001    11376.7535518751)(2000111    12564.0369981823)(2000211    13062.9395835927)(2000221    17004.3937863406)(2000012    5307.65802383709)(2000202    12860.7304020548)(2000100    11934.1179935477)(2000200    11207.2916085123)(2000022    14257.0246417483)(2000002    29270.0160809659)(2000121    13893.3772861411)
2 6      - (2000121    -79.0238428002475)(1000000    11928.6027315183)(2000201    6321.46810591588)(2000101    27317.7681572006)(2000202    9115.2162196525)(2000100    6856.64620787458)(2000022    3025.21317578486)(2000012    2342.26487635556)(2000211    7143.67746876244)(2000102    9465.88705099989)(2000111    3642.9373752168)(2000002    12882.0403546982)(2000200    5734.74950243388)(2000221    7032.25859320368)
5 3      - (2000012    9772.41943619221)(1000000    14839.279682805)(2000202    9872.51718027213)(2000221    13273.0110327781)(2000111    10968.6159731722)(2000211    4493.12749628593)(2000201    18057.4052550453)(2000121    2898.51903737867)(2000100    8029.68369255158)(2000002    29325.3316560595)(2000022    15195.5117317258)(2000200    8492.31557139449)(2000102    9977.57734058371)(2000001    6741.84911110276)(2000101    13270.0247695026)
2 4      - (1000000    21198.9727225109)(2000002    29880.499643564)(2000012    18051.5350876222)(2000101    21027.2534174655)(2000221    22019.7435894261)(2000202    14859.2356667)(2000100    8878.19222787464)(2000201    20526.529371138)(2000102    20972.9072154878)(2000001    9364.55680143716)(2000111    25245.409832754)(2000200    13427.4702874642)(2000211    21779.2537460599)(2000022    21838.2281234099)(2000121    21629.1840770187)
4 5      - (2000001    10419.833064256)(2000200    8469.0934056583)(1000000    15576.1845583928)(2000002    14067.8767979188)(2000111    6600.1428227025)(2000102    27816.7033487769)(2000100    10200.8836905965)(2000211    2292.05486469137)(2000201    11475.5008590583)(2000012    10068.3264769573)(2000202    10740.2251362673)(2000022    11799.863111348)(2000221    8815.3479588033)(2000101    7224.29906312478)(2000121    3858.95158632337)
6 3      - (2000221    565.485040047934)(1000000    12709.5066287331)(2000121    3059.57727169579)(2000102    2860.43818835233)(2000200    4919.47391787297)(2000002    5824.71917550702)(2000211    3871.64165143733)(2000201    8418.00849032977)(2000100    7434.77830594305)(2000202    4647.83663736961)(2000001    4458.50424516489)(2000101    6026.22170190469)
5 5      - (2000200    6175.83119809328)(1000000    26347.0662426658)(2000111    1231.72846843273)(2000121    5039.90321764427)(2000202    10305.9326463185)(2000102    9862.15762646706)(2000201    6775.03322136247)(2000101    10578.8954109533)(2000001    10280.2608588705)(2000100    8622.318787262)(2000002    3854.5995802024)
6 5      - (2000002    11137.2483229026)(2000201    7335.96262221774)(2000121    2412.33432074312)(2000012    2412.33432074312)(2000111    2192.85117006027)(2000100    6421.5250890935)(2000200    5785.3781514331)(2000022    5544.1597023162)(1000000    9388.36334003265)(2000102    5093.66534405802)(2000101    5841.68495392182)(2000001    5102.23189820351)
0 8      - (2000211    5116.65820107624)(2000102    4959.96576233392)(2000101    9923.32885090326)(2000001    5306.9013577195)
5 4      - (2000101    9526.98518429368)(1000000    10822.9978588328)(2000012    4351.64872571422)(2000200    8832.75786983245)(2000201    13448.0168125106)(2000102    9510.04368334541)(2000202    11121.4806170436)(2000001    7919.29909576012)(2000002    28081.8954079452)(2000100    8754.14738948159)(2000022    15865.5950596147)(2000221    7179.33598816765)(2000111    9175.13743562547)
6 0      - (2000002    12353.0694690937)(2000102    2891.43495603977)(2000200    9567.7122171329)(2000201    7113.85386467189)(2000111    2265.25786896873)(2000022    2492.91237061202)(2000100    6460.89993807282)(1000000    11675.661835661)(2000101    3405.64502252398)(2000001    7673.2034999448)(2000202    4801.23696209042)(2000012    4473.80838672789)
7 2      - (2000201    11892.5481201021)(1000000    9057.32103483729)(2000100    3903.12638092824)(2000102    6816.44747579737)(2000200    3360.67064852217)
7 0      - (2000121    4770.0089747504)(2000201    4038.77061997624)(2000012    7826.04042336357)(2000221    2795.49756570242)(1000000    8893.66170278751)(2000100    3912.75221168178)(2000101    3912.75221168178)(2000202    3413.02021168178)(2000001    5982.61370688813)(2000200    5982.61370688813)
4 6      - (2000202    9611.07188780368)(1000000    8275.43013951936)(2000111    2013.04897341469)(2000101    4380.97117262602)(2000002    2599.34425950912)(2000201    9596.8136362044)(2000102    5089.71472046043)(2000100    9083.96038773326)(2000121    5252.42389291652)(2000200    5388.26256883203)
8 0      - (2000100    1245.08642003289)(2000202    5545.14502001268)(2000111    -0.5)(2000001    5150.72666000964)(2000101    644.119693336368)
6 7      - (2000211    1925.84416474744)(2000002    10553.7018314554)(2000001    3459.6972219267)
7 1      - (2000201    11086.8768557819)(1000000    7571.95523938354)(2000001    2623.33387015847)(2000211    3449.23517022631)(2000002    5627.38265282401)(2000012    4604.52241505875)(2000102    3849.66725037691)(2000101    5820.06761522756)
0 6      - (2000211    3992.78012934985)(2000100    7800.73941112153)(2000200    5123.91725122104)(2000101    7647.45372673914)(2000102    8947.41409421401)(2000002    23536.2193552141)(1000000    9714.28589628532)(2000202    5265.07001544893)(2000201    6835.75714116848)(2000221    3124.4075523177)(2000111    7752.7414201157)
6 6      - (2000211    2555.63769277472)(2000102    9481.88541411891)(2000202    1553.5535137806)(2000201    3913.82211454095)(2000002    9712.48521793231)(2000100    7905.80344980268)(2000200    8306.47432406021)(1000000    5066.13324213765)(2000101    5565.86524213765)(2000001    5522.75770299139)
6 9      - (2000002    2318.52894202186)
7 6      - (2000200    10964.4924171573)(1000000    1149.84358602132)(2000102    2965.57005881637)(2000121    5241.42455521333)(2000100    4526.13898012559)(2000201    6177.41850639684)(2000111    5441.91602937164)
3 7      - (2000100    2262.86065101041)(2000002    7115.71566153159)(2000022    3003.64553294585)(2000221    3416.25949515306)(2000202    1208.12974757653)
7 5      - (2000202    9821.79356375367)(2000102    971.6420507604)(1000000    971.6420507604)(2000002    5395.52869058699)
2 7      - (2000002    1460.3705919577)(2000012    972.459289892495)(1000000    6592.6841814869)(2000201    1217.93053886221)
8 1      - (2000111    8533.51041547086)
7 4      - (2000101    -0.268)(2000200    2893.02398643792)(1000000    11205.3730232536)(2000202    1446.01199321896)(2000002    5519.93689197555)(2000201    5949.97671349579)(2000102    5920.13132990368)
9 2      - (1000000    2353.60350882483)(2000201    3280.63406323725)
2 12      - (2000201    22520.9518993057)(1000000    20927.5691993881)(2000002    27909.7024247462)(2000100    3380.1568246165)(2000202    21210.6516063589)(2000102    22755.4076814691)(2000101    20262.2111286105)(2000001    2842.86340483842)(2000012    30383.6336017967)(2000121    7634.85896732335)(2000221    17687.1271325868)(2000211    20095.9553274412)(2000022    23076.8022262384)(2000111    13530.8541468061)
14 2      - (2000100    4921.41628567054)(2000211    9492.93344027574)(2000202    29040.3534987903)(2000201    17650.5089792675)(1000000    13125.0536545558)(2000012    8577.76056474523)(2000102    11678.9536194443)(2000200    1470.071376786)(2000101    1761.1970465117)(2000121    12857.2085756475)(2000221    11742.2476757081)(2000111    7970.42375805042)(2000022    14651.1786401906)(2000002    16107.8143224594)
13 2      - (2000201    28995.886179174)(1000000    14947.768454431)(2000211    18873.9433156506)(2000002    3004.38445893848)(2000102    8301.16480206669)(2000221    8293.40140366535)(2000101    9914.91635136524)(2000121    13349.7459315482)(2000022    15620.7812679314)(2000202    4526.62854539327)(2000012    15631.5831159215)(2000111    11066.8985806976)
12 0      - (1000000    17623.2243379793)(2000201    29665.0135184337)(2000002    10158.1574065626)(2000101    12041.8206554638)(2000202    14197.9177533052)(2000001    1459.32165594652)(2000221    7974.53355584049)(2000200    1456.55962694083)(2000121    13396.1112199652)(2000102    17332.4495157167)(2000012    15495.7117558169)(2000211    3627.87974152868)(2000111    4997.53098719139)(2000022    6730.0786204725)
0 12      - (2000102    17180.9080441522)(2000200    2635.01860844313)(2000001    2488.82107287859)(2000101    23700.8025973218)(1000000    26338.5932454902)(2000201    19930.0375242768)(2000002    30286.643475221)(2000202    24508.451611661)(2000100    1563.3112249285)(2000211    15973.3057856949)(2000012    15364.2184972567)(2000111    15562.7460604499)(2000121    21498.7148418971)(2000221    8992.94877640648)(2000022    4477.84965992184)
3 15      - (2000202    22717.2638410084)(2000102    20802.7734231987)(2000012    18719.1254706221)(1000000    20908.603797588)(2000201    18079.9772713925)(2000002    29783.5687796287)(2000022    21860.9549469171)(2000001    728.812181390904)(2000200    11500.009401795)(2000111    18166.7759696022)(2000211    22220.2631276674)(2000221    21344.790047162)(2000121    20786.80616081)(2000101    15091.1928354263)(2000100    11795.1934767413)
1 12      - (2000102    16576.1486130398)(2000002    17773.0329410936)(2000201    16325.107828068)(2000200    3173.86950468079)(2000001    3541.07321288369)(2000101    22750.7454453873)(2000202    22037.4876736704)(1000000    29592.5703189414)(2000211    19536.3642710249)(2000022    9675.52557055745)(2000121    13689.5950520684)(2000221    22695.1243426873)(2000012    26402.6287723452)(2000111    11983.2429796227)
15 1      - (2000102    29072.8152223288)(2000100    4756.92673281163)(1000000    9763.14868063969)(2000001    1634.34852965627)(2000201    11926.4997841523)(2000221    9429.09738250412)(2000111    3485.95732416629)(2000002    14902.9274485913)(2000101    9681.68811491027)(2000022    15848.7611579427)(2000211    8159.59615351573)(2000012    17199.8685189164)(2000121    7679.1764759829)(2000202    4943.75051974685)
2 15      - (1000000    16766.0064854745)(2000101    28569.1511335187)(2000202    22392.8506299287)(2000221    12671.5245770087)(2000200    5314.2183377498)(2000022    11461.5559168126)(2000002    19933.3965383093)(2000201    24175.7850342251)(2000012    19125.5354224598)(2000111    21386.3320800144)(2000100    8084.65587827221)(2000102    19875.5953087819)(2000121    15546.3679653993)(2000211    19394.4608876274)
3 14      - (1000000    20845.9178225873)(2000211    16147.2347900018)(2000202    15794.9892643903)(2000022    19910.1632440469)(2000221    18809.7272225379)(2000102    13623.640930301)(2000101    22197.9064551527)(2000111    18932.3526221854)(2000012    30146.1665677587)(2000100    3018.15360614033)(2000201    24794.2648661179)(2000121    19374.5966650304)(2000002    13511.7937180626)
15 2      - (2000012    6543.6462601447)(2000201    28222.8192839011)(2000002    13623.6637789085)(1000000    11253.8314257304)(2000102    8651.32468638811)(2000202    7564.63455446829)(2000211    8687.23838550773)(2000101    13129.4053664602)(2000100    4891.29082406824)(2000200    5236.69186015028)(2000022    16778.3240386402)(2000221    5326.88173160171)(2000121    12428.2952411929)
2 14      - (2000100    4725.23435339641)(2000200    4431.38694190928)(2000201    29007.565478682)(2000221    15626.8208367655)(2000101    21912.719471139)(1000000    18243.7994180606)(2000202    23184.1591249066)(2000002    13805.0930298692)(2000111    20878.751495426)(2000022    14772.6270885967)(2000001    2922.51630280285)(2000121    15844.5831111142)(2000012    19711.1740666784)(2000211    15553.6376399866)(2000102    21142.1549744131)
0 15      - (2000102    17477.2211559923)(2000121    21265.2807142221)(1000000    23721.4161857055)(2000201    19029.387163462)(2000002    23225.1494543517)(2000022    15571.3115714525)(2000100    10101.4197560193)(2000101    28698.9944861498)(2000012    18589.2584460264)(2000202    21153.8757721349)(2000221    19608.0831903703)(2000200    13442.3774210751)(2000211    21303.5736716822)(2000001    3326.23290924678)(2000111    21797.1999705238)
0 16      - (2000101    17656.6243444252)(1000000    18934.7196887901)(2000012    13266.2404844749)(2000200    13558.3999158267)(2000002    29844.6707278549)(2000221    20685.6568788297)(2000201    19421.4731667349)(2000102    22082.960113725)(2000211    18539.7309885172)(2000001    9225.81201493)(2000111    17375.272451491)(2000202    15640.3059861618)(2000121    19259.2276729154)(2000022    22055.8537545638)(2000100    16240.4628584833)
3 17      - (2000022    21784.4344431777)(2000012    14277.7127742916)(2000002    22312.5088580272)(2000201    21507.9216925386)(2000202    17863.9598718848)(2000200    14620.1674982671)(1000000    18156.052879167)(2000101    28623.1403690541)(2000001    10663.5813845452)(2000211    17653.4430560401)(2000111    19846.9957547717)(2000102    18340.2068623805)(2000100    20409.8410742559)(2000121    20238.9097290069)(2000221    18451.370452212)
3 13      - (2000100    3272.28030212106)(2000101    16005.0537496229)(1000000    29066.6584284678)(2000202    13133.2351596095)(2000200    1041.9505365655)(2000022    24534.5943896609)(2000111    22040.2252886636)(2000201    16402.8193038275)(2000102    16465.6260355705)(2000002    18920.3868461261)(2000121    19541.3874240109)(2000211    21396.6391655357)(2000221    21747.0548348857)(2000012    19685.1363770038)
3 16      - (2000111    18103.1129555331)(1000000    13324.6367313691)(2000002    27860.1053742602)(2000202    16292.5421504944)(2000022    29859.809558015)(2000012    23247.025402287)(2000102    22963.1274133222)(2000100    12388.9347885282)(2000201    19078.6815873197)(2000121    15922.731711296)(2000200    10048.3929891814)(2000001    6025.50135484517)(2000101    21325.3025355419)(2000221    18031.8407766456)(2000211    12833.6354286927)
16 1      - (1000000    17734.7512838238)(2000102    18800.5475742141)(2000002    18059.6130980128)(2000111    8226.34663691898)(2000101    28340.7021044923)(2000211    887.35572458852)(2000200    9919.04435248742)(2000100    13979.2595132945)(2000201    13773.6882538032)(2000202    8453.24783219134)(2000121    12365.2333353129)(2000001    6477.02636498387)(2000012    6642.11252576903)(2000221    5725.71230718134)(2000022    6714.58257222682)
1 18      - (1000000    20284.7114543771)(2000101    16521.0920759857)(2000200    16014.266848404)(2000102    13104.6391319883)(2000202    19253.34893551)(2000001    10694.1348626021)(2000100    17571.5406188835)(2000002    20160.3037790883)(2000201    19593.3356009324)(2000012    17773.9658024283)(2000111    28852.8124758062)(2000221    12520.0959995699)(2000121    18216.7920412577)(2000022    19192.2357846198)(2000211    18400.2304237105)
0 17      - (2000211    20777.7901479866)(2000200    17606.2096411365)(2000100    18434.8451348042)(2000001    10373.2769595867)(1000000    18727.4255450321)(2000002    24031.4133415351)(2000201    25077.2244596224)(2000012    18470.5127098879)(2000202    18707.6015742631)(2000121    24329.6659604965)(2000102    23218.2598925781)(2000111    23840.28568561)(2000101    28956.338323857)(2000221    20404.4005452811)(2000022    23497.8823516356)
0 7      - (2000111    1830.68347295536)(1000000    11294.0581915036)(2000100    5250.19032467427)(2000121    5249.94032467427)(2000200    3477.43452436934)(2000102    4502.94681265351)
3 12      - (2000200    3662.32177379775)(1000000    20667.3228542494)(2000202    22883.3906112166)(2000101    20546.2275992833)(2000100    9464.72682480243)(2000102    22928.0328115442)(2000201    20317.9090767226)(2000002    30334.5766983805)(2000111    20898.5086027284)(2000001    2398.74406988559)(2000012    22245.196477295)(2000211    21569.9070870281)(2000121    11196.9617151515)(2000022    15587.5642706645)(2000221    13800.0433914806)
0 18      - (2000001    12452.1208905993)(2000202    18006.0124691343)(2000102    18427.2741883266)(1000000    16718.5256956459)(2000101    15720.2416271675)(2000111    18726.2933386104)(2000012    15692.0725879722)(2000121    14650.4004635484)(2000201    28546.980227894)(2000002    18088.4868163146)(2000100    14647.2819752829)(2000200    15261.214358351)(2000211    16143.0686600563)(2000221    12113.7455103927)(2000022    10717.583852056)
0 19      - (1000000    17176.9031498931)(2000102    13904.9573559481)(2000001    10562.5420469902)(2000101    28653.2520032897)(2000200    10803.7118113247)(2000221    13176.3432286397)(2000202    12751.3409378163)(2000201    11347.0364659819)(2000100    13849.7247235264)(2000002    14477.1399966151)(2000111    12709.0430865631)(2000211    11199.0396545958)(2000121    13874.0137807731)(2000012    10309.5517840679)(2000022    5020.39873977136)
1 14      - (1000000    26651.0116116316)(2000001    3774.92910925581)(2000200    3975.07156128989)(2000101    18938.4838631178)(2000201    15549.9016873612)(2000100    3116.17381671053)(2000211    14004.9912230012)(2000102    18413.1762475425)(2000202    17917.5193987135)(2000022    22223.3285679593)(2000121    15458.8199085664)(2000111    17746.5858495174)(2000221    16720.0079840087)(2000012    30279.7843085046)(2000002    11742.1038504989)
16 3      - (2000002    22372.3863438013)(2000102    11210.5535538839)(2000101    12584.4958801454)(2000100    7346.66715232883)(2000001    3081.5542126382)(1000000    21240.5364442859)(2000202    14883.4507233673)(2000211    28658.4434944029)(2000012    19007.0202768909)(2000221    18072.7035837291)(2000111    11728.4718759792)(2000200    15081.2653762762)(2000022    10679.3699627861)(2000121    10659.3083236997)(2000201    8126.7582733989)
1 13      - (2000100    4165.10367657855)(2000200    2387.44084281249)(1000000    20007.9029467978)(2000102    22112.7865379103)(2000001    2867.01105077095)(2000101    27190.5599547755)(2000201    15511.6268844187)(2000121    23812.2242587959)(2000202    19174.9752539925)(2000002    21215.4354812749)(2000211    20134.4814947834)(2000022    19206.1313636797)(2000111    22676.842735435)(2000221    19785.0392743949)(2000012    30336.9095987161)
14 1      - (2000001    1997.98952051518)(2000211    29223.8463865051)(2000102    7453.84333122407)(1000000    18107.9209731058)(2000012    1296.11464831674)(2000200    1084.99559705724)(2000111    8087.12471309324)(2000202    19627.1730587772)(2000002    2741.62142980695)(2000221    7275.13563510935)(2000101    15788.5339965807)(2000022    14342.4333018232)(2000121    9321.88607227246)(2000100    4851.78550826092)(2000201    11051.581448934)
2 18      - (2000211    16975.9314774453)(2000200    17972.2647809534)(2000102    13551.1092242321)(1000000    20272.2773626423)(2000202    14165.7816221915)(2000201    11189.939491218)(2000101    28586.8624406445)(2000111    13448.4693734317)(2000012    18174.2349518876)(2000001    11367.3119626503)(2000100    17147.7983214625)(2000002    20836.6452649722)(2000121    8087.97337134124)(2000022    16639.1920224949)(2000221    10538.2337606619)
18 0      - (2000201    14622.9609929938)(2000002    18898.2822608559)(2000001    12466.0643978025)(2000101    28604.9105891229)(1000000    11154.8787279412)(2000100    12494.7874122609)(2000102    17377.6205644)(2000202    17441.4396964219)(2000200    10795.7073380216)(2000022    6517.81437434171)(2000111    11572.1295017)(2000211    17067.9564275624)(2000012    13579.0928567995)(2000221    10825.4060242939)
15 0      - (2000100    7379.3839838705)(2000211    7816.71966612458)(2000200    7804.27139933491)(1000000    7058.39339435618)(2000121    12449.5076962574)(2000002    29786.5070088144)(2000022    12513.6084582158)(2000102    14867.1202967749)(2000101    9700.53403643075)(2000012    9216.73499149666)(2000201    16354.9497021105)(2000202    8050.86430814254)(2000221    10084.2556139054)(2000111    11980.3767675386)
19 0      - (1000000    11388.5976646449)(2000002    11017.059833222)(2000100    10672.1637169538)(2000001    10981.2322179815)(2000202    11336.0406877993)(2000200    10817.9018740546)(2000201    23583.7973374985)(2000211    10467.8799921069)(2000101    11538.1901098843)(2000012    10567.3255375921)(2000102    10898.1610641297)(2000221    8652.63567157771)
8 2      - (1000000    11663.6897807838)
3 19      - (2000200    18869.4290494949)(2000101    15918.9554799569)(2000100    14307.0831898223)(1000000    12250.5428415387)(2000001    11623.2689022971)(2000002    12425.6691227249)(2000201    15264.5648400804)(2000202    13003.4356750136)(2000211    11206.2051391244)(2000102    11228.2840367954)(2000012    27121.5312585025)(2000022    7765.21289219782)(2000111    8266.81972353511)(2000121    12228.3249334687)(2000221    12258.3215281779)
3 18      - (1000000    11682.1043739714)(2000100    11688.5155592202)(2000211    15928.0234446206)(2000202    15659.5998064891)(2000200    11327.9877600043)(2000012    19169.3319555221)(2000201    13784.8261338205)(2000002    13992.1120466764)(2000111    27951.3932031616)(2000101    11698.5621145781)(2000102    14089.6306023812)(2000001    12629.3396416416)(2000221    14682.5807856586)(2000022    13887.4583360293)(2000121    7300.80370036889)
2 13      - (2000002    30291.0196436273)(2000201    14322.635231513)(2000101    19556.3872956608)(2000200    2601.93342794889)(2000012    11374.5817130868)(2000211    21104.4648166693)(2000102    18894.6213069161)(1000000    24437.538982463)(2000100    1427.6703241767)(2000202    17650.6058506472)(2000022    20377.4209421866)(2000221    18137.976682638)(2000111    21431.7203138589)(2000121    14302.4658221722)
2 17      - (2000200    15652.6340747902)(1000000    23857.527187669)(2000201    22686.0376594945)(2000012    23971.4073473177)(2000001    10745.4885613382)(2000022    19853.7708331524)(2000002    21973.0163507046)(2000121    23311.04839113)(2000100    11936.5555550978)(2000102    21927.8688140645)(2000211    19463.975109327)(2000202    23857.4790393654)(2000221    19444.2088006014)(2000101    29026.1166521857)(2000111    18114.4707464393)
0 13      - (2000102    22819.4509500716)(1000000    29549.203260745)(2000002    11519.7627586184)(2000200    6796.860884463)(2000202    17383.8792840815)(2000101    19073.2027272598)(2000100    4307.56610331367)(2000211    16683.9935306723)(2000221    19305.0283619666)(2000201    5908.52788360798)(2000022    19089.8212593905)(2000012    20977.5402480057)(2000111    17161.9399853657)(2000121    21258.2346485644)
18 1      - (2000101    28343.6589101291)(1000000    15222.4081411225)(2000121    17081.7843625805)(2000102    18757.7083383746)(2000022    9604.43765283008)(2000200    11304.3854894478)(2000001    10925.3697856663)(2000201    17982.2191653762)(2000202    15171.6996665669)(2000002    14917.388431009)(2000100    13082.3407778815)(2000111    19705.5017852468)(2000221    10972.2649828364)(2000211    3536.58490986119)(2000012    14463.7752661113)
18 2      - (2000202    17893.9099913788)(1000000    27813.2511447303)(2000201    13338.5780192985)(2000102    13532.9715181911)(2000100    25348.2743069035)(2000200    18603.9860956574)(2000001    8087.86033514464)(2000002    12413.080809452)(2000101    15628.8503672664)(2000121    13438.5166754794)(2000111    15493.792577708)(2000221    14523.9987180071)(2000012    6653.81464991999)(2000211    14060.4667361825)(2000022    8917.30696320029)
1 19      - (1000000    19171.3456469805)(2000221    12558.0167591823)(2000022    11784.0977317712)(2000100    10632.8545726727)(2000001    10233.966815552)(2000202    11413.3849126601)(2000002    16812.5313445688)(2000012    14086.9050672327)(2000102    15692.359115264)(2000201    15361.1286570307)(2000101    28538.4439693222)(2000211    6933.00477649738)(2000200    13502.3548777996)(2000111    14327.0158749374)(2000121    7569.99572096362)
2 16      - (2000101    19030.2055937724)(1000000    12544.1801579689)(2000200    12147.2914948119)(2000022    17978.0737618254)(2000102    13826.6280769209)(2000202    13970.7182070754)(2000211    11463.843344236)(2000201    17921.2241884115)(2000121    18140.9288353433)(2000012    29713.6890192858)(2000100    9367.61989489437)(2000001    1986.02981720855)(2000002    24006.9980209018)(2000221    20137.2204575516)(2000111    13387.0855112271)
12 3      - (2000201    28926.7284997136)(2000100    4278.64029428652)(2000211    10779.3887392533)(1000000    11697.0355980331)(2000002    7007.97172884562)(2000102    10854.6105566682)(2000001    2094.05334773789)(2000121    4474.13936237831)(2000111    15191.4888983972)(2000101    16497.0801905515)(2000221    9084.52220722693)(2000202    11061.1972133136)(2000012    5100.11820063027)(2000022    12552.8618571766)
1 16      - (2000001    10004.7100087308)(1000000    20097.7394467168)(2000101    20374.9845190262)(2000100    15702.2494321731)(2000201    22732.8882541803)(2000202    19954.8572882843)(2000111    23676.3011855934)(2000102    22100.0872902548)(2000002    29810.2768470261)(2000121    22472.7573359161)(2000200    12604.5701684617)(2000221    18772.9762187981)(2000022    23008.8459545045)(2000012    20818.4272936801)(2000211    17318.82549638)
15 3      - (2000012    19155.8461267049)(2000022    10556.2574310722)(2000002    29530.1615765591)(1000000    21366.2287560486)(2000100    1919.76280019569)(2000202    12907.3088484678)(2000201    19873.9285983839)(2000221    17273.5186289073)(2000102    14888.2651783523)(2000111    11053.4431871731)(2000101    19720.878543717)(2000211    18566.3785835457)(2000121    14404.4704324477)(2000200    5264.2305173237)
13 1      - (2000002    30150.5911818095)(2000101    19945.3161642923)(1000000    13841.280885674)(2000102    14051.0171956966)(2000001    3429.00974259616)(2000121    9558.34392868097)(2000202    4244.06924379298)(2000100    3052.53431755019)(2000200    2506.00963806849)(2000201    16681.4091294177)(2000211    21992.5363155492)(2000022    17327.4556675139)(2000221    9850.46599480313)(2000012    4780.94459798637)(2000111    11257.3715532364)
17 1      - (2000202    12432.3562779983)(2000100    9247.67631706942)(2000201    10915.169968599)(1000000    17705.7511477305)(2000001    11556.4350031003)(2000002    17874.2672767637)(2000200    11621.3202839506)(2000102    12411.5705837403)(2000101    28025.1374511892)(2000211    13760.8079235907)(2000111    10339.2804011158)(2000121    5618.56288026193)(2000012    10853.1450817787)(2000221    7657.88252813101)(2000022    8767.46160015038)
2 19      - (1000000    11502.8360364093)(2000012    10288.9906802735)(2000002    17142.1357043541)(2000201    16575.6548864432)(2000100    12321.7477368116)(2000200    27825.9723815986)(2000102    13908.4703729336)(2000121    6771.31120087836)(2000022    14527.6701777468)(2000101    12403.883403545)(2000001    12154.9424905499)(2000202    13988.2212664201)(2000211    14935.8185143781)(2000221    5699.74648142166)(2000111    11506.0464765501)
1 17      - (2000201    18928.7094229771)(1000000    16157.661849637)(2000100    16202.0920203596)(2000002    19997.7765883177)(2000012    18912.0049733387)(2000211    18455.7642184094)(2000111    23448.3067584373)(2000202    17850.6191490933)(2000221    24467.8481377607)(2000200    13602.685703357)(2000102    18344.0557117237)(2000101    29139.6700836297)(2000001    11762.8909043292)(2000022    24768.8509624164)(2000121    21595.8740328964)
17 3      - (1000000    18192.0918821202)(2000102    10556.181439448)(2000001    7888.49986631088)(2000100    15011.6159006568)(2000002    19066.6438956864)(2000202    28117.9363341418)(2000200    16176.0010560195)(2000022    14028.3798455899)(2000111    11031.4874817766)(2000101    14790.2178167933)(2000201    14370.2458950618)(2000221    16376.7335631346)(2000211    20560.4533104848)(2000012    19485.1456180108)(2000121    15275.2582472148)
18 3      - (2000200    12128.3667332472)(2000102    11059.6401172547)(1000000    19056.1350846303)(2000100    27626.6543011636)(2000121    7944.36013100349)(2000202    10136.9717427121)(2000101    18270.8326303156)(2000002    12359.5169407159)(2000001    8350.90481204026)(2000211    16722.5459538686)(2000201    10402.6765285812)(2000012    6082.89582382517)(2000111    7535.14323830768)(2000022    12904.361281643)(2000221    5100.59394924181)
19 2      - (2000202    11097.3221168679)(2000201    11510.393458015)(1000000    11271.8716509992)(2000002    11741.249210715)(2000200    11332.4339518721)(2000102    11426.0066381817)(2000101    13724.5586673965)(2000001    9996.46249073466)(2000100    11549.9848143073)(2000111    9439.73959353858)(2000211    5839.63398332471)(2000221    6107.11463205008)(2000012    6116.72174217515)
0 14      - (2000001    4653.93119803059)(2000101    16435.4940014663)(2000002    30182.6041763367)(1000000    19592.6421376372)(2000201    18074.0683764769)(2000200    4570.32492167729)(2000102    16773.8204758921)(2000211    16140.5564397002)(2000202    20136.2129695216)(2000221    17698.1832961877)(2000111    16008.137512322)(2000121    14877.0758031896)(2000012    23632.9259304324)(2000022    18263.6212533275)
19 3      - (2000200    10009.0061861429)(2000202    11589.3641504258)(2000102    10738.551354785)(2000101    9724.80854088435)(2000002    10727.4328034011)(2000001    7515.23154671232)(1000000    10323.8985175264)(2000012    6566.06476639027)(2000121    6021.08680842097)(2000022    2105.16898372712)(2000100    8602.15879703504)(2000111    6566.76018196611)(2000201    11298.3795702343)(2000211    7121.5733500653)
17 2      - (1000000    14433.8927329452)(2000002    10928.1839161213)(2000102    14347.4792056096)(2000100    12319.848067492)(2000201    10463.654795922)(2000200    12915.3243012595)(2000012    28604.3155667677)(2000202    16053.9142171909)(2000101    11775.4763776645)(2000121    14050.1646083634)(2000022    12543.1529283996)(2000221    15155.7781190095)(2000111    14434.1791592615)(2000211    11163.7188375134)(2000001    10493.5233904368)
1 15      - (2000102    22370.2900040388)(2000111    21637.7083988763)(1000000    21619.4026661662)(2000202    20824.297493995)(2000121    19366.9691429904)(2000211    22174.4042535593)(2000022    19422.784525009)(2000002    29702.3707012515)(2000101    25334.6291990427)(2000012    24916.6604750943)(2000221    17377.4895970702)(2000201    19041.8022567323)(2000200    15186.515381159)(2000100    9591.4255096361)
12 1      - (1000000    1406.05369944876)(2000202    10751.833617478)(2000002    30185.9885450508)(2000102    14867.3699324786)(2000121    7080.27237037265)(2000211    13858.3536892635)(2000012    14137.1762234025)(2000111    8428.35828559743)(2000221    9824.13871607514)(2000022    9927.98475947716)(2000201    5461.5122276978)(2000101    6993.85207576429)
16 0      - (2000221    16626.4370022361)(2000202    14581.293700688)(2000100    8774.68278251134)(2000201    15387.247738145)(2000111    10059.6019370688)(2000102    12614.4321604963)(2000002    9071.41883893629)(2000022    11841.3838379996)(2000012    15801.0587418644)(2000101    28641.1054850844)(1000000    13708.0664441895)(2000211    18136.6511393563)(2000121    14956.5840031054)(2000200    8792.43624193806)(2000001    4283.76173548556)
13 0      - (2000001    4352.05356040808)(2000102    7107.51493543857)(2000201    8759.81481843768)(2000200    2695.57461089567)(2000002    30134.02182499)(1000000    18878.8913757066)(2000101    14276.5765308403)(2000211    7778.8495009678)(2000022    12202.7547038507)(2000012    14076.2306339878)(2000202    15897.3886045107)(2000221    10521.9315336317)(2000121    3859.71525243029)(2000111    5234.68801629048)
14 3      - (2000102    16356.0015919572)(2000202    16170.8380216964)(1000000    29136.8476614015)(2000101    11145.3403525348)(2000002    10226.7808446936)(2000001    2299.76584648103)(2000012    16498.0827665658)(2000022    14270.8141707874)(2000111    8278.66464920881)(2000201    12845.4239207766)(2000121    5149.05056714355)(2000211    18371.5253345546)(2000200    5507.6602627513)(2000221    15685.7135093322)
17 0      - (2000121    7912.24679469009)(2000200    8789.57846759577)(1000000    14160.381690671)(2000111    14882.4792206772)(2000202    15256.257276411)(2000221    20985.9663866279)(2000102    15319.4415496211)(2000101    28559.8491245986)(2000201    16051.3842558896)(2000002    11098.2034362645)(2000211    15239.1262423124)(2000012    13149.0501831445)(2000001    7200.79353896501)(2000100    10832.6044248129)(2000022    13557.546983871)
16 2      - (2000100    13115.9060205517)(2000121    5199.50172513784)(2000002    29272.7556174485)(2000111    4566.38696705458)(2000200    8232.02701957886)(2000211    16001.8772235816)(1000000    10669.6621556368)(2000001    2659.83996602614)(2000202    11771.8150830218)(2000101    14052.5396804034)(2000022    11626.1058443485)(2000221    12048.5795655612)(2000012    14339.3195822431)(2000102    18220.2733728523)(2000201    9604.30986625553)
13 3      - (2000211    14711.6884861907)(2000002    30172.8164652554)(1000000    8602.9736321461)(2000201    1507.57575207793)(2000101    17191.1983602275)(2000022    13245.1683169408)(2000121    12136.3280348571)(2000111    12786.3580217625)(2000102    3888.20388285924)(2000202    10526.9827451196)(2000012    13198.5108261383)
12 2      - (2000002    30266.2335241875)(2000202    16318.534008848)(2000111    8003.77360139319)(1000000    17473.8631891999)(2000211    6454.29499975412)(2000101    14588.7652146624)(2000001    1274.14168849622)(2000201    12866.178193015)(2000221    5930.84459241253)(2000022    10650.6936056124)(2000012    11410.3153719074)(2000102    4155.94191719288)(2000121    5196.74033067113)
2 8      - (2000121    6504.31322794543)(2000100    5852.33073093068)
14 0      - (2000111    3436.56641652985)(2000211    14014.9752954868)(2000102    28430.1932124023)(2000001    1867.64677563733)(2000202    9225.04329695891)(2000200    1493.93498604896)(2000002    16540.1976475697)(1000000    23663.722878267)(2000101    11078.7171841322)(2000201    14634.2871871458)(2000022    7324.07151195302)(2000121    12339.0713816068)(2000221    11167.6767557957)(2000012    6380.86929025786)
19 1      - (1000000    23650.9579740111)(2000102    6533.68689663165)(2000221    2624.55091457594)(2000201    10117.2382260581)(2000001    10180.4639000992)(2000200    8574.78651590564)(2000100    12169.7795329758)(2000202    9127.67010595488)(2000101    11792.2999933415)(2000002    8140.37258781124)(2000211    6189.88878464826)(2000022    7611.81833445249)(2000012    4162.84326932484)(2000111    7777.2831646899)
6 8      - (2000221    9292.06994323051)(2000002    5639.79496945695)(2000202    5662.10245315932)
5 7      - (2000102    10977.059624038)(2000012    9010.45098355554)(2000001    5690.58587725398)(2000201    5949.97671349579)(2000100    5949.40871349579)
9 6      - (2000111    3276.9063469351)
11 1      - (2000221    2340.54508738884)(2000111    1896.60193133992)
10 2      - (2000012    3339.20172337298)
5 8      - (2000022    2941.73198333278)(2000002    10567.8365873457)(2000101    3513.40018702782)(2000102    6645.10612556643)(2000200    3513.96818702782)
9 4      - (1000000    3477.20917132218)
1 7      - (2000002    8191.76713096554)(2000200    3994.41807645706)
3 9      - (2000202    3053.77288521745)
8 5      - (2000200    3089.8570330723)(2000102    10066.0856615495)
1 8      - (2000102    9258.52044922018)(2000001    9274.77761766448)(2000200    4637.68880883224)(2000201    4637.68880883224)(1000000    8718.7470167478)
4 8      - (2000102    6629.9646114804)
3 8      - (2000100    9355.28380008594)(2000102    4366.48856045151)(2000101    5608.29798257364)(2000200    5262.85491713074)
4 7      - (1000000    10719.9052650989)(2000002    2446.72026988365)(2000202    4554.68431223826)
2 9      - (2000101    3800.57618996455)
8 3      - (2000100    10157.8708660525)(2000001    2421.72708604774)(1000000    3302.98686273996)(2000102    4881.38197770538)
1 9      - (2000102    4988.65011645828)
8 4      - (2000200    3335.22401464433)(2000202    5285.51711821852)
0 21      - (2000202    5678.72611793891)(1000000    2339.36305896946)
0 11      - (2000002    13356.5891453722)
0 20      - (2000101    5257.648529944)
5 18      - (2000100    8407.82775678889)
2 20      - (2000012    5082.84237025718)
1 22      - (2000100    5699.78357645666)
8 6      - (2000202    5262.22139235194)
4 22      - (2000111    6299.89658513625)
20 3      - (2000200    5598.42596400716)
8 7      - (1000000    5938.86507228127)(2000200    6439.16507228127)
4 9      - (2000002    5926.28680184262)
5 13      - (2000022    5641.28612035538)
2 11      - (2000002    7242.04308012934)

