177
0 0      - (2000102    -1384.31404090414)(2000101    -1549.01608766186)(2000001    -1096.99689751771)(2000202    -1374.87571422774)(2000200    -1615.1843741787)(1000000    -1465.61313028695)(2000201    -1539.73229510852)(2000002    -1551.09664939711)(2000211    -1947.12008347516)(2000210    -1797.34656498214)(2000100    -1175.22108721822)(2000022    -1086.71132487639)(2000112    -1948.96188546478)(2000111    -1872.93454638813)(2000012    -1124.23235474064)(2000110    -1842.60293533839)(2000212    -1537.30910330362)
0 1      - (2000212    -1670.23239918197)(2000101    -1713.75055345668)(2000002    -1883.97141061138)(2000100    -1596.29939108971)(2000200    -1681.09569137482)(2000102    -1635.0053447854)(1000000    -1591.64028277029)(2000001    -1126.90286897502)(2000202    -1693.78855483604)(2000201    -1553.59005823663)(2000012    -1156.58178587372)(2000022    -1524.79308291519)(2000112    -1718.28386269994)(2000111    -1624.88184825942)(2000211    -1700.56774650974)(2000110    -1588.23822660186)(2000210    -1500.51355874281)
3 1      - (1000000    -1724.10151523783)(2000211    -1462.96760981385)(2000202    -1680.76666766147)(2000201    -1714.29434770073)(2000002    -1781.12169668475)(2000200    -1751.70354156551)(2000022    -1081.2698605382)(2000001    -1109.37275425257)(2000101    -1708.36398069464)(2000102    -1718.23069387412)(2000112    -1670.79866638285)(2000111    -1687.28474283034)(2000100    -1858.11101270287)(2000212    -1651.19885858885)(2000012    -1124.38976028409)(2000210    -1563.15243165622)(2000110    -1116.7979605714)
1 0      - (2000100    -1201.30184746311)(2000101    -1615.17183085099)(2000202    -1482.2110505937)(2000001    -1178.58507927368)(2000002    -1493.52063533723)(1000000    -1801.38842986678)(2000022    -1447.30038269012)(2000200    -1600.83909683727)(2000012    -1556.41986153692)(2000102    -1035.27711161005)(2000112    -1580.92436320874)(2000211    -1536.0054114921)(2000201    -1596.90720346592)(2000110    -1324.58235141649)(2000212    -1398.72175795018)(2000111    -1602.39438837091)(2000210    -1523.97851643105)
0 2      - (1000000    -1702.65448931993)(2000100    -1751.45876671405)(2000001    -1821.9778874493)(2000200    -1636.78278145114)(2000102    -1807.91089756229)(2000002    -1612.11496990386)(2000202    -1643.05749916859)(2000201    -1748.23096867781)(2000101    -1752.93689310358)(2000022    -999.834504465086)(2000211    -1791.00339898769)(2000111    -1697.19641140401)(2000112    -1751.89290943462)(2000212    -1604.6586948103)(2000012    -1044.3089005584)(2000210    -1241.65528961832)(2000110    -1261.30701218935)
3 2      - (1000000    -1569.51896234565)(2000102    -1826.8784504223)(2000101    -1723.10324395167)(2000002    -1717.73061387207)(2000201    -1258.36057585985)(2000200    -1715.29449697735)(2000212    -1535.93100522694)(2000100    -1573.25648119875)(2000001    -1571.11369181144)(2000202    -1507.69308724245)(2000012    -1580.1735914498)(2000022    -1183.0252935949)(2000210    -1711.05737900645)(2000110    -1613.5534338648)(2000111    -1694.83673930193)(2000112    -1740.32123700988)(2000211    -1704.08407150468)
1 1      - (1000000    -1828.29018387588)(2000002    -1753.63896840421)(2000200    -1828.69612982943)(2000201    -1184.75003602685)(2000101    -1852.27349415584)(2000112    -1564.76535362622)(2000102    -1687.40689204206)(2000202    -1592.79487705274)(2000001    -1756.20996364343)(2000100    -1946.73105988219)(2000110    -1412.22962604761)(2000022    -1394.14911920501)(2000012    -1630.17759881632)(2000210    -1320.64666850255)(2000212    -1747.90497378085)(2000111    -1586.90172072546)(2000211    -1538.61391601278)
4 5      - (1000000    -1270.76528091829)(2000111    -1537.1336709333)(2000001    -1325.63781810535)(2000022    -1038.26271814428)(2000002    -1408.43244094444)(2000211    -1237.34590071834)(2000200    -1147.24253932619)(2000201    -1392.19756564909)(2000012    -1216.02731993335)(2000102    -1450.6604560311)(2000100    -1275.71733474926)(2000212    -1062.39029787882)(2000202    -1420.26466544706)(2000101    -1391.1944462306)
0 3      - (2000102    -1845.3445640476)(2000200    -1570.4592996987)(2000201    -1801.90122656161)(2000202    -1063.81305797295)(1000000    -1560.6135480789)(2000101    -1766.89121163028)(2000100    -1844.88439062792)(2000212    -1513.57624530052)(2000012    -1075.38741176233)(2000002    -1567.95603571019)(2000210    -1593.63433116403)(2000001    -1949.34910131205)(2000022    -1490.49998321167)(2000111    -1723.58739402276)(2000112    -1784.27474840281)(2000110    -1759.06536063115)(2000211    -1595.61390935975)
2 4      - (1000000    -1814.8305626104)(2000001    -1593.16082008706)(2000212    -1577.477733406)(2000012    -1088.94721747257)(2000110    -1027.77777886299)(2000102    -1642.00887555297)(2000100    -1433.29821991591)(2000111    -1567.80252263192)(2000101    -1583.11262031553)(2000201    -1342.97314236122)(2000002    -1769.46626498551)(2000200    -1742.6716932862)(2000202    -1366.38599589936)(2000211    -1361.51469617851)(2000210    -1407.65991092355)(2000112    -1708.71510714127)(2000022    -912.866541818904)
2 2      - (2000100    -1739.00478790843)(2000201    -1726.53478561269)(1000000    -1418.06188823584)(2000001    -1867.80701805304)(2000101    -1599.90715032193)(2000211    -1730.91864679791)(2000111    -1672.20589536885)(2000102    -1722.7905180537)(2000202    -1569.23023972672)(2000002    -1317.1793923423)(2000200    -1533.47950018355)(2000212    -1478.10275924565)(2000022    -1040.77585403159)(2000210    -1465.18370952479)(2000110    -1669.14256979173)(2000012    -1056.55944789398)(2000112    -1634.79023464809)
2 1      - (2000002    -1422.97954202981)(2000202    -1743.74968427175)(1000000    -1420.66932722722)(2000200    -1626.5758891525)(2000101    -1725.4761420695)(2000100    -1875.23766450457)(2000001    -1762.40961231544)(2000111    -1733.455899437)(2000102    -1712.58693286934)(2000201    -1854.05192270667)(2000110    -1614.16729986131)(2000212    -1840.98596395679)(2000112    -1787.37196734597)(2000211    -1806.56156856419)(2000012    -1724.54935936448)(2000210    -1442.07961793112)(2000022    -823.662988661474)
1 2      - (2000100    -1598.92386552708)(2000002    -1507.95318804896)(1000000    -1508.36738830957)(2000102    -1689.48714275477)(2000202    -1762.84958579448)(2000001    -1741.18843946551)(2000212    -1717.79319222663)(2000111    -1513.04303095367)(2000200    -1863.86781199245)(2000101    -1371.86914611053)(2000112    -1693.70680299277)(2000201    -1813.09429187376)(2000210    -1456.62418899644)(2000022    -1020.02096547605)(2000012    -1504.47560076228)(2000211    -1638.4934076089)(2000110    -970.746079966103)
0 6      - (2000212    -1304.3303361162)(2000100    -1461.28693378362)(1000000    -1453.53843295311)(2000001    -1509.90429777998)(2000101    -1486.94497789217)(2000210    -1191.11756692015)(2000202    -1573.32876295977)(2000200    -1733.8059613792)(2000211    -1314.18405854059)(2000102    -1494.96109419592)(2000012    -966.071284817235)(2000201    -1457.2273145852)(2000002    -1306.50557771666)(2000110    -982.199072004309)(2000112    -1346.30577489431)
2 5      - (2000101    -1457.70442738242)(2000212    -1266.13212819554)(2000012    -1071.38886186731)(1000000    -1600.83528958151)(2000201    -1535.79540320676)(2000002    -1147.3748446841)(2000210    -1087.14007342201)(2000102    -1682.47521222238)(2000202    -1667.08354250603)(2000001    -1644.16940370418)(2000100    -1787.34885630383)(2000200    -1655.27274302351)(2000112    -1178.436262401)(2000110    -1397.1911632354)(2000022    -1002.45818579406)(2000111    -1487.20599464433)
3 3      - (2000002    -1068.17047767441)(1000000    -1487.66826972238)(2000200    -1749.24840116787)(2000001    -1413.94380609509)(2000102    -1648.77331361714)(2000201    -1532.1860062058)(2000202    -1730.80965365439)(2000100    -1525.24614595718)(2000101    -1563.799223335)(2000211    -1571.30646582178)(2000112    -1340.43749755178)(2000022    -1209.33578145731)(2000012    -1213.28103043248)(2000110    -1167.95129419218)(2000212    -1531.32705498242)(2000111    -1864.92154748451)(2000210    -1547.38094405618)
6 3      - (1000000    -1140.53625312011)(2000102    -1567.0708199729)(2000101    -1472.7344901569)(2000001    -1052.34495274292)(2000202    -1187.41377453716)(2000002    -991.896091429121)(2000201    -1615.81219222961)(2000200    -1341.67670294056)(2000100    -1156.41800944464)(2000022    -726.593713939701)(2000110    -1329.23413128749)(2000111    -1299.59151618679)(2000112    -834.519859690403)(2000012    -889.793683842066)
5 6      - (1000000    -1324.29239564088)(2000112    -1411.35654879552)(2000002    -943.65324201727)(2000202    -1448.37207678537)(2000100    -1220.83532844029)(2000201    -1411.55807197206)(2000200    -1219.94217554096)(2000211    -1237.47909708071)(2000102    -1375.52885981146)(2000012    -918.520724736526)(2000101    -1063.02557439123)
1 3      - (2000200    -1559.41880347403)(2000110    -1610.33127845848)(1000000    -1575.94415284396)(2000101    -1661.0495164639)(2000001    -1756.89821856436)(2000201    -1600.14571797598)(2000100    -1663.6403619123)(2000202    -1674.45212554509)(2000002    -1419.43252046282)(2000112    -1757.10244436551)(2000111    -1706.95924382018)(2000022    -1046.54734231211)(2000102    -1562.37305699885)(2000210    -1648.91489345261)(2000211    -1466.79320865478)(2000212    -1632.70430851442)(2000012    -1329.50863173546)
3 0      - (2000200    -1535.88211787847)(2000002    -1589.13050637475)(1000000    -1569.37030654933)(2000101    -1638.90886015972)(2000001    -1150.32267544839)(2000102    -1722.89275224424)(2000202    -1759.56283761699)(2000201    -1569.4592002226)(2000112    -1492.46140574296)(2000212    -1762.01924079113)(2000210    -1554.27385616324)(2000111    -1680.79461977972)(2000100    -1575.205011792)(2000022    -1094.55143705958)(2000211    -1722.67342710266)(2000012    -1130.47513364368)(2000110    -1364.45362789663)
3 4      - (2000002    -1329.79530179742)(2000102    -1356.82572426843)(2000201    -1252.85516668856)(2000012    -1243.45139176004)(2000022    -1015.42186586031)(1000000    -1700.41862658596)(2000001    -1410.16921064076)(2000210    -1254.38912171032)(2000101    -1443.24607333605)(2000212    -1292.19243347239)(2000202    -1566.7800267844)(2000100    -1429.55334643833)(2000211    -1320.33451380339)(2000110    -1041.06614419484)(2000200    -1526.55388590642)(2000112    -1265.19999124973)
2 3      - (1000000    -1566.73507220766)(2000211    -1690.45341973706)(2000110    -1592.0212106774)(2000012    -1649.85181609889)(2000002    -1454.59309637007)(2000100    -1683.33139814497)(2000101    -1746.99157682729)(2000200    -1818.70300828953)(2000202    -1636.89965871692)(2000001    -1751.6019869954)(2000201    -1729.94047670917)(2000102    -1629.95602286919)(2000112    -1587.89208031601)(2000212    -1568.99187957923)(2000022    -1044.9655159345)(2000111    -1728.91707466755)(2000210    -1559.50265602239)
2 0      - (2000200    -1855.03783847211)(2000202    -1747.01720470479)(2000101    -1783.11598471794)(2000001    -1940.84670258315)(1000000    -1387.57492703857)(2000100    -1562.99325281655)(2000102    -1562.07065925262)(2000022    -1387.84421294545)(2000002    -1267.6923445921)(2000201    -1869.74617329753)(2000112    -1810.44745458183)(2000212    -1595.36298662033)(2000012    -1125.89075359496)(2000210    -1648.90188218805)(2000110    -967.002950472385)(2000211    -1601.43304242502)(2000111    -1667.36901923284)
5 1      - (2000200    -1241.35146324442)(2000112    -1243.85528794293)(2000111    -1233.82492933356)(1000000    -1352.22978378308)(2000211    -1184.94623878376)(2000002    -1371.43312504785)(2000101    -895.862070141744)(2000022    -895.249012140368)(2000201    -1456.55855984728)(2000202    -1366.17062556382)(2000001    -1380.42905072054)(2000102    -1329.73749599906)(2000210    -1420.93248865927)(2000012    -1318.23389691137)(2000100    -1399.58089457867)
4 1      - (2000002    -1679.16275563036)(2000100    -1472.3323546118)(1000000    -1838.73717836715)(2000022    -1160.53200425423)(2000201    -1365.88842372779)(2000101    -1584.22730117009)(2000200    -1273.0868487322)(2000001    -1430.2907523732)(2000012    -1026.09701646965)(2000102    -1439.91484874447)(2000202    -1076.1173962093)(2000110    -1342.84669549641)(2000210    -1352.99796523638)(2000111    -1441.21572557191)(2000211    -1385.74918228143)(2000212    -1371.01283144166)(2000112    -1349.66794499295)
4 2      - (1000000    -1131.68553823036)(2000202    -1597.29063939544)(2000100    -1320.99354911729)(2000101    -1326.99672583545)(2000102    -1676.26641996766)(2000001    -1475.72949009366)(2000201    -1651.48304146844)(2000200    -1481.69407885404)(2000002    -1669.50577834815)(2000212    -1543.76394870852)(2000012    -1399.06736140039)(2000211    -1460.99060058704)(2000210    -1278.8179588472)(2000112    -1424.80307634448)(2000022    -832.188795241679)(2000111    -1424.94027204738)(2000110    -326.772473499654)
3 5      - (2000102    -1396.57430134335)(2000201    -1674.52585591097)(1000000    -1412.54489989324)(2000012    -1209.34696752942)(2000100    -1463.33505280947)(2000200    -1361.13368780795)(2000202    -1383.59397913299)(2000002    -1277.43215790389)(2000001    -1347.25429738741)(2000101    -1654.85725030783)(2000110    -1352.09888201542)
4 4      - (2000002    -1451.20849543419)(2000101    -1274.72596795135)(2000212    -1539.3421170112)(2000200    -1278.93334453916)(2000102    -1712.46827426961)(2000001    -1270.51682543022)(2000112    -1434.62950561796)(1000000    -1460.94298836924)(2000201    -1429.05997871144)(2000202    -1445.50357652573)(2000100    -1650.25650757388)(2000012    -1271.8362778282)(2000110    -1168.90990538857)(2000022    -975.662377905465)(2000111    -1520.60697879313)
0 7      - (2000202    -1218.38991099322)(2000022    -658.084631216319)(2000112    -889.838394222652)(2000200    -1045.58300873731)(2000002    -1070.81885309203)(2000210    -794.190060216257)(2000201    -1247.136008943)(1000000    -893.349852368299)(2000100    -1024.88381178896)
1 6      - (2000001    -1136.99226609741)(2000002    -1711.73884680193)(1000000    -1379.39039124478)(2000200    -1369.64161110744)(2000100    -1378.33557722543)(2000112    -1385.40839825296)(2000202    -1405.42321090067)(2000212    -1720.88390650677)(2000101    -1523.56389155298)(2000102    -1697.67538064307)(2000201    -1547.24767307309)(2000111    -1374.03779864184)(2000110    -1122.75014565625)
6 0      - (2000202    -1665.38595746703)(2000101    -1606.45024503433)(2000201    -1531.81585988967)(1000000    -1612.08900961599)(2000002    -924.76208051829)(2000100    -1493.38140490841)(2000001    -1283.55596850816)(2000210    -1355.66483280755)(2000102    -1398.97745013264)(2000200    -1250)(2000022    -854.229148745408)(2000110    -865.597718966335)
4 0      - (2000201    -1524.549852695)(2000202    -1603.49975166183)(2000111    -1621.24056206459)(2000211    -1427.85446844273)(2000022    -1231.58907456258)(2000112    -1640.48080696499)(2000100    -1507.0693748896)(2000001    -1538.94023137466)(1000000    -1591.3703129845)(2000200    -1680.99407681696)(2000102    -1444.04429590159)(2000002    -1156.64547918398)(2000210    -1234.86929202504)(2000101    -1619.66434646628)(2000212    -1528.84353749395)(2000012    -1045.68473901818)(2000110    -1250.14843678987)
0 5      - (2000101    -1073.75907316626)(2000112    -1486.9633420212)(1000000    -1362.06412595201)(2000002    -1352.34390115195)(2000200    -1415.76378974789)(2000201    -1323.10327927944)(2000001    -1191.56200970474)(2000202    -1335.9890733559)(2000012    -1326.80747479098)(2000111    -1571.04372048041)(2000100    -1503.89809406646)(2000102    -1496.10156923922)(2000110    -1604.68490532909)(2000212    -1213.00495379363)(2000211    -1429.82002491461)(2000210    -1147.80941061176)(2000022    -1003.52316788971)
2 6      - (2000102    -1150.08030639032)(2000002    -1161.46647056745)(2000111    -1172.23584082501)(1000000    -1270.51305104293)(2000101    -1479.29527096679)(2000022    -886.495241096947)(2000001    -1237.21465757806)(2000112    -1680.84610934988)(2000012    -1465.77871562159)(2000201    -1354.76504391128)(2000100    -1513.70955407907)(2000202    -1374.52366508754)(2000200    -1299.45036046352)(2000110    -1036.87599623139)
5 5      - (2000102    -1060.351598756)(2000200    -1470.74008620963)(1000000    -1628.13274312835)(2000001    -1082.13524976744)(2000201    -1352.34680590758)(2000101    -1440.75378420165)(2000202    -1598.11382431548)(2000022    -753.200484205507)(2000012    -908.492682483661)(2000002    -973.777857018014)(2000100    -1095.12872526706)(2000112    -772.682379224927)
3 7      - (2000212    -1345.01824234174)(2000112    -1010.59390985834)(2000022    -908.551295793641)(1000000    -1015.01960868271)(2000202    -1010.59390985834)(2000110    -318.029727243023)(2000200    -1315.27032999069)(2000201    -918.341904722579)(2000102    -1208.13081250454)(2000101    -1032.07326141574)(2000002    -919.213454038347)
6 4      - (2000022    -857.598877429551)(2000201    -984.628772684279)(1000000    -1415.5882117925)(2000001    -986.592653161882)(2000002    -930.23762704735)(2000200    -1368.58110008643)(2000012    -920.244288466415)(2000101    -1163.12137813515)(2000202    -1042.57409550672)(2000211    -1220.20076033253)(2000102    -1522.3647240061)(2000100    -1181.84686159196)(2000210    -1028.98975387069)(2000112    -1355.0736664508)
4 3      - (2000101    -1622.73681995068)(1000000    -1796.24847634237)(2000001    -1259.06194003077)(2000202    -1547.07137417327)(2000210    -1710.07623375758)(2000211    -1736.04850634868)(2000102    -1579.16165118975)(2000200    -1648.08410164977)(2000002    -1509.4361776022)(2000100    -1367.40952525226)(2000201    -1618.5530248385)(2000112    -1640.55270762137)(2000111    -1428.8419425823)(2000012    -1188.54806583292)(2000022    -1394.82777154174)(2000110    -1371.08905213688)(2000212    -1433.9927753838)
0 4      - (2000101    -1362.4988379515)(2000102    -1736.87335929847)(2000201    -1547.33481347042)(2000200    -1519.81088781742)(2000202    -1416.49261291342)(1000000    -1286.98934926562)(2000110    -1570.30511332974)(2000100    -1636.48069489847)(2000212    -1790.01061749332)(2000002    -1482.31756692358)(2000111    -1369.13924058937)(2000112    -1363.58300090026)(2000210    -1388.67127214268)(2000012    -1415.95858607411)(2000022    -1269.6828034637)(2000001    -1654.82020248364)
6 2      - (2000012    -1141.57369919458)(2000110    -1108.86658474749)(2000200    -1084.01342769894)(1000000    -1271.98338714268)(2000101    -1412.50809899151)(2000201    -1390.29769852864)(2000212    -1335.49678266012)(2000100    -1508.27388840838)(2000001    -1430.78350214064)(2000202    -1379.41903913435)(2000102    -1260.76524981807)(2000022    -959.291057703785)(2000002    -1379.704082314)
5 2      - (2000101    -1428.63268388297)(2000100    -1396.00027366316)(2000002    -1084.93170796163)(2000001    -1418.75854951983)(2000012    -1172.56571209239)(1000000    -1276.72422074813)(2000200    -1419.39655823943)(2000102    -1442.00729942147)(2000212    -1314.97310555837)(2000201    -1465.76077061311)(2000202    -1370.78074025108)(2000022    -978.511051725863)(2000110    -1522.49897926273)
2 8      - (2000111    -1255.0130198941)(2000200    -768.221930104191)(2000101    -264.132059860506)
2 7      - (2000200    -1721.53255549913)(2000100    -1594.14414271767)(2000210    -524.191231585198)(1000000    -1677.17187867743)(2000102    -650.102194684037)
1 7      - (2000102    -1513.85037156907)(2000110    -1308.37857969356)(2000200    -1568.45877536899)(2000202    -1484.80752556106)(1000000    -1673.4984944547)(2000101    -1479.15662094917)
1 4      - (2000102    -1615.27091865527)(2000201    -1194.85284452366)(2000200    -1432.78071290207)(1000000    -1674.19787195643)(2000112    -1555.38883734864)(2000202    -1637.86033761892)(2000001    -1598.31476019368)(2000100    -1636.27628634454)(2000101    -1641.57466687658)(2000002    -1713.02627172206)(2000111    -1327.73214525573)(2000212    -1391.76123210269)(2000022    -1076.18056384357)(2000110    -1235.10319913383)(2000012    -1013.41603159985)(2000210    -1206.12346110719)(2000211    -1037.67116794329)
9 5      - (2000201    -1509.79869078986)
6 6      - (2000102    -1344.44488235992)(2000002    -1398.16397961561)(2000100    -1455.25598387641)(2000210    -900.698786244098)(2000212    -1450.20449974808)(1000000    -1322.56167042386)(2000201    -1262.0195396373)(2000022    -653.811709539778)
4 6      - (2000202    -1467.26326541068)(2000101    -1492.13132257409)(2000201    -1417.3217965482)(1000000    -1647.82720340172)(2000012    -962.896459784555)(2000200    -1626.05421088913)(2000102    -1289.59628604396)(2000100    -1221.85703402854)(2000111    -925.143034918363)(2000002    -923.974594522636)(2000022    -862.920679669455)(2000001    -1036.18255450041)
2 9      - (2000200    -1543.74138479528)(2000002    -813.698507833276)
4 12      - (2000102    -1276.45765045855)
5 3      - (2000101    -1715.24982563772)(2000102    -1340.49173246639)(2000212    -1386.94879870337)(2000112    -1325.20234281441)(1000000    -1631.65790138029)(2000200    -1663.04279600736)(2000210    -1409.19263057301)(2000012    -1125.91692440618)(2000201    -1586.29279316951)(2000002    -1158.7263938772)(2000111    -1319.31112269524)(2000100    -1568.66678511865)(2000202    -1817.89465888281)(2000110    -1443.49992542978)(2000001    -1371.67249388934)(2000022    -1028.08533100616)(2000211    -1064.22899187595)
6 5      - (2000102    -1072.43794631439)(1000000    -1089.82145345897)(2000100    -974.758044342594)(2000210    -1020.4907535745)(2000201    -1085.2954175376)(2000202    -1273.22562863137)(2000001    -947.11953556483)(2000002    -996.128719608878)(2000101    -1017.92306111123)(2000200    -1033.68500368159)(2000212    -1470.37401737582)(2000012    -915.583107011359)
14 3      - (1000000    -198.140274316267)(2000201    -48.6881238166646)(2000200    -105.361889977602)(2000100    -174.709445695266)
5 0      - (1000000    -1607.42105095973)(2000102    -1149.82959763335)(2000200    -1002.57609836073)(2000201    -1313.11490508051)(2000202    -1543.95927975389)(2000101    -1513.96473273587)(2000100    -1436.6506037827)(2000001    -1420.79727978313)(2000012    -1225.30667537192)(2000210    -1266.86775916302)(2000002    -1187.64579295293)(2000022    -985.834712486662)(2000110    -1250.74584633754)(2000111    -1226.18083210294)(2000112    -1252.51269848098)
3 12      - (2000002    -677.997332313982)(2000200    -675.281340536078)(1000000    -764.805209035293)(2000012    -632.800981044277)(2000210    -843.320462403753)(2000101    -723.463594608439)(2000100    -674.373120563597)(2000202    -636.686090991768)
2 13      - (2000002    -520.034458181632)(1000000    -357.900360178749)(2000100    -333.971775451694)(2000001    -296.893634800655)
13 2      - (1000000    -581.102508370824)(2000002    -364.725645877576)
2 17      - (1000000    -323.463955354184)(2000201    -582.529116862429)(2000102    -515.170810637655)(2000100    -635.888176807414)(2000002    -621.301802937604)(2000101    -614.722294079282)
1 13      - (2000001    -342.412676827329)(2000100    -179.173392143772)(2000201    -146.537777432578)(1000000    -164.089428874743)(2000101    -198.596453477471)
7 2      - (2000102    -1256.41400554523)(2000001    -1360.52562570875)(2000110    -1370.25765639477)(2000100    -1054.65742981888)(2000002    -989.946464760412)(2000202    -1258.7721223637)(2000112    -1034.96756447974)(1000000    -1095.23396592972)(2000212    -1306.92504232698)
5 4      - (2000101    -1622.00820101225)(2000200    -1300.92679575755)(2000102    -1378.10938652285)(1000000    -1617.47277755946)(2000210    -1447.30267209978)(2000100    -1494.23127334956)(2000001    -1319.67427760368)(2000002    -1167.62265667143)(2000111    -1163.54343446974)(2000201    -1257.53576059233)(2000202    -1285.16986916037)(2000112    -1519.95303719926)(2000012    -1160.69864108802)(2000211    -1253.37439941824)(2000212    -1158.28593492275)
7 1      - (2000012    -1089.15179741969)(2000100    -1036.92289867264)(1000000    -1180.38552615816)(2000102    -818.974034619531)(2000201    -1151.48217626073)(2000210    -538.363439404833)(2000200    -801.383421900618)(2000112    -875.287476978728)(2000022    -126.936642542947)
1 5      - (1000000    -1789.81535499651)(2000212    -1561.67833711636)(2000002    -1171.66727549817)(2000112    -1645.43292642916)(2000201    -1677.06489578886)(2000100    -1760.48796715649)(2000101    -1426.14346234515)(2000001    -1333.21990986783)(2000202    -1576.95977722036)(2000200    -1669.92533353564)(2000012    -1128.01044026488)(2000102    -1635.75814050606)(2000211    -1571.79184078085)(2000022    -1021.18813226967)
1 15      - (1000000    -155.612445388655)(2000200    -227.732471716338)(2000001    -254.359176779036)(2000002    -375.19054238721)(2000100    -435.110890434998)
1 14      - (2000100    -184.63829642581)(2000201    -201.851090058754)(2000101    -454.915137038371)(1000000    -519.54866286611)
3 6      - (2000211    -1300.13628810591)(2000112    -1059.68521639274)(2000002    -1027.87990471927)(2000100    -1602.92885751591)(2000202    -1263.99175481152)(2000101    -1405.49728338946)(1000000    -1295.38081937829)(2000001    -1336.47315207138)(2000102    -1533.3267818959)(2000201    -1315.99571798347)(2000210    -999.695498123187)(2000111    -1107.42963172305)(2000200    -1304.23061937164)(2000012    -997.459504899754)(2000022    -1150.02028402263)
17 3      - (2000101    -315.788899923985)(2000100    -276.055912675944)(2000201    -404.839244541222)(1000000    -327.458448938203)
8 3      - (2000101    -1280.13835661602)(2000100    -1089.35968648594)(1000000    -215.871135842833)
13 3      - (2000001    -276.298988405547)(2000012    -210.099289485714)(2000002    -265.903026135337)(1000000    -369.150534750785)(2000101    -209.556442130243)(2000100    -358.402866184138)
3 17      - (2000201    -657.130098980345)(1000000    -635.404312282485)(2000102    -562.955764973851)(2000200    -658.132728819745)(2000002    -634.459188766709)(2000012    -571.588783168291)(2000001    -690.428102204226)(2000202    -525.361089889887)
8 0      - (2000022    -608.436045169821)(2000212    -1172.37874935606)(2000002    -643.030436895701)(1000000    -838.86341819249)
14 0      - (1000000    152.01083543579)
2 15      - (2000101    -316.179633535482)(1000000    -299.51168938979)(2000002    -481.851998681973)(2000201    -222.209226626221)
0 16      - (2000100    -550.880298510228)(2000200    -595.857602080214)(2000110    -503.402063517447)(2000002    -498.767652068076)(2000101    -706.89417636319)(1000000    -520.872999053031)(2000012    -402.828592437477)(2000201    -628.484029641067)(2000202    -670.099290920435)
2 14      - (2000100    -214.710792713875)(2000101    -246.880620886518)(1000000    -155.85904949608)(2000201    -161.687447374439)(2000002    -152.951469446097)
6 1      - (1000000    -1155.26727903331)(2000212    -1089.52115797947)(2000001    -1261.08200257494)(2000101    -1203.39943609508)(2000002    -1257.02375947853)(2000022    -946.990590212961)(2000102    -1122.49296958663)(2000202    -948.013840810791)(2000201    -1140.20637220036)(2000200    -1352.34370687553)(2000110    -785.002602044268)(2000100    -1165.04701808096)
1 17      - (2000002    -571.244968434453)(1000000    -565.727304198444)(2000200    -582.197479433535)(2000102    -556.992782568776)(2000100    -625.585162775866)(2000012    -567.682245848333)
0 17      - (2000101    -472.237567980395)(2000200    -549.775358069235)(1000000    -547.963461155672)(2000001    -511.289652444463)(2000002    -443.936142959622)(2000012    -441.212021418678)(2000201    -569.640731770801)(2000100    -452.332547674384)(2000110    -317.223535926554)
12 3      - (2000001    -50.3174974102815)(2000002    -371.693198043286)(2000200    -243.033288961376)(1000000    -415.473669785307)
2 16      - (2000101    -511.910626431709)(2000100    -284.640204434149)(2000002    -568.385937697998)(1000000    -287.847479969546)(2000001    -301.798984924236)(2000201    -296.091471578466)
16 0      - (1000000    298.650007778134)
0 13      - (2000012    -251.517068305813)(1000000    -410.459612894756)(2000100    -403.656071997134)
12 2      - (2000101    -440.338103556465)(2000100    -450.014673141812)(1000000    -455.1894029143)
1 19      - (1000000    -766.357938211156)(2000002    -819.977409769933)(2000200    -802.530015007764)(2000201    -766.951627463586)(2000100    -761.781376023296)(2000110    -532.150963008181)(2000101    -763.435731042952)(2000012    -693.943392542102)(2000001    -736.321058264924)(2000210    -565.223450654177)(2000202    -696.555137970698)
17 0      - (1000000    -201.895580702121)(2000200    -246.272479754265)(2000002    -361.647040610037)(2000100    -255.6638861257)(2000001    -193.864991068984)
2 19      - (1000000    -834.555776217662)(2000002    -937.502486398997)(2000012    -800.778897024114)(2000100    -845.579451691888)(2000202    -802.456906961208)(2000201    -825.70197287256)(2000101    -825.576240844635)(2000001    -721.991968009375)(2000110    -703.08977825722)(2000200    -876.590325782601)
14 2      - (2000200    -13.5323902651517)(1000000    -76.1533743176462)(2000100    149.331018890345)
15 0      - (1000000    140.516518716711)(2000002    -35.1898705066287)
15 2      - (2000002    -290.879731766094)(1000000    27.5975560195381)
1 12      - (2000200    -841.756290234308)(2000201    -834.533562471027)(1000000    -840.830562121763)(2000002    -841.598628505063)(2000202    -323.612920439214)
1 18      - (1000000    -716.75085205318)(2000002    -824.063646158909)(2000001    -833.627894310423)(2000201    -1050.60497303014)(2000101    -838.081646105132)(2000012    -779.481715823588)(2000100    -959.456007305082)(2000200    -822.778915721995)
8 1      - (2000210    -1428.00724518815)(1000000    -1167.04882907904)(2000100    -1185.03114829017)(2000212    -1270.51706455529)(2000201    -1304.01335815511)(2000002    -1154.97918327316)(2000112    -1510.45209142431)(2000200    -1525.47343691547)
2 12      - (2000200    -913.201493061481)(1000000    -912.392147472899)(2000002    -911.41336314526)(2000102    -1256.94753631039)(2000201    -1009.10295776166)(2000101    -910.08238547213)
3 8      - (2000211    -1024.98717944745)(2000002    -1016.38759361034)
14 1      - (2000102    -388.623807723634)(1000000    361.497553233111)
0 18      - (1000000    -651.237925125419)(2000201    -779.754247943893)(2000002    -616.75332797195)(2000200    -607.957278766506)(2000001    -549.667060475555)(2000202    -412.013860216913)(2000100    -573.748962404149)(2000101    -551.265561992484)(2000110    -416.784477560932)
5 9      - (2000001    -974.951388801429)
0 8      - (2000201    -1596.93794069475)(2000202    -1242.28694365081)(2000211    -1230.49983753224)(2000100    -1230.68307541485)(2000101    -1267.87121582101)(2000212    -1367.91651969335)(1000000    -1280.67722122729)
2 18      - (1000000    -723.437953061791)(2000200    -723.294134527363)(2000001    -752.745337292244)(2000101    -715.528867705044)(2000100    -773.653076009095)(2000202    -865.173158960428)(2000002    -732.539129889203)(2000012    -843.17315089955)(2000201    -728.618999562028)
19 3      - (1000000    -601.124654917845)(2000002    -602.241263658514)(2000100    -606.739721974709)(2000001    -493.289490511674)
12 0      - (1000000    61.2679498677208)(2000201    -128.196479607442)
0 14      - (2000002    -396.636315026701)(1000000    -376.316819356699)(2000100    -474.877742352534)(2000012    -454.973073663716)
9 3      - (2000022    -223.560290910161)(2000112    -1092.19189076412)(1000000    -655.315979676337)
17 1      - (2000001    -311.173033849947)(1000000    268.279790354901)
18 2      - (1000000    -526.235109317902)(2000102    -881.51494291805)(2000200    -600.886331461944)(2000002    -525.259837587788)
1 16      - (2000002    -444.361192182624)(2000100    -402.794177025593)(2000110    -216.731628823723)(1000000    -225.209819649028)(2000202    -293.634044175078)(2000210    -263.203756195238)(2000200    -325.51176718028)(2000201    -376.611808641778)
7 5      - (1000000    -1012.69006401649)(2000100    -756.725034855819)(2000202    -1446.61618880586)(2000002    -1467.53565632769)(2000200    -989.427787703083)(2000022    -473.126344411008)(2000101    -752.491337799436)
7 6      - (2000001    -1052.97016742788)(2000200    -151.228029003994)
0 15      - (2000200    -261.099720978186)(2000201    -453.798023271271)(2000002    -494.542928253679)(1000000    -251.701948529954)(2000100    -488.521864554686)(2000001    -225.00382427282)
19 1      - (2000002    -497.935626247594)(2000012    -394.93937218966)(2000201    -490.145988559836)(2000001    -502.435637159348)(1000000    -715.745800560363)(2000101    -488.948768298399)(2000100    -506.996311454425)
13 1      - (2000002    -315.956931721716)(1000000    -224.683425054705)
3 16      - (2000202    -342.55172868512)(1000000    -454.477253195019)(2000200    -471.977151625314)(2000012    -382.500351884758)(2000101    -334.895691714842)(2000100    -458.212641104417)(2000201    -337.080454733356)
3 14      - (1000000    -163.247635082998)(2000100    -146.778558379969)(2000002    -323.026364684515)(2000101    -657.233561276141)(2000102    -221.368533953263)(2000200    -326.618675249672)
19 2      - (2000002    -679.790910235394)(1000000    -593.593369952906)(2000101    -579.688482151842)(2000112    -681.138167333053)(2000022    -100.969510195914)(2000201    -715.914552306454)
15 1      - (2000002    -188.252028220648)(1000000    53.0172226792519)
19 0      - (2000002    -413.532259348172)(2000100    -408.934748666414)(2000210    -170.601421126303)(2000200    -426.716068655907)(1000000    -556.154232045219)(2000201    -355.690351782498)(2000101    -355.245044094838)
9 0      - (2000201    -570.887537004202)
6 7      - (2000201    -1487.35336899486)(2000101    -595.493583476337)(1000000    -803.997028677611)
0 12      - (2000101    -702.548652250891)(1000000    -705.518271156916)(2000100    -705.139059340847)(2000200    -705.243150983116)(2000201    -746.354390980017)(2000002    -707.438883155362)
8 2      - (2000202    -938.262330484462)(2000012    -822.433785680237)(2000112    -937.207930110337)(1000000    -92.6907933912964)
16 3      - (2000210    12.6335817220906)(1000000    -300.310532268246)
8 4      - (2000202    -176.580887121322)(2000201    -750)(2000102    -500)(1000000    -500)(2000100    -381.768901544834)
3 13      - (1000000    -130.139633174214)(2000200    -275.932542859991)(2000101    -276.197008849695)
18 3      - (2000101    -480.068897316887)(2000001    -427.195245251845)(1000000    -480.41807292739)(2000002    -577.898536174669)
0 19      - (2000001    -714.499792346789)(1000000    -746.654221622839)(2000101    -727.113315759492)(2000200    -730.973480123459)(2000002    -730.363125391331)(2000210    -370.159605649311)(2000100    -731.493883917623)(2000202    -647.624981014336)(2000110    -405.377826463512)
16 1      - (2000100    -165.716636974543)(2000200    127.297284162997)(1000000    112.869576742763)
15 3      - (1000000    314.918325046084)(2000210    -84.197068140499)
4 7      - (1000000    -894.920486961081)(2000001    -946.198115794413)(2000102    -1667.29268528026)(2000002    -1501.99841667226)
7 3      - (2000102    -1291.88047056736)(1000000    -980.639223951509)(2000002    -649.948256220466)(2000101    -1369.47946197406)(2000201    -686.658336761742)(2000100    -665.155285817223)(2000202    -1384.93938015925)(2000001    -681.197543844484)
3 15      - (2000201    -384.025024706008)(2000200    -527.317993548648)(1000000    -69.3991674571738)(2000002    -328.415427357556)
7 0      - (2000001    -882.952032000929)(1000000    -1755.26097317203)(2000111    -1512.67039920009)(2000212    -1476.65512918843)(2000110    -575.073573216166)(2000100    -984.472108792039)(2000112    -1118.17741930089)(2000102    -853.205061276089)
16 2      - (2000200    263.040770763232)(2000210    -52.107160346888)(1000000    265.638405104071)
1 8      - (2000002    -1097.62433467044)(2000022    -806.574217930019)(2000001    -1232.77760813443)(2000100    -1353.37843577504)(1000000    -1351.97700569718)(2000102    -1243.78171777469)
13 0      - (2000100    20.8502896489627)(1000000    -286.809762775485)
3 19      - (1000000    -941.284967649819)(2000002    -972.028259663036)(2000201    -939.222010506427)(2000101    -942.596997888138)(2000001    -940.725904258246)(2000202    -1125.91126965382)(2000200    -941.498032464264)
5 17      - (1000000    138.813103070108)
8 7      - (2000012    -287.367841080706)
5 8      - (2000112    -1069.2438246461)(1000000    -746.779193965243)
3 18      - (2000002    -783.257909251617)(1000000    -831.497412517999)(2000201    -782.902849523192)(2000001    -777.742580857823)(2000202    -762.007489333526)(2000110    -780.805838286381)(2000200    -781.008301302528)(2000100    -781.532914693573)
0 9      - (2000201    -1374.15010793444)(1000000    -1495.22781305123)
8 5      - (2000212    -861.719909862522)(2000200    -868.095130726535)
7 7      - (2000102    -1544.66568508742)(1000000    -1339.36209369575)
18 1      - (2000210    -622.974488158502)(2000201    -427.820346048586)(2000002    -424.841725658094)(2000200    -434.169221557903)(1000000    -450.081260680714)
18 0      - (1000000    -477.512864983988)(2000102    -276.504249457001)(2000002    -394.874485015195)
5 7      - (2000201    -804.648339630401)(1000000    -1583.04714123669)(2000101    -793.470731615593)
5 14      - (1000000    355.76800125412)
8 6      - (2000002    -255.655902262488)(2000100    -232.32676488732)(1000000    182.764684328926)
17 2      - (2000001    -268.030421014846)(2000201    -289.21839091584)(2000210    -155.365570701095)(1000000    -481.43536512597)
7 4      - (1000000    -1554.87679786336)(2000002    -1273.84334213621)(2000201    -1344.39329589648)(2000202    -1319.06557285947)(2000200    -1329.16552251791)
3 9      - (1000000    -1118.59710950595)
4 8      - (2000202    -1361.43294290463)(2000112    -1040.89114287765)(2000200    -996.703830472402)
9 2      - (2000200    -1467.32952909676)(2000111    -1440.97738420785)(2000110    -1499.49728141832)(2000022    -405.796738323225)
0 21      - (2000201    -179.893241820107)(1000000    -9.74557527040284)
12 1      - (1000000    -722.820499888573)
9 6      - (2000201    -1343.09248902564)
9 1      - (2000212    -1647.16843842024)(2000111    -1356.06039637027)(2000100    -70.1156162391034)
6 9      - (2000102    -810.137790222878)(2000211    -831.955267742445)
6 8      - (2000102    -1035.0999256823)
10 3      - (1000000    -174.96816999746)
6 10      - (2000101    -1011.29131614558)(2000111    -423.649409177407)
3 20      - (2000001    -149.594837518048)
1 9      - (2000101    -474.004865899819)
10 6      - (2000202    -862.889192088587)
11 1      - (1000000    -14.4128161244134)
3 11      - (1000000    -30.2371843194135)
10 1      - (2000100    -19.209423719625)
11 8      - (2000002    -36.0640238359973)
0 11      - (2000202    -30.355920652457)(2000200    -20.1842071607664)
4 11      - (1000000    -40.5106776718858)
4 9      - (2000101    -11.3036122886659)(2000200    -51.8694597685683)
10 4      - (2000012    -10.0005577668723)
5 11      - (1000000    -0.753786737055398)
7 8      - (2000002    -10.8747137762158)
8 10      - (1000000    -10.3200818865944)
4 10      - (2000101    -10.7961520216567)
9 4      - (2000201    -61.9855396922917)
2 10      - (2000201    -161.983813322918)

