153
0 0      - (2000202    -1136.79020664026)(2000101    -395.642153508493)(2000201    -1219.70321834815)(2000001    -1104.04067513939)(1000000    -414.292098065105)(2000200    -1087.39790925162)(2000100    -723.077052807793)(2000002    -1384.83774484799)(2000102    -1130.03845140487)(2000012    -222.890938971586)(2000111    -525.457503995508)(2000211    -1256.92644469172)
0 2      - (1000000    -663.685545803912)(2000200    -995.565368076685)(2000102    -1204.82362382282)(2000002    -1303.48482739118)(2000201    -1411.44399748708)(2000100    -1275.26114516946)(2000101    -291.562180412066)(2000202    -1307.24343480036)(2000001    -1252.1505723192)(2000111    -406.583081294954)(2000211    -847.078403794781)(2000012    -138.946075984558)
1 1      - (2000101    -1720.11204774034)(2000100    -1289.37859063849)(2000002    -1182.39910844827)(1000000    -1500.20384785012)(2000202    -1599.38738213626)(2000200    -1425.39537905643)(2000001    -1449.91676680118)(2000201    -1539.57388402577)(2000102    -1006.22490340327)(2000211    -1031.67902713367)(2000111    -682.863298637476)(2000012    -930.60071659837)
1 0      - (1000000    -973.057369371465)(2000001    -1007.63024693721)(2000101    -1270.93826976918)(2000100    -1254.44903048089)(2000202    -1214.66999056033)(2000201    -1360.32423256702)(2000200    -740.335796100639)(2000002    -1306.62720417873)(2000102    -1213.51660276434)(2000012    -1237.68150967916)(2000111    -231.287622617609)
0 1      - (2000102    -1291.95939218284)(2000100    -1151.88438894845)(2000200    -580.208935489665)(2000201    -1258.34330850101)(2000002    -1231.56180208787)(1000000    -1247.28664053649)(2000001    -1116.55045021341)(2000202    -1231.13975006032)(2000101    -1208.50048625764)(2000111    -406.225926278444)(2000012    -634.619502021866)
2 1      - (1000000    -1350.86411687085)(2000100    -1924.52179864395)(2000202    -1868.12300943043)(2000002    -1508.30268028908)(2000001    -2057.42082200765)(2000101    -822.80678837203)(2000200    -1944.68071027758)(2000201    -1926.33965592538)(2000102    -2023.07399540129)(2000012    -1464.99133154194)
4 0      - (2000201    -1506.3038601161)(1000000    -1846.52262651599)(2000002    -1724.20195091889)(2000200    -1595.00848601103)(2000100    -1393.70279521493)(2000101    -1571.37171947243)(2000202    -1544.2347636525)(2000001    -1518.95372793556)(2000102    -1681.70034131787)
2 0      - (2000202    -1502.22245212967)(1000000    -566.893948124566)(2000002    -1411.10857226256)(2000100    -1106.26574662648)(2000101    -473.694860226503)(2000200    -980.28743673166)(2000102    -1514.81488794926)(2000201    -1542.68746686957)(2000001    -1394.52267362025)(2000012    -1231.6617393817)(2000211    -1602.23758553915)
1 4      - (1000000    -1533.27959977536)(2000001    -1366.13628014547)(2000201    -1413.4245742212)(2000202    -1362.07363541652)(2000101    -1458.096635775)(2000200    -1255.96572194212)(2000102    -1763.31462867021)(2000002    -1590.97184120101)(2000100    -1469.72709647991)(2000012    -1392.31835149046)
2 2      - (2000101    -1351.16789189287)(1000000    -1229.87626406972)(2000100    -1450.2914256246)(2000201    -1345.08704445139)(2000202    -1597.73074781293)(2000002    -1523.13316139928)(2000001    -1321.06588189399)(2000200    -671.335560358574)(2000102    -1386.10699874836)(2000012    -718.586892766953)(2000111    -416.098065745922)
4 1      - (1000000    -1014.60071867668)(2000202    -2110.39344808554)(2000102    -2126.0301150789)(2000001    -1696.36982915105)(2000200    -2077.63382640838)(2000101    -1917.7348419564)(2000100    -2197.82142394249)(2000002    -1984.02183740051)(2000201    -1920.15587961703)
4 2      - (2000202    -1354.66736762411)(1000000    -1323.11730212524)(2000101    -1026.52353412396)(2000201    -1320.3989287804)(2000100    -1370.05644430561)(2000002    -1446.23331340857)(2000001    -1699.04638923911)(2000200    -1322.2229609373)(2000102    -1315.88720041015)(2000012    -1208.33563912544)
5 4      - (1000000    -1044.42092223622)(2000001    -1094.59624727776)(2000102    -1517.08356695615)(2000100    -835.356808348505)(2000202    -916.824306880326)(2000002    -1021.39500821532)
1 2      - (1000000    -1223.18519926099)(2000001    -1447.87865450888)(2000101    -661.789099214307)(2000102    -1558.05327455571)(2000002    -1375.07046486118)(2000100    -1679.07432179024)(2000202    -1797.98777385622)(2000201    -1469.35265446665)(2000200    -1307.93146853576)(2000012    -436.932200917734)(2000111    -810.028140953117)
3 0      - (1000000    -1502.95405291883)(2000002    -1940.59235037767)(2000201    -1782.47058790275)(2000200    -1673.9437231231)(2000101    -1314.03921589897)(2000100    -2089.17802177346)(2000001    -1873.39570776453)(2000202    -1740.30010477146)(2000102    -1873.90837650059)(2000012    -1501.85000545344)(2000211    -1680.64691721707)
3 1      - (2000001    -1631.63668196504)(1000000    -572.338712943725)(2000012    -1218.89492483039)(2000101    -1601.21604756448)(2000202    -1741.33010138478)(2000100    -1976.96879656808)(2000200    -1740.30961920139)(2000002    -1626.60912889708)(2000102    -1822.69415080056)(2000201    -1771.90450317629)(2000211    -301.273142518914)
0 3      - (1000000    -909.044943287379)(2000101    -440.453548951632)(2000001    -1438.51910511768)(2000102    -1396.22866123918)(2000100    -1205.04974072612)(2000002    -1433.03554924133)(2000202    -1730.19138932538)(2000201    -1143.23815522774)(2000012    -368.531403741458)(2000200    -1666.7314609197)(2000111    -328.912129358318)
2 3      - (2000101    -1284.8939196941)(2000200    -1729.4900230487)(1000000    -1365.45291511319)(2000100    -1694.00263914346)(2000102    -1540.13137087265)(2000201    -1790.46959423576)(2000202    -1793.54856891813)(2000001    -1820.73854922361)(2000012    -761.555087748658)(2000002    -1540.10031847091)
1 3      - (1000000    -1528.93932422285)(2000201    -1543.41236012329)(2000102    -1502.79352823119)(2000202    -1380.56844639324)(2000012    -654.1547571905)(2000100    -1536.77687173491)(2000002    -1547.91668814513)(2000101    -1822.99808080697)(2000001    -1295.82701609099)(2000200    -1681.34132498929)(2000211    -1469.18607610402)
3 3      - (1000000    -1602.33162081087)(2000200    -1544.23599945303)(2000201    -1402.13693117293)(2000002    -1427.83258222201)(2000100    -1408.70921403819)(2000101    -1220.03508660393)(2000202    -1544.20458350253)(2000102    -1389.82958760629)(2000001    -1759.59725605015)(2000012    -1068.59939485237)
0 5      - (2000100    -1150.37069220902)(2000200    -1474.8902040879)(2000102    -1104.87249184325)(1000000    -1298.15638765657)(2000101    -373.403849977165)(2000201    -1000)(2000001    -784.858157557325)(2000002    -995.82437498763)
2 4      - (2000001    -1402.90948061421)(1000000    -1562.79663937207)(2000202    -1481.58751094426)(2000102    -1342.35313032875)(2000201    -1368.20229921849)(2000101    -414.332795178682)(2000002    -1405.83930898132)(2000100    -1560.04348043467)(2000200    -1395.59013351439)(2000012    -1254.79110585646)
3 2      - (2000012    -925.150165562683)(2000200    -1652.19153488747)(2000101    -531.346454299379)(2000002    -1238.00827535841)(1000000    -1639.97601079081)(2000201    -1642.98757937541)(2000100    -1543.42849255567)(2000102    -1557.65797161479)(2000001    -1230.49562344895)(2000202    -1682.99950929794)
1 5      - (2000001    -1440.99581069869)(2000202    -1003.29825598493)(2000102    -991.851652075744)(1000000    -1309.19180052241)(2000101    -1131.48153331912)(2000100    -903.091757182769)(2000201    -979.798301764721)(2000012    -317.456432243448)(2000002    -891.075462113236)
4 5      - (2000100    -1103.62245635777)(2000202    -827.172193896517)(1000000    -506.113263695686)(2000201    -530.817270937727)(2000200    -490.223072607829)(2000001    -1316.29549500559)(2000102    -720.463878184245)(2000002    -552.218794739151)(2000101    -471.025477779178)
0 4      - (2000100    -1493.4145706872)(2000201    -1922.46262738735)(2000102    -1699.69885402747)(2000200    -1609.63443378062)(2000202    -1925.64251612105)(1000000    -2129.15982638411)(2000001    -1609.80700246901)(2000002    -1632.91909605255)(2000101    -1763.05237402829)(2000012    -1191.8787941113)
0 6      - (1000000    -1593.02721878927)(2000211    -1200)(2000101    -685.684459322835)
4 3      - (2000201    -1372.52328818776)(1000000    -1471.29372838245)(2000202    -1262.53287633881)(2000101    -1002.62587374957)(2000002    -1291.0289109286)(2000102    -1345.10135607194)(2000100    -1471.76317599216)(2000001    -1141.52555872039)(2000200    -1299.00926339895)
3 4      - (2000102    -1647.85956548397)(2000202    -1399.37912578958)(2000100    -1430.01221620146)(2000201    -1783.74645032617)(2000001    -1132.66866246442)(1000000    -1444.62858454717)(2000002    -1375.1995586118)(2000200    -1370.15031068623)(2000101    -1585.92261994557)(2000012    -1383.65179824004)
4 4      - (1000000    -1421.17126634862)(2000001    -911.342236440179)(2000002    -1321.01889086553)(2000201    -1421.41979427582)(2000202    -1196.21284020194)(2000102    -1221.25544584276)(2000200    -1574.89843745753)(2000101    -1135.96625149648)(2000100    -1463.84433181546)
2 5      - (1000000    -1008.09192620047)(2000200    -1441.95114535073)(2000201    -1169.17545401777)(2000102    -1400.20834847963)(2000001    -1035.58783030657)(2000002    -921.491224526403)(2000202    -1458.12413401562)(2000100    -1638.502388629)(2000101    -1275.74442153999)
5 3      - (2000201    -752.91281347032)(2000102    -1020.12540694588)(1000000    -885.733681047056)(2000202    -776.825952173684)(2000001    -1144.06729197719)(2000002    -927.80708997561)(2000101    -713.246219834823)(2000200    -1552.12387903104)(2000100    -933.146757555782)
6 5      - (2000202    -800.5)
6 0      - (1000000    -1495.63909251964)(2000001    -57.5159228538544)(2000200    -300)
6 2      - (2000201    -893.699327039835)(2000001    -1100.1799731337)(1000000    -639.215072623662)(2000002    -573.071489190734)(2000102    -617.277725021216)(2000202    -627.439442182261)(2000200    -882.006595264667)(2000100    -1099.09716997873)
2 9      - (2000101    -960.248293065005)(1000000    -679.15885545098)(2000201    -882.954439361699)(2000102    -1273.75576419645)(2000202    -1115.71596487421)(2000100    -961.298106799173)(2000001    -993.130490897848)(2000002    -944.002748224651)(2000200    -554.64396143329)(2000211    -996.169973213771)
1 9      - (1000000    -635.99326520727)(2000102    -1262.83482467748)(2000100    -824.250209988986)(2000201    -786.110025007396)(2000101    -865.793987087701)(2000001    -628.86350867609)(2000202    -1343.2406216376)(2000200    -977.899759285194)(2000002    -815.998869968868)
11 0      - (2000001    -907.461534668216)(1000000    -888.984125291908)(2000102    -845.559455979961)(2000101    -590.546020374438)(2000202    -1313.96545288903)(2000002    -1394.98864451942)(2000201    -1029.31656006803)(2000100    -935.889404594064)(2000200    -1010.05111401346)
2 11      - (1000000    -718.316491144731)(2000101    -1173.85073413863)(2000201    -1025.72663250475)(2000102    -696.944602798589)(2000001    -838.746524507274)(2000202    -790.49233160335)(2000100    -1115.18850472301)(2000200    -843.974984998904)(2000002    -738.150678371798)
10 0      - (1000000    -759.391335387439)(2000201    -957.909301947431)(2000002    -1065.87568481549)(2000001    -462.367203020708)(2000100    -694.326052033968)(2000202    -1284.59177607075)(2000200    -1121.44404061709)(2000101    -1193.68148199944)(2000102    -1028.99035244057)(2000012    -300)
9 1      - (1000000    -815.540851187462)(2000200    -1423.99666238616)(2000001    -1333.86576887895)(2000202    -1405.79119525926)(2000002    -635.677758798172)(2000102    -1389.15410409233)(2000101    -1581.89521804877)(2000201    -1592.58948494005)(2000100    -1508.48169044094)
1 14      - (1000000    -1034.83382562167)(2000101    -989.813282998468)(2000201    -1006.73233512078)(2000001    -288.473178987704)(2000100    -838.103890610774)(2000102    -866.52986203192)(2000200    -614.653348198436)(2000002    -832.063053683319)(2000202    -798.639793628595)
2 13      - (2000200    -755.632840241797)(1000000    -646.927023793028)(2000101    -838.195204531766)(2000102    -899.049326596064)(2000002    -952.333694767804)(2000001    265.153273796708)(2000100    -976.76916056383)(2000202    -1001.91293188511)(2000201    -430.321431810225)(2000012    363.318871222833)
0 14      - (2000100    -728.497408477915)(1000000    -880.463779650052)(2000200    -578.042464458977)(2000101    -719.393894269606)(2000201    -775.880970961221)(2000002    -926.533072174763)(2000001    -674.300776150233)(2000102    -714.18739031532)(2000202    -671.429620560392)(2000012    195.367286425368)
4 7      - (2000100    -322.304541849671)(2000202    -348.337657155719)
0 10      - (1000000    -1135.17811156611)(2000002    -1038.7807177536)(2000201    -980.717942637473)(2000101    -1308.77656918635)(2000001    -1217.19089065769)(2000100    -1194.80238435166)(2000202    -1777.28405957456)(2000200    -446.013959185898)(2000102    -1134.24711068994)(2000211    -1300)
1 13      - (1000000    -1142.29410024147)(2000100    -962.41114427441)(2000002    -750.199909862053)(2000200    -698.790265019966)(2000101    -1090.55380110403)(2000102    -441.151603699174)(2000202    -854.754939277356)(2000001    -875.489404162471)(2000201    -814.623066845126)
12 1      - (1000000    -848.195760820768)(2000200    -857.387185338597)(2000202    -821.06722950755)(2000001    -568.952559108924)(2000101    -1036.92951852936)(2000102    -923.571124990884)(2000100    -824.369404566502)(2000201    -833.551251184181)(2000002    -859.938976307093)
9 2      - (2000101    -858.83467527819)(1000000    -608.321118392494)(2000002    -587.904611488109)(2000200    -838.345342556167)(2000201    -894.458657642759)(2000100    -858.431698347654)(2000001    -937.783561970857)(2000202    -1317.59069645941)(2000102    -1093.00838034696)(2000012    -246.662992147025)
4 8      - (2000102    -947.475958182564)(2000002    -1109.84039420554)(2000101    -422.530242851742)(2000001    -678.329153988501)(2000201    -212.48895663794)(1000000    -985.5)
1 12      - (1000000    -832.13152839021)(2000202    -514.73900263192)(2000001    -900.410490127595)(2000200    -978.86528813257)(2000201    -1190.71951449196)(2000102    -817.501271216092)(2000002    -1185.34583165643)(2000101    -892.269994565821)(2000100    -971.922840140602)(2000012    -1085.50789014716)
2 14      - (1000000    -805.396973298691)(2000202    -817.67753295471)(2000100    -610.436346272477)(2000102    -767.711859869895)(2000201    -709.044718872673)(2000001    -848.461815228626)(2000101    -808.570896322839)(2000200    -866.711666169557)(2000111    -0.4932)(2000002    -767.759075839687)
0 12      - (2000202    -796.088293123302)(2000201    -987.651409138299)(1000000    -987.242169649537)(2000100    -1151.24675466554)(2000001    -497.550669657814)(2000102    -613.868927432874)(2000002    -979.953233783906)(2000200    -1106.74453152535)(2000101    -1150.3276526361)
14 0      - (1000000    -584.99520228875)(2000200    -610.946507185063)(2000001    -247.466245557489)(2000201    -817.739253177512)(2000102    -948.229760779985)(2000002    -514.748816273348)(2000100    -785.527134588017)(2000101    -998.906790346338)(2000202    -943.214310743388)
3 13      - (2000100    -933.430184696068)(2000002    -898.803912842924)(2000200    -629.338647432401)(2000001    -1255.38169699753)(1000000    -1446.37499424074)(2000102    -476.550389176743)(2000201    -744.801714599993)(2000202    -675.902064755996)(2000101    -855.222273080006)
12 0      - (2000201    -861.451245313702)(2000100    -895.921242216822)(1000000    -1124.13839625851)(2000200    -869.230216583104)(2000202    -495.44978214757)(2000102    -834.59987985881)(2000101    -1063.08110811505)(2000002    -963.678981770355)(2000001    -863.352776813925)(2000012    -288.233286595005)
0 9      - (2000101    -948.597683555912)(1000000    -715.178922002264)(2000002    -1172.66631031497)(2000100    -758.257025229963)(2000201    -983.343184054877)(2000001    -1034.02253342223)(2000200    -435.995808407709)(2000102    -1085.9969107414)(2000202    -1360.79643773566)
2 10      - (2000102    -1471.6013586702)(2000101    -948.146773933685)(1000000    -589.620224866992)(2000201    -1026.24782727393)(2000200    -996.484149797469)(2000001    -1196.26552220301)(2000002    -1523.15203229355)(2000202    -1646.81566215696)(2000100    -496.564276160546)(2000012    -483.515308416149)
0 8      - (2000201    -1068.52726154022)(2000001    -1176.97873656492)(1000000    -685.559328598824)(2000200    -1573.23162830585)(2000202    -1207.64914128949)(2000102    -1181.33826773445)(2000100    -696.723512297971)(2000002    -601.488119257335)
11 2      - (1000000    -781.792281116099)(2000200    -770.843355926002)(2000201    -962.282338218284)(2000002    -347.115348590942)(2000100    -786.33892388813)(2000202    -993.915209263119)(2000101    -880.654463172855)(2000001    -982.478674284828)(2000102    -1157.14294827161)(2000012    -617.417914048344)
10 1      - (2000111    -0.4932)(2000101    -581.604718233684)(1000000    -656.874091696815)(2000001    -455.651462707892)(2000002    -779.370852934434)(2000202    -701.408838676456)(2000102    -691.812060114215)(2000100    -689.772348735773)(2000200    -721.740610464536)
14 1      - (2000102    -911.721816010025)(1000000    -1152.6304352634)(2000200    -1064.32368304496)(2000201    -1094.07242963873)(2000101    -1217.00191922914)(2000202    -543.118761250011)(2000100    -1063.79870304256)(2000002    -1123.10164190768)(2000001    -1107.58973901048)
3 12      - (1000000    -806.704405972636)(2000100    -784.346982337232)(2000201    -606.484247020498)(2000002    -680.691419425667)(2000200    -825.080758060763)(2000001    -688.343278484708)(2000102    -611.579728422758)(2000101    -847.82294905331)(2000202    -378.246179849112)
0 11      - (1000000    -779.73392407056)(2000201    -1060.91386721675)(2000001    -530.546965890991)(2000101    -843.759008746394)(2000002    -779.443089614791)(2000102    -699.656439536343)(2000200    -845.102512838096)(2000202    -404.115717197366)(2000100    -821.778653694236)
2 8      - (2000102    -1861.40175973769)(2000200    -1312.5)(2000201    -992.995636090104)(2000001    -1012.2578548584)(2000202    -1701.13479372018)(2000002    -1067.43031430218)(1000000    -1708.66762012109)(2000101    -1138.05246505842)
12 2      - (2000002    -1041.39285985795)(1000000    -964.840388095719)(2000101    -924.450978789123)(2000200    -789.793999624681)(2000102    -1178.77269311626)(2000100    -468.122815650035)(2000202    -711.806414897401)(2000201    -890.681536135632)(2000001    -707.801984343347)
4 13      - (1000000    -1456.6777102126)(2000001    -911.620499696934)(2000200    -1269.84333685111)(2000101    -1007.96244586215)(2000100    -1153.11074866882)
2 12      - (1000000    -1097.14000058429)(2000002    -381.134069596919)(2000001    -1030.52144720416)(2000200    -846.765272187255)(2000102    -394.387552246221)(2000100    -743.308082188026)(2000201    -784.602535815015)(2000101    -1023.58655448534)(2000202    -696.416990959905)
10 2      - (1000000    -1122.90329070253)(2000002    -887.240607394875)(2000100    -1640.1786116716)(2000001    -1229.23065377648)(2000201    -1112.48806515635)(2000202    -1155.4862467798)(2000102    -1474.0085190969)(2000101    -1188.53357422625)(2000200    -199.060615754932)
1 11      - (1000000    -598.037884337718)(2000202    -1004.83155817435)(2000201    -609.453711956638)(2000102    -639.511606968542)(2000002    -912.157518725104)(2000101    -723.967101202947)(2000200    -395.781798579375)(2000100    -539.476731197692)(2000001    -913.791013268394)
1 8      - (2000102    -1626.47750481082)(1000000    -105.360996781488)(2000101    -573.092531592621)(2000100    -732.708674025326)(2000202    -888.522774263109)(2000001    -634.278389355484)(2000200    -1021.3132148619)(2000201    -845.384187473064)
16 2      - (2000200    -302.045694458978)(2000102    -431.349169188485)(2000001    -308.352904906743)(2000002    -309.084258071379)(1000000    -87.884902948179)(2000101    -201.932177122302)
11 1      - (1000000    -861.460117850832)(2000202    -832.517333047123)(2000201    -750.999917745487)(2000101    -911.752352891429)(2000100    -923.8160154728)(2000002    -844.8650667328)(2000200    -867.45320407045)(2000001    -447.314637585012)(2000102    -1109.46613724368)
5 2      - (2000200    -689.156117466981)(2000001    -1429.80993216502)(2000100    -781.644403832388)(1000000    -869.131415477006)(2000102    -896.93001138747)(2000101    -486.723311006854)(2000202    -946.880661021508)(2000201    -852.948109996924)(2000002    -725.261230811224)
13 1      - (2000001    -971.217034871979)(1000000    -451.869233705849)(2000100    -676.240606844912)(2000101    -818.66049303124)(2000102    -846.53158537313)(2000202    -542.263225728832)(2000002    -562.052523166378)(2000201    -778.037630976981)(2000200    -711.669130770359)
13 2      - (2000201    -677.062768992865)(2000102    -668.365163184841)(1000000    -672.517920742422)(2000200    -672.72029566051)(2000100    -891.480919198185)(2000202    -633.002778235984)(2000002    -675.841463703851)(2000101    -672.896445686968)(2000001    -930.027728005753)
9 0      - (1000000    -617.091939670425)(2000001    -1001.68046358052)(2000102    -881.312755938353)(2000202    -1426.75980410314)(2000101    -524.684319311135)(2000200    -1099.35432649483)(2000201    -1079.03535503)(2000100    -1092.74928179242)(2000002    -1120.5090178404)
1 16      - (2000001    -335.0380168103)(1000000    -830.166180933878)(2000101    -753.458513579861)(2000202    -785.34331795757)(2000200    -924.213020948248)(2000102    -770.95033593287)(2000002    308.226300523579)
2 15      - (2000001    -748.604271765616)(1000000    -1117.20459301746)(2000202    -610.548007794276)(2000100    -819.722733618317)(2000101    -876.076899683219)(2000201    -868.024132177831)(2000002    -987.643523916856)(2000200    -855.449941267659)(2000102    -718.433217117608)
1 10      - (2000001    -1396.43886521824)(2000102    -1334.0643212726)(2000201    -982.888041513092)(2000202    -1128.84097646452)(2000200    -1028.6418479637)(2000101    -941.07432090531)(1000000    -1187.51366440096)(2000002    -721.365359518523)(2000100    -1125.70531635582)
0 13      - (1000000    -887.035039644897)(2000202    -464.605278673188)(2000002    -1121.49710862911)(2000101    -860.554841885878)(2000200    -849.932353865727)(2000001    -1152.67830092797)(2000102    -703.139602328113)(2000201    -976.445440711032)(2000100    -1044.40766808638)
1 15      - (2000100    -698.792132737396)(1000000    -809.616687607487)(2000202    -813.978695690893)(2000201    -785.639181870042)(2000102    -841.238903369863)(2000200    -542.730651220824)(2000101    -885.482605401819)(2000002    -850.716434011705)(2000001    -1026.50135416546)
13 0      - (2000001    -772.112265398905)(2000002    -738.348477321577)(1000000    -624.551803269434)(2000100    -869.283270595993)(2000101    -845.269965018932)(2000201    -788.240465789744)(2000200    -1036.49041297421)(2000202    -998.504901974486)(2000102    -866.00881834712)(2000012    -251.125229441585)
3 9      - (2000200    -744.883260428334)(2000002    -1536.07783923281)(2000202    -1615.09434906672)(2000100    -1309.60039236871)(1000000    -1052.23063394833)(2000201    -355.732502121918)(2000102    -523.941524469592)(2000101    -489.794976046035)
4 9      - (2000201    -559.316423296772)(2000102    -520.664547655319)(1000000    -1069.10623895868)(2000001    -500)
14 2      - (1000000    -920.10410878127)(2000100    -1005.76121513532)(2000202    -912.899441983428)(2000102    -967.383490097936)(2000201    -962.404904772025)(2000200    -1331.795955238)(2000101    -521.91302595253)(2000001    -177.694946385897)(2000002    -922.957815980851)
5 0      - (2000101    -769.825887210291)(2000001    -993.226767752347)(2000200    -557.397654077499)(2000102    -857.98192137044)(2000002    -785.018842021812)(2000100    -704.827812534044)(2000202    -859.436123550567)(2000201    -750.494674401941)(1000000    -1442.03502190463)
6 4      - (2000202    -962.002967616124)(2000101    -885.996178389779)(2000001    -1274.92285708733)(1000000    -1102.67501442214)
4 16      - (2000102    -1432.05868205492)(1000000    -167.974013034574)(2000002    -237.624506400558)
3 14      - (1000000    -411.483811180177)(2000102    -636.689688409879)(2000201    -422.57804688748)(2000202    -677.662703538774)(2000101    -639.928772881177)(2000200    -663.751635641533)(2000100    -730.022423555981)(2000002    -736.521770348679)
9 3      - (2000202    -503.881109375)(2000002    -357.369438834957)(2000102    -769.355374102558)(2000201    -768.495999568991)
5 1      - (1000000    -1347.76534587168)(2000100    -877.862007573322)(2000101    -821.436761855974)(2000001    -999.367870499438)(2000201    -1433.50394112589)(2000200    -636.388875887619)(2000102    -1570.64303086056)(2000202    -1038.52997813129)
6 1      - (2000201    -643.213140612539)(1000000    -1008.21154901718)(2000001    2.52916308247266)(2000202    29.1385510846041)(2000200    -32.5341758482764)(2000100    -74.8043455285285)
0 15      - (2000201    -894.688156674632)(1000000    -1255.8150018381)(2000200    -914.033172199998)(2000100    -1030.16097707418)(2000002    -935.859851469328)(2000102    -1019.76489283211)(2000101    -1052.48167248347)(2000001    -574.470895159463)(2000202    -381.758133519464)
10 3      - (2000201    -560.229197089762)(1000000    -1008.68469861198)(2000100    -769.312593808527)(2000102    -69.8828398739647)(2000001    -505.975418286133)(2000200    -754.0227274292)(2000002    -515.289866379327)
3 5      - (2000202    -955.027492719969)(2000002    -872.270433274999)(1000000    -942.413991182357)(2000001    -1040.60182295704)(2000100    -797.788880966111)(2000102    -1003.25973994027)
3 6      - (2000202    -949.530244105694)(1000000    -927.47277047344)(2000201    -808.68767562507)(2000101    -564.209187301751)(2000200    -791.603967456897)(2000001    -525.528886590118)(2000102    -534.813867450654)
4 14      - (1000000    -913.074106372493)(2000200    -1006.91326336559)
11 3      - (1000000    -805.037188079303)
1 17      - (1000000    -180.058536186572)
4 15      - (2000100    -312.665661307944)(1000000    -833.949381122326)(2000102    -1214.54788510462)(2000201    -285.50263258583)(2000001    -218.201527384712)(2000101    -105.505259632943)
15 3      - (2000002    -206.6351074678)(2000102    -205.413471023957)
2 16      - (1000000    -968.366178568024)(2000002    -996.098820878767)(2000200    -719.648543543545)(2000012    610.082848123521)(2000101    -651.606454112941)
8 4      - (2000200    -508.432378176145)(2000201    -508.432378176145)
6 9      - (2000202    -20.1610409255974)(1000000    -52.0910320992078)
15 0      - (1000000    -185.998202510513)(2000200    -52.0128653281454)
17 5      - (1000000    322.673578115778)
1 7      - (2000001    -456.246334158528)(2000202    -135.203764348536)(1000000    -65.7722704022779)(2000100    -458.497025377102)(2000101    -728.197335439821)(2000102    -450)(2000201    -657.995033664457)
12 3      - (1000000    -734.108418383498)
3 16      - (2000201    -354.283990007168)(2000002    -750.2466)(1000000    -318.433338142167)(2000001    -244.59381449067)
3 15      - (2000001    -628.888902769413)(1000000    -1170.61215751183)(2000200    -670.378561440014)(2000202    -649.872770908454)(2000100    -437.882454349555)(2000002    -621.949711820849)(2000102    -271.526977897574)
0 7      - (2000201    -231.52846315338)(2000100    -34.2332952185234)(2000101    -33.8582952185234)(1000000    -871.286302153448)
16 1      - (2000002    -530.001758165594)
4 12      - (2000201    -1005.12430420301)(2000001    -1167.04279853586)(2000100    -972.248133849281)(1000000    -1161.02038700739)(2000202    -1200.74348645007)
0 17      - (2000202    -936.285772430747)(1000000    -503.972266356761)
5 9      - (2000102    1.71156420222552)
15 2      - (2000201    -546.32513393089)(1000000    -1095.61278790981)(2000102    -500)
3 11      - (2000001    -1355.67337414527)(1000000    -1698.52765133106)(2000200    -1593.57161977819)(2000101    -1719.16794176139)(2000201    -1305.06731888889)(2000202    -734.993047974952)(2000100    -1261.41520354601)(2000102    -651.191785857788)
3 10      - (2000201    -2057.36700351373)(2000202    -1680.47251640954)(2000002    -1607.87301915625)(2000012    -933.169947409408)(1000000    -1410.65749720298)(2000100    -1127.11616119309)(2000101    -402.597888506144)(2000001    -149.180676473681)
4 11      - (1000000    -1869.00581583567)(2000100    -1121.05901172458)(2000202    -300)(2000002    -6.80197483185594)
4 10      - (2000101    -770.994375079174)(1000000    -1509.40284203583)(2000002    -771.291404741128)(2000001    -420.978129820422)
2 7      - (2000102    -552.652922980285)(1000000    -535.273453225903)
3 7      - (2000201    24.7265509793567)(1000000    -302.387482105085)
12 4      - (2000202    -517.974623615588)
10 4      - (1000000    -1021.6625208397)
4 6      - (2000202    -463.15169865084)(2000200    -885.185350558327)(2000101    -409.530013386726)(2000102    -900.191653385349)(2000001    -975.052408393286)(2000201    -1049.30908062486)(1000000    -501.115819157005)
3 8      - (2000202    -1489.70956978112)(1000000    -1222.71916318176)(2000002    -1000)(2000102    -1060.0224967998)(2000100    -833.508066189958)(2000001    -1520.37566586953)
7 1      - (1000000    -1204.32525741518)
2 6      - (2000202    -752.052820152748)(2000102    -547.533778204605)(2000201    -655.491712987818)(2000002    -552.876180004091)(2000100    -552.420005142895)(2000101    -772.706630351098)(2000200    -597.919503196461)(1000000    -1069.62515528869)
6 3      - (2000001    -64.1114284752908)(2000201    -307.973276577838)(2000002    -622.976583476939)(2000100    -67.2253808754799)
5 5      - (2000202    -745.04121614479)(2000100    -520.621974775789)(2000101    -445.286891154167)(2000200    -646.331605464456)(2000102    -777.405232131798)(2000002    -732.511882590352)
0 16      - (1000000    -991.681879903582)(2000001    -1440.23475851016)(2000201    -346.292566486192)(2000100    -819.099208527951)
1 6      - (2000201    -937.330988603061)(2000102    -817.520163849668)(2000001    -851.024976770973)(1000000    -986.958924453901)(2000101    -577.930792580163)(2000100    -822.610129391747)(2000002    -792.838367185135)(2000202    -973.133525627028)(2000200    -920.451528010667)
14 3      - (1000000    -433.574526222875)
5 11      - (2000100    -717.634221061918)
11 4      - (2000002    -519.843431032835)(1000000    -519.843431032835)
5 6      - (2000201    -129.930667025709)(2000101    -73.6050762450751)
6 7      - (2000001    -519.295207486275)(2000201    -118.421101662279)
5 12      - (2000101    -1125)
8 3      - (1000000    -300)
8 2      - (1000000    -727.890152240115)
5 14      - (2000100    -349.178409735761)
13 3      - (2000002    -97.2967536428487)
7 5      - (2000001    -451.99658166424)
6 6      - (2000100    -495.767028887242)(2000200    -384.353978472903)(1000000    -782.116305446556)
13 4      - (2000202    -350.222066334422)
5 8      - (2000202    -350.222066334422)
14 4      - (2000002    -276.919771226935)(2000201    -307.727778348373)(2000001    -276.919771226935)
4 18      - (2000102    -329.844449112602)
15 1      - (2000100    159.415862026058)
7 4      - (1000000    -70.2300431190623)
7 3      - (1000000    -403.897361837198)
8 0      - (2000100    -70.5502755042061)

