649
0 0      - (2000201    34080.7301740725)(2000101    34022.9454581413)(1000000    34517.771350599)(2000002    34114.953363331)(2000012    33588.6784554037)(2000022    168.269517644197)(2000111    35210.2246705826)(2000211    33802.2446136108)(2000121    -829.490411331038)(2000221    -830.04537555807)
1 0      - (1000000    35215.0724849086)(2000111    8577.49523058605)(2000101    24483.4596604608)(2000002    28073.4241160841)(2000201    28325.4624320339)(2000022    -83.3659596550455)(2000211    2119.30340265529)(2000012    1909.09891698911)(2000221    -844.406599608448)(2000121    -881.256685484589)
0 2      - (1000000    35174.0846291285)(2000101    26042.7297557153)(2000002    24305.8032486863)(2000201    27963.8328031576)(2000121    -859.782706659656)(2000221    -919.542607686482)(2000012    6501.6701694836)(2000111    7292.17306045935)(2000022    416.500566575201)(2000211    8805.62657904502)
2 2      - (2000101    7752.34156875504)(2000201    2668.07839374204)(1000000    32282.7287391003)(2000012    2702.35433296707)(2000002    6975.01069161772)(2000221    -1107.19164878294)(2000111    4357.04542175547)(2000211    2430.77958081966)(2000121    -1088.48028315839)(2000022    -253.473084540587)
2 4      - (2000201    11599.460815076)(1000000    31826.3709517543)(2000101    1549.44653612847)(2000121    -934.489377172888)(2000111    7277.86537077322)(2000022    -6.36442021375969)(2000221    -878.30721010688)(2000002    2083.48739447159)(2000211    3290.66240265022)(2000012    1971.47897996349)
0 3      - (2000211    6696.22902794433)(1000000    32408.1248341352)(2000022    -19.1526720932775)(2000101    9004.30554513452)(2000002    17062.3448909795)(2000201    11214.0046876459)(2000121    -750.75)(2000111    5605.84729709054)(2000012    -289.160725347578)
1 1      - (1000000    35197.0556118859)(2000012    1939.87888679514)(2000002    21139.6872406249)(2000211    1519.18120444229)(2000201    6470.09721117802)(2000101    15011.9482099319)(2000221    -1093.53343718666)(2000121    -844.636105528203)(2000111    4472.67633818774)(2000022    194.974794920548)
3 1      - (2000002    11476.4158821587)(2000111    1853.09089195011)(1000000    33205.3779085992)(2000221    -981.736330004902)(2000101    8493.44402645486)(2000201    2972.34498067103)(2000211    2153.10409997639)(2000121    -450.108283808679)(2000022    99.783432382642)(2000012    1453.70906592717)
2 1      - (1000000    29903.3554307358)(2000002    3666.04754976669)(2000101    7944.72386394107)(2000022    -223.152676839772)(2000012    -24.309944537865)(2000211    924.739300549626)(2000111    1499.33354889034)(2000201    3076.41142145457)(2000121    -1135.76759084001)(2000221    -861.076338419886)
4 0      - (2000012    -196.067536538247)(1000000    32132.1118357393)(2000101    4729.2282012088)(2000002    13250.6329584656)(2000201    13841.3388054073)(2000022    -9.18332648043438)(2000221    -827.781324313792)(2000111    5718.76294299821)(2000211    4089.60238145152)
2 0      - (2000201    21802.7278852365)(2000002    15010.9526483918)(2000101    13015.6794381517)(1000000    34678.7971734859)(2000121    -1278.78955020204)(2000221    -1149.16852366791)(2000012    4587.95874822169)(2000111    13784.8638007487)(2000022    192.447219117811)(2000211    8189.24864087263)
0 1      - (2000101    30672.564654449)(2000111    10765.7140944532)(1000000    35216.7738142149)(2000201    29508.2697108401)(2000002    28815.838492803)(2000022    222.251929791163)(2000012    1557.08962001922)(2000121    -940.588906796125)(2000211    2274.77376364121)(2000221    -832.431473324156)
3 0      - (2000201    13356.4621062141)(1000000    33482.3661974041)(2000002    16737.2247346632)(2000121    -1069.85786906601)(2000022    -145.06342542082)(2000012    219.472823166277)(2000211    8.69733313005077)(2000101    8330.79284094665)(2000221    -677.889726194155)(2000111    3205.89949139743)
1 3      - (2000201    2195.16101692606)(2000211    5916.8687109983)(1000000    30835.5591155117)(2000002    10200.7496745341)(2000221    -1237.05417046275)(2000101    4657.41283028009)(2000111    2081.33491920641)(2000012    3957.08485887947)(2000121    -570.108300330454)
1 2      - (2000002    14046.611498855)(2000201    14207.1871244595)(2000101    5440.64941448641)(2000111    10110.4368489104)(1000000    33960.0470489265)(2000121    -972.824402140611)(2000221    -1251.35063735101)(2000211    4430.23399070036)(2000022    -265.532320780556)(2000012    14957.5156599755)
0 4      - (2000012    10658.0790694014)(2000211    9094.63909881881)(2000201    14399.6060370424)(2000221    -1110.90290281312)(1000000    34412.6053646416)(2000111    9069.32030526397)(2000002    19208.7001939142)(2000101    14384.717451532)(2000121    -500)
3 4      - (2000101    2777.03289925162)(2000111    564.817444577982)(2000221    -1572.91206756194)(1000000    3524.0564975504)(2000002    1589.17779392152)(2000121    -1624.87780165648)(2000201    2660.03854545206)(2000012    2062.01731947629)(2000211    1183.90122111874)
0 5      - (2000121    -1578.22834842157)(2000101    4324.34325048459)(2000201    8908.02742172761)(1000000    33534.4218316996)(2000221    -436.111362437376)(2000111    12277.4545900552)(2000211    2277.80255870416)(2000012    16238.0661033156)(2000002    11998.0114492471)
3 6      - (2000101    -923.625490722092)(1000000    -219.398202579361)(2000002    2496.81224932609)(2000211    848.412534628861)
4 1      - (2000201    11678.6289718143)(2000211    5598.03208296795)(1000000    31497.5995716416)(2000121    -843.11338852215)(2000012    4046.81913644255)(2000101    4505.55761506145)(2000111    9515.78671763541)(2000002    6181.21747956074)
2 3      - (1000000    7842.84514711071)(2000002    30956.8169193273)(2000211    4244.00249283445)(2000221    -1000)(2000111    1091.46588528554)(2000121    -1404.4385553683)(2000022    124.277275125247)(2000201    1798.0406864162)(2000101    3159.52000686948)(2000012    1185.17880861597)
1 5      - (2000002    7261.03566753071)(2000022    -8.45202212656513)(2000101    287.964176085002)(1000000    33438.2047728227)(2000211    7196.68137824329)(2000201    12299.0568240775)(2000012    1703.83694168395)
3 2      - (2000012    2315.70089663003)(2000002    9541.88840583888)(2000111    858.034064518093)(2000211    1218.45152491719)(1000000    31944.2336332986)(2000201    2332.52215092377)(2000101    11414.8081820463)(2000121    -1252.69968623606)
4 2      - (1000000    29450.7987392293)(2000012    1741.92295632335)(2000201    2712.64632437575)(2000111    2708.49145818653)(2000002    5803.81119585013)(2000101    487.074606922188)(2000211    7582.74486564078)
3 3      - (2000012    346.968499834921)(2000221    -750)(1000000    17259.0687315797)(2000101    2089.23454606359)(2000002    2189.7632586524)(2000201    3360.17046880668)(2000121    -956.734807393261)(2000111    732.785955853268)(2000022    -576.877144680991)(2000211    859.713171432905)
6 3      - (1000000    3203.55270214546)(2000002    1065.98305477625)
3 5      - (1000000    2643.02936040602)(2000101    3407.98509777842)(2000211    822.121555415435)(2000201    759.938305165001)
0 6      - (2000101    117.00581087106)(1000000    18678.1210267508)(2000201    663.952275263673)(2000221    -907.66981720748)(2000211    167.714633144166)(2000002    2070.11843864486)
1 4      - (1000000    34085.0511167132)(2000002    7875.29222963302)(2000221    -1434.92204524805)(2000201    4401.44727876744)(2000101    12380.6560460692)(2000111    17061.7493544866)(2000012    3565.84175248502)(2000211    2548.98633621435)
4 3      - (2000121    -952.481190296222)(2000012    1576.8182760289)(2000201    1693.80690908037)(2000211    -559.252273119027)(2000101    2013.21154689434)(2000022    -56.7854460648958)(1000000    3082.63706429518)(2000111    -937.737597943777)(2000002    1961.78386079427)
7 2      - (2000002    -643.782823366825)(2000201    -197.074524684847)(1000000    2734.81090406333)
5 1      - (1000000    31527.010740191)(2000221    -767.089001129131)(2000012    -274.735061574467)(2000101    -1080.17615135144)(2000201    14884.4098125539)(2000002    6426.0550335634)(2000111    9825.18402570342)
6 0      - (1000000    25086.9680350117)(2000002    10119.4874753134)(2000121    -500)(2000201    318.215396939472)(2000022    8.65988752930818)(2000101    3558.95746601745)(2000111    1837.10130432649)(2000012    4573.83053298043)
2 5      - (2000012    -282.48644635229)(2000002    -178.327384569849)(1000000    12317.3625906142)(2000201    -847.0966443056)(2000101    -91.4362280768187)
5 3      - (2000101    2790.46133273279)(1000000    3495.1791131432)(2000002    2557.10397652476)(2000201    864.267144221249)(2000211    -396.590865991191)(2000111    198.86950538998)
4 4      - (2000002    994.283170041294)(1000000    3397.24022692097)(2000101    2669.774699417)(2000201    -106.176445456112)(2000111    212.714791322776)(2000012    1471.00921049086)
5 5      - (2000211    -141.049402925179)(1000000    2456.96256822299)(2000201    -473.246541808538)
1 9      - (2000101    -472.827619781182)(2000022    383.946518395012)(1000000    985.078668391173)(2000211    -757.080874861931)(2000201    -791.158288058056)(2000002    1587.17382946685)(2000111    -631.222716259678)(2000221    -432.255013280185)(2000012    476.328795013286)(2000121    -558.630383934821)
10 1      - (2000101    31699.9806237415)(2000012    33147.6753521746)(1000000    31962.9774221313)(2000201    31165.030543018)(2000002    35212.7011990906)(2000211    31623.2471218939)(2000111    32735.9365137751)(2000221    -776.721696717474)(2000022    39.3459158611326)(2000121    -424.362077045668)
11 2      - (2000111    4106.15393825864)(2000201    2007.33578010354)(2000002    -865.310282617264)(1000000    3778.47921171217)(2000101    3791.74211786233)(2000211    4444.29999557472)(2000022    201.545641422191)(2000221    -849.793233489882)(2000121    -823.951571357312)(2000012    4117.71811298164)
1 8      - (2000101    -634.353556835439)(1000000    2011.62640868431)(2000211    -678.400695324745)(2000111    -291.303635659718)(2000022    402.620096071755)(2000121    -352.085064212942)(2000201    1950.120482496)(2000012    496.360364428718)(2000002    706.460936257648)(2000221    -513.450426140192)
11 0      - (2000012    3770.8513757637)(1000000    4292.46305740974)(2000101    3019.54835545529)(2000002    2655.10568525627)(2000201    2974.80984064088)(2000121    -1049.30049212217)(2000211    1956.78310960039)(2000111    1551.70418113954)(2000221    -653.844501538804)(2000022    71.0919639044315)
0 12      - (2000201    33750.258177526)(2000101    33287.120871135)(1000000    35147.9179015578)(2000012    35209.7328378878)(2000211    32625.7713535161)(2000002    34719.6420180382)(2000111    33235.7096039553)(2000022    423.410351280753)(2000221    -508.965906384597)(2000121    -475.368195839296)
1 12      - (2000012    816.780743838894)(2000101    56.6948385438345)(1000000    459.624669579751)(2000002    761.409798518345)(2000201    -404.059423741006)(2000211    -512.03125181536)(2000111    -521.566305275532)(2000121    -711.399382376361)
10 2      - (1000000    -785.562625911569)(2000201    -859.311934730473)(2000111    -826.803252036112)(2000012    28.5743753990581)(2000002    -726.428468957336)(2000101    -803.060575220928)(2000022    173.932824603324)(2000121    -522.625235067985)(2000211    -427.167689632102)
11 1      - (2000101    3156.11103193584)(1000000    3431.35632453516)(2000201    2709.82318157663)(2000002    4445.42513799095)(2000211    2752.97569217351)(2000111    3706.87790673536)(2000022    337.958572858012)(2000012    3899.52126158635)(2000121    -779.618761640009)
1 14      - (1000000    1820.49216646439)(2000221    -789.473585614077)(2000022    -58.9401819296814)(2000002    955.587310158948)(2000101    1093.80797114541)(2000201    1802.671830311)(2000012    1118.44470480165)(2000211    1351.39825245437)(2000111    1028.66931923442)
0 7      - (1000000    3819.50616185553)(2000002    1677.63891819269)(2000211    873.027064272476)(2000201    1655.38574018013)
0 9      - (1000000    1190.09666335758)(2000101    -484.683226485057)(2000002    -416.456170531743)(2000211    -354.185053169093)(2000201    -721.393052102399)(2000022    257.653123083126)(2000121    -426.609308901572)(2000012    488.225806390383)(2000111    -743.12150798024)(2000221    -355.564377044572)
3 8      - (2000101    816.685662092857)(2000201    -1182.60017296257)(1000000    3169.44031865302)(2000022    556.366941589297)
0 14      - (2000201    1049.95458980789)(2000022    -37.8514811653718)(2000101    1083.18387474462)(2000111    859.230500357083)(2000211    1179.02153384607)(2000221    -982.913785243402)(2000121    -905.069475172064)(2000002    1946.53482359414)(1000000    2053.50802842543)(2000012    1454.01175341327)
14 1      - (2000012    930.171701265223)(2000101    583.584059566705)(2000002    1576.89612284837)(2000111    1696.51375300541)(2000211    1095.39815992982)(2000221    -501.467173675232)(1000000    3346.30459659713)(2000201    1356.59829763789)
13 2      - (1000000    1053.5454610489)(2000201    278.351932950624)(2000101    1987.20309828025)(2000002    1020.02369486814)(2000012    2417.68557815839)(2000211    1013.43522539748)(2000111    204.778124950026)
12 1      - (2000101    -869.440732267608)(2000111    -793.874515987217)(1000000    1552.94512910927)(2000201    -80.2757833530118)(2000002    -697.547597426034)(2000121    -968.828993203618)(2000012    1058.15342524835)(2000211    800.328516020194)(2000022    49.1808384245859)(2000221    -355.160258976104)
2 11      - (2000012    584.135074226604)(2000211    -725.118553166755)(1000000    -567.019754792197)(2000002    -793.190153707223)(2000201    -978.079687536195)(2000101    -633.816107725781)(2000022    224.507848649167)(2000221    -975.047837046936)(2000121    -267.738335448485)(2000111    -500)
11 3      - (2000101    25480.3338081654)(2000211    20319.6198472032)(2000111    29603.4268969678)(2000002    25657.8519398101)(1000000    34283.5720101907)(2000012    29599.3139060789)(2000201    24437.5499531169)
2 8      - (2000211    -700.386324150785)(1000000    2618.12633284904)(2000022    341.098139422823)(2000002    -775.664109239674)(2000012    474.332212245203)(2000201    -211.946717504572)(2000111    -502.828176655452)(2000101    741.964769772232)(2000221    -409.636386813535)(2000121    -86.9871138434344)
0 11      - (2000101    -863.386585647983)(2000012    800.299513192778)(1000000    -857.231435094464)(2000221    -632.243490892924)(2000201    -851.82466206792)(2000002    -704.478016789877)(2000121    -1034.12182528945)(2000111    -827.207847813684)(2000211    -352.802371496717)(2000022    71.2478343423145)
2 12      - (1000000    -600.490225177147)(2000101    -860.648494347798)(2000002    -779.02522770409)(2000201    -623.941456772006)(2000211    -695.798779833739)(2000012    268.384044115815)(2000221    -470.728331848527)(2000022    159.184150826116)(2000111    -714.461562814273)
2 10      - (2000101    -452.12085353702)(1000000    -476.543198467496)(2000201    -450.263012013688)(2000111    -480.911673374279)(2000121    -519.977442145876)(2000221    -565.625090689132)(2000022    619.634068350668)(2000211    -660.461977588758)(2000012    339.927274627047)(2000002    -522.572667747412)
9 1      - (2000201    -670.134552058264)(2000221    -700.831104940794)(2000022    397.483451917445)(2000012    561.614043745924)(1000000    -653.730100910194)(2000121    -544.29327237418)(2000101    -282.490022869539)(2000002    -661.41056763644)(2000111    -607.211056510535)(2000211    -403.411705902533)
12 0      - (2000111    4043.70513071999)(2000221    -813.386264058836)(2000012    3961.29207375267)(2000002    3621.01492219103)(1000000    4184.99805217168)(2000201    4378.37637024571)(2000101    4168.58956374345)(2000022    102.438486336271)(2000211    4473.58024414603)(2000121    -718.067321083794)
2 14      - (2000101    1094.32882777126)(2000002    1490.73073644739)(1000000    2171.30509353703)(2000201    1689.24537580773)(2000012    1303.00156330909)(2000211    786.565177682176)(2000111    577.729828674155)(2000022    67.9379492494945)
3 11      - (2000101    -515.150934923036)(1000000    -499.697350951983)(2000201    -529.342986752294)(2000002    -865.012339084561)(2000111    -913.34102552434)(2000012    571.776743600491)(2000211    -421.188417310013)(2000221    -51.0704890651173)(2000022    28.4656206211906)(2000121    -200.877043812973)
5 11      - (1000000    -22.1690828571041)
4 11      - (2000211    88.7441634343495)(2000022    394.39836690425)(2000201    -498.088463844349)(2000101    -669.452114676376)(2000111    -409.072855467623)(2000121    -291.105546892807)
5 2      - (2000201    1425.25191083002)(2000002    3504.73719846709)(1000000    18098.9057672166)(2000121    -1000)(2000012    221.33751977674)(2000111    938.128159822837)(2000101    1182.92301725515)
4 13      - (1000000    1871.77310729182)(2000201    682.945950801028)(2000211    823.994701684163)(2000101    789.167721995944)(2000012    1333.73705576803)
14 0      - (2000101    1915.57936154032)(2000012    1011.23968580608)(2000201    1026.25133152805)(1000000    2269.93617219908)(2000002    1133.62929452823)(2000111    993.531198762397)(2000211    1580.61102282736)
0 10      - (2000201    -532.707820738054)(2000221    -263.155709254378)(2000211    -507.232864879027)(2000121    -678.616434953328)(1000000    -375.607849061252)(2000111    -393.660335200481)(2000022    598.246932222464)(2000012    273.328986716107)(2000101    -355.766335945865)(2000002    -463.097863987421)
13 0      - (2000012    656.544383801344)(1000000    2739.53889414748)(2000002    2169.38278572806)(2000201    1539.92192188974)(2000101    378.302632256237)(2000221    -1107.34078068299)(2000121    -632.766160390278)(2000111    1037.63928741156)(2000211    1854.36812754813)
11 4      - (2000111    -265.691073409563)
4 12      - (2000002    -773.081217479853)(2000101    -564.550644164865)(2000211    -822.614130278922)(2000121    -834.050812017562)(2000012    659.159933586111)(2000022    197.992047016156)(2000221    -318.927792441325)(1000000    -192.198716114736)(2000201    -192.037571955798)(2000111    -197.053015332437)
1 10      - (2000012    494.401565861556)(2000101    -848.096697063763)(2000121    -472.825500667926)(2000211    -468.388880328125)(2000002    -495.984530148755)(1000000    -496.347586063409)(2000201    -290.513316250993)(2000221    -687.281041286982)(2000111    -793.031357744481)(2000022    837.153189969387)
0 13      - (2000022    -45.2504701359699)(1000000    1556.81152343436)(2000101    1420.0079236672)(2000002    1584.78241092248)(2000201    986.1816755832)(2000012    1128.92009407669)(2000111    1300.94262188142)(2000211    477.95913884617)
9 0      - (2000211    -742.832484790837)(1000000    -669.402439945168)(2000022    346.05108333353)(2000002    -774.281787043351)(2000221    -775.225130298954)(2000101    -534.769323711918)(2000201    -428.54798712028)(2000111    -577.418060179251)(2000012    531.577071599958)(2000121    -405.429697531573)
4 8      - (2000111    -750.522528117673)(1000000    2505.54238093491)(2000002    -875.914424205928)(2000121    -518.134946379979)(2000201    1366.84561340755)(2000211    1502.26652835199)
2 6      - (2000002    543.452517065127)(1000000    2442.00250265926)(2000201    1393.19617514171)(2000101    531.686075569049)(2000211    -6.09293451049905)
3 12      - (1000000    -786.787153490113)(2000211    -851.547720127017)(2000101    -1044.51581640327)(2000201    -968.886621872157)(2000012    214.119978677121)(2000121    -399.088706435349)
4 14      - (1000000    1333.97235688209)(2000002    689.867659641448)(2000201    390.073930934647)(2000101    461.90537956453)(2000211    595.918459189633)
1 11      - (2000002    -437.891587876834)(1000000    -254.818017824812)(2000111    -561.619924240725)(2000101    -26.511272832549)(2000201    -706.832915125088)(2000221    -839.734984567612)(2000211    -568.429240145498)(2000022    272.358232192849)(2000121    -864.44160947002)(2000012    485.342792714203)
13 1      - (2000201    1318.64928906207)(2000101    1034.07455859249)(1000000    1227.82392119272)(2000002    1140.13466708235)(2000012    802.709185043249)(2000111    1261.29496207184)(2000211    883.14844162377)
4 10      - (2000101    -43.5401688648467)(1000000    -98.842928920302)(2000012    756.941625591538)(2000201    -705.088270527634)(2000002    -489.056407125308)(2000211    -492.235967322943)(2000111    61.2118055419142)(2000221    -511.522909937125)
3 15      - (2000002    -964.631510989601)(2000211    -382.040459442753)(2000012    299.488684044804)(1000000    295.978930842261)
2 13      - (1000000    2531.78845805338)(2000002    1193.84706409728)(2000101    1639.8723040341)(2000201    1600.60036720137)(2000211    567.805291295165)(2000012    306.826264863468)(2000221    -451.694166577778)(2000111    1211.77448516132)
2 9      - (2000211    -277.251427671919)(2000012    379.946626552088)(2000002    -545.018106760013)(2000101    -363.640863424892)(2000121    -483.02443149013)(2000201    -436.989701747525)(2000111    -357.449315394034)(1000000    -535.87005097031)(2000221    -431.282335629542)(2000022    589.003180887286)
0 8      - (2000221    -462.502509751213)(2000111    -565.487959591412)(2000201    -471.801756679627)(2000022    110.166529045922)(2000012    1165.83414681792)(1000000    2143.71405592752)(2000211    1047.01941681385)(2000101    9278.45824942486)(2000002    1233.01179261863)(2000121    -168.667808528432)
9 2      - (1000000    -566.845101157844)(2000012    372.400263242841)(2000101    -305.377186306385)(2000211    -759.756519969477)(2000221    -520.785847789924)(2000201    -669.099636464497)(2000002    -548.969393624996)(2000111    -656.675242044281)(2000022    570.313927415134)(2000121    -614.40428274003)
3 10      - (1000000    -868.003584953212)(2000012    448.537350778877)(2000101    -238.279699503886)(2000022    696.09862124619)(2000002    -118.954075234605)(2000121    -201.961627653398)(2000221    -291.429318686127)(2000211    -344.258570362827)(2000201    -225.880351833236)(2000111    -190.640266273775)
10 0      - (2000211    3814.50492908379)(2000111    3448.54636954987)(1000000    3614.11342696793)(2000221    -588.425119817307)(2000101    4145.17350411373)(2000201    4040.13767558075)(2000002    3917.62548414698)(2000012    4379.25963430375)(2000121    -411.406831386354)
4 7      - (2000022    63.931153743533)(2000101    1366.60937349081)(2000201    508.171329272918)(2000211    983.676117607456)(1000000    2302.29010915094)(2000111    3593.79695985061)(2000012    1735.38536865783)
12 2      - (1000000    -862.547049194963)(2000002    2205.94821097784)(2000201    -455.516887208775)(2000101    -843.990654737785)(2000022    218.598863275893)(2000121    -457.736184902862)(2000111    884.312618676694)(2000211    2626.1012145316)(2000221    -413.61714358851)
3 13      - (2000002    -929.745433503921)(1000000    -442.453872057328)(2000211    -476.712524084234)(2000121    -478.548109533813)
14 2      - (1000000    1691.61421697338)(2000002    949.578447903792)(2000201    1169.76123840214)(2000101    1218.63674157313)(2000012    922.336017019631)(2000111    985.773923362394)(2000211    949.506901175821)
5 0      - (1000000    32558.1569967996)(2000101    3977.88769217905)(2000002    759.220137118764)(2000201    2027.49546028683)(2000211    5801.50092572924)(2000012    6620.07622173712)(2000111    7792.09057902172)
5 7      - (2000002    2252.61309484)(2000221    -507.854506985653)(1000000    1491.277134478)
3 9      - (2000101    -738.077472052795)(2000211    -741.006782478005)(2000201    -549.580527766618)(2000221    -1038.15994920327)(2000121    -840.470886765016)(2000002    -1139.24557279037)(1000000    -189.676741406304)(2000111    -713.063184835536)(2000022    717.344244879394)
8 0      - (2000121    -846.249927392537)(2000201    8354.22134626172)
1 13      - (2000002    1043.09286854098)(1000000    2005.3633129852)(2000101    1190.52248182315)(2000201    1279.00330995741)(2000111    921.168211501197)(2000121    -641.5813354506)(2000012    1460.66004009537)(2000211    447.413919098799)
1 15      - (2000002    622.30105731214)(2000101    474.651019206027)(1000000    1490.95705643985)(2000012    284.494694482551)(2000201    -268.984392996253)(2000211    308.101397543308)(2000111    235.319080486096)
7 0      - (2000221    -496.383509363188)(2000101    703.277264014414)(1000000    4275.09300772879)(2000201    1277.76257203054)(2000111    1244.95736561825)(2000211    1006.46462444905)
3 17      - (2000101    -518.923662760293)(2000211    1313.63752200348)
2 7      - (2000002    -937.5)(2000221    -968.75)(2000211    -1125)(2000101    1707.88601550019)(2000111    -1000)(2000012    -3.01789559963972)(1000000    3157.84047071289)
3 7      - (2000101    245.150387291669)(1000000    3075.07741724108)(2000111    680.565474485576)(2000201    2360.54058215867)
1 7      - (2000002    486.45119854868)(2000201    -514.11162711765)(1000000    2080.99831085133)(2000221    -453.124041574215)
5 12      - (2000002    102.882649927065)(2000201    -511.104636401374)(1000000    838.906540972972)
4 9      - (1000000    -160.401831162071)(2000211    -772.470999900741)(2000101    -1075.98129431268)(2000221    -738.35483648657)
3 14      - (1000000    -1080.12677151114)(2000101    -669.110527207019)(2000002    -121.501376852082)(2000211    642.539202120875)
6 4      - (2000121    -1500)(2000201    1906.28969404524)(1000000    3466.3620105346)(2000012    -55.9588647647333)(2000002    2396.92842216583)
0 15      - (1000000    306.796237306316)(2000101    257.500996948212)(2000002    384.305122664425)(2000201    1058.53150506199)(2000012    249.694905982551)(2000211    -195.109412855287)(2000111    -222.872081783662)
2 15      - (2000201    -591.815173279431)(1000000    1726.07933441485)(2000101    610.968708840643)(2000002    -153.306271324463)(2000111    -427.188378716621)(2000012    364.334735154011)(2000211    59.7978239758799)
5 10      - (2000012    -64.0294237944496)(1000000    793.95769449666)
2 16      - (2000101    -910.88096580696)(2000201    47.2695161668631)(1000000    42.8597916855036)(2000002    165.137162848359)(2000211    78.204052114106)(2000111    83.6347588220987)
8 3      - (2000012    -86.8478226820399)(2000002    -53.470130626968)(1000000    1477.9706945415)(2000101    2410.79431582662)
5 9      - (2000221    -1015.02454492217)(1000000    -897.944476457533)(2000022    25.8716644753285)(2000201    -539.389311335167)
7 1      - (1000000    3491.46432820712)(2000201    144.206650427859)(2000101    1035.0785432316)(2000012    1008.39716716094)(2000111    2724.51310891507)
3 16      - (2000101    1159.74731123394)(2000201    560.010689559227)(2000111    1575.92999903988)(1000000    452.759812426748)(2000012    421.07542791756)(2000211    503.48560984317)
6 1      - (2000111    -1037.82556753019)(1000000    24230.4854266577)(2000002    -92.9054403636423)(2000101    1174.99696391968)(2000201    924.393963021163)(2000211    4219.59623273373)
1 6      - (1000000    24417.8343114512)(2000201    -460.154084138867)(2000111    847.870722544013)(2000002    203.192594966672)(2000101    1282.32257249822)
5 4      - (1000000    3407.29329728376)(2000201    1559.53225585086)
1 16      - (2000002    762.573271942842)(1000000    399.862365281197)(2000201    910.201157786727)(2000012    571.330007726091)(2000211    441.947968492678)(2000101    702.544403106848)(2000111    932.915147633304)
0 16      - (2000101    19.9527556582075)(1000000    606.622680048877)(2000012    1289.93269169374)(2000201    649.946565522527)(2000211    1286.54541439316)(2000002    824.129321984389)(2000111    787.826633495197)
9 3      - (1000000    -710.100823902665)
7 4      - (1000000    2013.22229379347)
4 5      - (2000002    1411.02590090787)(2000201    -1077.07805976976)(1000000    3263.46977974628)(2000111    1461.32729880049)(2000211    1598.90993895907)
10 3      - (2000022    296.348668874241)(2000211    -333.943236365035)
8 2      - (2000201    407.029966214924)(2000101    -478.161339446344)(2000121    -422.759985998965)(1000000    2093.80255875718)(2000002    -535.112043091131)(2000221    -382.145715177229)(2000111    -456.668688242691)(2000022    439.831729941001)
5 8      - (2000111    -814.341864199292)(1000000    2748.38807356159)
4 6      - (2000101    1117.54059520985)(2000201    -817.741236806888)(1000000    3218.36889768446)(2000002    232.025007505137)
2 17      - (2000002    1036.1024828534)(2000101    75.7053698832784)(2000012    436.385070991506)(1000000    490.246517389729)(2000201    1253.02116949495)
15 1      - (2000101    810.746008268735)(2000012    234.72983451528)(2000211    531.108271952375)(1000000    1582.03245354176)(2000002    1237.88871782499)(2000201    1066.95928702249)(2000111    979.997202816893)
0 18      - (2000002    142.852452734137)(2000111    78.8930821606941)(2000211    -402.512602539726)(1000000    165.998944949639)
15 2      - (1000000    809.118205333094)(2000002    589.506465999391)(2000201    -509.390823658043)(2000101    304.345509995421)(2000211    802.278601043787)(2000111    821.654051231581)(2000012    630.612149966631)
1 18      - (1000000    938.68274217132)(2000201    -500.692415044589)
6 5      - (2000201    -51.5062679745207)(1000000    3352.36046112904)(2000101    1822.82982960393)(2000002    1137.16789589011)
14 3      - (2000012    39.7793531341674)(1000000    1172.96162293095)(2000101    1359.58645068523)(2000111    482.313654087093)(2000201    1224.86052900775)(2000211    449.659701053499)(2000002    304.714555827991)
15 0      - (2000101    936.857460606096)(1000000    1125.80331846082)(2000012    859.525130026471)(2000211    843.855651495501)(2000201    1352.50164342314)(2000111    1461.41541658987)(2000002    805.194531085996)
16 0      - (2000211    -593.495398442778)(1000000    791.916224576099)(2000201    -294.09075840213)
6 2      - (1000000    2714.25540316547)(2000201    1572.30942799867)
16 1      - (2000002    274.941939808376)(1000000    1566.10494661542)(2000211    232.672582914331)
0 17      - (2000211    414.831881415822)(2000201    190.43100273714)(2000012    242.931152026127)(1000000    415.143194006604)(2000002    1148.1192182731)
1 17      - (2000012    1035.19985954505)(2000201    195.796974731966)(2000002    434.983713967424)(2000111    477.384068919128)(1000000    275.085558754994)
2 18      - (1000000    -127.236542270293)(2000211    36.5186535701027)(2000012    303.293139846737)
11 5      - (2000201    -411.511264654866)
6 13      - (2000002    -920.0841307423)(1000000    991.12496123416)
15 6      - (1000000    585.634758822099)
13 9      - (2000012    508.123151717093)(2000002    -378.155468505107)(2000221    -199.780425579287)(2000211    -433.089261126192)(2000201    -464.660321085039)(1000000    1521.19167503711)
10 11      - (2000002    -184.317392978227)(1000000    -476.471286828642)(2000201    -1022.17853212497)
12 10      - (2000221    -637.341990541883)(1000000    -457.933003254559)(2000002    406.823732527754)(2000101    -788.840137289374)
9 11      - (2000101    -566.450023626133)(1000000    1766.43448426505)
12 12      - (2000121    -805.739538403858)(2000002    35184.3101835733)(2000221    -637.341990541883)(2000211    -637.341990541883)(2000022    176.134473046068)(1000000    34202.5294697975)(2000201    34207.3105350293)(2000101    34241.3891941434)
14 14      - (2000221    -424.894660361256)(1000000    -917.953757834589)(2000201    -804.042267942357)(2000101    -721.978453232233)(2000002    499.310869287476)
9 10      - (2000201    -751.011022305069)(2000022    95.9387530401646)(2000012    551.193825884164)(2000002    -465.659940779364)(1000000    1382.49151000308)
10 13      - (2000221    -727.671049231211)(2000002    -224.370661997406)(2000101    -875)(2000201    -412.993023961985)(1000000    -971.931400441744)
10 9      - (2000121    -625.683049610164)(2000012    1634.41220878789)(2000211    -224.137923638806)(1000000    1557.1096683728)(2000221    402.762316895535)
1 19      - (1000000    820.310790379381)(2000002    415.726714410817)(2000012    356.086359054547)
8 9      - (2000111    -807.307243013811)(2000022    213.188920444577)(1000000    1661.59444836771)
9 9      - (2000022    1060.23569715405)(2000111    -686.968468770774)(1000000    1312.12770541169)(2000201    -296.861344315394)(2000121    -411.99602158408)(2000012    87.5039784159198)
14 9      - (2000012    774.500303237924)(2000201    -313.671162561262)(2000221    -407.548171296533)(2000002    -149.425282425871)(1000000    1229.58988635567)
10 8      - (2000211    -198.331947337772)(2000121    -67.4430088920695)(2000002    240.548467381586)(2000221    161.082231232383)(2000022    298.703112676977)(1000000    1558.93680656724)
6 10      - (2000211    -422.17038498682)(2000022    908.096705545079)(1000000    1225.43330357836)(2000201    -258.869676296559)
8 11      - (2000022    168.153392572316)(2000111    -397.793073916567)(2000211    -407.626801990259)(1000000    1465.6066533711)
7 10      - (2000101    -470.981210336974)(1000000    1621.46596558025)
12 9      - (2000002    -718.591948115371)(2000111    -711.821638864781)(2000012    494.616453578946)(2000201    5.43687611541878)(1000000    1498.40546494656)
9 14      - (2000221    -613.709759366513)(2000022    278.55655739265)(2000201    591.01484927832)(1000000    1572.01922987794)(2000002    427.619553458453)
10 10      - (2000101    -726.428971707344)(2000012    135.640716798565)(1000000    -53.1729553042929)(2000201    360.291168084319)
11 9      - (2000111    -542.367259893364)(2000211    -659.576851253163)(2000201    -671.652826316309)(2000012    336.850419227146)(1000000    1524.64325737979)
9 15      - (2000002    -434.664218481113)(2000221    -434.664218481113)(2000022    124.927627827825)(2000101    -406.990262931618)(1000000    811.34444422471)
9 13      - (1000000    1555.7029435028)(2000121    -362.202767173178)(2000201    -303.86169620027)(2000221    -593.144327369945)(2000002    162.05585303082)(2000211    -956.274808349906)(2000012    449.2485509477)
10 15      - (1000000    1416.3361490728)
15 10      - (2000221    -416.516073858893)
12 11      - (1000000    -465.235207731847)(2000201    -673.361966442609)
14 10      - (2000201    -862.536808548459)(2000211    -434.664218481113)(1000000    -370.256149533255)(2000101    -292.965532047071)
14 13      - (1000000    -350.698526768711)(2000201    -339.544878281975)(2000101    -649.940107685999)(2000002    391.8269865737)
15 14      - (2000201    -413.231054662289)(2000002    592.548986632593)(1000000    -306.513214479525)(2000101    -389.547975503042)
9 12      - (2000121    -326.896108387685)(2000101    -354.90467182529)(1000000    1542.38298645402)
14 12      - (1000000    -425.116110804012)(2000002    89.6259602383641)(2000201    -377.429953828754)(2000101    -738.099632695254)
12 13      - (1000000    -397.527018836593)(2000101    -414.65177603787)(2000201    -370.776760815965)(2000002    -97.9325946708069)
13 14      - (1000000    -1064.14208261828)(2000201    -1090.78102492209)(2000101    -1113.48174332508)(2000002    -39.0042965902531)
8 13      - (2000101    -149.443772475039)(2000111    -224.165658712559)(2000022    612.598398168681)(2000012    350.056227524961)(1000000    1229.59668136721)
17 1      - (2000211    -250.5)
7 11      - (2000121    79.1244541180189)(1000000    893.007971101761)
17 11      - (2000221    -522.358333099961)
12 6      - (2000022    289.622038471462)(1000000    1506.83015516544)
12 14      - (1000000    -810.330466276402)(2000201    -991.366240412777)(2000101    -709.856317563886)(2000002    -242.687888615433)
15 9      - (2000012    550.502427333983)
9 8      - (2000201    -624.947056560346)(2000012    962.869073236705)(2000221    -522.625235067985)(2000111    -522.625235067985)(1000000    1714.51244030511)
7 9      - (2000012    1034.42902351757)(1000000    1632.16468749318)
12 5      - (2000002    -411.442291060324)
8 8      - (2000002    -420.58724957072)(2000201    544.179107528348)(1000000    1302.11626838153)
13 13      - (1000000    -515.83445097345)(2000101    -294.189728301328)(2000201    -284.098162568206)(2000002    510.654398619081)
8 12      - (2000211    -74.4697834024349)(1000000    1270.41063339201)(2000002    781.941209156492)
11 8      - (1000000    1528.5394759936)(2000012    250.296606130543)
13 8      - (2000211    -245.5408903089)(1000000    720.727731758622)
10 5      - (2000121    -842.077833865838)(2000221    -299.64652226829)(2000012    674.780216597565)
12 8      - (1000000    1265.17041353828)(2000022    378.079501346767)(2000201    -111.397543544755)(2000012    -8.96742851733342)
6 11      - (2000221    -338.160892335219)(2000012    92.141306115756)(2000022    433.079307514811)(1000000    807.679344921111)
14 8      - (2000201    -275.292147058717)(1000000    1558.97271311062)
13 11      - (2000201    -381.63321182132)(2000002    163.94794051802)(1000000    -683.323679289912)(2000101    -187.743566048421)
12 15      - (1000000    -400.963207867795)(2000101    -492.657694137419)(2000002    532.613937592922)(2000201    -371.656140501972)
11 7      - (1000000    1437.97683528321)(2000111    -282.150949308608)(2000012    648.443919883505)(2000002    -111.397543544755)(2000201    751.997992390322)
15 13      - (1000000    -438.787919414249)(2000201    -373.224345299519)(2000002    497.898419936827)
16 14      - (1000000    -301.214720035089)(2000201    -405.130933952467)(2000002    608.159481640243)
14 16      - (2000002    593.732524927915)(2000101    -430.286449328997)
13 12      - (2000101    -421.188170691472)(2000002    539.878571309562)(1000000    -438.629923976832)(2000201    -429.214080727579)
13 18      - (2000121    -547.468631892713)(2000111    -251.234402302963)
11 10      - (1000000    -434.253544874789)(2000002    481.292718978348)(2000201    -1012.24824023658)(2000101    -198.240853287177)
17 5      - (1000000    1103.90786673609)
14 11      - (2000002    796.885691557899)(1000000    -511.860127002365)(2000201    -748.239597194857)(2000101    -831.625115346825)
12 7      - (2000111    -135.422837797251)(2000211    -200.877043812973)(2000022    298.622956187027)(2000012    298.622956187027)(2000121    -246.992572662613)(1000000    1481.01522204402)
6 12      - (2000022    105.647180171598)(2000101    -142.449739620616)(2000201    742.883161400314)(2000002    -111.397543544755)(2000221    -111.397543544755)
10 12      - (1000000    -689.400363427432)(2000201    -441.049399060405)(2000002    41.685280947939)
11 11      - (1000000    -433.550145626585)(2000002    124.382057376976)(2000101    -324.065971191117)
16 11      - (1000000    -1000.93246377352)(2000101    -875)(2000201    -1016.55746377352)
11 16      - (2000002    681.611872638577)(2000101    -583.548157658566)(2000201    -364.854109191023)
9 7      - (2000101    -208.870394146415)(1000000    1351.59402578316)
6 9      - (2000101    -493.764161290063)(1000000    1408.70482756131)(2000022    451.337612760173)(2000211    -198.608258159885)(2000201    753.400801389114)
15 12      - (2000101    -530.422430040465)(1000000    -394.485697141324)
14 15      - (2000201    -467.586678813548)(2000101    -428.854842561837)(2000002    589.404667927135)(1000000    -314.58556111559)
7 14      - (2000002    279.269849781572)(1000000    1188.3459615873)
14 6      - (2000022    583.932023076364)
10 14      - (1000000    -815.992454956947)(2000101    -397.538856615699)(2000201    -735.154042204475)(2000002    639.755579660361)
13 10      - (1000000    -458.545042702991)(2000201    -928.662656920026)(2000002    615.887519051814)(2000101    -420.348570560996)
16 13      - (2000201    -269.778788669477)(2000002    754.924301395023)
13 6      - (1000000    457.552373679347)
11 14      - (2000002    466.788899589077)(2000201    -422.515258153015)(2000101    -378.82971338684)(1000000    -400.832754462759)
11 13      - (2000101    -683.15850013472)(2000201    -761.6975949026)(1000000    -625.866444164214)(2000002    461.609408882592)
16 12      - (2000201    -130.265626974063)(2000002    554.073559538905)(2000101    -130.265626974063)
13 16      - (1000000    -158.886663670056)(2000101    -403.27358641361)(2000002    482.919780092912)(2000201    -425.780782170033)
8 14      - (1000000    884.438450161848)
12 16      - (2000201    -304.253343066419)(2000101    -383.651538471178)(1000000    -239.697953762802)(2000002    489.734436391343)
7 18      - (1000000    1101.51004018737)
8 10      - (1000000    1372.91746082149)(2000201    828.683724373641)
10 7      - (1000000    1524.03603168357)
7 13      - (1000000    1594.51249288341)
7 12      - (1000000    1736.18467910805)
14 7      - (1000000    910.752224316231)
15 15      - (1000000    -368.588201465194)
13 15      - (2000002    831.537309964087)(2000201    -367.043845489194)(1000000    -392.24173667848)(2000101    -534.034155806487)
16 2      - (2000211    425.509641995472)(2000101    1315.50165320978)(1000000    1900.10327267181)(2000002    353.756676529881)
7 8      - (1000000    1434.99537275381)
17 0      - (2000002    482.860931101882)
15 8      - (1000000    1546.79260903624)
10 6      - (1000000    1224.97404563204)
15 16      - (1000000    -391.594347589421)
7 7      - (1000000    3465.74803422752)
16 15      - (2000002    355.992781618228)
8 15      - (1000000    1123.74690336805)
7 15      - (1000000    1381.79865533883)
8 7      - (1000000    3858.59662943939)
15 7      - (1000000    753.400801389114)
11 12      - (2000201    -589.949897400024)(2000002    372.056364876258)(1000000    -528.977716785693)(2000101    -222.246354719869)
9 6      - (1000000    818.719834399026)
6 14      - (1000000    854.081360326448)
8 6      - (1000000    3352.52922391327)
13 7      - (1000000    1325.79772086207)
11 6      - (2000002    1301.45701028304)(1000000    897.415563434331)
5 19      - (1000000    805.192603834878)
11 15      - (2000101    -207.932462886698)(1000000    -379.581029724795)(2000002    478.569163447915)(2000201    -141.327877560303)
16 7      - (1000000    -102.584436565669)
7 16      - (1000000    -102.584436565669)
5 18      - (1000000    897.415563434331)
16 8      - (1000000    1438.17290891955)
19 9      - (1000000    35798.950276817)
11 21      - (1000000    12029.631863915)
22 11      - (1000000    1408.76938460296)
23 13      - (1000000    27770.2730121373)(2000002    33042.5558078221)(2000101    36213.5412619854)(2000201    30113.1638022286)
12 25      - (1000000    1627.33063327568)(2000002    886.054792422754)(2000201    885.623799255515)
9 21      - (1000000    10445.8535368899)
8 1      - (2000101    1884.54140934729)(2000211    -770.868898129942)(2000002    555.230022081394)(2000012    395.414495626351)(2000221    -338.516618999723)(2000121    11.980456117734)(1000000    11.980456117734)(2000111    2433.78541585622)
24 12      - (1000000    31715.9674063768)(2000201    28581.41912794)(2000002    26732.682870146)(2000101    36214.0605599248)
21 11      - (1000000    6691.95984224381)
16 3      - (2000201    146.728109949693)(2000111    -512.31469744505)(1000000    1541.64223125061)(2000101    438.736830286936)(2000002    291.70608165265)
22 12      - (1000000    728.248543429356)
21 10      - (1000000    36201.5019881565)
13 20      - (1000000    1365.08022717414)
21 8      - (1000000    36148.0197140187)
13 26      - (1000000    20333.1522661485)
22 14      - (1000000    8627.96002829721)(2000201    811.734544394708)
25 10      - (1000000    1118.48035658522)
28 14      - (1000000    4055.29821436271)
13 24      - (2000201    34529.2651221703)(2000101    5488.16967198916)(1000000    4360.7668016505)(2000002    7659.49497670139)
8 20      - (1000000    5219.99705131282)
27 14      - (1000000    1298.06406088174)
20 10      - (1000000    35791.4612498469)
8 23      - (1000000    5227.04627699834)
15 3      - (2000201    -257.145319481169)(1000000    1579.15755673442)(2000211    81.6863302614418)(2000002    953.195049715054)(2000101    1065.82619115779)(2000012    196.581632409455)(2000111    547.126501446966)
24 9      - (1000000    720.199460172938)
22 13      - (1000000    2864.67865163636)(2000002    3262.33377681038)
23 9      - (1000000    4775.65647423952)
26 10      - (1000000    32975.3219708065)
8 22      - (1000000    5067.41878246457)
23 16      - (2000101    560.401470794443)(2000201    3090.90759146688)
9 22      - (1000000    6115.98576201179)
28 13      - (1000000    19127.2119262935)
23 6      - (1000000    1701.44536859525)
27 13      - (1000000    24854.05540052)
22 10      - (1000000    36212.5738628414)
23 10      - (1000000    3493.62968512288)
20 14      - (1000000    10888.4394217083)(2000211    -268.797698826056)
13 19      - (2000002    -268.797698826056)
21 5      - (1000000    1295.73602292768)
19 16      - (2000012    422.259346305618)(2000121    -298.759022115314)(2000221    34.0409223359053)(1000000    -30.65862891434)
19 12      - (2000022    446.707591665599)
10 26      - (1000000    19645.4898587926)
16 19      - (2000022    194.190275579137)
27 15      - (1000000    3443.90579264377)
22 15      - (1000000    8409.76734040197)
19 15      - (2000211    -563.294779014737)(2000201    -645.419174851238)
20 15      - (1000000    298.434230249869)
20 13      - (2000211    -547.361203231077)(1000000    -736.149997042212)(2000111    -253.409857921702)(2000002    4717.47595883645)
19 14      - (2000221    195.747093608723)(2000012    550.840020610268)
19 11      - (2000121    -129.415863727636)(2000211    -540.530225798583)(1000000    35176.4385776673)
19 13      - (2000201    -392.613331755847)
14 19      - (2000002    -515.894612174797)
18 14      - (2000002    -194.123795591453)(2000111    -457.321263619664)(2000022    436.213832205473)(2000012    219.598646921956)(1000000    -268.797698826056)(2000211    -268.797698826056)
17 19      - (2000012    160.33000236623)
19 17      - (1000000    -219.380683020289)(2000221    -252.124558859834)
20 6      - (1000000    262.485660640891)
21 9      - (1000000    36212.784148085)
21 15      - (2000201    32394.3641697358)(2000002    7142.11177902642)(2000101    7757.62437547873)
19 19      - (2000111    -503.995685298856)(1000000    -260.892341757213)(2000121    -298.769057076672)(2000012    1099.5605243585)(2000221    -399.227179288904)
20 18      - (2000211    -206.689876839)(2000121    -646.178813239559)(2000022    1220.18639201168)(2000221    159.843549954731)
18 19      - (2000211    -194.123795591453)(2000201    -129.415863727636)(2000101    -129.415863727636)
21 21      - (1000000    -482.561292533608)(2000121    -530.790218494219)(2000201    -420.807700234128)(2000012    683.931576993317)(2000022    532.887667663128)(2000221    -350.255657977598)(2000101    41.5631269078377)(2000111    -221.08240234604)(2000211    -319.98885797013)(2000002    229.192856186158)
21 23      - (2000211    -515.791596253823)(2000022    296.571998151554)(2000101    -99.6643203154388)(2000012    734.914074527126)(2000111    -59.1276726497968)(2000121    -298.769057076672)(2000221    -298.769057076672)(1000000    -525.383486966397)
20 21      - (2000002    -72.5359036964037)(2000101    -548.711966913139)
24 24      - (2000211    34071.5316780502)(2000002    34030.6830054904)(2000221    33741.9069488112)(2000111    33993.2610809856)(2000101    33994.3028742395)(2000012    35181.8137366857)(2000201    33949.8152260174)(2000022    34234.7314187833)(2000121    33823.8715725308)(1000000    33993.8658784275)
22 26      - (2000221    -526.960969073668)(1000000    -294.412705453371)(2000022    386.700827390853)(2000121    -492.93897212382)(2000012    496.918600031709)(2000201    -230.832394490564)(2000111    -448.153585615007)(2000002    -208.512201188133)(2000101    -350.255657977598)(2000211    -157.083590297512)
23 23      - (2000101    -238.236895734273)(2000121    -281.888887230526)(2000002    -303.919559124198)(2000111    -490.749331718232)(2000211    -417.00052752518)
25 22      - (2000012    4394.78781731114)(2000221    652.377924187765)(1000000    704.367602735001)(2000022    4243.88801990922)(2000211    3122.83675823889)(2000111    1044.56099349701)(2000101    1919.62648325881)(2000201    2711.30251202921)(2000121    1744.76593246009)(2000002    3265.55916217546)
22 22      - (2000221    -874.101692808161)(2000022    534.545711388988)(2000201    -322.667893029646)(2000111    -279.049168820878)(2000211    -123.835604513615)(2000121    -123.835604513615)(2000002    -298.769057076672)(1000000    -446.995254900719)
22 9      - (1000000    36211.6223690062)
24 23      - (2000211    -421.94939066567)(1000000    -448.055143890503)(2000022    674.277113790928)(2000201    -298.769057076672)(2000221    -298.769057076672)
23 22      - (2000211    2715.25110548396)(1000000    3007.44470096634)(2000012    4437.72112894913)(2000201    2504.98534195789)(2000121    292.724498257819)(2000002    2919.18527194039)(2000111    854.643487624458)(2000221    2768.54827397767)(2000022    3868.64270514055)(2000101    1288.67545064917)
23 27      - (2000221    -450.601002739537)(2000211    -589.729569821461)(2000111    -268.797698826056)(1000000    -525.383486966397)(2000201    -422.421942159132)(2000022    433.997989304463)
25 24      - (1000000    -186.720024247849)(2000221    -318.552662721924)(2000022    548.415214919414)(2000211    -100.387763735655)(2000111    -260.0513115699)
22 24      - (2000201    -327.538004810224)(2000111    -233.622171090638)(1000000    -216.930783519262)(2000022    703.83634138275)(2000121    -212.205540249921)(2000012    362.826386882876)
23 25      - (2000012    575.082838343818)(2000211    -295.938676848323)(2000101    -167.586564473508)(2000201    -296.882136924439)(2000002    -108.959832807516)
23 26      - (2000201    -686.431520494847)(2000111    -465.445850781296)(2000002    -502.100139550043)(2000211    -415.356358440807)(2000012    208.929482759545)
23 24      - (2000201    -358.514890128892)(2000002    -250.552357594143)(1000000    -446.995254900719)(2000221    -60.0300716162134)(2000012    925.706357595858)(2000121    -298.769057076672)(2000211    -298.769057076672)
24 22      - (2000121    3316.02340066116)(2000022    4209.54200825906)(2000201    1280.50495039338)(2000101    258.070179633162)(2000211    2805.43460260288)(2000012    4397.55167974464)(2000221    157.024277126769)(1000000    3293.65555325176)(2000111    1121.64829678494)(2000002    2789.10421946475)
21 26      - (2000022    847.628608471851)(2000111    178.72663244077)(2000002    -298.769057076672)(2000211    -350.255657977598)(2000012    217.77118404597)(2000101    -220.289564077174)(2000221    -146.859709384782)(2000201    -220.289564077174)
26 21      - (2000201    1716.44523886432)(2000111    348.765486780808)(2000221    -310.077757606388)(1000000    2595.70907819307)(2000121    530.11536745839)(2000211    2801.10411893621)(2000101    2189.98222761511)(2000022    3645.51921366648)(2000012    4205.27297551609)(2000002    3083.09589496715)
25 26      - (2000101    -613.679399776473)(2000111    -462.803108254389)(2000201    -547.638036384155)(2000211    -435.675223657825)(1000000    -443.304224985783)(2000012    212.733399939888)(2000022    698.932874493368)(2000121    -263.712651096431)(2000221    -485.373290716457)(2000002    -190.386221782734)
26 23      - (2000211    -387.842330965567)(2000012    467.705541636826)(2000111    -350.255657977598)
25 23      - (2000221    -319.510441562248)(1000000    -374.448746776961)(2000012    302.243669498618)(2000111    -268.797698826056)(2000101    -403.196548239085)
26 22      - (2000111    1673.7838348619)(2000121    2557.72284239852)(2000201    2082.05372427178)(2000002    -577.312160569855)(2000211    743.005593433035)(2000101    401.208775820628)(2000012    3524.77102951832)(1000000    1381.63827523146)(2000022    4493.33808436109)(2000221    2311.0940579604)
26 24      - (2000201    -356.570875611916)(2000002    -574.943752690109)(1000000    -321.987538373581)(2000121    -437.442670616407)(2000111    -292.572077289996)(2000101    -220.289564077174)(2000022    414.509991587943)
22 25      - (2000211    -330.094851106866)(2000012    747.410992458755)(2000121    -99.6643203154388)(2000111    -99.6643203154388)(2000101    -197.329768543823)(2000022    287.686227828092)
22 6      - (1000000    1199.18954815513)
26 16      - (1000000    1058.20949049992)(2000201    508.148987738843)
21 24      - (2000012    507.220021425174)(2000101    -298.769057076672)(2000201    -147.497608386103)(2000111    -147.497608386103)
25 25      - (2000101    -514.222054157365)
27 16      - (1000000    4276.72997196718)
18 7      - (1000000    1444.94613064417)
22 23      - (2000101    -522.845849884175)(2000211    -268.797698826056)(2000121    -499.640186515934)(2000012    298.090408182504)(2000221    -99.6643203154388)
21 25      - (1000000    -359.789250916018)(2000121    -125.333716872232)(2000111    312.771606771347)(2000221    -126.50024758779)(2000022    599.404542569426)(2000211    -288.656652935578)(2000201    -147.497608386103)(2000012    339.988287354425)(2000002    -298.769057076672)
23 7      - (1000000    5303.00280081636)
25 21      - (2000012    4371.46873326912)(2000211    -496.542592878322)(1000000    651.941778021442)(2000201    -25.1900902292331)(2000022    1835.42383743985)(2000221    2611.83238966951)(2000002    1002.98295573336)(2000101    2603.50508353811)(2000121    3263.55793878075)(2000111    2696.9651937306)
26 25      - (1000000    -403.196548239085)(2000221    -264.42626249875)(2000012    535.356267728876)(2000121    -362.710433851756)(2000101    -146.859709384782)(2000022    387.532011326717)(2000111    -146.859709384782)
18 8      - (1000000    1257.04058411103)(2000201    755.395363180503)
24 26      - (2000111    -418.182227364392)(2000201    -560.191982018759)(2000101    -533.296635146358)(1000000    -394.308526426258)(2000012    817.740147233926)(2000221    -99.6643203154388)
24 25      - (2000201    -625.450138518911)(2000101    -498.145048003124)(2000221    -304.360451998563)(2000211    -149.496480473158)
26 26      - (2000002    -292.597281710408)(2000012    926.892704361163)(2000221    -287.074709506472)(2000211    -146.859709384782)(1000000    -419.297623325453)(2000201    -213.32590531342)
27 10      - (1000000    1485.02931965777)
19 22      - (2000201    -642.698411011481)(2000211    -653.842190701692)(1000000    -607.293720205092)
24 21      - (2000101    2317.02018915594)(2000111    2537.44014385409)(2000022    4013.44131883528)(2000012    2324.95601492675)(2000002    1915.38062094109)(2000201    2031.46989494061)(2000211    1927.74639520348)(2000121    1954.25658105982)(2000221    1646.40529366772)(1000000    2061.165871504)
21 22      - (2000111    -266.86035966518)(2000221    -294.856477856459)(2000022    757.573742378092)(1000000    -221.246412579155)(2000012    284.082801828367)(2000121    -321.987538373581)(2000201    -350.255657977598)
26 8      - (1000000    36117.3796368226)
25 13      - (1000000    -228.378335265572)
14 25      - (2000002    1585.35021343433)
26 9      - (1000000    36192.9656111239)
25 11      - (1000000    6516.24483384524)
22 8      - (1000000    36159.0225711271)
24 7      - (1000000    10515.6350972284)
14 28      - (1000000    21254.4250365247)
22 18      - (2000101    -684.158695779937)(2000002    -534.163263388962)(2000121    -586.05085254308)(1000000    -559.958926442324)
20 22      - (2000012    582.74110117822)(2000201    -411.943436024065)(2000101    -518.606388680776)(2000002    -244.419718633729)
24 20      - (2000121    -224.332649511691)(2000022    4041.02559277687)(2000211    2156.44183067034)(2000111    1993.51297824993)(2000012    4357.8155354737)(1000000    2428.09595630756)(2000101    2213.75799981204)(2000221    846.381097314813)(2000002    2881.05315004537)(2000201    -13.7065638299193)
26 27      - (2000211    -448.153585615007)(2000221    -343.545939062636)(2000012    608.958495387139)(2000201    -350.255657977598)
25 27      - (2000002    -448.153585615007)(2000121    -96.0956401285414)
27 24      - (2000022    339.144364735645)
23 19      - (2000201    -649.745455329474)(1000000    -933.147670349292)(2000022    943.396125393047)(2000111    -213.32590531342)(2000002    -213.32590531342)
24 16      - (1000000    4224.22922159618)(2000002    1736.00166418887)
22 19      - (2000022    750.170834658786)(2000002    -614.153929358664)(2000012    1284.36948473923)(2000201    229.192856186158)(2000101    -386.656397272742)(2000221    -331.020713570994)(1000000    -390.700568362054)
23 28      - (2000012    1204.60778982476)(2000121    -286.755760005812)(2000002    -146.859709384782)
28 22      - (2000121    -205.276505524497)(2000221    -286.785208677224)
6 28      - (1000000    26669.5520828862)
20 24      - (2000022    1340.1878179222)
28 17      - (1000000    3782.32956317381)
20 23      - (2000022    714.372892509911)(2000221    -105.953523081459)(2000111    -287.074709506472)(2000211    -147.497608386103)(2000012    236.344929013995)(1000000    -146.859709384782)(2000201    -213.32590531342)
18 21      - (2000201    -149.496480473158)(2000111    -550.299567045257)(2000211    -350.255657977598)(2000221    -234.255501638596)
23 21      - (2000121    2575.49508886907)(1000000    2540.9220285038)(2000201    2787.00555827818)(2000012    4438.70557082413)(2000022    4572.89777049546)(2000111    2731.51386739227)(2000002    2437.51215505587)(2000101    2780.43022682216)(2000221    2185.12009589977)(2000211    2799.03016397047)
22 27      - (2000012    673.415152461871)(2000022    303.55525579272)(1000000    -417.00052752518)(2000211    -350.255657977598)
23 20      - (2000002    -541.283050932438)(2000211    -221.246412579155)(2000101    25.7180981523339)(2000022    703.56749422668)(2000012    963.422590194336)(1000000    154.549940250065)
21 19      - (2000002    -914.476053236133)(1000000    -476.43118423167)(2000111    -698.089248946832)(2000022    1361.84117276296)(2000211    -772.543479534887)(2000101    -573.6045573331)(2000201    -390.700568362054)(2000221    -386.656397272742)
24 27      - (2000022    850.496429486366)(2000012    327.525946736531)(2000201    -293.919696447448)(2000121    -293.919696447448)
27 22      - (2000022    794.574381056482)(2000121    -146.859709384782)(2000211    -220.289564077174)(2000221    -146.859709384782)
27 28      - (2000101    -364.094744397551)(1000000    -395.373277512196)(2000201    -242.462441320847)(2000211    -220.289564077174)
20 27      - (2000201    -448.153585615007)(2000111    -220.289564077174)(2000002    -298.769057076672)
14 26      - (1000000    24357.4013436059)
13 29      - (1000000    26495.9640501229)
28 5      - (1000000    734.809464323441)
27 12      - (1000000    17081.7931546058)
19 23      - (2000121    -490.676769314087)(1000000    -411.943436024065)(2000221    154.549940250065)
28 27      - (2000211    -502.758429356446)(2000022    388.130668002201)
20 26      - (2000221    -546.934631422515)(1000000    -546.934631422515)(2000121    -396.208072604691)
23 15      - (1000000    1595.54868882173)(2000101    2886.2388718333)
13 28      - (1000000    32779.7501893745)
20 25      - (2000111    -221.246412579155)(2000201    -147.497608386103)(2000121    -221.246412579155)(1000000    -147.497608386103)(2000002    -192.710252306716)
27 20      - (2000201    -298.769057076672)
22 21      - (2000211    384.215163516712)(2000101    -19.2439277266823)(2000012    4240.22904041499)(2000121    1569.91019276187)(2000221    705.372986975746)(2000002    -523.39453292151)(2000022    3831.91472737982)(1000000    389.446492098474)(2000111    290.734101993545)(2000201    1828.05776274764)
20 28      - (2000111    -525.383486966397)(2000221    -612.947401460797)(1000000    -379.490589070803)
27 23      - (2000221    -900.504567034757)
28 12      - (1000000    26494.141211239)
10 25      - (1000000    754.510204163816)
28 23      - (2000022    4508.21384304863)(2000221    1953.48139830326)(2000111    721.696150816809)(2000002    2963.96649586873)(2000012    3976.34702291106)(1000000    2574.84308164302)(2000121    647.688916046064)(2000101    443.889708530452)(2000211    542.187337388636)(2000201    3099.5976292903)
29 11      - (1000000    581.890972970692)
28 19      - (1000000    -217.624680009714)(2000211    -217.624680009714)(2000022    464.991688446141)(2000101    -147.497608386103)(2000201    -147.497608386103)
21 18      - (2000012    972.293657980633)(2000121    -561.158262123119)(2000221    -40.8003439309613)(1000000    210.652754712091)(2000211    -365.807977942093)(2000022    748.375520733442)(2000201    -331.020713570994)
5 6      - (1000000    2996.06795496404)(2000211    1277.15416569988)(2000201    1702.9507682942)
25 7      - (1000000    13317.9225786887)
19 24      - (2000101    -88.6915089746952)(2000121    -191.20546387213)(2000201    -220.289564077174)(2000012    410.725277858121)
13 27      - (1000000    32469.4571391429)
28 24      - (2000002    -264.135025975786)(2000022    499.25349134826)
27 25      - (2000022    171.056256955909)
27 6      - (1000000    10530.4944300073)
19 25      - (2000201    -147.497608386103)(2000211    -147.497608386103)(2000101    -448.153585615007)(2000012    696.177683120396)
28 9      - (1000000    2601.37932770633)
24 19      - (2000002    -627.13373643067)(2000101    -298.769057076672)(2000022    244.160396935256)
22 7      - (1000000    3783.69235118077)
26 13      - (1000000    30270.3721752076)
25 20      - (2000211    -214.774004297712)(2000101    -537.610347166307)(2000121    -617.915154036098)(1000000    -269.733520552365)(2000012    861.419304452679)(2000201    -452.144383962982)(2000221    -419.297623325453)(2000022    897.916059140069)(2000002    -411.943436024065)(2000111    -567.799272789568)
16 25      - (1000000    16077.8038436778)(2000101    1360.0093835746)
21 28      - (2000022    636.850001730225)
19 7      - (1000000    1261.53761475708)
20 20      - (2000111    -1045.18606675304)(2000201    -612.372734387469)(2000002    -664.411198915229)
25 15      - (1000000    -16.6815097528155)(2000201    3266.05373153473)
19 18      - (2000002    -580.354862458053)(2000201    -411.943436024065)
22 20      - (2000201    -390.047436991329)(1000000    -751.446411955036)(2000022    2764.41344284067)(2000012    2448.82204395578)(2000121    -497.962033803748)(2000211    -652.411215288976)(2000101    -257.682763671814)(2000002    -561.158262123119)(2000111    435.225158062063)(2000221    -674.263258716121)
28 4      - (1000000    564.324601115384)
28 25      - (2000002    -127.485012618085)(1000000    -146.859709384782)
24 13      - (1000000    1616.74968763474)
28 8      - (1000000    34806.904658337)
27 26      - (2000022    -125.75)
24 6      - (1000000    2211.54891061776)
14 23      - (2000201    1735.30308668249)(2000002    887.932947135115)
19 6      - (1000000    991.368842731498)
19 20      - (2000022    1587.40799518798)(2000201    -146.859709384782)(2000101    -390.700568362054)(2000002    -257.328603642898)(2000012    1290.71738280723)
27 17      - (1000000    876.6984509425)
23 14      - (2000101    4422.33156889237)
18 9      - (1000000    1027.1649649568)
8 29      - (1000000    4229.28475443652)
28 18      - (2000221    -761.154381656193)(2000201    -683.716875839253)(2000111    -694.921613708092)(2000002    -431.889664885759)(2000211    -481.096368053735)(2000121    -365.807977942093)
28 16      - (1000000    1528.40477382208)
29 17      - (1000000    4563.67029759054)
26 28      - (2000121    -399.986072462663)(1000000    229.192856186158)(2000221    229.192856186158)
21 4      - (1000000    15474.2420687691)
3 22      - (1000000    4423.02300326774)
27 27      - (2000002    -213.32590531342)
14 22      - (1000000    4118.49051813244)(2000101    702.532792000304)(2000201    1679.58253258588)(2000002    27181.3435175126)
9 23      - (1000000    9754.8238449966)
15 26      - (2000201    4019.4043572603)(2000101    18843.7845552366)
24 14      - (2000201    1709.72797281939)(2000101    1150.49742343301)(1000000    791.494430818948)
22 4      - (1000000    4095.86981622305)
22 1      - (1000000    29391.6724103316)(2000101    5152.52221793796)
1 23      - (1000000    774.775463596505)
12 28      - (1000000    33425.5967466779)
23 0      - (1000000    2325.47398126608)
28 26      - (2000111    -319.98885797013)
10 22      - (1000000    9500.33063750329)
1 26      - (1000000    25514.9700784391)
0 21      - (1000000    26240.8313505501)
29 7      - (1000000    34342.0869290812)
19 21      - (2000121    -598.603603173308)(2000211    -158.698602654661)(2000111    -676.648695227299)(2000012    1454.2330993596)
20 19      - (1000000    -365.807977942093)(2000022    746.078719582439)(2000201    -548.711966913139)(2000012    1051.0043922244)(2000121    -365.807977942093)(2000101    154.549940250065)
4 15      - (2000012    581.111700282536)(2000201    1509.30950952732)(2000101    573.257946228594)(2000111    573.257946228594)(2000211    597.681600854917)
25 12      - (2000101    1970.07901322007)(2000201    1040.00823717013)(1000000    8146.95920351491)
1 25      - (1000000    24015.0744013477)
25 14      - (2000101    7936.16139986195)
24 0      - (1000000    5332.73651541893)
9 27      - (1000000    14390.2088193349)
0 24      - (1000000    30916.4609054746)
12 27      - (1000000    17737.9336553762)
12 29      - (1000000    28332.2497045408)
12 26      - (2000002    1430.97796400381)(1000000    6103.00662359902)
14 21      - (1000000    32405.3937365585)(2000201    21078.8068805225)(2000101    9401.11142799108)(2000002    11887.5121441095)
14 24      - (2000101    842.853948214345)(1000000    1773.07602700516)(2000201    1500.89723060197)
21 20      - (2000201    -667.255534433832)(2000211    -640.163961398662)(2000012    1017.02160631654)(2000002    -500)(2000121    -331.020713570994)
13 21      - (1000000    30245.4150865219)(2000201    4642.36184610499)
23 8      - (1000000    5273.6411300663)
27 9      - (1000000    18988.4957099924)
27 7      - (1000000    35715.679398397)
5 29      - (1000000    4568.09739258526)
5 28      - (1000000    1380.76636263386)
6 29      - (1000000    4936.52490979793)
29 12      - (1000000    1831.30964262664)
21 2      - (1000000    6678.82014232043)
1 21      - (1000000    18077.7840696775)
22 5      - (1000000    1928.29392655998)
28 1      - (1000000    1890.80817954677)
27 0      - (1000000    853.802691867592)
14 27      - (1000000    18326.7812530381)
14 29      - (1000000    9197.37851299446)
29 13      - (1000000    10357.1997154042)
26 14      - (1000000    10501.0735012069)
21 1      - (1000000    3315.93313247504)
4 16      - (2000012    418.219374450221)(2000101    1075.6362753852)(1000000    418.219374450221)(2000211    904.96871030324)(2000111    388.703051682348)(2000201    691.734708252039)
7 29      - (1000000    14383.1048719053)
8 28      - (1000000    32576.6332996539)
26 12      - (1000000    19713.3264700745)
10 21      - (1000000    14676.2305604045)
9 28      - (1000000    8339.86888714504)
4 28      - (1000000    965.050602560524)
12 24      - (2000002    4016.65890534356)(1000000    2516.3012262167)(2000101    1216.39717535311)(2000201    1538.69901496787)
16 26      - (2000201    8034.46321134217)(1000000    4458.51608143272)
21 3      - (1000000    769.316313512269)
29 6      - (1000000    33580.7053970593)
15 29      - (1000000    1098.18160085492)
3 23      - (1000000    1121.90443791602)
15 23      - (2000101    765.132676658952)(2000201    2299.61759988267)
25 4      - (1000000    8540.13786223461)
21 0      - (1000000    4704.7680256665)
8 21      - (1000000    4678.79788199235)
14 4      - (2000012    1535.59081026528)(2000201    816.920322911197)(2000101    1755.83961974174)(1000000    4057.86957593752)(2000111    615.699012385018)(2000211    1558.4550546767)(2000002    1078.60082658074)
3 24      - (1000000    30071.9301525927)(2000101    5991.53590094221)
15 25      - (2000101    1086.30865791757)(2000201    2683.68784527053)(1000000    24203.185471598)
7 3      - (2000101    771.227760604915)(1000000    2672.66484744177)(2000002    978.267148258871)
23 4      - (1000000    1671.84780312183)
15 4      - (2000211    1332.66637959008)(2000002    573.228933477316)(2000101    382.170979496656)
9 26      - (1000000    33517.8628827293)
10 20      - (1000000    2598.51305966815)
24 15      - (1000000    4550.80209145305)(2000101    6868.5997794272)
28 15      - (1000000    106.827784335139)(2000101    2535.19432536222)
25 2      - (2000101    1234.33464760013)
13 4      - (2000101    481.371829453664)(2000002    3741.00743997859)(2000111    2635.96988226508)(1000000    5838.03774308612)(2000201    6147.04012524361)(2000012    29054.5942681077)
22 3      - (1000000    1058.84939321272)
2 25      - (2000002    471.607276967552)
3 20      - (1000000    27376.7626214072)
25 16      - (1000000    2748.34215800433)
9 20      - (1000000    2904.99532685092)
4 29      - (1000000    1852.88880506009)
28 6      - (1000000    33261.0103595871)
8 27      - (1000000    32552.880326402)
28 11      - (1000000    1672.60156540648)
2 24      - (2000101    1096.41845918963)
29 14      - (1000000    96.4184591896333)
26 15      - (2000101    2081.62469460256)
7 28      - (1000000    30126.8204682539)
2 21      - (1000000    4519.39389052092)
11 28      - (1000000    2003.06660195849)
20 9      - (1000000    36028.9955990596)
15 27      - (1000000    3165.03557300501)(2000002    1101.98445930483)
3 21      - (1000000    20306.1949348863)
21 14      - (2000101    33604.3533190511)(2000201    5623.23352194218)
1 20      - (1000000    15651.6506054736)
26 11      - (1000000    1063.62489364789)
11 29      - (1000000    25376.0178472297)
29 8      - (1000000    33691.6888163128)
25 9      - (1000000    8542.83226879948)
26 7      - (1000000    35889.2529473348)
2 22      - (1000000    8827.24252673253)
20 8      - (1000000    36168.6416680109)
0 25      - (1000000    27041.1047466857)
0 20      - (1000000    8999.09912908959)
26 6      - (1000000    3633.65965657195)
15 22      - (2000101    6207.77396421913)(1000000    8256.01025850502)
27 8      - (1000000    35906.2236032574)
15 24      - (2000201    9123.59545448991)
13 22      - (2000101    1702.57443240582)
16 24      - (1000000    12074.1327748249)
9 25      - (1000000    23600.375504956)
11 20      - (1000000    1463.53035238283)
7 22      - (1000000    4584.24892026021)
3 26      - (2000002    32653.2828235286)(2000101    11776.3642879466)(2000201    21984.3460080233)
16 27      - (1000000    4775.77641105041)
7 26      - (1000000    13853.6752193698)
7 21      - (1000000    3977.50730657962)
21 13      - (2000101    2673.88755424409)(2000002    10378.7238582871)
7 27      - (1000000    30936.5425617657)
26 3      - (1000000    4420.16333551742)
8 26      - (1000000    13282.6970827641)
2 20      - (1000000    23880.6229500104)
15 28      - (1000000    1803.03461436707)
16 28      - (1000000    9913.38819357974)
17 27      - (1000000    11160.9222629619)
28 7      - (1000000    35321.1436965482)
10 19      - (1000000    4633.86903062833)
8 5      - (2000201    1440.45530007566)(1000000    2662.79960463128)
27 11      - (1000000    3301.29887328895)
7 5      - (2000002    968.173624217462)
6 26      - (1000000    2954.50008046881)
6 6      - (1000000    2961.85634796592)
7 6      - (2000101    2167.89069561059)(2000002    2200.92160860244)(1000000    2856.13385056965)
6 7      - (1000000    3428.13405742383)(2000002    1140.46919811911)
21 7      - (1000000    4491.23469103362)
29 5      - (1000000    26417.6976098823)
3 25      - (1000000    33955.0795432418)(2000002    4969.27195617225)
3 27      - (2000101    17067.3042663241)
7 20      - (1000000    4028.62378961843)
9 19      - (1000000    4261.53279668617)
6 8      - (1000000    2104.70060915368)
6 27      - (1000000    32221.7940077716)
7 23      - (1000000    4963.69720333478)
13 23      - (1000000    34604.5398845741)(2000002    18537.3234146888)(2000201    22004.4413658617)(2000101    18209.8853868105)
8 4      - (1000000    1391.26944531819)(2000002    1391.26944531819)
4 25      - (1000000    23038.9163875998)(2000101    6635.75132493264)
25 0      - (1000000    31823.2318111542)
0 22      - (1000000    33697.2410240604)(2000101    13315.6271931634)(2000201    6964.63362529814)(2000002    7419.98852745763)
20 4      - (1000000    3811.90386142603)
24 3      - (2000101    10863.0384306807)(1000000    2442.99328023264)
0 26      - (1000000    34293.6292451975)
22 16      - (2000002    2104.24923170068)(2000101    5933.04194815619)
24 4      - (1000000    2660.1167337694)
22 0      - (2000201    34073.7948758466)(2000101    3147.64618681523)(1000000    13222.6459639176)(2000002    7401.08520687636)
27 3      - (2000002    2649.83417573954)
1 28      - (1000000    2638.02302445049)
26 17      - (1000000    2481.43908947823)
20 3      - (1000000    4726.13594971101)
25 1      - (1000000    3322.67204455287)
25 3      - (1000000    4000.33500887489)
17 26      - (1000000    4701.82423734115)
1 22      - (1000000    35041.3556779862)(2000201    15835.8288247217)(2000101    8583.57851731653)(2000002    4993.20735673273)
4 22      - (1000000    20723.2196419984)
19 2      - (1000000    2323.62982238082)
4 20      - (1000000    31579.0330804312)
19 10      - (1000000    35970.9497442176)
15 21      - (1000000    33163.2839435601)
19 8      - (1000000    35487.462361766)
5 21      - (1000000    1677.17816281719)
4 21      - (1000000    31473.2861069899)
2 23      - (1000000    25195.7763593902)
26 0      - (1000000    33199.7226269536)
10 27      - (1000000    7162.71784052877)
17 25      - (1000000    19283.064720256)
0 27      - (1000000    19129.8867377399)
20 1      - (1000000    2788.62719052664)
2 19      - (1000000    4836.84833768567)
3 19      - (1000000    15375.0357756694)
16 23      - (2000101    12945.8103453964)
4 26      - (2000002    5797.43547158507)
26 4      - (2000101    6468.93028996719)
11 25      - (1000000    6480.82891574037)
19 3      - (1000000    6771.64288481559)
23 2      - (2000002    7255.43111513813)
2 29      - (1000000    7309.98363672714)
1 29      - (1000000    7703.55755325846)
11 26      - (1000000    8540.66384684947)

