593
0 0      - (1000000    16963.7238545947)(2000002    16617.2765597709)(2000201    16725.0896911468)(2000221    -891.905082100437)(2000022    249.564175225976)(2000101    16822.051529452)(2000111    16969.2571114643)(2000211    15811.297509791)(2000012    14665.3532614478)(2000121    -922.382902389781)
2 1      - (2000101    3323.01060305157)(1000000    16760.6443552781)(2000002    3312.46521859305)(2000201    5787.81648183185)(2000211    1629.2316095348)(2000111    3796.09662628067)(2000012    2595.78894741816)(2000221    -1015.59752125412)(2000121    -1046.28651287333)
0 1      - (2000101    15804.8281766294)(2000022    -343.771401319801)(2000002    12962.4467218285)(1000000    15094.7846119729)(2000211    10286.8050134452)(2000201    12691.072987334)(2000111    17228.3137433986)(2000012    11339.4452397925)(2000221    -1050.45843298749)(2000121    -789.718247880172)
0 2      - (2000002    6499.90868271164)(2000111    3520.95846733966)(2000121    -1065.85856390569)(1000000    13888.1316405284)(2000201    5914.39029860813)(2000101    16299.2055816034)(2000221    -851.834784045958)(2000211    608.530730510271)(2000022    2.0902461965384)(2000012    2023.53568279362)
1 1      - (1000000    16024.3477060042)(2000002    10678.7965716049)(2000101    8787.02693789451)(2000111    17031.5640153025)(2000012    11179.3915606543)(2000201    11703.0890590864)(2000022    -106.387030829187)(2000211    10623.4550126612)(2000221    -671.791803092505)(2000121    -964.409290198471)
2 0      - (1000000    15657.6672758198)(2000121    -1230.54969935158)(2000002    11247.8467514835)(2000211    7501.1455175795)(2000201    13404.2578209452)(2000101    12913.7267932417)(2000012    12590.5687631625)(2000111    17234.0567554207)(2000022    -83.0853208420794)(2000221    -954.607185925955)
0 3      - (2000101    3481.15585448204)(2000121    -1366.71761901814)(2000111    -1535.63358192867)(2000002    2312.1116488022)(1000000    13437.6361260213)(2000201    4693.77968459694)(2000211    713.964133883875)(2000012    1442.7739834637)
1 3      - (2000221    -926.591022970555)(1000000    9515.8406258964)(2000012    -931.031459152963)(2000022    -411.004360390157)(2000002    3771.17753180893)(2000101    3211.16118901925)(2000201    6110.13230233914)(2000211    1134.95477676794)(2000111    2254.05403389082)
4 3      - (2000002    3850.61582927358)(2000111    1085.74158123562)(2000101    147.988865919373)(2000121    -1000)(2000221    -656.351288337089)(1000000    13020.1034407911)(2000201    819.338385347124)
3 3      - (2000022    -96.3178480702081)(2000201    5015.29605622469)(2000221    -726.896772965548)(1000000    15376.4241690781)(2000101    2464.27018685911)(2000111    1273.61635407638)(2000211    -557.626428678255)(2000002    3393.77351847727)(2000012    1193.40267992645)
2 2      - (2000002    2176.2757175222)(2000221    -1014.97671077316)(2000211    2556.62572637291)(2000012    2292.71519635091)(2000201    2607.30551527862)(2000121    -1149.10615841993)(2000101    3541.83706831112)(2000111    4032.41843274277)(1000000    14351.4068986608)(2000022    75.9772403458391)
1 0      - (2000201    2734.1077400869)(2000101    4147.44428854346)(1000000    14410.241324616)(2000002    5299.79803641752)(2000111    3832.41437281486)(2000211    1932.45960232237)(2000022    -3)(2000012    1409.08666222796)
3 1      - (2000111    4262.43496642641)(2000101    2174.68783858778)(1000000    12429.5996986787)(2000002    3693.03474886688)(2000022    -3)(2000211    26.5938266881994)(2000201    5653.69713014405)(2000012    -167.304320645085)(2000121    -821.996841978603)
1 5      - (2000012    1381.17951812684)(2000211    -259.659132212375)(2000002    1452.17239305548)(2000201    3952.78416989989)(1000000    10793.0697612966)(2000101    6358.12260585668)
1 2      - (2000002    2554.28918639031)(2000012    2428.32432716523)(2000221    -1623.38470778961)(2000121    -983.309629014459)(1000000    13930.0685175423)(2000201    2685.24127747478)(2000101    4053.37364942466)(2000111    1957.9673562821)(2000211    401.932134101489)
2 3      - (1000000    15853.525622755)(2000002    2339.84294114683)(2000101    4123.55046378878)(2000012    -471.28936728762)(2000201    2731.17748631163)(2000221    -1095.80923631538)(2000211    345.558888698049)(2000111    2864.42375259717)
0 6      - (2000211    -96.4027365646467)(2000221    -500)(2000101    -218.940747001214)(1000000    2532.39882126528)(2000111    61.6410438064939)(2000201    1472.93150853501)(2000002    710.59032812479)
1 4      - (2000201    2184.72822540425)(2000012    -639.86178202887)(2000211    -838.991825368853)(2000111    637.543763172926)(2000002    2521.86742993343)(1000000    11059.3155185043)(2000221    -500)(2000101    1402.9755697438)
3 5      - (2000002    12613.9954283544)(1000000    4765.76103335047)(2000111    358.566138525548)(2000201    -16.6444072571148)
3 0      - (2000201    4969.83636597746)(2000002    3847.69010774978)(2000101    5982.01243649377)(2000221    -1077.07423233409)(1000000    16373.8241763652)(2000022    -2.5)(2000012    7384.12195049234)(2000211    5175.37975638853)(2000111    5653.39508448179)
2 5      - (2000211    44.3931087236236)(2000101    1744.1616319543)(1000000    10567.5270569995)(2000201    -601.810787627204)(2000012    -223.281388459168)
3 2      - (2000201    2188.3424846466)(2000221    -1578.92140110153)(2000111    1621.01782005952)(2000002    2568.82550160628)(2000101    8023.15907733768)(2000121    -1816.16606060311)(1000000    12620.7587814978)(2000012    1494.1222519168)(2000211    975.325698526498)
0 4      - (1000000    13436.7508499438)(2000012    1065.64486241436)(2000101    3973.48601472537)(2000002    4416.61026698942)(2000201    1180.4235649465)(2000211    553.775333757832)
4 2      - (2000211    2598.2062127571)(1000000    4113.75998988873)(2000201    3693.21965021619)(2000111    1183.85605275324)(2000012    927.87699308403)(2000022    16.1067269256129)(2000002    15558.8513417115)(2000101    -753.467765672136)
4 0      - (2000111    9286.38418760228)(2000002    6398.12912705725)(2000221    -993.210117291996)(1000000    16057.4242272768)(2000121    -875.088077181951)(2000012    5412.0123757904)(2000101    8605.83972802923)(2000201    10218.3359156907)(2000211    3425.11930825416)
4 1      - (2000002    3819.63025551683)(2000101    2242.37379369504)(1000000    15605.8461705566)(2000221    -995.591326303788)(2000012    594.413068933589)(2000121    -750)(2000201    6457.03028712904)(2000211    2074.67829357712)(2000111    5892.75091684666)
2 4      - (2000211    -1259.46250790089)(2000101    1251.67180413695)(1000000    14615.2657200803)(2000201    1236.57110899614)(2000002    4082.56893041214)(2000012    -745.031548759569)
5 3      - (1000000    2448.17341367141)(2000101    410.423752398867)(2000012    1097.50890376973)(2000201    981.054342091362)
4 4      - (1000000    12820.0596146845)(2000022    -1.4375)(2000101    1720.65954736427)(2000111    -271.600953497146)(2000002    3561.52278907264)(2000201    2874.99190407864)(2000012    2247.87564669437)
3 4      - (2000101    1893.62897122835)(2000012    -611.755058780415)(2000002    808.197049483322)(2000211    -448.609201092503)(2000201    -915.60461489982)(1000000    13232.8448947105)
6 4      - (2000022    -127.090464093611)(2000002    -729.283529262996)(1000000    1693.66115288089)(2000101    10190.4127884069)(2000201    1394.64695244004)
5 2      - (2000121    -1355.12420124412)(2000221    -1282.81784807021)(2000002    1587.05419881436)(2000201    1084.44930686397)(1000000    1662.59655459592)(2000101    5212.92575370732)(2000111    11437.104056429)(2000211    2014.19709969058)
4 6      - (2000002    -458.76732063634)(2000201    -741.134896771883)(1000000    -127.968055570279)
5 1      - (2000101    494.421625441559)(2000201    1029.15643733928)(2000002    990.973818422423)(2000111    105.464127042601)(1000000    3031.13232247948)
3 6      - (1000000    3152.23908662636)(2000211    1975.22246686689)(2000012    1070.05756035024)
0 5      - (2000201    1827.20968965033)(1000000    2161.50035901171)(2000012    -463.233471072384)(2000111    2077.4410751004)(2000101    2356.18878782332)
2 6      - (2000002    807.55057840334)(1000000    2484.5598226273)(2000101    55.8181997964004)(2000201    1147.28464806156)(2000012    1186.52719777213)
5 0      - (1000000    3095.38744345143)(2000012    -809.939061940356)(2000101    2114.05775228728)(2000002    1701.89641869351)(2000211    -656.788434290259)(2000201    1675.67313902058)(2000111    1489.29157872407)
4 5      - (2000201    1433.1875708284)(1000000    2704.98317326872)(2000101    2580.54257175117)(2000111    1894.71869385607)(2000211    1346.89224607927)
2 7      - (2000211    -33.2336622174802)(2000221    -618.125235991701)(2000201    280.838829340887)(1000000    657.204608314317)(2000101    1417.7668398151)
9 2      - (2000111    -939.34828791116)(2000201    -984.829999895224)(2000002    -970.153711084522)(2000101    -880.095783924579)(2000012    113.934767510982)(2000211    -663.963262162882)(2000221    -799.112799649888)(2000121    -779.191234768308)
0 9      - (1000000    -830.365354420075)(2000012    58.6623446972926)(2000002    -931.524019408776)(2000101    -879.577025953319)(2000201    -935.894973524289)(2000111    -839.54122728816)(2000211    -908.178467967374)(2000221    -437.858956193506)(2000022    217.376508641433)(2000121    -654.307620942854)
1 12      - (2000111    -817.719989379254)(2000221    -821.901410615524)(2000002    -360.830062005006)(1000000    -488.648072377472)(2000201    -505.912606339349)(2000022    276.293578529493)(2000121    -482.862087858463)(2000012    2.35960431714015)
14 0      - (2000211    -1180.63846925368)(2000201    -564.040092721174)(1000000    86.0234334017778)(2000012    -13.9565859454908)(2000002    -382.250861887507)(2000111    -336.416397236333)(2000121    -438.696243388693)(2000101    -11.678928176893)
1 11      - (2000101    -906.15430205766)(2000221    -811.372618005086)(1000000    -1092.75236247339)(2000012    339.092259528735)(2000121    -907.247074864815)(2000022    -263.869423668383)(2000002    -706.42211044156)(2000211    -870.799674776334)(2000111    -384.914536554636)
0 10      - (2000101    -1022.41388311044)(2000012    19.9273326243663)(2000022    -46.0614727593651)(2000221    -847.588373914404)(2000111    -726.479384363226)(2000002    -665.85868659912)(1000000    -813.81793788699)(2000121    -971.10873483098)(2000211    -927.193153691013)(2000201    -436.205080628569)
2 11      - (2000022    90.1247166116403)(1000000    -818.968606816771)(2000121    -849.482592860393)(2000221    -929.583571909652)(2000002    -844.099160599482)(2000211    -833.103629645192)(2000101    -873.722374160983)(2000012    -52.0671447438374)(2000111    -667.070527823569)(2000201    -694.312292469321)
0 13      - (2000002    -70.030689012055)(1000000    -463.229990755574)(2000221    -1149.85118076003)(2000121    -1153.0161482821)(2000111    -125.205998908244)(2000211    -674.988608125072)(2000012    234.285063235943)(2000201    -501.5)
2 9      - (2000012    64.4668421281599)(1000000    -253.156072811781)(2000002    -983.020493926754)(2000111    -891.113839638708)(2000221    -987.154837386761)(2000121    -1400.80142680211)(2000101    -913.075039073507)(2000201    -811.594747754994)(2000022    148.566259821762)(2000211    -944.445454077579)
0 12      - (2000111    10101.3384177982)(1000000    7909.49852645846)(2000101    8048.03702197098)(2000121    11592.9315607504)(2000221    9441.01351396628)(2000211    10081.0210147671)(2000201    11874.8287706428)(2000002    9237.46297926038)(2000012    17001.0433486966)(2000022    16834.0714033188)
2 14      - (2000111    -436.317687869089)(2000101    -621.548760157789)(2000121    -929.829109790713)(1000000    -507.80735303767)(2000012    94.5698743227863)(2000211    -435.682139360996)(2000002    -292.970452582452)(2000201    -553.193515414594)
11 0      - (1000000    -1287.43699429979)(2000221    -905.980901877407)(2000201    -775.117243185791)(2000022    338.677566595748)(2000012    18.815433494371)(2000211    -443.525576949508)
10 0      - (2000111    -807.538099724281)(1000000    -782.672833639328)(2000022    146.4435714242)(2000201    -914.232865500471)(2000012    170.378056161001)(2000002    -831.213753001468)(2000221    -704.004616957875)(2000101    -631.027949924493)(2000121    -376.480483670259)(2000211    -723.269790631621)
13 0      - (1000000    42.2097674575181)(2000002    -213.880156180058)(2000201    -207.881600548748)(2000121    -506.749776275412)(2000221    -902.790870373953)(2000022    -5.54666677965639)
9 0      - (2000121    -906.238847336765)(2000211    -535.793838058692)(2000221    -809.687617995851)(2000022    189.535945710127)(2000201    -1331.88553682463)(1000000    -354.223143974453)(2000111    -550.39241343122)(2000002    -897.754380758038)(2000012    69.7110993362901)(2000101    -336.631557642796)
4 10      - (2000012    -54.8699388754955)
1 14      - (2000111    -1125.47414748521)(2000211    -545.377272804208)(2000101    -876.659119718414)(2000012    78.2365101083341)(2000002    236.696536464219)(2000201    149.065065975439)(1000000    100.595143047163)
10 2      - (1000000    -995.37163405591)(2000012    -179.66810270537)(2000111    -537.351750769189)(2000211    -817.455891422168)(2000022    261.49669320934)(2000101    -925.395296197541)(2000221    -729.35407640368)(2000201    -731.824535295196)
1 16      - (2000022    -257.416026687111)(2000002    -30.1953760435894)
0 16      - (2000111    -526.738847336765)(2000201    -526.738847336765)(2000121    -1131.92843871688)(1000000    -301.966862844967)(2000101    -816.521777293952)
11 1      - (2000101    -830.414139459393)(2000022    283.26788995928)(2000002    -255.634446375092)(2000201    -683.431696866229)(2000221    -818.310574385603)
4 8      - (2000111    -909.772121102939)(2000002    1262.82400121964)
11 2      - (1000000    -470.744145721446)(2000201    -1098.51427969088)(2000111    -810.612046970814)(2000012    81.9120026992097)(2000121    -577.843454244744)(2000211    -772.741930126016)(2000221    -620.476708624186)(2000022    -47.4044205929018)(2000101    -379.955891422168)
1 15      - (2000002    121.031777118626)(2000111    -912.807221959465)(1000000    -509.677819878377)(2000211    -572.660174596257)(2000201    -213.940611456203)(2000012    -151.011559558231)(2000101    -251.624051611148)
2 12      - (2000111    -1121.1711774281)(1000000    -7.73182370393113)(2000002    -872.312151126295)(2000201    -645.953938923138)(2000022    20.5076899970065)(2000211    -460.571836269392)(2000101    -333.617200445762)
3 13      - (1000000    -428.017603650432)(2000201    -42.6431599101637)(2000101    -506.513061024557)(2000111    23.0781750259134)
2 8      - (2000121    -1123.63551477089)(1000000    3080.28932055301)
4 12      - (2000201    -20.3123957107809)(2000211    -112.173304508471)
1 9      - (2000012    17.8673791038063)(2000022    6.68184338595633)(2000101    -847.126973585726)(1000000    -910.260340374819)(2000201    -846.794252944347)(2000002    -986.589434117748)(2000121    -936.084358112716)(2000221    -947.56646683959)(2000211    -858.428703128811)(2000111    -745.095989294521)
3 10      - (2000111    -1037.43484574898)(2000201    -1013.95205719258)(2000002    -913.702379076511)(2000101    -1021.14346099081)(2000121    -1029.56524770328)(2000022    40.8652523192254)
0 15      - (1000000    -147.702390589166)(2000121    -875)(2000201    -258.578550989851)(2000012    54.7841401584708)(2000002    124.282087612988)(2000111    124.282087612988)(2000101    124.282087612988)
2 13      - (2000201    -905.001224680926)(2000211    -572.77490094617)(1000000    -75.1935761814792)(2000111    -253.060153693736)(2000101    -920.569880544208)
4 13      - (2000211    -43.8638169802314)(2000201    -778.777022216486)(1000000    -523.631263908969)
12 0      - (2000101    -914.476702568244)(1000000    -664.399943782918)(2000211    -797.989437447963)(2000002    -481.304130516309)(2000201    -937.576331586903)(2000022    94.4976859752309)(2000221    -406.926317196242)(2000012    523.615399143812)(2000111    -1062.94896868922)(2000121    -679.97867775507)
9 1      - (2000201    -900.389029704545)(1000000    -872.171028451163)(2000022    375.593270601926)(2000012    -512.761036097994)(2000221    -771.579814125646)(2000121    -764.525020807466)(2000211    -500)(2000002    -500)(2000111    -735.782044980385)
1 8      - (2000111    -750)(2000201    -956.883697504001)(2000022    71.1020355894941)(2000121    -737.998896389703)(2000211    -542.667467029203)(1000000    1043.99409531336)
12 1      - (2000012    468.575242307368)(1000000    -437.990742736621)(2000201    -754.728960436994)(2000211    -905.994608157841)(2000101    -472.847943286367)(2000221    -487.493401451647)(2000002    -406.788434290259)(2000121    -230.857799939386)
0 14      - (2000101    -167.16504920632)(2000211    -255.228245560217)(2000111    -246.175119678453)(2000002    208.259635228337)(2000201    -106.418986200566)(1000000    -106.057489607336)(2000012    -125.277974614495)(2000221    -573.736563290347)
3 14      - (2000002    198.096149212285)(1000000    -18.2858827538309)(2000012    33.1540881293448)(2000101    -553.193515414594)
1 10      - (2000201    -901.40793871076)(2000101    -920.026662656297)(2000221    -899.485010895003)(2000002    -489.683528639002)(2000022    277.166355955387)(2000111    -894.501845625084)(2000012    -49.4922578761488)(2000121    -886.008701143311)(1000000    -662.225966846786)(2000211    -823.952762604729)
3 12      - (2000211    -29.527022216486)(2000012    -7.71403002904208)(1000000    450.451034108166)(2000002    36.6346244195181)(2000101    -226.69591340662)(2000201    24.7227979311162)
1 13      - (1000000    -16.0525007096628)(2000211    -1145.11520291795)(2000002    -382.060321598042)(2000111    -1264.50854271056)(2000101    -1115.62022632065)(2000201    -304.778552762259)(2000221    -502.127307908127)
14 1      - (2000012    -39.9656638889699)(1000000    -39.3545382394351)(2000111    -122.139546149728)(2000002    60.8425670749371)(2000101    -438.657432925063)
0 7      - (1000000    2498.76253674298)(2000211    -16.7917182844617)(2000002    1696.82061532302)(2000012    611.378281078759)
10 1      - (2000111    -864.851015642313)(2000012    102.656570660223)(2000101    -1080.78120201643)(2000002    -738.540712539533)(2000211    -713.870376245121)(2000201    -769.148928858831)(2000221    -916.650755635533)(1000000    -948.431699435185)(2000121    -899.283010220907)(2000022    35.5128395462616)
13 2      - (2000101    -684.552093228217)(2000111    -766.15755209444)(1000000    -558.828236377324)(2000002    -377.970887416429)(2000201    41.3806367788924)
13 1      - (1000000    -350.601983548418)(2000002    -405.475330212319)(2000012    205.694716211639)(2000022    -193.091034185932)(2000201    -223.437328394965)(2000101    -345.999616486629)(2000211    58.5994713899277)(2000111    -42.0426604210397)
14 2      - (2000211    -644.077263456819)(2000101    -271.055528482997)(2000002    -407.935497557749)(1000000    110.155803315239)(2000012    -284.213550416501)(2000111    127.589838742861)(2000201    -2)
5 9      - (2000221    -1130.39195979626)(2000111    -931.649045347023)(1000000    -754.160000084742)
2 15      - (1000000    78.962460173931)(2000002    -25.3944260696815)(2000201    -96.9305685266497)(2000012    -11.8463817383678)(2000101    -487.160590858645)
3 8      - (2000101    -516.119423668383)(2000002    -504.299059471901)(1000000    1668.87755647028)
3 9      - (2000101    -693.382607325196)(2000022    107.580664297344)(2000002    -443.163857325196)(2000012    46.4066822745335)(2000111    -494.212868234692)(2000121    -486.031567450245)
1 6      - (2000101    3376.85492329789)(2000211    -716.547797067593)(2000111    2300.6008817363)(1000000    75.1454273693516)
2 10      - (2000022    -245.033562642258)(2000002    -933.080113706707)(2000211    -903.319469528518)(1000000    -880.096402753298)(2000111    -853.76776253386)(2000221    -882.822331603557)(2000201    -911.6092542363)(2000121    -926.168720460389)(2000101    -919.787239789354)(2000012    30.8721640956389)
0 11      - (2000012    235.329983511129)(2000211    -922.171132289149)(2000221    -894.804366065397)(2000111    -739.476069571907)(1000000    -580.579631728966)(2000201    -817.810679360878)(2000121    -875.918642976399)(2000002    -738.907677123796)(2000101    -435.426431770104)
4 15      - (1000000    -81.9560012388743)(2000002    -20.5278147154238)(2000111    -1.16735091199206)(2000211    -19.9441392594278)(2000201    124.282087612988)
3 16      - (2000002    -2.61454546024348)(1000000    -42.6153507504629)(2000012    -3.10468825574947)(2000211    -437.225459420055)(2000201    -112.623092614789)(2000101    -56.931630220283)(2000111    -127.386583181096)
4 14      - (2000211    -374.805867249003)(1000000    -237.066628029744)(2000101    -217.700772083808)(2000012    -352.432843757978)
4 16      - (2000012    117.532311337576)(1000000    460.260665400153)(2000111    -1186.00481741176)(2000002    -80.5402731218905)(2000211    -396.059662292914)(2000201    -500.625)(2000101    8552.2357891268)
3 15      - (2000111    -526.037077869966)(2000201    213.679940073127)(1000000    14.2604144674564)(2000211    -350.632838916362)(2000002    -25.9064561397648)(2000101    -127.386583181096)
2 17      - (2000211    307.336822286818)(1000000    16324.9503555979)(2000101    9094.93439100729)(2000002    8131.04656816274)(2000111    4838.49729151757)
2 16      - (1000000    -118.306368534808)(2000211    -311.24280552918)(2000012    -281.439656396956)
12 2      - (2000101    -734.673658497786)(1000000    -570.433597621174)(2000022    224.239339396361)(2000012    343.772387103549)(2000121    -531.889672463547)(2000201    -532.979958671331)(2000002    -104.355092253882)(2000211    -613.013092704026)
3 11      - (2000201    -980.264596567053)(1000000    -1695.36255378714)(2000211    -826.859701825174)
8 1      - (1000000    2628.73261466601)(2000101    1829.88034522212)(2000002    1562.5401546538)
6 1      - (1000000    1759.9406319437)(2000211    960.922885442776)(2000201    451.691256517008)(2000002    496.113741377897)(2000111    2155.41890399056)(2000012    122.933819189671)
16 2      - (2000201    -553.397515888071)(1000000    -0.75)
14 4      - (1000000    -0.5)
1 7      - (1000000    1567.95864891072)(2000002    876.730964857183)
5 8      - (1000000    938.426992371407)
6 0      - (1000000    2810.89496981443)(2000101    1303.44655144771)(2000002    664.673708665103)(2000211    1185.80380166283)
5 4      - (2000101    178.298115318717)(1000000    2716.10969710096)(2000111    1928.53278624873)
2 19      - (1000000    15426.0131165092)(2000002    14997.990029019)(2000211    13923.5418311534)(2000101    16981.226158331)(2000201    11105.3627593766)(2000111    14654.1230814117)(2000012    15259.9988001548)
3 17      - (2000012    251.367503879148)(2000211    253.347732544192)(1000000    -410.736373452731)
16 0      - (1000000    467.379534459741)
15 1      - (2000111    -166.458745694024)(2000012    -363.94359800123)(2000201    143.90898951482)(1000000    9.22082958103753)(2000002    -9.12817467484813)
15 2      - (1000000    70.5689104990499)(2000111    -48.6589240351041)(2000012    -313.83997755747)
4 17      - (1000000    10443.9451046924)(2000111    9940.91348263711)(2000211    9300.12872031826)(2000101    17086.7978828248)(2000002    11060.6471452307)(2000012    6836.66932693367)(2000201    11162.7066857916)
4 11      - (2000201    -457.86668167585)
6 8      - (2000211    -713.908519403848)(1000000    2724.47350237051)
9 9      - (2000201    -856.838691060809)(2000211    -947.534802127205)(2000111    -949.13332270615)(2000121    -831.164904709014)(2000002    -865.339011671803)(1000000    -696.34449905633)
11 9      - (2000221    -685.482424948667)(2000012    -772.597021906163)(2000211    -409.829968833541)
9 12      - (2000012    163.793185618771)(2000221    -685.482424948667)(2000201    -776.598886960188)(2000211    -823.460274117798)(2000022    95.7873640611396)
12 10      - (2000111    -873.62226870506)(1000000    -760.556523747611)(2000002    50.8000549213372)(2000201    -681.233316708038)(2000101    -399.881301582909)
12 9      - (2000221    -724.412427838989)(2000121    -717.812799258436)(1000000    -500)(2000022    -0.5)
10 10      - (2000211    -1416.9054985255)(2000111    -1771.13187315687)(1000000    -1051.75809318145)
13 9      - (2000111    -1017.79641320125)(2000221    -768.43119156289)(2000002    -51.0359575953873)(2000022    74.0006935836916)(2000201    -954.078021124396)(2000101    -976.749287483913)
12 12      - (2000012    11.7051659464649)(2000111    -731.692251080303)(1000000    16225.0131202987)(2000002    16990.0804998861)(2000201    16192.28379972)(2000101    16177.3705701766)
12 11      - (2000211    -685.520077721547)(2000101    -690.558818242288)(1000000    -693.078188502659)(2000002    97.4024083480229)
10 9      - (2000211    -781.531314321095)
10 8      - (2000121    -849.119953250312)
7 9      - (2000002    -750)(1000000    -500)
6 11      - (2000022    -20.2071943913803)(2000012    123.515809781975)(1000000    -391.253173338636)(2000201    -492.631688393204)
8 11      - (1000000    -813.359402454312)(2000111    -818.615145518575)(2000121    -456.988283299111)
9 10      - (2000221    -881.99305242618)(2000002    -878.921309585915)(2000211    -500)(2000012    -46.9676427180305)
7 10      - (2000002    -614.744953250312)(2000221    -803.869974970596)(2000111    -654.307620942854)
14 10      - (2000022    76.3115325659622)(2000101    -827.600688100141)(1000000    -834.538924456101)(2000201    -839.804272269221)
2 18      - (2000101    2198.30693261276)(1000000    12356.2104358359)
9 13      - (1000000    -1150.74915861808)(2000211    -751.856465670045)(2000221    -814.256846954115)(2000002    143.61213028274)(2000201    -906.618699237755)(2000101    -741.162572523879)
14 12      - (1000000    -1046.16791782584)(2000201    -1461.87098499249)(2000101    -1013.85192191934)(2000002    3292.39440302319)
7 11      - (2000121    -399.387507947083)
0 18      - (2000211    13391.004480517)(2000111    15191.1351805215)(2000201    13018.9847804435)(1000000    16777.4339444399)(2000002    15926.7782445864)(2000101    16838.712450513)(2000012    14406.0836129648)
11 8      - (2000201    -623.758260655451)(2000221    -935.637390983176)
9 14      - (1000000    -1736.21076732365)(2000221    -873.705080628569)(2000201    -1428.08282058468)(2000002    21.1364183463783)(2000101    -523.483821359015)
9 16      - (2000012    107.871826661364)
4 18      - (1000000    692.327042610353)
14 16      - (1000000    500)
15 10      - (1000000    -813.928838220068)(2000101    -816.409006408944)(2000201    -782.762449905087)
9 15      - (2000022    -129.208013343556)
6 9      - (1000000    -614.744953250312)
15 8      - (2000121    -551.737784026171)
4 9      - (2000022    41.7687903166917)
13 13      - (1000000    -1011.84309682348)(2000002    -265.192069734157)(2000201    -737.915343147174)(2000101    -718.310242219774)
11 12      - (2000201    -931.377387291472)(2000101    -1245.28990900478)(2000002    159.51566861433)(1000000    -870.242097507979)
14 15      - (1000000    828.127667020086)(2000101    -416.931842839038)
9 11      - (2000022    149.682948725111)(2000111    -704.368074693797)
16 13      - (1000000    5951.67736189768)
18 13      - (1000000    17966.1774352721)
6 6      - (1000000    2883.60424646075)(2000101    1792.04253650314)
10 12      - (1000000    -727.292236496346)(2000002    216.0777799733)
12 21      - (1000000    937.173131419482)
8 9      - (2000012    -5.55444726081686)
12 14      - (1000000    -888.119156946041)(2000201    -932.067369517373)(2000002    100.50312436826)(2000101    -577.2429132197)
13 14      - (2000002    101.831249106019)(1000000    -1590.61150258261)(2000201    -1201.42411810225)(2000101    -1139.05791328723)
18 3      - (1000000    -0.875)
22 12      - (1000000    937.173131419482)
14 13      - (2000201    -987.446129888855)(2000002    129.146978636815)(2000101    -788.621165129013)
13 12      - (1000000    -762.942323302735)(2000101    -941.273397908409)(2000002    -84.0485765679568)(2000201    -501.841332689391)
12 13      - (2000002    205.485406294148)(1000000    -830.95795563686)(2000101    -757.573103421409)(2000201    -549.137651743767)
9 3      - (2000022    144.370637526127)(2000201    -376.902113592271)
23 14      - (1000000    2686.24994858709)
14 20      - (1000000    770.848383385454)
8 0      - (2000201    1505.3142365388)(2000121    -836.311106616818)(1000000    2390.79653307201)
15 22      - (1000000    2272.61391987736)(2000002    9762.42875046322)
23 13      - (1000000    15013.1076869035)(2000101    1449.72431184446)(2000002    3102.09093114441)(2000201    2553.25839453373)
14 3      - (2000012    119.718000275564)(2000211    -2)
17 5      - (2000002    -97.9470321570636)(2000211    -317.021777293952)
15 3      - (1000000    -0.5)
10 21      - (1000000    1362.5416690825)
16 24      - (1000000    937.173131419482)(2000002    2651.64011944847)
0 8      - (2000201    -668.229574039065)(2000101    -668.229574039065)(2000002    445.64979143943)(2000211    -445.48638269271)(2000022    81.0204259609348)(1000000    3465.88907473791)
16 1      - (2000002    124.282087612988)
10 24      - (1000000    8206.39621509926)(2000201    8055.04051678314)(2000101    17139.0681828134)(2000002    3492.65292810397)
14 14      - (2000002    134.811541856773)(2000201    -844.127593178342)(1000000    -1505.72265590705)(2000101    -852.147280334743)
3 19      - (2000211    -1157.46030247166)
14 6      - (2000201    -562.826868580518)
21 2      - (1000000    16958.3400427795)(2000012    13131.587664691)(2000002    15955.2059709094)(2000211    12656.1086022434)(2000101    16684.8592919053)(2000201    15402.4794966068)(2000111    12971.335114628)
15 20      - (1000000    4030.10526143476)
19 0      - (1000000    17100.547100674)(2000012    9938.84901042609)(2000101    8835.11048041809)(2000002    6517.99821914708)(2000211    4959.3235473584)(2000201    9377.40801993453)(2000111    6275.83563258338)
1 20      - (1000000    -109.519365475911)(2000101    428.366904727873)
5 16      - (2000002    186.423131419482)
22 1      - (2000002    29.8712430345065)(2000201    -150.591421060011)(1000000    556.064201533121)
1 22      - (2000211    11314.8185428252)(2000111    16593.5304713976)(2000201    13823.8878097011)(2000002    15940.3913133352)(1000000    16858.7823620287)(2000012    10355.3994779903)(2000101    15355.2053392659)
1 21      - (2000211    -375.217912387012)(2000002    17103.5807414704)(1000000    17068.2307432815)(2000101    16229.4337439927)(2000201    14828.4284766782)
22 0      - (2000101    108.341153525568)(2000111    244.132383083331)(1000000    577.092057247751)(2000201    124.282087612988)(2000211    196.810128485102)
23 2      - (2000211    -375.217912387012)(1000000    361.316415603627)(2000201    -45.6024769147952)(2000002    124.032087612988)
20 1      - (2000101    -97.9470321570636)
0 22      - (2000201    9354.56898728991)(2000002    7424.7813970634)(2000012    11712.7069761728)(1000000    17066.0506020348)(2000211    10474.805554075)(2000111    9563.31396458871)(2000101    13197.7687269649)
12 26      - (1000000    5202.53901705999)
0 24      - (1000000    17015.7531140548)(2000012    15913.7034730024)(2000101    16523.1733653601)(2000201    14018.9107366142)(2000002    17057.0188634705)(2000111    15610.960576221)(2000211    14737.1281305)
3 23      - (2000002    155.445521903247)(1000000    760.113582685066)
6 10      - (2000002    -875)(2000101    -711.753239296721)(2000022    119.898272375082)
2 24      - (1000000    4509.25873984733)(2000201    3271.14046900172)(2000101    3676.64569605159)(2000002    3054.50112331336)(2000111    2413.61871532109)(2000012    2972.98952815182)
19 17      - (1000000    787.98862017292)
23 10      - (1000000    2432.18132771721)(2000002    1722.12778561312)
19 14      - (1000000    17876.3651020312)
2 22      - (2000201    14453.5874477101)(2000012    16020.0511242998)(2000211    13569.1365906446)(1000000    15129.3013807543)(2000101    14651.6460340235)(2000111    16960.2656124368)(2000002    16275.3897007402)
25 0      - (1000000    -103.390116654991)(2000201    8.48203463718789)(2000002    750.115955525298)(2000012    300.479147748293)(2000111    -272.540698960117)
24 13      - (1000000    2029.04362284401)
0 21      - (2000002    268.943276314054)(1000000    271.733096686008)(2000101    -199.174284139257)(2000201    -48.681727773788)
2 26      - (1000000    3779.0996237362)(2000101    3360.46226636782)(2000201    2966.8016991227)(2000111    -27.8016794318918)(2000002    1788.85034176666)
26 11      - (1000000    559.42200662166)
24 0      - (1000000    496.69003716304)(2000002    -17.8615281009412)(2000211    319.490588561082)(2000111    193.04064719541)(2000201    498.908405346328)(2000012    -352.862381735146)(2000101    280.490347923331)
1 26      - (1000000    4363.03250976809)(2000201    3224.45822811393)(2000002    2328.4444848855)(2000111    3246.37963091567)(2000012    2602.75820226151)(2000211    2727.63423112217)(2000101    3869.74620177367)
25 16      - (1000000    4530.19432624707)
24 1      - (2000211    -210.593708342676)(1000000    933.188944037091)
1 24      - (2000101    -600.461952706378)(2000002    -297.862675364074)(2000012    -65.1940829321827)(1000000    128.582588885246)
1 25      - (1000000    656.355711547787)(2000111    233.028914274352)(2000101    558.461688019417)(2000201    428.527201062208)(2000002    322.547961891456)
22 2      - (1000000    278.079694272747)(2000211    144.4923072153)
25 4      - (2000211    186.423131419482)
26 2      - (2000002    2789.3632939909)(2000101    2031.89303626315)(1000000    1340.7997220977)(2000111    2726.41157469426)(2000211    2090.78643510168)(2000201    2662.81082603075)(2000012    3699.31524200729)
0 25      - (2000111    -149.170122683463)(1000000    665.796592050178)(2000201    218.341425141767)(2000101    -96.8568364629213)(2000002    146.56657594464)
21 0      - (2000101    16825.6257437119)(1000000    15793.7680830245)(2000002    16425.4003986109)(2000012    16769.2406256827)(2000111    16958.6642920887)(2000201    12756.0017932046)(2000211    13017.5555972537)
24 12      - (1000000    9200.30593829545)
11 14      - (2000201    -1010.72831222007)(2000101    -933.658984687494)(2000002    -13.4899328364009)(1000000    -1009.87274435028)
2 25      - (2000101    -518.891446160327)(2000201    -2)
1 23      - (1000000    183.260333662725)(2000211    -379.465514441115)
3 25      - (1000000    3543.7708368391)(2000002    1763.33942957333)(2000211    2456.72848587981)(2000012    1835.58335534575)(2000101    1884.0503378662)
19 15      - (1000000    853.319579179821)
15 13      - (2000101    -930.904452415796)(1000000    -811.208007751602)
11 13      - (2000101    -655.615151144271)(2000201    -598.732494846816)(2000002    93.5019946879853)(1000000    -690.050863812459)
4 24      - (1000000    -87.5423547215096)
25 2      - (2000201    -35.8994590942877)(1000000    759.035398844028)(2000002    50.0718585912502)(2000101    134.957149895831)
24 3      - (1000000    123.282087612988)
20 0      - (2000211    8236.16552639859)(2000111    16630.1915489687)(1000000    4087.58945894445)(2000201    5571.49374059677)(2000101    5559.7806303703)(2000002    6612.06693479575)(2000012    8757.58976451547)
14 11      - (2000002    3040.44748930185)(2000201    -1290.04007382571)(2000101    -1441.20335445456)(1000000    -1026.83366363156)
20 14      - (1000000    624.782087612988)
25 9      - (1000000    1793.63500153099)
17 17      - (1000000    1254.48706679909)
18 14      - (1000000    17430.7722905449)
11 7      - (2000121    -481.25568991354)(1000000    -500)(2000101    -488.620959837629)
13 11      - (2000101    -1120.59391948405)(1000000    -825.846594220723)(2000002    260.345196470002)(2000201    -484.449616617202)
8 2      - (2000221    -770.422348859351)(2000201    863.514644999394)(1000000    2764.95352000603)
24 2      - (1000000    -261.979198606816)(2000201    248.795041458053)
9 23      - (1000000    1676.35265378316)(2000002    7884.10836446578)
24 10      - (1000000    3261.59539146601)
17 12      - (1000000    15762.5975711125)
13 22      - (1000000    624.782087612988)(2000101    2010.06877563068)
14 22      - (2000002    7206.54735551384)(2000101    15065.74367432)(1000000    -348.530619122723)(2000201    4880.09576102035)
20 18      - (1000000    652.304707759169)
11 25      - (2000201    -527.301679431892)
22 17      - (1000000    947.724583429225)
21 14      - (1000000    -255.295460333361)
2 23      - (2000101    13714.0363866366)(1000000    13434.7226763889)(2000012    7262.30948572404)(2000201    11287.6439715696)(2000211    10219.4530993268)(2000111    17076.0007302041)(2000002    9974.00271439622)
21 9      - (1000000    4882.05032398838)
6 3      - (2000012    1606.99526941841)(1000000    14964.3995068723)(2000211    -223.589282844632)(2000201    1376.21809453939)(2000002    1356.22024508642)(2000101    4999.99223129213)
25 15      - (1000000    643.005317513282)
10 13      - (2000101    -1291.18697765167)(1000000    -1016.5864586202)(2000002    61.2434951228217)(2000201    -1110.37940750447)
10 14      - (1000000    -730.578286578081)(2000002    -8.40929227310061)(2000201    -423.961720757143)(2000101    -423.961720757143)
15 11      - (2000101    -977.431099678228)(1000000    -952.597792328846)(2000002    152.821726691613)
26 16      - (1000000    4197.59831193561)
25 13      - (1000000    -473.813252659126)
14 9      - (2000101    -1091.52295613248)(1000000    -1043.79805444408)(2000201    -1039.76772724451)(2000002    123.006615930123)
25 11      - (2000101    14457.6212140196)(1000000    1629.62533654128)
13 28      - (1000000    -892.041430009766)
15 12      - (1000000    -730.578286578081)(2000002    194.83653708362)
13 10      - (2000002    113.000374511883)(2000101    -760.883077407046)
11 16      - (2000101    -474.250220358343)
12 24      - (1000000    1800.12852649618)
18 26      - (1000000    1165.89669419484)
11 19      - (1000000    8970.46373410632)
10 22      - (1000000    624.782087612988)
15 9      - (2000101    -484.844947822111)(2000201    -727.267421733167)(2000002    149.826934971096)
26 21      - (1000000    17193.6656824603)(2000002    4046.70837491413)(2000101    2874.91091515625)(2000201    7515.55933475752)
18 23      - (1000000    624.782087612988)
21 24      - (1000000    1690.23285929104)(2000201    730.592573974669)
26 12      - (1000000    1421.56023089527)
0 23      - (2000111    -5.54988790374947)(1000000    437.730660335092)(2000002    180.583457733989)(2000012    -338.222313767433)(2000201    126.630986299295)(2000101    162.951797963858)(2000211    56.8881261026018)
6 2      - (2000201    298.805871495247)(2000111    217.233817840797)(1000000    534.867655097968)(2000101    2727.62420583671)(2000211    359.769521617246)
27 12      - (1000000    738.917342959987)
13 26      - (1000000    -375.217912387012)
24 24      - (1000000    17525.706473392)
26 26      - (1000000    4511.95272305803)
11 23      - (1000000    11384.4756682792)(2000101    17514.7181275693)(2000201    11548.3573556414)(2000002    3866.7069035208)
24 8      - (1000000    937.173131419482)
24 26      - (1000000    4223.7808377971)
25 25      - (1000000    4059.19287225676)
21 20      - (1000000    17246.3211640843)
22 23      - (1000000    458.45733957896)
10 29      - (1000000    4423.31924286384)
23 12      - (2000101    826.058571534456)
26 1      - (2000101    276.082510886769)(2000211    -1.3125)(1000000    462.056845041411)
26 23      - (1000000    995.15865028244)
25 26      - (1000000    4306.66412329771)
26 25      - (1000000    4739.27338250724)
25 27      - (1000000    4543.62711131267)
22 26      - (1000000    16492.0756285396)(2000101    1705.81647241029)(2000002    5250.67078341114)(2000201    4408.5600263685)
29 13      - (1000000    3661.11743995762)
25 28      - (1000000    1313.40850488919)
25 1      - (1000000    -11.7502951680154)(2000002    51.9163247957766)(2000211    -373.015774379785)(2000111    299.255248794713)(2000201    -129.755936052679)
28 9      - (1000000    15219.1541980422)
20 25      - (1000000    2693.24533253002)(2000002    1567.35388116026)
5 5      - (1000000    2628.45984702298)(2000101    630.549727393966)(2000211    1366.87210197641)
22 19      - (1000000    16293.794681562)
23 0      - (1000000    -204.000755736105)(2000012    -2)(2000111    61.8501227452132)(2000201    -44.6360180543685)
23 15      - (1000000    98.013364580411)
18 28      - (1000000    954.038646933367)
11 11      - (2000101    -718.379878800065)
26 22      - (1000000    1005.19288272833)
28 15      - (1000000    624.782087612988)
22 14      - (1000000    -39.9244039057315)(2000201    3278.19504284622)(2000101    775.691152085376)
11 10      - (2000002    76.6888161449559)(1000000    -599.821952374363)(2000201    -427.916320425865)
0 26      - (1000000    3859.24703281403)(2000002    2807.26374690241)(2000211    2956.03542173406)(2000012    2899.35201178202)(2000111    3536.0794724256)(2000201    2732.02383637636)(2000101    3179.62957045763)
10 3      - (2000211    -715.845699958115)(2000111    -770.196687037395)(2000101    -662.180594442938)(2000012    135.340479456558)
21 25      - (1000000    3066.82023198585)(2000002    1034.8180367178)(2000101    2129.88639650225)(2000201    6865.60448281721)
23 23      - (2000201    1014.62572478532)(1000000    1107.32131404869)
10 11      - (2000101    -939.642795233653)
23 1      - (2000101    741.442431655631)(1000000    678.030583532347)
21 21      - (1000000    17381.9991903693)
23 8      - (1000000    5819.29974232164)
26 24      - (1000000    2326.89772413265)
28 10      - (1000000    15271.6465814289)
0 27      - (1000000    3289.83445437062)(2000101    3435.58839863336)(2000002    2731.58775899571)(2000201    2383.47260395535)
20 29      - (1000000    624.782087612988)
24 7      - (1000000    17168.356119004)
13 21      - (2000002    439.901642409578)
12 22      - (2000201    624.782087612988)
27 26      - (1000000    4388.10968239284)
7 21      - (1000000    2643.0257859491)
21 27      - (1000000    16276.8894139367)
26 0      - (2000101    -126.217912387012)(1000000    434.157479344872)
20 23      - (1000000    922.615926515021)
7 20      - (1000000    624.782087612988)
22 13      - (2000201    624.782087612988)
23 11      - (2000201    13765.5809361553)(2000101    17625.7829413426)(2000002    14608.3943361283)(1000000    14315.0679480168)
20 26      - (1000000    16871.0340659154)(2000101    2801.24373176422)(2000002    3930.27908619314)
22 8      - (1000000    10103.4115606016)
26 14      - (1000000    2554.67795104365)
11 3      - (2000211    -856.151270044253)(2000121    -750.797964678882)(2000201    -725.782791496881)(2000002    -370.171556596883)(2000022    82.416211027456)(2000012    4.95848920727057)(2000101    -436.205080628569)(1000000    -370.171556596883)
14 25      - (2000101    6412.36173690532)(1000000    767.330961661702)
28 13      - (1000000    -375.217912387012)
8 25      - (1000000    1467.78791432053)
26 29      - (1000000    624.782087612988)
25 14      - (2000101    646.433994252445)(1000000    8408.17151266082)
21 28      - (1000000    84.3744945917298)
24 27      - (1000000    2390.98541363418)
21 1      - (2000101    166.533136939354)(1000000    226.414657822306)(2000002    179.953694802768)
26 20      - (1000000    16210.2989628917)(2000101    6683.65559576786)
5 6      - (2000101    1411.60310157354)(1000000    2623.41276685933)
21 13      - (2000002    624.782087612988)
28 24      - (1000000    685.768275689047)
23 27      - (1000000    500)
29 12      - (1000000    6451.41167175212)
24 22      - (2000201    500.264942790666)(1000000    980.469776228715)
27 25      - (1000000    4583.62618931263)
12 20      - (1000000    11966.0147135015)
7 26      - (1000000    500.264942790666)
10 20      - (1000000    7972.23557687352)
7 23      - (1000000    5943.57150642369)
9 21      - (1000000    14966.4111031539)
6 25      - (1000000    3215.45528924966)
19 27      - (1000000    624.782087612988)
21 19      - (1000000    13540.5770559864)
29 10      - (1000000    13860.7139793893)
8 23      - (1000000    1192.07339903839)
22 24      - (1000000    451.841075964896)
11 21      - (1000000    308.924166418674)
11 20      - (1000000    6425.73729879144)
8 19      - (1000000    8218.98252240724)
7 25      - (1000000    2085.23212536786)
14 19      - (1000000    5403.84971251125)
21 12      - (1000000    17698.5631438351)
18 18      - (1000000    721.91204479292)
24 20      - (2000002    2240.68419217868)(2000101    920.115164842948)(1000000    852.878427762942)
23 24      - (1000000    221.116439549964)
15 18      - (1000000    3761.20015724987)
14 24      - (2000201    7417.84525789253)(1000000    1701.68782503341)(2000101    2793.88285571806)(2000002    3390.10106548856)
14 21      - (1000000    -616.495912555109)(2000002    14048.289180145)(2000201    2531.0541412739)
16 18      - (1000000    430.561445967497)
8 20      - (1000000    12137.7477614471)
23 20      - (1000000    16498.0802790864)
20 20      - (1000000    16508.7586887341)
12 19      - (1000000    7986.72179338454)
29 14      - (1000000    -632.233697923239)
20 21      - (1000000    17123.9705979302)
14 26      - (1000000    3603.0856688015)
23 25      - (1000000    1284.94986177419)
19 20      - (1000000    16423.885572629)
20 19      - (1000000    11363.4607376806)
22 20      - (1000000    16579.3355730423)
24 21      - (1000000    2239.58934017682)(2000201    575.558149581075)(2000002    804.299041309512)
13 19      - (1000000    7433.87187662787)
18 15      - (1000000    17773.044022776)
19 8      - (1000000    17942.0075905249)
7 2      - (2000201    718.884951162149)(1000000    2787.61600116712)
7 1      - (1000000    1744.30247126734)(2000211    257.561000946962)(2000201    1064.25319952887)
19 12      - (1000000    17688.1410530796)
18 12      - (1000000    17536.4924672319)
26 7      - (1000000    17323.9609655651)
22 6      - (1000000    16772.9355971423)
7 0      - (2000002    -141.19761859742)(1000000    2653.14789162134)(2000201    1029.41748230476)(2000101    817.03425490897)
18 11      - (1000000    17861.1333234642)
21 6      - (1000000    16811.7944647859)
23 5      - (1000000    16023.0482802205)
25 8      - (1000000    2377.33558551096)
19 7      - (1000000    18010.724023159)
28 11      - (1000000    14911.9831045184)
11 26      - (1000000    8454.85401718704)
20 11      - (1000000    17737.1461228611)
20 8      - (1000000    591.370490763649)
19 10      - (1000000    17532.4473097219)
13 29      - (1000000    -271.312809359534)
19 11      - (1000000    17851.5650634919)
21 7      - (1000000    5796.26583084712)
22 5      - (1000000    15761.3369815742)
25 6      - (1000000    16912.5819638362)
11 29      - (1000000    7121.15024559128)
13 25      - (1000000    797.816340816915)
17 18      - (1000000    771.50904113051)
7 3      - (1000000    7775.51100679768)
2 21      - (2000002    15929.3797472851)(1000000    17021.56736131)(2000012    16205.6412137899)(2000101    16983.04047377)(2000211    12387.9752552525)(2000111    15212.5543821727)(2000201    14131.076428116)
20 4      - (1000000    635.380565232895)
5 17      - (1000000    16893.6608890252)(2000101    7901.15126381666)(2000002    10921.5739423336)(2000201    8574.16705644828)
18 22      - (1000000    861.091124777783)
24 14      - (2000201    8411.88936483791)(2000002    2111.50646819584)
3 18      - (2000002    14260.6303250158)(1000000    13288.6071023539)(2000012    15102.6746246627)(2000111    14189.3409160321)(2000201    12487.862581158)(2000101    17009.6213436806)(2000211    10291.3834174738)
3 20      - (1000000    16734.2355391545)(2000101    13819.4816503837)(2000201    13425.8667191074)(2000002    14850.5618717984)
10 19      - (1000000    4165.32087462008)
3 26      - (2000101    3467.40691303781)(1000000    2478.70260861359)(2000111    840.60763741951)(2000012    124.926418410096)(2000201    2290.60858022095)(2000002    2141.65759311613)(2000211    2835.67506490891)
6 27      - (1000000    4316.84151913458)
22 3      - (2000211    7001.67969627208)(2000111    6129.32276643256)(2000012    10511.1925014192)(2000201    6536.34781877187)(2000002    16622.5387944671)(1000000    10499.5532310082)(2000101    7762.85982309899)
24 25      - (1000000    4834.39576047122)
27 11      - (1000000    15529.7395407397)
22 7      - (1000000    17323.7807267885)
29 6      - (1000000    776.299605900339)
10 28      - (1000000    5067.59847966244)
25 20      - (2000002    1930.48095406303)(2000201    15912.8073408134)(2000101    3536.69545352271)(1000000    3486.19810918448)
20 12      - (1000000    17516.223249049)
19 21      - (1000000    16649.0701968499)
13 18      - (1000000    7342.29279494017)
10 23      - (2000201    -24.7017873133549)(1000000    14834.4530560398)
20 10      - (1000000    17546.4237548276)
20 9      - (1000000    17617.3356706373)
23 7      - (1000000    17746.214556376)
18 8      - (1000000    17946.5502256381)
15 24      - (2000101    8848.54875003698)(1000000    1386.07253184081)
15 21      - (1000000    13707.1281468293)(2000002    4237.1817653012)(2000201    2569.18785439195)
5 7      - (2000002    539.174561012939)
28 5      - (1000000    1358.09233035913)
25 12      - (1000000    -193.265962313524)
20 2      - (2000201    5614.24436448245)(1000000    16930.2101062249)(2000101    5005.18467988893)(2000002    4626.10659923594)
22 15      - (2000101    14768.1465658963)(2000002    4730.27291498178)(1000000    2307.26626658634)
12 25      - (1000000    1591.68648947254)
15 25      - (2000101    927.09576955258)
12 18      - (1000000    3900.03648959814)
20 7      - (1000000    919.471980292157)
6 21      - (1000000    2884.36301954358)
25 21      - (2000201    17177.1422779413)(2000101    4157.476502274)(2000002    7399.10413376444)(1000000    8094.22922170481)
7 24      - (1000000    9213.59102653176)
3 28      - (1000000    981.051757443251)
5 20      - (1000000    916.869247447082)
11 18      - (1000000    4230.24575160964)
9 19      - (1000000    7038.01739491864)
2 20      - (2000201    5461.71298119548)(1000000    17042.0815532399)(2000101    6746.15573679028)(2000002    6323.63218664501)(2000211    7890.71285271475)(2000111    8358.73052684589)(2000012    4315.5224670494)
9 29      - (1000000    463.448413840826)
26 15      - (1000000    4726.19953715516)
11 17      - (1000000    4089.02475129374)
3 7      - (1000000    1082.110253515)
4 29      - (1000000    4217.27123032934)
6 5      - (2000002    1951.38989741444)(2000211    386.341501420443)(1000000    3326.87617052951)
21 15      - (2000201    1423.04869496347)
21 11      - (1000000    17714.6180600652)
11 27      - (1000000    10459.2596992514)
11 28      - (1000000    10684.2543783432)
12 28      - (1000000    10244.6333593969)
23 3      - (1000000    186.213143757285)(2000101    432.776950298838)
19 25      - (2000201    4934.57931739373)
6 22      - (1000000    6588.14045647485)
4 7      - (2000101    540.246614189314)
7 22      - (1000000    2249.98758057943)
24 15      - (2000201    6921.9514628917)(1000000    2691.73261963482)(2000002    294.635647320368)(2000101    3931.53910274897)
6 23      - (1000000    7624.62928530667)
16 21      - (1000000    4370.72548343337)(2000002    16210.2231407147)(2000101    6055.43283811958)
10 18      - (1000000    8027.76380722457)
28 4      - (1000000    1644.83381805936)
18 10      - (1000000    17921.4746956825)
12 17      - (1000000    4265.33261564072)
7 6      - (1000000    555.3181997964)
6 20      - (1000000    2771.81207077434)
7 4      - (2000002    869.803231160166)(2000012    786.7577533605)
27 0      - (2000211    2744.77766122295)(2000012    1229.29105313003)
21 16      - (2000201    16096.32030886)(2000101    2184.82219259406)(1000000    4128.81016820832)
6 24      - (1000000    4301.72654356124)
19 19      - (1000000    13067.4628605574)
20 16      - (1000000    6962.45245822725)
19 13      - (1000000    17351.9150547815)
9 28      - (1000000    7845.67738212829)
26 10      - (1000000    1944.49051043467)
21 26      - (2000002    17164.883519106)(1000000    6076.55496489435)(2000201    6272.98407734491)(2000101    7500.95079909913)
17 11      - (1000000    5354.41578972848)
10 27      - (1000000    12001.7983891678)
27 15      - (1000000    9151.28433191375)
24 11      - (2000002    17654.1897962386)(2000101    15357.4190161722)(2000201    14137.7037219629)(1000000    14897.5665554723)
27 9      - (1000000    3501.1110467844)
27 10      - (1000000    15601.0873362564)
9 20      - (1000000    9088.73785974172)
24 16      - (2000002    2002.64602805515)(2000101    11726.7861609543)
11 24      - (2000201    7487.96745297067)(1000000    17649.0969613566)(2000002    2359.85913390584)(2000101    4005.62903147075)
5 25      - (1000000    1547.38634575305)
28 12      - (1000000    14414.840443306)
9 18      - (1000000    5763.77903182873)
22 21      - (1000000    17702.1457914215)
4 28      - (1000000    2338.66247131614)
10 17      - (1000000    2366.34109095203)
10 16      - (1000000    2144.93241182249)
7 5      - (2000012    1956.42372941955)(1000000    3104.18809743476)
12 23      - (1000000    6568.61515697626)(2000002    2839.45784239727)
21 22      - (1000000    17673.2034791498)
25 7      - (1000000    17665.2893195558)
13 24      - (1000000    1326.4418344813)
19 9      - (1000000    17913.1031401974)
10 26      - (1000000    7581.36450508085)
27 21      - (1000000    13258.240236769)(2000101    3137.39020739535)
17 9      - (1000000    16738.606031041)
18 9      - (1000000    17878.2913501412)
23 6      - (1000000    17379.8412903782)
26 27      - (1000000    3428.58348409787)
24 6      - (1000000    17488.8391947082)
26 6      - (1000000    3887.81255039941)
13 23      - (2000002    4349.93360016927)
15 27      - (1000000    3678.78946805506)
8 24      - (1000000    9590.24591491943)
6 7      - (2000111    1685.30380166283)(2000101    2280.73709531958)
16 27      - (1000000    3747.96026386958)
12 29      - (1000000    1295.14656232594)
2 27      - (2000201    3748.31363611662)(2000111    1736.01640952543)(1000000    1524.60825065732)
17 10      - (1000000    14293.4744121011)
3 27      - (2000111    3324.90845727995)(2000101    2774.88959724031)(2000012    1909.62865337189)
29 11      - (1000000    10700.6156877314)
27 16      - (1000000    2442.00315663766)
2 28      - (1000000    3696.65329859011)(2000012    2781.99528273971)(2000211    1407.7752279582)(2000002    1375.07473835075)(2000101    1449.42161093132)
25 3      - (2000111    2768.32378786091)
9 17      - (1000000    3460.99986625818)
3 24      - (2000201    3131.317465573)(2000002    2605.02889406355)(1000000    2076.04110128345)(2000012    2398.58078885664)(2000101    2712.48891306228)(2000211    2152.51923013972)
20 22      - (1000000    17232.2955822491)
16 26      - (1000000    2350.7076093034)
12 27      - (1000000    7232.39179381677)
24 5      - (1000000    16846.0828616301)
8 4      - (2000101    1670.67488435777)
21 10      - (1000000    17637.657333417)
20 13      - (1000000    17809.0436532132)
19 22      - (1000000    16844.6590564328)
22 22      - (1000000    17783.0644767666)
23 21      - (1000000    17541.9433384483)
23 22      - (1000000    17863.8044612432)
22 25      - (2000101    1744.6685657848)
22 16      - (2000101    14667.0016597831)(1000000    6042.87831334937)
8 29      - (1000000    7685.74560700156)
29 9      - (1000000    12106.6179565662)
20 27      - (2000201    15671.2795397588)(2000101    2641.83622336809)
17 13      - (1000000    16105.2112924265)
16 20      - (2000101    13127.0086727936)
9 27      - (1000000    10133.1688665038)
26 8      - (1000000    1449.72431184446)
17 14      - (1000000    13840.5673984335)
17 8      - (1000000    14844.0988390411)
20 6      - (1000000    11235.276834953)
19 26      - (2000002    16505.3372546361)(2000201    2914.23689588598)
14 18      - (1000000    4871.01452437307)
18 19      - (1000000    9406.95932120348)
26 9      - (1000000    2326.02364096596)
28 8      - (1000000    1448.87544546378)
18 7      - (1000000    17196.0462803671)
17 22      - (2000002    2428.58209275057)
28 16      - (1000000    2206.98110234976)
14 17      - (1000000    5749.74019586908)
16 22      - (2000201    7761.49329133074)
28 6      - (1000000    3519.07296261718)
19 23      - (1000000    2868.16496602803)
24 9      - (1000000    3003.01202526929)
21 17      - (2000101    3198.10490672488)
27 5      - (1000000    8166.63797396586)
27 6      - (1000000    3117.45231270582)
18 24      - (2000201    2958.57107777153)
16 12      - (1000000    3476.29905658894)
23 9      - (1000000    4447.89477248159)
9 26      - (1000000    3643.67248097892)
14 23      - (2000201    172.992055816034)
22 9      - (1000000    179.951071239895)
24 19      - (2000101    179.944017927867)
17 19      - (2000201    179.111689270362)
26 5      - (1000000    179.17669373068)
25 10      - (2000002    363.270815181767)

