310
0 0      - (2000100    16958.1895828255)(2000221    17856.9841032322)(2000002    18070.6258057511)(2000022    18011.371836774)(2000012    19115.2838531819)(2000101    16988.9683681408)(2000202    17826.6035801342)(2000201    18689.7103254925)(2000200    17068.2860175205)(1000000    18226.2351392304)(2000102    18497.2277848542)(2000001    17738.3381307559)(2000211    17795.8363294376)(2000111    18252.2918324448)(2000121    18449.5851681821)
1 1      - (2000200    18335.0600216531)(1000000    17826.5264199401)(2000101    19126.9275040223)(2000121    16275.5893298491)(2000001    18281.7947473167)(2000100    18094.4238630354)(2000002    18088.1448658178)(2000201    17565.3396899473)(2000102    17766.5782700447)(2000022    16535.2647336829)(2000202    17506.7802874575)(2000221    17903.7518891109)(2000111    13287.776467947)(2000012    17924.6017158185)(2000211    17920.6316597425)
2 1      - (2000002    17701.2248736007)(2000100    18401.7756599444)(2000102    18048.3089725578)(2000200    17918.9191256157)(2000211    17719.796410156)(1000000    17837.1253616848)(2000202    17817.0064361327)(2000101    18980.9533013398)(2000022    17388.2596616527)(2000121    17654.6409726285)(2000201    17805.9064442993)(2000012    18201.8978178014)(2000111    18031.0677167949)(2000001    17782.9513137091)(2000221    17965.0361198571)
2 0      - (2000101    17666.7749555993)(2000100    18978.0113703234)(2000202    17475.4554931842)(2000111    17713.4419650587)(1000000    18387.5919670251)(2000002    18259.0103611719)(2000001    17492.9224471109)(2000200    18236.2261360013)(2000121    17504.3716994315)(2000201    17719.74031678)(2000102    18346.7733763914)(2000211    17850.8897682824)(2000221    17939.6210622838)(2000022    19090.8227890599)(2000012    17934.5187676458)
3 4      - (2000111    12402.6942195441)(2000200    14577.887220134)(2000100    8336.22633072778)(2000201    14264.6949294454)(2000102    14236.8906829402)(2000001    369.270055177271)(2000101    10672.0939105713)(2000002    18475.1684494496)(1000000    17220.0168254027)(2000012    3622.54163919291)(2000211    15316.8563745723)(2000202    15011.3856870361)(2000022    8582.01623430828)
1 3      - (2000121    16180.3103898812)(2000211    17001.8140722465)(2000100    18547.7663863872)(2000202    16124.1059910024)(2000201    17611.2739073329)(2000102    17836.9301889268)(2000012    16996.7060899742)(2000002    17922.7882213201)(2000111    16041.1213770064)(2000101    18529.6397897257)(2000221    3410.91647961628)(2000200    16386.094363519)(1000000    17483.5685121217)(2000001    17737.1152650015)(2000022    15018.6601387964)
1 4      - (2000012    12138.8132701904)(2000101    18269.1596971706)(2000211    9296.93215760413)(2000100    18394.9524120021)(1000000    17398.4872135947)(2000001    11853.0715663346)(2000201    17745.3624619478)(2000121    10458.6778586363)(2000202    16150.1836223191)(2000102    12234.559699808)(2000200    17538.4079204267)(2000002    17783.9063973597)(2000221    9373.0747306383)(2000111    15589.6002729995)(2000022    15937.4894346749)
1 2      - (2000201    17463.2479632972)(1000000    18012.9611411813)(2000002    17943.864006511)(2000200    17381.6556981274)(2000100    17212.3443116324)(2000101    19097.8066061742)(2000102    18211.9595728108)(2000111    17473.3296689744)(2000022    18053.2139063259)(2000202    17259.5858479895)(2000211    17861.0648488766)(2000012    17906.0609688947)(2000001    17145.1153771999)(2000121    17744.1552798461)(2000221    17905.337921307)
3 1      - (2000002    17532.8428629335)(2000102    17237.8522851214)(2000100    19016.3323173019)(2000121    10724.6605597616)(2000101    11168.3822225642)(2000111    15672.8855637428)(2000201    17749.3663899331)(2000200    17927.0446441471)(1000000    17560.7324503334)(2000211    15797.9056024624)(2000202    17470.3685499564)(2000001    10035.9893157155)(2000012    16938.3132314271)(2000221    14186.4172589525)(2000022    13306.1217595447)
2 2      - (2000102    18217.5293576297)(2000200    17241.0029022855)(2000101    17922.7019098556)(1000000    17017.1066941261)(2000100    18672.1371592845)(2000001    17534.5755691315)(2000202    17705.3140375743)(2000201    17476.3075609564)(2000111    17981.8732781818)(2000012    17905.7054033282)(2000211    17945.2094380728)(2000022    16383.0292544562)(2000121    16929.2292274778)(2000002    17955.4418234892)(2000221    18955.2642467737)
4 3      - (2000002    17767.874653351)(2000211    12966.4464606657)(2000111    7411.83544871549)(2000201    15598.4236646101)(1000000    17142.1789989883)(2000001    11158.7310179678)(2000022    1693.58554763326)(2000102    10297.5382040605)(2000202    15241.7251649351)(2000200    15531.9923834934)(2000100    14770.0188774379)(2000101    16080.4519448039)
0 3      - (1000000    17639.5935942355)(2000002    16757.4188870295)(2000102    18535.235288079)(2000202    16474.6149887508)(2000100    17520.9426718849)(2000201    17481.0147927686)(2000200    17703.5980116003)(2000211    10962.0234456415)(2000101    18225.5594489993)(2000012    16834.4284229832)(2000022    16602.1114739747)(2000121    11591.2570069107)(2000221    15295.734143794)(2000001    17636.0929263514)(2000111    14000.915792845)
1 0      - (2000200    17967.3294619446)(1000000    18156.3239338907)(2000201    18360.6685363156)(2000100    18499.6259278937)(2000211    17586.6552871269)(2000202    18312.4401623473)(2000002    17130.2448772072)(2000102    17750.3889873764)(2000121    17110.888237262)(2000022    16158.9048118195)(2000101    18339.4984100247)(2000012    18254.4931933382)(2000111    18640.3770287715)(2000001    18184.4713646006)(2000221    18271.5470703427)
0 2      - (2000121    17418.3857484735)(2000012    19052.2746398137)(2000202    17649.8944794284)(2000102    17631.3213274105)(2000001    17862.5103580618)(2000002    18203.913049563)(2000101    17772.8603786939)(2000201    17792.5929039594)(2000211    18093.8366298647)(2000100    18579.0628347291)(2000022    17399.2722545446)(1000000    17819.3004488617)(2000221    17854.8534344967)(2000111    17383.6993031689)(2000200    17493.362913108)
0 1      - (2000121    18004.0261783472)(2000202    17629.799791612)(1000000    17476.0195888792)(2000100    18015.1325219347)(2000102    17668.5472769894)(2000101    18823.5006873422)(2000211    17376.0105486022)(2000022    17045.4564247084)(2000111    17562.1669215277)(2000002    16128.7505331014)(2000201    17793.3743374216)(2000012    17794.3162048033)(2000200    18003.3051267018)(2000001    18011.9148560142)(2000221    18345.9202600865)
3 3      - (2000001    16068.4873079898)(2000200    16743.1788201879)(2000101    10727.330943858)(2000102    14862.0427744581)(1000000    17247.0114271852)(2000201    17065.6086228436)(2000012    12155.0762192868)(2000002    17330.9126671331)(2000111    11887.7808219123)(2000121    2630.35022334549)(2000100    17697.9115113032)(2000211    13860.1678935346)(2000202    17714.8231918607)(2000022    8796.17156217296)
0 4      - (1000000    17423.9269957571)(2000202    16294.6635236018)(2000102    17059.4833181463)(2000001    12669.2521597009)(2000200    15081.9996735484)(2000101    18018.7215876718)(2000002    17783.8257204407)(2000211    17797.7792318049)(2000012    11768.2066186971)(2000201    14322.1978904779)(2000100    18359.3269769515)(2000221    13755.7405035717)(2000022    15419.7163211307)(2000111    13837.1701882601)(2000121    4258.77424120234)
2 3      - (2000200    16988.2856483704)(1000000    17513.4460463927)(2000121    6252.89434487447)(2000100    18164.8600250422)(2000022    14821.8465260493)(2000002    16651.5035723958)(2000111    14670.8917997663)(2000101    17744.9209906401)(2000102    17299.2549000657)(2000201    17358.5213811551)(2000211    17105.2881645102)(2000202    17432.1533117792)(2000012    14626.4057907625)(2000001    17585.7093968448)
0 6      - (2000201    7415.14993328072)(2000012    2043.76815979419)(2000200    3682.34583737313)(1000000    13850.4562061897)(2000100    3851.06883928784)(2000002    4214.26701503457)(2000202    8282.56161061216)(2000001    3208.37323428702)(2000022    9088.02997718426)
2 4      - (2000221    9902.99950158623)(2000001    6646.56489937677)(2000102    18144.0076975535)(2000101    18558.0515338463)(2000022    7201.94813645709)(2000012    14268.9176341718)(2000002    16548.1715582552)(2000202    15613.3139186588)(2000111    17440.7758642635)(2000200    17922.2515069874)(1000000    17559.1561007245)(2000201    17592.4680992055)(2000100    18059.3844521534)(2000121    5043.78320435699)(2000211    10156.8353583725)
4 1      - (2000121    10629.2563117738)(2000101    17706.6018365113)(2000100    18815.8399423695)(2000002    17788.9589882414)(2000221    11929.571891876)(1000000    17887.1102452996)(2000111    12075.7121058876)(2000200    16991.8295664871)(2000022    1357.05256744185)(2000202    16177.2867662676)(2000012    14445.3115035015)(2000001    12420.7120291874)(2000201    17682.5068697244)(2000211    15532.4323111083)(2000102    16911.6459129496)
5 2      - (2000211    1385.77735914431)(2000201    9545.68971028647)(2000101    18724.4789408877)(2000001    7686.58697035666)(1000000    14547.9676429342)(2000202    9895.50689773608)(2000002    10349.3666095678)(2000100    13003.0278843923)(2000200    8744.95303144638)(2000102    9400.04572944891)
3 0      - (2000211    14792.8749530365)(1000000    17109.5380476066)(2000002    16873.1110953269)(2000001    17392.081804171)(2000101    19065.7275388011)(2000200    17532.9055587952)(2000100    17029.8497293647)(2000202    17696.7446120755)(2000201    17929.2056553972)(2000221    15928.8136768421)(2000102    17695.5496196898)(2000111    17588.865205307)(2000121    17192.5448376005)(2000012    16654.1421237212)(2000022    15045.8595970836)
1 5      - (2000101    12027.6265061123)(1000000    14516.8193251981)(2000202    14523.2680438781)(2000002    17843.9514870997)(2000001    12213.6441873576)(2000012    1281.08459627599)(2000201    13943.9826324825)(2000211    5056.7738938969)(2000100    8132.71189586596)(2000200    14669.7245196295)(2000022    10136.6898418312)(2000221    7185.30908204431)(2000102    12747.897425571)
4 0      - (2000100    18487.0334049115)(1000000    17767.2909223647)(2000221    274.189002663811)(2000101    15762.2757675599)(2000200    14482.3916858458)(2000201    17784.830141996)(2000002    17828.122052571)(2000121    1791.15027905462)(2000102    16923.1165993223)(2000202    17508.737551665)(2000211    15727.8673061029)(2000001    11944.6415665578)(2000012    12121.9745032935)(2000111    12225.4765894988)(2000022    6189.56547202529)
4 2      - (2000101    18453.1524937879)(2000200    18071.9963721364)(2000002    18131.9397805477)(2000202    16411.0871634258)(2000111    15298.9519780946)(1000000    17436.4276117473)(2000100    17083.0544381587)(2000001    17213.7587692332)(2000102    16530.4668792593)(2000201    17460.909705523)(2000221    15258.4542862912)(2000211    7026.92775930657)(2000022    12982.6292729362)(2000121    8087.00684059363)(2000012    9176.6447386692)
3 2      - (2000202    17374.4752747549)(2000200    17789.5382982655)(1000000    16847.8127685006)(2000211    14001.6424715037)(2000102    16449.1750902303)(2000022    15926.3897696617)(2000201    17342.9332830766)(2000012    15164.5652698013)(2000100    18847.3782819921)(2000002    17602.4727480919)(2000111    15304.2800760915)(2000101    13320.0975732495)(2000001    17711.2022989519)(2000121    13982.7431902157)(2000221    5714.40831311551)
4 4      - (2000200    17895.4316570695)(2000102    15241.4287571239)(2000101    14152.7091559773)(2000221    2361.43772169459)(2000100    14390.0189436515)(2000202    7945.14236697304)(1000000    17514.3767366466)(2000001    18064.2155684647)(2000012    6699.11549812809)(2000002    15227.8294412468)(2000201    16089.3116373587)(2000111    9776.09042722823)
2 5      - (2000201    8310.8789420705)(2000211    1657.62077303851)(2000102    333.154361340629)(2000100    5809.61467880705)(2000200    7663.64524039723)(2000221    1291.41647079339)(1000000    17737.3584624247)(2000202    15103.2277600062)(2000101    15192.5320661518)
5 1      - (2000102    13305.1655352591)(2000101    17509.9990958999)(2000001    2741.5569173296)(1000000    16738.8510149572)(2000200    2233.48004848962)(2000002    15017.9369035658)(2000201    11229.5944149207)(2000012    6294.41204715299)(2000100    9368.99547701544)(2000211    6781.60078023234)(2000022    -0.5)(2000111    9765.8181911373)
6 0      - (1000000    17768.372421799)(2000211    1823.6875462251)(2000101    17552.9066286188)(2000202    8684.12934766526)(2000200    3762.85533153431)(2000102    11194.3313252366)(2000001    7098.21118235822)
1 9      - (2000002    9913.12823347242)(1000000    -321.703262020838)(2000200    -750)(2000101    16834.5294684676)(2000022    2249.8752073136)(2000221    5675.79924587479)(2000111    1245.84520902606)(2000102    4422.31651198992)(2000202    3627.6020784058)(2000201    13562.3780333726)(2000211    8702.00931683953)
0 9      - (2000102    11132.0426263027)(2000202    2317.53633662218)(2000200    9500.13637556922)(2000211    2096.98919597789)(2000101    6664.71863819095)(2000012    8412.10068420349)(2000002    12385.1776311236)(2000100    7976.29128427084)(2000201    19365.3474884466)(1000000    13247.8795389308)(2000221    4185.93514652377)(2000111    9935.97593072679)(2000022    9769.0730308258)
9 2      - (2000211    8554.23011184283)(2000201    -23.696233422619)(2000012    522.356518326216)(2000111    14677.8894748047)(2000121    1350.29997603445)(1000000    3520.25322588155)(2000002    19135.5141814019)
11 0      - (1000000    8469.78989486857)(2000100    493.637238134588)(2000202    531.395781908715)(2000102    323.954984087612)(2000200    1142.79781897759)(2000101    14325.2410148646)(2000201    786.184790527638)(2000121    1325.40170856068)(2000221    7595.86183175219)
1 11      - (2000002    13757.6041532248)(2000102    13178.2123919195)(2000202    15076.8339048892)(2000200    1876.05870677636)(2000221    16563.4501557519)(2000201    12169.6180163189)(1000000    14248.5903093642)(2000121    7889.90791852565)(2000022    6843.20774377009)(2000012    14989.2200762071)(2000111    14782.0523727963)(2000101    19381.8610036851)(2000211    8431.66809179321)
10 1      - (2000001    221.369243899539)(2000102    3484.24585290484)(1000000    4092.28114203716)(2000101    796.287408106753)(2000200    581.919032382994)(2000201    16540.7321399044)(2000002    1555.74888110631)(2000022    1787.8691129587)(2000100    1288.3674329587)(2000111    3132.41599168175)(2000202    6811.88607259472)
1 12      - (2000101    11662.7220652915)(1000000    19085.0889583569)(2000102    1681.56293537575)(2000012    17182.7940313179)(2000200    749.483433603923)(2000211    16645.9602826562)(2000121    14274.9665311278)(2000022    14953.9586609762)(2000221    4741.29150269952)(2000201    10633.7438385321)(2000111    5629.1072068299)(2000002    12659.6083734158)(2000202    8018.17892228665)
2 12      - (2000102    8450.11777681754)(2000202    12994.7374869919)(2000200    812.67180536917)(1000000    12876.9608554745)(2000100    2118.50367996623)(2000101    14268.8913774483)(2000201    16356.699320343)(2000211    8856.2932823934)(2000002    19337.2532850696)(2000121    7857.17905589076)(2000221    11693.8520263379)(2000111    14901.4262566685)(2000012    15822.6903506441)(2000022    8096.59776346606)
2 10      - (2000102    13876.8378351754)(2000200    611.501150027424)(2000101    19019.505067103)(2000202    14700.5491470608)(2000100    1220.69695511125)(1000000    15079.9235205413)(2000201    14108.1878752205)(2000022    19337.8693889423)(2000002    15765.3756433947)(2000012    14504.7727663021)(2000211    13731.9548353181)(2000121    8791.36277574468)(2000111    10198.9052400564)(2000221    9109.07556065809)
2 9      - (2000002    17561.4027486936)(1000000    4700.63849456659)(2000201    8509.71468577156)(2000202    13951.8934390154)(2000200    6988.17204794692)(2000211    4583.83766204888)(2000102    5801.57318501163)(2000100    1301.37381052506)(2000022    11281.5691839693)(2000012    6001.37825609614)(2000121    16099.3674095254)(2000111    13756.6417910633)(2000221    9805.60358704362)
12 0      - (1000000    301.190595342657)(2000100    2252.30111047702)(2000201    196.096437994597)(2000002    6538.04735635579)(2000200    1369.00936021326)(2000102    1603.75354040434)(2000101    15923.5215311617)(2000211    1594.34515454224)(2000121    5121.10060406338)
1 14      - (2000001    2357.07153446841)(2000100    -354.242809824925)(2000102    16017.9011969432)(1000000    14613.0565616325)(2000202    14674.3213589731)(2000101    15438.3885190696)(2000200    997.823868771772)(2000012    11657.9012721939)(2000201    18897.6125207865)(2000002    14900.7082248519)(2000221    5079.53709588681)(2000111    15796.9834687081)(2000121    9463.22893855998)(2000022    11046.9454576592)(2000211    9170.25123662937)
0 12      - (2000001    753.194775292018)(2000101    15632.3076516866)(2000102    15751.685538931)(2000100    5568.42779799584)(2000201    15677.5440947469)(1000000    19152.9419734614)(2000111    14564.0454730646)(2000022    17013.7167704544)(2000012    17486.1895788216)(2000221    18922.7191255972)(2000002    14842.033741444)(2000202    15971.5916773286)(2000211    13664.5282371276)(2000200    8033.3616153691)(2000121    13906.6509169805)
1 13      - (1000000    9931.57351981052)(2000101    19233.9481345147)(2000102    17714.3642274587)(2000002    11702.4020857158)(2000202    17025.4185508667)(2000001    514.935847426436)(2000201    16489.4263771021)(2000100    1332.85019490697)(2000111    2764.31147697172)(2000022    9959.25877694622)(2000211    16816.5258979914)(2000012    14649.118149335)(2000121    15684.4900514507)(2000221    4870.19078838993)
2 13      - (2000201    14581.8943886742)(2000200    12.2583085188013)(2000102    8995.89815456413)(2000002    14905.0635287863)(2000001    337.492246277664)(1000000    13162.2840188191)(2000100    1186.54359957896)(2000202    14502.531407429)(2000221    8862.75369894826)(2000012    19497.2021010402)(2000101    16396.8638148351)(2000211    15374.1552009429)(2000121    8460.90394880915)(2000111    14938.2226762284)(2000022    13830.2128509927)
2 14      - (2000100    1428.32704527851)(2000002    16263.3185168122)(2000202    15807.0286538401)(2000200    2651.80341712136)(1000000    14609.4420683337)(2000001    1563.79334411269)(2000101    18665.7550484265)(2000201    16065.3340090812)(2000111    7364.9774301087)(2000102    16086.8130570254)(2000121    13167.7930921866)(2000211    14227.2882271862)(2000221    12001.9528837836)(2000012    19302.1772206787)(2000022    4897.29663318117)
5 0      - (2000002    2340.45903690792)(2000211    376.415102002445)(2000100    18800.0982837988)(1000000    13205.3858660925)(2000201    9533.47047807372)(2000001    2071.20649017301)(2000200    8537.44602420956)(2000111    3330.56730157487)(2000101    2894.82069574514)(2000102    8275.35066575187)(2000202    8344.78785701567)(2000012    5484.25594094656)
0 5      - (2000002    12439.1109152555)(2000201    12592.257655617)(1000000    16281.7141462399)(2000121    5114.25815006942)(2000200    18513.4904997829)(2000102    13308.3220966869)(2000202    3920.24234027799)(2000100    4966.48561501385)(2000101    13982.8328808048)
13 2      - (1000000    18360.5189706086)(2000001    1448.25878927834)(2000202    1217.95223802411)(2000102    5582.53781088717)(2000211    2766.22123207886)(2000201    5421.9866659807)(2000111    7762.94059220056)(2000002    10638.3638478901)
13 1      - (2000101    5387.15072148885)(2000200    222.371497478075)(1000000    9901.05453582017)(2000002    3461.20731036146)(2000201    4044.37143662044)(2000202    19124.6388437294)(2000111    7520.25294170615)(2000022    4866.50962517127)
13 0      - (2000202    8065.75250742285)(2000101    594.30484793097)(2000100    684.304218730377)(1000000    6970.92840038282)(2000201    15281.4136072867)(2000121    723.629394639171)(2000111    5633.77206974316)(2000102    4032.37625371142)
12 2      - (2000201    0.5953125)(1000000    9708.48860794787)(2000202    15798.7328628675)(2000101    5183.08460107312)(2000002    10849.31346005)(2000121    9852.22183636145)(2000111    4540.26101189739)
0 11      - (1000000    18280.897504562)(2000002    13093.4364468848)(2000121    9381.32335962364)(2000101    14549.8527482424)(2000200    1358.41494055391)(2000102    5049.99095435285)(2000202    4613.48659146345)(2000100    1225.51815943234)(2000001    890.712363205162)(2000012    12335.4969891604)(2000221    10731.1802293562)(2000201    12924.3871985597)(2000211    13202.3678716065)(2000111    11718.7616197961)
14 1      - (2000001    1152.50948506004)(2000102    19228.5414470743)(2000200    18.7502761053707)(2000002    4120.08690283619)(2000201    7927.49339931528)(2000121    3935.23298225874)(2000221    4201.50777549693)(2000101    13506.3685855921)(2000111    4948.8193449524)
4 14      - (2000001    -250.2)(2000201    19792.7795445848)(1000000    8882.39709811259)(2000022    5530.90051618875)(2000221    11713.3288964012)(2000111    5690.39497712134)(2000012    4949.84522069589)
3 14      - (2000101    11483.1928549997)(2000201    19515.503235943)(2000100    1338.2396102729)(1000000    11029.5924752919)(2000200    -55.0830456609674)(2000102    10176.3553218184)(2000221    8812.09141067431)(2000111    5533.49539473808)(2000211    8859.48874897175)(2000121    5652.39227541792)(2000002    5608.48495720002)(2000012    5691.16401688976)
9 1      - (1000000    -447.982850794274)(2000101    522.575637178688)(2000111    12827.6810091584)(2000201    1618.4403063324)(2000202    431.003002431762)(2000121    1058.24958046882)(2000012    8195.71580596406)(2000102    6767.37796347603)(2000211    8067.13905095615)
9 0      - (2000200    2685.05511087286)(2000101    13988.1765753188)(2000201    406.270002475936)(2000111    7595.32709038803)(2000102    1127.23622624216)(1000000    271.894127803282)(2000002    1067.29460394962)
1 15      - (2000200    570.392563806307)(2000201    19085.7552869992)(2000100    2993.29436739223)(2000102    5437.85528377155)(2000101    5378.15973260293)(2000022    8802.37341684496)(2000121    9139.57123757387)(2000012    300)(1000000    13929.5548702469)
10 2      - (2000101    12743.0757971929)(2000211    2585.95181286355)(2000111    358.145779187633)(1000000    509.210231608533)(2000100    449.046625941655)(2000002    8922.9359258799)(2000221    3708.872269129)(2000102    4299.5973922332)(2000012    7961.07004027944)
0 15      - (2000101    19450.5679058812)(2000001    0.327865885416667)(2000200    2176.95562196249)(2000121    5894.49508462266)(2000002    12620.5403503177)(1000000    13492.4249632177)(2000202    5279.59063774044)(2000201    12478.4638875587)(2000111    4763.47375348444)(2000012    4656.81434725174)(2000102    4865.8206759777)
1 10      - (1000000    15446.9638940141)(2000201    18749.1079366975)(2000202    11808.561023552)(2000002    174.04721109515)(2000200    -176.086186001075)(2000101    14265.8637464684)(2000012    16591.7600525645)(2000111    560.849233156314)(2000102    14649.8254051791)(2000001    490.775176524239)(2000121    8369.50469646627)(2000022    9803.70273456154)(2000211    8122.85320606964)
2 11      - (1000000    16044.6562359131)(2000201    14503.9518514073)(2000100    1713.19133280335)(2000101    16002.8253257276)(2000211    14498.5263204842)(2000102    13774.8304371891)(2000002    19500.7677920546)(2000221    17677.6339614738)(2000012    15398.6395873796)(2000121    4832.28909670712)(2000111    8223.71486764864)(2000022    10316.9740866861)(2000202    9232.33748888958)
3 9      - (2000002    7468.72855202235)(2000202    -155.567765167976)(2000101    14573.9516014662)(2000100    3210.22647368753)(1000000    1056.08462330442)(2000022    1512.45207096132)(2000201    4463.26908118546)
0 10      - (2000200    1400.19059148383)(2000201    12850.9452185028)(1000000    10275.5530264413)(2000100    570.800769821592)(2000101    8241.10624619403)(2000102    905.182181463163)(2000012    16050.9063198944)(2000022    2039.96900434047)(2000211    17211.2385651655)(2000111    7106.83834001468)(2000202    13020.7182359858)
12 1      - (2000201    955.43319618828)(1000000    -583.653425346766)(2000102    8493.35241775191)(2000101    11543.8225657391)(2000012    1948.84855101867)(2000111    18401.5315465721)(2000002    10559.0111276457)
3 11      - (2000101    -342.89929071804)(2000201    4445.41235571181)(1000000    14936.6877852027)(2000012    19495.1492768173)(2000202    8103.71441302306)(2000102    11330.9771903937)(2000211    8599.2063569451)(2000022    4884.55732789258)(2000121    4877.67581799273)(2000002    4980.12400574613)
4 13      - (2000002    19378.6503175943)(2000201    4809.69814608508)(1000000    831.54324558768)(2000121    5610.87828854069)(2000022    5617.01384651803)(2000101    4880.56158129202)(2000111    4830.56218872255)(2000012    4636.68591033748)
11 2      - (2000201    4653.84018838545)(2000200    148.087024073387)(1000000    358.078042814052)(2000002    18961.9658536225)(2000202    948.122405174872)(2000111    8917.14946793115)(2000211    7069.68511191326)(2000221    10801.3907227585)(2000022    14793.6832219338)
2 8      - (2000022    19515.3962799074)(2000111    756.976290341082)(2000012    322.423210565859)(2000101    1736.7122138863)(2000211    697.56854759281)(2000200    1340.38770384542)(2000202    635.949086526648)(2000002    3638.29674361901)(1000000    4725.3114858297)
14 0      - (2000001    2248.78114369943)(2000100    1956.20759283442)(2000202    9113.32065124452)(2000102    -500.134)(2000201    9867.33708203589)(2000200    1223.92369022584)(1000000    19041.1241410189)(2000211    4337.87839185523)(2000002    4125.91333116618)(2000111    10401.7272647108)(2000012    5485.85580575941)(2000101    5599.86363946821)(2000221    4791.32221557393)
0 14      - (2000202    16740.0029349484)(1000000    15012.8002193233)(2000100    2038.82794084319)(2000002    16320.5545566991)(2000201    19377.1369382506)(2000200    791.269964425432)(2000001    767.666664437114)(2000102    11989.3294386033)(2000121    9514.13441574812)(2000022    14577.6398140501)(2000211    15030.2817402969)(2000101    17134.1846424384)(2000111    16041.0584884449)(2000221    9137.8193551172)
6 4      - (2000202    15150.2531242339)(2000002    13810.4433346206)(2000100    9666.44918541265)(1000000    6003.25637341549)(2000111    5198.73127766577)(2000001    13926.5223777174)(2000200    8356.61104644169)
1 7      - (2000201    14283.6672974615)(2000101    725.849670299786)(2000221    1011.15314818056)(2000012    -165.77184417411)(2000002    4729.09759394457)(2000202    5938.81022306831)
14 2      - (2000100    1703.06199874853)(2000102    756.354898241025)(2000202    -55.0830456609674)(2000101    19306.9871420684)(2000221    11222.8330436075)(2000022    8725.63691467875)(2000002    5588.54688094571)(2000201    10454.0252208334)(2000111    9730.68642738411)(2000012    5682.04972316669)(1000000    187.279585250977)
4 9      - (2000201    986.727493867407)(2000022    15985.1352884164)(1000000    1521.09771314556)(2000100    444.913514935915)(2000202    7042.12708624124)(2000221    8204.80764258083)(2000111    8507.92890060493)
0 8      - (1000000    2721.37649034943)(2000012    19664.6489292124)(2000101    581.151488189017)(2000221    13036.375296608)(2000022    8763.03109999401)(2000211    7556.17210838892)
0 16      - (2000102    -252.909950983485)(2000100    1259.86650211225)(2000101    16821.8868476573)(2000202    393.016417554472)(2000201    6411.66254054269)(2000002    5809.04848074344)(1000000    1093.85820902115)(2000001    990.575176524239)(2000211    13933.3035418279)(2000111    18919.1529890843)
0 13      - (2000200    320.787861904295)(2000101    19580.6944365685)(2000201    14695.0026147)(2000001    1223.46460355756)(2000202    14976.4975597981)(2000102    15911.1286612013)(2000100    1287.11839098782)(1000000    15955.2888433418)(2000111    13334.2122047021)(2000022    16030.1949691483)(2000002    13596.8608006571)(2000221    9310.82195487959)(2000121    9002.78690740401)(2000012    11145.3896148356)(2000211    11374.9928680145)
1 8      - (2000012    4170.59318097813)(2000211    18858.3919503196)(1000000    8282.00196110442)(2000200    1160.80029290151)(2000102    4563.62559786234)(2000101    7493.70271537377)(2000201    9607.17773976194)(2000221    8953.95845239123)(2000202    12830.2345295765)(2000111    12322.5343214335)(2000121    9001.74804401031)
3 16      - (2000002    14090.8803024092)(2000202    -215.79836363103)(1000000    1053.28230097243)(2000102    19182.2899537198)(2000121    2585.64284057516)(2000201    300)(2000111    5669.98750702375)
2 16      - (2000200    -210.102590889736)(2000202    -1085.72482267951)(2000001    1501.4481119442)(1000000    19573.0041856095)(2000221    2909.12962954333)(2000002    8612.46267502446)(2000101    4925.3297337104)
1 16      - (1000000    11452.5468433927)(2000102    -771.548370928526)(2000101    7036.82734986435)(2000002    14160.5703062322)(2000202    19544.8336326627)(2000221    5627.63816691084)(2000022    5629.71934569597)
3 10      - (2000100    2345.61673912125)(1000000    17402.5087863867)(2000211    73.9325440946326)(2000201    12899.4096630758)(2000111    7025.24664070453)(2000002    11337.9221905176)(2000012    12002.8988427306)(2000102    13122.5609750579)(2000101    12974.861895677)(2000202    10287.6859084018)(2000022    8635.95150759596)
3 12      - (2000002    3825.18841327833)(2000102    11217.3517527944)(1000000    7328.29560657612)(2000221    408.449500598738)(2000202    5071.03994348019)(2000101    6861.51783639433)(2000201    18554.8528100748)(2000211    11081.5459888031)(2000012    11859.4270357844)(2000121    4931.03142453029)(2000111    4036.35971559982)
6 5      - (2000202    14992.0642985616)(2000100    6753.79119179169)
4 8      - (2000221    2117.62530856848)(2000200    1318.06009776815)
3 6      - (2000201    19486.7558926896)(2000121    556.103086710523)(2000002    1392.50884404641)(2000200    1537.33607014068)(2000102    8787.32112528406)(2000001    8333.34081724585)
11 1      - (2000101    3504.07995715961)(1000000    18760.7907641132)(2000100    966.813078368034)(2000201    915.221752237751)(2000221    859.61276264169)(2000202    1811.85868670584)(2000022    4153.25656872505)
10 0      - (2000200    2319.98571490607)(2000102    -447.650251742605)(2000201    6052.36377983649)(2000002    15883.0689894611)(2000012    5378.77778925504)
4 12      - (2000100    2068.37869741324)(1000000    16777.2630639387)(2000221    9740.78682449899)(2000101    13470.7540518535)(2000121    4737.1900067565)(2000002    4832.43993567824)(2000202    4861.00786831108)(2000012    8452.93948480187)(2000111    4965.39557174608)(2000201    7730.13462280192)
4 11      - (1000000    4483.12704681919)(2000211    6285.31601155795)(2000102    12882.3127675103)(2000101    18602.7610615265)(2000111    11679.8465518515)(2000002    10100.5248705302)(2000012    9136.8754163047)(2000201    10920.3666073018)(2000202    5072.82268726348)
3 5      - (2000202    5642.04792316957)(1000000    10000.8390703738)(2000102    8071.10742237461)(2000101    13135.427707872)(2000001    2858.30848845208)(2000100    13656.6900514018)(2000201    7521.69084930074)(2000002    16288.2252843691)
3 8      - (2000111    2181.25694831586)(2000100    423.700845194494)(2000221    1092.95042105547)(2000022    16206.9599502882)
4 10      - (1000000    18749.1527995691)(2000012    14374.726192604)(2000002    14363.4939647831)(2000211    13460.1114788264)(2000121    10941.9913379771)(2000202    -300)(2000101    4949.4221558163)(2000221    11781.0018410523)(2000111    8767.64338418992)(2000102    4397.41436129301)
11 5      - (2000200    370.086061560525)
3 13      - (1000000    5925.89319707304)(2000201    18743.0124461779)(2000211    6340.9895182609)(2000202    4806.09844005439)(2000111    9109.73171046257)(2000012    11673.2757206227)(2000022    5686.47960653225)(2000102    8492.78561191297)(2000002    4769.65602013467)
6 1      - (2000012    692.388679572157)(1000000    13851.1178013627)(2000202    8286.94161616239)(2000101    1567.62329399091)(2000100    8907.90230311599)(2000201    11353.7995284146)(2000211    8090.64373815845)(2000200    4729.7566144819)(2000102    6164.31814076759)(2000002    8210.58567737426)
5 10      - (1000000    909.264229875012)
2 6      - (2000201    16290.3207283446)(2000102    9063.51363116744)(1000000    8470.15278475855)(2000101    4470.60059479832)(2000001    10036.1870287139)(2000100    6845.23228343661)(2000121    6713.07080282451)
5 3      - (2000121    3818.51234978096)(2000101    19443.7597859697)(2000102    2823.29194929227)(1000000    7623.77798272742)(2000100    13049.1179993714)(2000202    11177.1280404952)(2000201    13314.1592843773)(2000012    4630.58547319011)(2000200    7106.67282198104)(2000002    7275.12914878758)
7 0      - (2000102    2011.64293932292)
4 5      - (2000022    3030.46757263119)(2000202    6391.95659161587)(1000000    17672.5595898377)(2000100    8151.24072496452)(2000002    10289.3511462453)(2000102    10377.5204862375)(2000101    2831.1628572421)(2000001    11916.6801342938)(2000200    3851.63683928784)(2000201    10592.6804328958)
3 15      - (2000100    1438.5348465159)(1000000    15949.4777457742)(2000002    5158.58334779736)(2000202    6037.23342010358)(2000101    19480.0657402295)(2000211    5582.26921695908)(2000121    5572.29915314866)(2000022    9371.12395484622)(2000012    5341.28440915965)(2000102    5655.45650985351)(2000201    3255.32310196805)(2000111    4781.34049751432)
0 7      - (2000221    5961.24308760638)(2000200    883.720393885655)
2 17      - (2000102    3559.23052753928)(2000211    15487.4837902901)(1000000    5720.20403086901)
1 6      - (2000201    18704.0374279051)(2000202    8966.49402985857)(1000000    7471.02451883452)(2000211    3206.90975666245)(2000200    5738.84533960227)(2000102    3222.32218145495)(2000100    9245.29479204114)(2000221    9621.10679803641)
3 7      - (2000100    1325.34459823464)(2000202    15610.2999621028)(2000121    3105.99385291723)(2000101    3120.51113017077)
8 0      - (2000221    2357.67597397243)(2000201    8877.0965275542)
9 4      - (2000111    662.172299117319)(2000101    4944.79687776564)
2 7      - (2000002    2280.9807708922)
2 15      - (2000101    14780.4399761272)(2000102    8668.71062809913)(2000100    1062.40785443234)(2000022    9994.36902154135)(2000202    5300.76376020734)(2000201    18973.2918832815)(2000012    8483.17729995605)(1000000    8521.11321766053)(2000002    4891.37539490808)(2000211    4982.67092585412)
7 1      - (2000221    1978.54692950057)
8 3      - (2000102    1250.67241471499)
8 2      - (2000001    730.304404646526)(2000211    10626.4097231117)
5 4      - (2000002    11812.5704414878)(1000000    18674.7735602548)(2000200    13084.8826717005)(2000202    3002.51903126979)(2000100    9740.41717008961)(2000201    14690.2561545975)(2000101    12108.3630623735)(2000001    11464.5382293416)
4 16      - (2000001    1673.16378049065)(2000202    17565.45733258)(1000000    4540.3067257092)(2000201    4954.5059579009)
1 17      - (2000201    16596.0200251312)(2000221    4941.79500435311)
12 3      - (2000002    14289.1898261151)
5 5      - (2000100    17769.7263427694)(2000101    13473.6597194888)(2000002    9708.19611449023)(2000202    13877.3385195058)(2000201    9819.13137628876)(2000102    10627.5685820267)(2000001    8735.67103055986)
6 2      - (2000101    18213.2842838598)(2000202    2929.01062933252)(2000100    4109.16830350985)(2000200    4109.15890350986)(2000002    6223.71095297691)(1000000    12518.2048919867)
4 15      - (2000101    19771.3883220378)(2000022    15050.365069533)(1000000    8727.97180866959)(2000211    4948.90949731306)
15 3      - (2000101    1309.29562649044)
5 6      - (2000102    10028.4246394832)(2000001    16491.4743332154)(2000002    5543.19237379874)(2000101    8150.99009101682)
13 3      - (2000202    13376.4817023709)(2000111    4347.21889033879)
4 6      - (2000100    18399.1375399413)(2000201    10477.2527702313)(2000002    6747.20078406893)(1000000    8266.86479000056)(2000202    8266.86479000056)
6 3      - (2000102    11326.7168335256)(2000100    4951.98795120775)(1000000    17708.6909428519)(2000202    10696.8397541157)(2000002    11489.4209077924)(2000001    7887.37392241143)
6 6      - (2000100    11434.3019363425)(2000201    5565.01157436842)(2000102    5064.71157436842)
16 3      - (2000022    -0.5)(2000002    4065.94534307805)
8 1      - (2000002    9463.56953089387)
2 18      - (2000102    4440.45373215495)
5 8      - (2000202    9631.43545245721)(2000200    17345.9317037199)(2000102    5007.9393164912)(1000000    5007.9393164912)(2000100    5393.71317350943)
7 3      - (1000000    6999.51269212271)
8 4      - (2000121    6626.52069923143)
15 1      - (2000101    9064.47312172722)
7 7      - (2000102    16159.0340127439)(2000201    14438.0190533931)(2000202    16047.0903000803)(2000101    13478.7839273925)(1000000    13893.4393398705)(2000100    18932.7463383705)(2000001    15702.0476733885)(2000002    14621.2663423824)(2000200    14084.1281126831)
9 9      - (2000002    15882.6301782664)(2000201    16454.9440382183)(2000202    17533.0729961262)(2000001    18766.1979168846)(2000101    15771.6323632609)(2000200    15929.6691708132)(2000102    16854.0548686027)(1000000    13595.9930523592)(2000100    4827.37054589912)
10 9      - (2000001    15025.8704894703)(1000000    7290.68057102427)(2000102    16242.5952033815)(2000002    18788.9642842747)(2000101    13493.9259294672)(2000202    11445.4227141957)(2000200    10766.9912438779)(2000100    5315.89327178078)
10 10      - (2000202    16176.8178326143)(2000200    16293.0913451683)(2000100    14984.9982309438)(2000002    16756.1285826958)(2000102    14967.1452502599)(2000101    18862.8500879349)(1000000    12975.8188768172)(2000201    9227.96893917758)
11 12      - (2000100    19105.2427747503)(2000200    17883.8379527648)(2000102    18233.9443528757)(2000201    18307.4392545051)(1000000    18386.2458357759)(2000121    18594.678722377)(2000211    19043.6385065398)(2000002    18555.8229954586)(2000012    18498.8994136912)(2000022    18473.6373282459)(2000111    18486.9120571021)(2000202    18206.5438476126)(2000221    18501.3968706844)(2000101    18429.7418824929)
12 9      - (2000200    17660.7250677957)(2000202    15984.6546094488)(2000001    15138.0864618802)(2000201    13852.5227845564)(2000102    12591.7357034401)(2000002    16369.7923820695)(2000100    5308.86117890029)(1000000    9898.76686003837)(2000101    4733.71342666751)
12 12      - (2000102    18197.4003734837)(2000202    17984.3268507269)(2000201    18364.7213313017)(2000101    19111.0924422049)(2000100    18614.2910754732)(2000200    18094.406887065)(1000000    17966.5384155279)(2000001    15943.2916139307)(2000002    18482.6413136131)(2000211    18172.6976773461)(2000012    18386.6177970653)(2000221    18092.2448295609)(2000111    18478.8656127224)(2000022    18343.2158066047)(2000121    18195.9869018993)
9 11      - (2000001    18379.8619607547)(2000200    16910.9173770286)(2000100    16955.4809895887)(2000002    14028.8143528712)(1000000    16490.5798194213)(2000201    15477.3879707673)(2000101    15146.6280851626)(2000102    4638.11866677274)(2000202    8680.74150924227)
14 14      - (2000002    8546.79461325206)(1000000    16226.2187666811)(2000001    9420.45029670624)(2000101    14004.4735266062)(2000202    16477.1773457951)(2000100    16130.5103144316)(2000201    13454.2510513847)(2000200    9294.8503782531)(2000102    7762.08892776085)
13 11      - (2000002    18474.3658790179)(2000200    17614.1348885179)(2000001    14003.2169471319)(2000201    17564.9413439491)(2000102    17398.8387157269)(2000101    18644.4077610466)(2000202    17611.114875321)(2000100    19102.5899961615)(1000000    17606.8486529563)(2000211    5074.16467458703)
10 11      - (2000001    16219.6883217481)(2000100    18181.0942842997)(2000201    18217.4508872857)(2000102    18604.9226458931)(2000202    18443.5612213093)(2000002    18463.3085021716)(2000101    18709.1000141384)(2000211    18543.8263201047)(2000022    18402.475811836)(2000221    18303.2314997801)(1000000    18424.9732077781)(2000111    19112.2876701484)(2000012    18477.6441652476)(2000200    18149.2306990861)(2000121    16666.323795324)
10 13      - (2000001    17077.517630626)(2000201    18473.7094444356)(2000200    18256.2397956116)(2000101    19114.2209264746)(2000221    18530.3742426778)(2000100    18263.8101950555)(2000211    18662.8397643005)(2000121    18441.4799005405)(2000111    18447.6032025161)(2000102    18472.0145493395)(2000002    18776.9296037785)(1000000    18424.3006813327)(2000012    18488.6808579455)(2000022    18821.0776962356)(2000202    18095.6882325957)
11 9      - (2000202    16357.5021892165)(2000201    16933.8584648025)(2000001    18726.0738589703)(1000000    17049.0761546423)(2000200    15570.7028470597)(2000102    12945.7992102486)(2000002    14243.2626447562)(2000100    11154.4103431818)(2000101    16073.2770981893)
12 11      - (2000102    17616.5743932393)(2000002    18316.0974918623)(2000001    11143.2917103789)(1000000    17667.1251985742)(2000100    19084.7585728876)(2000101    18528.455469808)(2000202    17417.7668840082)(2000201    17568.10281114)(2000200    17641.7500353398)(2000111    11456.4570207345)(2000211    8006.4335854998)
9 14      - (1000000    17966.0430788021)(2000100    19069.3115973534)(2000001    17285.2850989775)(2000201    17817.4076175547)(2000002    18824.1797639078)(2000200    17434.350297703)(2000202    17084.0711461927)(2000102    17671.307286641)(2000101    16245.4030492387)(2000111    15053.5512975643)(2000012    16520.4069569139)(2000121    13246.1881750024)(2000211    15749.2833295183)(2000022    13098.9529197887)(2000221    4763.46684530358)
13 13      - (2000101    16898.435134143)(2000002    16349.4380624209)(2000102    18178.4353695371)(2000100    19032.4960991658)(2000201    16306.9252308623)(1000000    17725.421295642)(2000001    16966.4637467676)(2000202    15347.5115976322)(2000200    14880.6428728952)(2000121    5321.20143922677)(2000111    5212.68899509812)(2000221    8748.5684092859)(2000012    8680.71685025917)(2000211    8536.39537496156)(2000022    5321.20143922677)
12 13      - (2000101    17917.6269930826)(2000201    17147.5837203936)(1000000    17851.6901391089)(2000100    18089.576500634)(2000211    18117.115318632)(2000002    16601.7594816679)(2000111    18406.8446095477)(2000221    17900.7226701589)(2000102    17948.1717437575)(2000121    19119.0930267842)(2000022    17516.5042804356)(2000200    17928.5349744222)(2000012    17856.1521749403)(2000202    17561.6749420333)(2000001    4687.63690976411)
10 12      - (1000000    18059.3336654645)(2000101    19090.4346661048)(2000002    18499.6564692153)(2000202    18441.1348411353)(2000001    9185.23084074401)(2000201    18369.7857265293)(2000022    19056.3872290813)(2000111    18855.6948305298)(2000200    18044.2914464825)(2000102    18093.2789874391)(2000012    18442.5383976149)(2000211    18435.4237874678)(2000100    18440.7966289419)(2000121    18627.9819098486)(2000221    18462.9360185042)
11 10      - (2000001    16233.0206379123)(2000101    18218.5505192365)(2000102    18223.5878422699)(2000201    17588.1093854942)(1000000    18201.5062102011)(2000121    18115.4627471902)(2000100    18560.3932667518)(2000002    18125.4575031644)(2000200    18424.07564831)(2000111    19111.3270537552)(2000012    18223.5901335656)(2000202    18407.706906025)(2000022    18353.6372509366)(2000211    18329.6928290169)(2000221    17581.4168720009)
14 13      - (2000100    18854.2717678902)(2000001    16875.8162663843)(2000002    15680.5365537946)(1000000    17460.14543184)(2000202    15541.3565226104)(2000200    12253.5812278584)(2000101    14636.148827664)(2000102    8133.2312557184)(2000201    10272.1976056326)
12 14      - (2000201    18269.0505399432)(2000001    9286.55044962361)(2000101    19141.0249676922)(2000100    17187.3464428993)(2000202    17704.9405653012)(1000000    17269.3733300684)(2000012    17543.2670163714)(2000200    14438.6866217957)(2000102    17590.515997995)(2000111    18100.1997481981)(2000002    17154.9195986095)(2000211    17542.8530857077)(2000121    18300.433465045)(2000221    18511.1620916163)(2000022    15087.7754867385)
13 9      - (2000001    18691.1820667696)(2000101    17798.2656019155)(1000000    16229.3866141353)(2000201    16447.9819957389)(2000102    16076.4161283196)(2000202    14813.0096415242)(2000200    14409.396488852)(2000100    17298.0171000014)(2000002    13296.6392331767)
14 12      - (2000201    15634.7987820769)(2000101    17495.4497640013)(2000200    16738.521569556)(2000102    16974.4344754018)(2000001    16449.8088802547)(2000100    18653.5489849963)(2000002    16963.8217370153)(1000000    16548.3910117745)(2000202    15550.6481684733)
9 13      - (2000200    17686.5987564923)(1000000    18460.130201275)(2000102    18182.0989459102)(2000001    14820.7397665442)(2000101    18681.2342674093)(2000002    17915.1566606093)(2000100    18023.648172872)(2000201    18282.4464391556)(2000012    17520.8621539387)(2000022    18035.5827305812)(2000111    18621.86428871)(2000121    18272.9094427102)(2000202    17861.2705872358)(2000221    19063.7925671262)(2000211    16743.5770309518)
14 11      - (2000101    19069.3052501519)(1000000    17398.1847470715)(2000100    18198.7874892286)(2000201    17184.6267408723)(2000200    17247.6321161693)(2000102    17351.8692885949)(2000002    18254.8994492491)(2000202    17216.1566291074)(2000001    16421.7346090121)(2000111    5079.77778002526)
14 9      - (2000001    18381.9000457187)(1000000    15289.7384654586)(2000202    16671.484626699)(2000100    16550.3918532196)(2000200    15594.7650768887)(2000002    13269.1516923784)(2000101    15989.0483202199)(2000102    14387.3807228814)(2000201    10722.7248244006)
12 10      - (1000000    17784.6294420588)(2000201    18572.3753515544)(2000100    18598.817756842)(2000001    17039.4786949849)(2000102    18300.2870678768)(2000200    17935.8357931769)(2000002    18454.0418565438)(2000111    19104.9638191216)(2000202    17829.6607623265)(2000101    19101.6700997596)(2000211    18580.2443775916)(2000012    18205.6792891881)(2000022    13056.9810198012)(2000221    17536.2947078844)(2000121    15042.8396486311)
11 13      - (2000200    18169.0710030582)(1000000    17770.1483935584)(2000201    17987.2117058503)(2000101    18619.0831589479)(2000002    18250.6706413013)(2000100    19096.2954775217)(2000102    18619.315086881)(2000111    18500.2295103787)(2000211    18378.5985369088)(2000202    18445.8579864501)(2000022    18593.3282240208)(2000012    18276.4704171033)(2000121    19109.4184842929)(2000221    18322.0654027642)
10 14      - (2000002    18348.6213171891)(2000001    18245.4231076391)(2000200    17578.0307505846)(2000102    18184.3079451868)(1000000    17669.7769873285)(2000100    18594.4869155401)(2000201    18354.7130362495)(2000101    18363.5053193646)(2000202    17649.2300113927)(2000121    18293.1405155645)(2000111    18485.9567356449)(2000221    18449.3485599919)(2000012    18226.5804682371)(2000022    19112.8904109577)(2000211    18113.8429307198)
9 10      - (2000100    18849.224259154)(2000001    17625.3096793924)(2000202    16532.651245059)(2000102    14656.9887300254)(2000200    15470.1206534476)(2000002    17164.7140854155)(1000000    13938.8981445611)(2000201    17426.8856056675)(2000101    15565.0628952068)
14 10      - (1000000    17723.6276830131)(2000201    17598.7601373831)(2000200    17506.9157043791)(2000101    19094.7480201836)(2000001    16286.1270317053)(2000002    18203.2776642449)(2000102    17357.9203174904)(2000100    17903.9877290449)(2000211    8351.3206284062)(2000012    8310.10999778635)(2000202    17590.4849883522)(2000111    8561.41562203364)
13 10      - (2000002    18362.2531592608)(2000200    17675.3707375773)(2000201    17911.2599193905)(2000102    18587.64957448)(1000000    17817.7711648896)(2000100    18395.3011437964)(2000202    18183.3399523623)(2000101    19105.0701197906)(2000001    15478.2897161934)(2000211    18393.7076580256)(2000012    18154.6236522212)(2000111    18257.268673166)(2000221    13338.7283231135)(2000022    15842.9215300221)(2000121    15547.6075421006)
0 17      - (2000002    15042.1836756478)(2000012    4614.77907548888)
13 14      - (2000201    15693.98097405)(1000000    17499.5691165395)(2000101    13771.7239194272)(2000102    14213.094881096)(2000202    15451.2436532834)(2000001    16405.2040816667)(2000200    13871.4869703845)(2000002    9285.75382933133)(2000012    12997.1329937431)(2000100    5447.47375213715)(2000022    5385.4525207211)(2000121    4672.01110543046)
11 14      - (2000102    18187.5314213219)(2000202    18073.721313184)(2000200    18029.7230269634)(2000101    18429.0040649861)(2000001    9101.80827173185)(1000000    18624.2348414163)(2000201    18126.8948767584)(2000022    18304.4137881815)(2000211    18083.0874232977)(2000221    19107.5638455925)(2000100    18421.0144782657)(2000121    18309.2788078375)(2000111    18593.9883001313)(2000002    18323.6313365631)(2000012    18319.0900650443)
13 12      - (2000200    17515.5459932706)(2000202    17538.0366645878)(1000000    17133.1890834165)(2000102    17335.9416019419)(2000101    19087.9796486168)(2000100    18045.1583967685)(2000001    9313.43205238916)(2000002    18277.4176125089)(2000211    8176.55679666257)(2000201    16935.4982705418)
8 12      - (2000101    8503.13655759159)(2000201    17629.6092282201)(2000002    7847.86685797361)(2000001    13282.3165364851)(2000202    3920.91465379881)(1000000    10882.0075529519)(2000100    8786.16640960603)
5 13      - (2000101    7140.95297899651)
11 11      - (2000100    18457.587910277)(1000000    18167.5606537528)(2000202    17875.5749169199)(2000200    18037.2468881019)(2000201    18206.6171360105)(2000002    18538.9362375077)(2000102    17791.5220424)(2000101    19102.117120385)(2000221    14560.959187611)(2000001    12980.4606552349)(2000111    18463.8419315478)(2000022    15608.2806672602)(2000012    18165.2325096834)(2000211    18299.2202573184)(2000121    14933.0656903406)
13 15      - (2000101    9448.17770444095)(2000202    4224.08885222048)(1000000    15273.7492929424)
10 16      - (2000202    15744.5378838315)(1000000    17751.5909263749)(2000200    5077.41310033971)(2000100    5385.38509045184)(2000101    4728.74482697521)
10 15      - (2000002    18544.095770503)(1000000    17020.8334475764)(2000211    11543.4265610108)(2000102    5021.50143922677)(2000022    13478.6032455614)(2000100    5311.27881489923)(2000201    10680.0546123727)(2000101    4709.76501103808)(2000012    4495.15504692387)
8 13      - (2000200    18012.1770717973)(2000102    12241.9287213216)(2000201    12117.8973927399)(2000001    8912.23855620762)(1000000    8583.56038788022)(2000101    5282.84984371751)(2000100    5176.21343955814)(2000202    4487.5912992486)(2000002    8239.62071186979)
8 10      - (1000000    17253.4382251675)(2000102    16701.1542610519)(2000200    16816.46814406)(2000100    19026.9977274403)(2000201    16888.0172078014)(2000001    16827.290130647)(2000002    17137.8314188801)(2000101    17345.8682893161)(2000202    17186.6740435069)
9 12      - (2000200    16825.6031944749)(2000100    14861.3984837349)(2000001    9357.65922348054)(1000000    12996.2513025287)(2000101    11618.7174608302)(2000002    11524.8326744747)(2000102    18043.9371761839)(2000201    7222.17128239217)
11 8      - (2000102    16265.5618918043)(2000201    16989.755092435)(2000202    16776.5970482561)(1000000    16690.7586122106)(2000001    16289.2998057218)(2000100    18990.6139982804)(2000200    11946.1958970833)(2000002    12817.4111891506)(2000101    13421.8039210106)
12 8      - (2000200    16269.478425754)(2000100    18933.1316966813)(2000201    16950.4225872179)(2000101    15423.8343955125)(1000000    14238.6514741695)(2000102    14734.9902768257)(2000202    12087.4077221024)(2000002    15503.7154790954)(2000001    16359.0336897616)
13 8      - (2000100    18960.6577047845)(2000102    17164.763509146)(2000002    16306.8942592134)(2000201    15586.6854593349)(2000101    17054.7910714192)(2000001    11666.8612976095)(2000202    12094.6903429615)(1000000    14617.1246465467)(2000200    14237.9779804138)
15 11      - (2000202    15385.5234503359)(2000201    15646.1058641135)(1000000    16439.4932062755)(2000102    13468.0533736422)(2000200    14392.7839432934)(2000100    13184.5744884887)(2000101    13197.0370082936)(2000002    10313.6860158717)(2000001    4257.21737156477)
0 18      - (2000111    9764.46367891502)(2000101    5020.438561916)
15 10      - (2000202    13776.6163456758)(2000101    18824.7581811891)(2000200    8644.80781951881)(2000001    10433.3735178118)(1000000    8010.2795346222)(2000102    8574.64311866695)(2000002    5271.45401587942)(2000201    7625.26785215329)
9 15      - (2000100    18577.699935199)(2000200    11263.7252949017)(2000002    9028.43155880446)
3 17      - (2000211    15828.7767779256)(2000111    5603.49680822427)(2000101    8694.04046388679)
5 15      - (1000000    7092.88613757184)
15 14      - (2000001    17503.457114779)(2000202    8787.56040172796)(2000200    15513.2295177254)(2000002    9260.63726713703)(1000000    17292.3126598032)
10 8      - (2000100    18980.1423623641)(2000002    17715.4550070568)(2000200    16863.2071870886)(2000001    13319.336971479)(2000101    16318.362719958)(1000000    11965.4145254876)(2000202    17078.2073051811)(2000201    14663.2429662194)(2000102    15784.246215449)
8 16      - (2000200    13951.0116946403)(2000102    17915.2842517964)(2000201    14332.2469828171)(2000001    8200.18059648757)(1000000    15006.2130784425)(2000202    12584.8772866487)(2000101    14796.0782889211)(2000100    5357.65569288627)(2000002    4590.25198651797)
15 13      - (2000002    9209.1858011784)(2000100    4310.36234348115)(1000000    16774.7670623903)(2000101    4491.09270257242)
8 9      - (2000002    18301.0002759141)(2000102    17249.0767915003)(1000000    16618.3261318931)(2000201    18292.6791190003)(2000101    18505.9846698973)(2000202    16957.7422922734)(2000100    19089.3202128689)(2000200    17647.5789271736)(2000001    17919.94717627)
7 15      - (2000100    19004.6928814274)(2000201    10462.1988478154)(2000202    15095.7498299874)(1000000    10422.6177238685)(2000002    14270.4835943774)(2000200    8171.9432563977)(2000101    14340.7917246911)(2000102    13694.4227177315)(2000001    8845.35968375552)
9 17      - (2000201    13868.6536382754)(2000002    9245.06909218357)
8 14      - (2000100    18819.9082247203)(2000002    4723.68885222048)(2000001    9314.30961549853)(2000200    3825.01637404602)(2000201    4943.33320373853)
14 15      - (2000200    15131.5297794154)(2000201    8165.4101219918)(1000000    16974.0026438548)
7 14      - (2000201    17862.4816129556)(2000100    18985.3995155069)(2000200    16128.4324186441)(2000202    17164.7560309247)(2000102    15153.3643653109)(2000002    14364.2741097137)(2000001    18355.5734781266)(1000000    16102.2226612416)(2000101    16992.4486256662)
15 12      - (2000101    18978.1527118983)(2000200    11635.45148279)(2000102    8101.75875792499)(2000002    14337.4156601543)(2000202    13875.9342015932)(1000000    17250.7391670461)(2000201    12716.3277678484)(2000100    11648.0406350314)(2000001    4650.36453103931)
14 8      - (2000002    17272.6921723643)(2000101    18951.1052969455)(2000102    13779.398952416)(2000201    10897.1795783424)(2000200    15320.0159016062)(2000202    12279.3587022915)(1000000    13828.2284346541)(2000001    11495.7143017666)(2000100    8771.69821360636)
8 11      - (2000202    16067.235904194)(2000002    17505.7226843961)(1000000    16905.3703837512)(2000100    19033.7259724767)(2000201    14799.4444285919)(2000101    15383.9840795055)(2000200    12956.1099683527)(2000001    12969.1093381054)(2000102    14769.4388900679)
15 16      - (1000000    6084.12366910334)(2000200    17128.0486099563)(2000101    8597.8871509425)
13 18      - (2000101    9496.93800955506)
9 8      - (1000000    17127.457768824)(2000101    18458.8131067272)(2000102    17444.5413938643)(2000200    18018.2654618195)(2000100    19092.7345887317)(2000002    16449.6821419672)(2000201    17884.3957358494)(2000202    17204.6263439459)(2000001    18425.145153121)
16 11      - (2000201    17856.8362639603)(2000002    15064.3181841815)(2000202    15993.2122085712)(2000001    13017.6422044602)(1000000    10494.5302970503)(2000100    13104.6972750169)(2000101    8538.2437539172)(2000102    10479.70607605)(2000200    4943.33320373853)
17 15      - (2000100    13300.1076548168)
13 16      - (2000101    -0.442666666666667)(2000100    15968.7016221068)
12 16      - (2000101    9297.07997124866)
11 7      - (2000101    19030.1750428979)(1000000    17387.1516363367)(2000201    16204.0315844101)(2000102    17187.1530898125)(2000001    18089.5377085587)(2000202    17108.1290414614)(2000200    17592.9476541245)(2000100    18325.7428355164)(2000002    18166.8588444484)
9 7      - (2000200    18750.5729043249)(2000101    16986.2735475347)(2000001    11549.4749524044)(2000002    16652.7428702401)(2000201    11716.4301026489)(2000202    15416.3228848361)(2000102    16195.467402579)(1000000    13679.208539716)(2000100    11419.673041671)
8 8      - (2000002    17613.2315520593)(2000201    18376.7976690763)(2000102    17389.5510788984)(2000101    19091.6986475893)(2000202    17285.3583367888)(1000000    17645.8522309045)(2000001    18324.1042285664)(2000200    17698.5440912029)(2000100    18248.7421339186)
14 7      - (2000201    17223.4815006665)(1000000    15965.4471438066)(2000101    17265.8347314833)(2000102    17527.5268210227)(2000200    18619.9616304237)(2000100    16409.089674457)(2000202    15976.2315127375)(2000002    14814.2405411339)(2000001    13565.9108370316)
18 11      - (2000102    17330.0303530243)(1000000    12102.2884507419)(2000002    11859.4807703535)(2000201    8641.0224724148)(2000200    8221.92299287244)(2000001    8684.21007180793)(2000202    4826.02941445324)(2000100    10841.497482977)
17 8      - (2000001    18280.4963570118)(2000201    11250.8112357822)(2000200    10530.8631129905)(2000002    8911.23430300127)(2000202    13158.6194579928)(2000100    8656.0009853237)(1000000    5060.69984898193)
6 12      - (2000101    18877.4951667945)(2000202    12285.9019497307)(2000001    7850.88608081219)(2000200    5123.54020612837)(2000002    5125.91029034346)(1000000    10321.6982705317)(2000201    12868.9854626577)
18 12      - (2000102    17203.2765645775)(2000100    8303.47773070419)(2000202    12302.4738696303)(2000002    12705.1857186775)(2000101    11544.8715658018)
12 15      - (1000000    18205.051397495)(2000102    9104.38120131897)(2000022    5321.20143922677)(2000202    9046.04244668551)(2000211    5321.20143922677)(2000111    8070.76011420421)
7 11      - (2000201    17930.5109455862)(2000002    17789.4755775654)(2000200    18116.3273575239)(1000000    17218.3866039195)(2000100    19076.5961739701)(2000101    17844.2869679106)(2000202    16766.1204964329)(2000001    17753.133460647)(2000102    17004.0959711508)
7 12      - (2000100    19021.4608185544)(2000101    17075.5047329048)(2000200    15587.4166316772)(2000202    14331.0075559356)(2000002    17623.0516585326)(2000102    16213.6662218455)(2000201    16587.5998034996)(1000000    12527.7292085966)(2000001    13041.0399515071)
18 10      - (2000101    18664.6661740333)(2000002    5654.95055242806)(2000202    4596.08244695101)(2000102    4962.22440994346)(2000200    4912.58762764513)(2000001    4502.76970712148)
11 19      - (2000100    18881.8281480413)(2000002    15621.6002704248)(2000102    13191.3017995175)(2000001    12956.1865800989)(2000202    12137.4175848489)(2000101    14568.3626758836)(1000000    10872.0370598693)(2000201    11326.795646488)(2000200    8560.82171723115)
15 8      - (2000102    16858.2230833861)(2000101    18126.5603782843)(2000001    16891.1281154772)(2000200    17741.557082187)(2000002    17352.6578481674)(2000202    14491.610775694)(2000201    17680.7180541218)(2000100    19022.1039115383)(1000000    15134.2942969379)
17 9      - (2000101    18921.6430665845)(2000200    15969.6337702516)(2000100    14302.1944242269)(2000001    7991.0172668135)(2000002    10299.252171072)(1000000    14328.7045315528)(2000102    12963.553489783)(2000201    13481.052282382)(2000202    11982.9818771208)
12 21      - (2000202    17356.8490436704)(2000001    17905.9374565072)(2000002    16838.7777954206)(2000201    17817.2773521044)(2000102    17394.6621881612)(2000100    19077.6671632923)(1000000    16010.7973745794)(2000200    17253.8138985663)(2000101    17969.1044042484)
15 9      - (2000102    17779.7704882733)(2000101    9214.89797179402)(2000002    13131.9254811663)(2000201    4717.85465422768)(1000000    8274.5733693919)(2000202    10375.3723816185)(2000001    8607.96887245884)(2000200    11045.4249093416)(2000100    8018.12793406692)
15 15      - (1000000    17571.6943272802)(2000201    5015.76256738884)(2000002    8103.95578842699)(2000202    4995.12720427206)
7 9      - (2000200    18331.33904154)(1000000    17122.2303762786)(2000201    17700.7396453063)(2000102    17416.6481893343)(2000100    19096.6476366668)(2000001    18331.2875044917)(2000101    18599.1208553783)(2000202    17356.7593562285)(2000002    18079.4847413904)
10 21      - (2000102    16758.1874724382)(2000002    18173.6773287241)(2000101    17797.5110153484)(2000100    19041.9153867636)(2000202    16675.6024088614)(1000000    16868.0496553161)(2000001    17970.4264603269)(2000201    17727.4561358499)(2000200    17823.040506105)
16 15      - (2000101    18786.4863054903)(2000002    5143.71435615828)(2000102    8345.01168670196)(1000000    4908.83040394233)(2000200    5316.32401257689)
7 13      - (2000100    18970.0234424877)(2000102    16674.3896925145)(2000101    8087.12579179487)(2000001    12968.5264279509)(2000002    17106.5070833298)(1000000    14261.5370482195)(2000201    16416.1247859617)(2000202    7987.30356546512)(2000200    16007.2126851649)
7 8      - (2000101    16740.7090052566)(2000201    18449.0648009571)(2000001    16104.1795301618)(1000000    14620.4302783942)(2000202    10552.2891740684)(2000100    16859.3276185596)(2000200    13010.5735371154)(2000002    17229.1111231252)(2000102    13714.7750216588)
16 8      - (2000101    18992.0830641884)(2000201    17152.1805453024)(1000000    13622.8919254095)(2000200    16520.9365119773)(2000100    17185.3850390892)(2000202    14439.8239255598)(2000102    13471.4711053375)(2000001    15554.8177262637)(2000002    14820.3075557999)
7 10      - (1000000    17238.0132343317)(2000200    18114.9119598297)(2000100    17425.6469564111)(2000001    18070.514860765)(2000002    17913.6183927038)(2000101    19080.0191086469)(2000201    16526.2078852098)(2000102    17347.6142233099)(2000202    17434.4213360717)
13 21      - (2000102    16729.8235020899)(2000001    16268.0873088393)(2000201    17402.5022040854)(2000100    19017.1069767555)(2000002    12792.4563775348)(2000101    17618.5615254769)(1000000    10575.950407286)(2000200    12597.4130139934)(2000202    16307.8583355203)
11 16      - (1000000    15452.6509782486)
11 21      - (2000100    19041.5756549552)(2000102    16507.476429997)(2000002    16713.155514136)(2000001    16179.9462386041)(2000200    17574.0497937213)(2000202    15949.2064427807)(2000101    16477.0766643996)(1000000    14721.7536619004)(2000201    14096.184310026)
11 15      - (2000211    16402.714444011)(1000000    18583.2358864317)(2000002    15555.2731614723)(2000022    16415.0830941387)(2000201    8746.34248028551)(2000111    8960.72312767583)(2000102    11415.9880584586)(2000202    14919.9768079669)(2000121    13233.4024564823)(2000012    13394.0797494946)(2000200    4582.69880019634)(2000101    4727.81827889448)(2000100    8361.24788691311)(2000221    4740.76731869612)
16 12      - (2000201    12494.7439792529)(1000000    16650.1936729786)(2000200    17963.41759812)(2000202    3419.19863708887)(2000002    14779.0511810084)(2000102    11852.663379254)(2000100    15357.1739169096)(2000101    14393.985338231)(2000001    7203.3831472038)
10 20      - (2000202    17849.223106783)(2000002    13617.38887267)(2000200    14459.6139486865)(2000201    15143.8968886631)(2000001    4858.73252057937)(1000000    14613.6425781059)(2000101    16827.8216873635)(2000100    15780.6335011427)(2000102    14683.819614756)
10 7      - (2000102    17416.8253972935)(2000100    19035.3583927509)(2000201    17884.7100837442)(2000202    17629.9440293712)(2000200    14852.751103774)(1000000    15890.7994346079)(2000002    16846.0690003029)(2000001    15013.5088430471)(2000101    13093.4787931427)
16 14      - (2000201    5256.74901208773)(2000202    12452.0816765118)(2000001    7666.29147391757)(2000002    4362.21563813659)(2000200    17720.9280601407)(2000102    10816.1127846379)(1000000    12141.6246843068)(2000101    5364.34223462645)
12 20      - (2000200    17878.896357635)(2000100    5425.80413770188)(2000201    8399.51341041342)
13 7      - (1000000    16983.7706860534)(2000200    18388.6891081524)(2000201    16921.6810849609)(2000100    16329.4152362064)(2000101    14680.3296858628)(2000102    15088.6443158685)(2000202    15357.3198675402)(2000002    14359.4140251399)(2000001    16560.1885855924)
6 14      - (1000000    17821.4103219868)(2000102    12526.4052517267)(2000201    13155.748583565)(2000100    9064.15069297242)(2000001    13193.4156266869)(2000202    5028.40198187645)(2000101    8715.32295351575)(2000200    9066.32116932135)(2000002    4712.60423109334)
15 7      - (2000101    18745.2374741177)(2000202    12543.975272768)(2000201    11238.2894981003)(2000102    10368.172394937)(2000001    5332.31321694389)(1000000    8658.8199313553)
17 10      - (2000002    14854.0076458923)(2000001    18337.3924906738)(2000100    14461.2565653633)(2000101    13233.1141789482)(2000202    13251.8934214954)(2000102    14800.1888359434)(1000000    11621.2791059668)(2000200    16167.7055920223)(2000201    12191.9983785584)
12 7      - (2000102    17229.3761531099)(2000202    16190.1816925087)(2000101    16711.9275766866)(2000201    17583.605234935)(2000100    19030.1364675211)(2000002    16708.9635884989)(2000200    17571.4886061344)(2000001    16342.8344025921)(1000000    15856.8787729461)
8 7      - (2000201    18319.6401652862)(2000202    14094.8619913373)(1000000    13737.6865792911)(2000001    13152.1002612118)(2000002    12909.7417921614)(2000101    16322.7656176343)(2000100    13542.0691959469)(2000102    15353.1775543719)(2000200    13562.6152409174)
16 9      - (2000201    16037.2828381561)(2000001    16702.507750879)(2000202    15508.0127514823)(2000101    18973.7483147175)(1000000    15623.6014451304)(2000100    13440.9150921506)(2000200    17086.1619650544)(2000102    15271.3564769884)(2000002    14214.3222869349)
6 13      - (2000200    18544.7581829878)(2000202    4531.97683302146)(2000100    11094.5746161407)(2000101    8983.3615845875)(2000201    4943.33320373853)(2000001    8757.83595124012)(2000102    4383.07668851314)
6 10      - (2000202    17771.5027992944)(2000100    13254.1083057002)(1000000    14556.2019806539)(2000201    13801.1271093289)(2000102    8059.08137688897)(2000200    15216.7159666672)(2000101    11199.2301925374)(2000001    9039.24665204813)(2000002    4616.13176711888)
12 19      - (2000102    17594.5065425542)(2000201    11002.1479497699)(2000100    5246.30288787616)(1000000    4853.11420357115)(2000200    4216.81819941117)(2000001    8498.20757282639)(2000101    11071.8923308084)(2000202    10403.4859648712)
8 15      - (2000002    17834.6443139563)(1000000    12487.0821128561)(2000101    8769.61319703149)(2000001    5146.12722061557)(2000202    8129.31934399431)
10 19      - (2000001    18599.0400968534)(2000002    13287.9532745134)(2000101    9154.83207540452)(2000201    7525.7902694223)(2000100    4736.14055665627)
16 13      - (2000200    17609.8524469805)(2000001    9194.86245379835)(2000202    13907.8591721955)(2000201    16074.4106530241)(2000100    13288.1313924586)(2000102    10003.2497628066)(1000000    13567.8050753702)(2000101    11593.6431540753)(2000002    6972.14890324825)
16 10      - (1000000    17774.8744714213)(2000200    8047.55300188126)(2000102    12555.3262425367)(2000201    5337.05771307773)(2000100    12634.7788188787)(2000202    7606.22173196408)(2000002    7904.57834802604)
13 20      - (1000000    17502.6903902475)(2000101    5027.15243623349)(2000001    5213.76800228794)(2000202    5124.39925296951)(2000100    5437.75419227179)
7 6      - (2000102    17737.3735255831)(2000101    16741.77195085)(2000202    13707.4807704432)(2000100    13179.3367009909)(2000201    11470.4431043399)(1000000    10711.3987627934)(2000001    5371.79052325321)(2000200    4635.47206698759)(2000002    4633.83680921464)
6 11      - (1000000    8324.70972172552)(2000200    16853.6236080169)(2000102    10979.0873448422)(2000100    5334.47700686112)(2000101    4728.81565681683)
6 7      - (2000202    17725.5454625084)(2000002    11171.0964129131)(1000000    10962.2313905318)(2000100    11566.9063079441)(2000101    11793.2278101893)(2000201    5309.81167182307)(2000200    13659.6687107373)(2000001    4099.25685918153)(2000102    4471.04933025114)
11 20      - (2000201    17985.0075383552)(1000000    5113.01487640239)(2000002    7497.5715573741)(2000102    4448.27838461305)(2000001    4725.18310476859)
18 9      - (2000002    18646.428588548)(2000102    10313.4462112209)(2000201    4952.3552331692)(2000202    7913.10021545228)(2000100    13528.0772053551)(2000001    5094.9318548028)(2000101    9144.9949221091)(2000200    4119.44433644877)
6 8      - (2000202    17826.1984983791)(2000200    8560.53640346506)(2000100    8956.20266224819)(1000000    4881.30462772279)(2000002    8664.06410931873)(2000201    5350.73410905509)
7 16      - (2000101    18838.9356537377)(2000202    8668.20272043663)(1000000    4372.32446261899)(2000102    4241.24203590576)(2000001    4683.34043110156)(2000201    4109.44735362733)(2000100    4729.0393383407)
6 15      - (1000000    17856.5024391937)(2000002    13466.7263155357)(2000100    13420.5135130837)(2000202    8059.39664908552)(2000201    5372.40335787693)(2000200    7716.75734133057)(2000102    4322.29647218618)(2000001    4714.98706647839)
17 14      - (1000000    965.40384799689)(2000001    6512.8070007564)
17 13      - (2000202    3828.73930224465)(1000000    3828.73930224465)(2000100    18493.0046770949)(2000200    5251.21713443369)
17 12      - (2000001    17509.5392253207)(2000002    5385.59200329181)(2000201    4513.82114681326)
18 8      - (1000000    16214.8104916479)(2000201    4167.5116919006)
17 11      - (2000001    18056.0112935424)(2000202    10482.4092085101)(2000101    5326.4522306073)(2000201    4594.7353999724)
18 14      - (2000002    5122.68597330601)
8 17      - (2000201    12021.2924078722)
14 16      - (1000000    16886.5975333001)
12 4      - (2000101    10722.1296026999)
9 18      - (2000002    4909.35890962271)
14 17      - (2000200    10296.006982616)
15 17      - (2000202    4923.48589249147)
16 7      - (2000001    17833.0950944964)(1000000    4412.53287288718)
6 9      - (2000202    17566.5851369737)(2000100    8586.6137383184)(1000000    5000.21720040601)(2000102    8069.99102774515)
13 19      - (2000001    18423.7159934564)(2000100    4575.230735917)(2000202    7672.13537954551)
6 16      - (2000002    18614.2073577722)(2000001    9131.46230186273)(2000101    9175.55250776014)(2000201    4504.22661812813)
9 19      - (1000000    5023.81159282048)
10 4      - (2000002    11050.0770778831)
11 3      - (2000002    9116.42442341293)
11 4      - (2000102    6742.11624404833)(2000201    4325.47515760021)
11 18      - (2000002    9277.40969657569)
9 16      - (2000200    17246.6234109011)(1000000    5077.14636445799)(2000202    5084.36836366043)(2000102    5084.36836366043)(2000201    4249.3989377699)
18 15      - (2000001    4031.9660510623)
13 17      - (2000202    11042.0725150008)
18 16      - (2000101    5438.14086412284)
14 3      - (2000102    8692.67249398042)
4 17      - (2000101    5834.70723887222)
2 19      - (2000211    5692.91818209653)(2000002    199.585728884059)
13 4      - (2000201    11352.0330177061)
10 17      - (2000202    4338.81127739805)
15 2      - (2000201    4526.33016867859)
18 7      - (2000100    10735.5649982072)
18 17      - (2000002    4659.64580033839)
16 16      - (1000000    -250)
6 17      - (2000200    15506.6184600238)
14 4      - (2000202    4962.6956376019)
12 18      - (2000101    5256.57008429937)
15 0      - (2000101    4969.14737313209)
7 17      - (2000201    1034.38850648664)
15 18      - (2000121    191.593049831304)
5 16      - (1000000    190.258570539325)
3 18      - (1000000    200.182585641502)
1 18      - (2000002    193.580702674165)

