536
0 0      - (2000001    15050.2497616488)(1000000    14189.6835206665)(2000202    14340.3681601581)(2000101    14757.2010190776)(2000211    14679.494711254)(2000022    12974.3854620451)(2000221    14684.1675047375)(2000201    13685.0491116658)(2000102    12592.1258687906)(2000100    13189.6489521382)(2000012    13517.1085420734)(2000200    14703.7831436668)(2000002    14863.7117966846)(2000121    14426.5921672064)(2000111    14950.8149591027)
2 0      - (2000102    16639.5546684752)(2000100    15482.9799670986)(2000001    16972.9154002781)(1000000    16571.9662573092)(2000022    14782.4420627554)(2000221    15225.6890016168)(2000201    16709.21189281)(2000101    16254.3803537141)(2000211    17036.9003312005)(2000012    16139.1959806197)(2000002    15146.5263328591)(2000200    16604.154960431)(2000202    16728.3261156442)(2000121    11475.2991657338)(2000111    15244.4987199607)
2 1      - (1000000    16767.3090159448)(2000001    17714.0351946149)(2000202    16821.4446470554)(2000200    16830.8539107049)(2000211    15268.6409950956)(2000121    15415.6133581379)(2000002    16828.2025651129)(2000102    16790.3744348811)(2000101    16364.2075652593)(2000100    16764.2053392856)(2000221    17748.4244359202)(2000012    14502.805997193)(2000201    16772.3710632736)(2000022    15214.2947365707)(2000111    16758.9166975449)
2 3      - (2000001    16290.8638560176)(2000101    14481.3597195634)(2000002    11720.369560209)(2000012    16455.9668443615)(2000201    14065.0105371904)(1000000    16312.7190578712)(2000102    16021.1123052382)(2000200    13904.4481150746)(2000202    16302.1839383175)(2000100    16275.3376661297)(2000111    16427.1803434173)(2000211    16427.8867632803)(2000221    15866.2381935068)(2000022    13875.8342384584)(2000121    16473.9659098758)
0 1      - (2000202    15510.2836796007)(1000000    16272.9544368507)(2000200    16550.9393994239)(2000100    15059.5283496479)(2000002    16698.1808780064)(2000001    16783.558221253)(2000111    12983.0514847393)(2000102    16920.0761084016)(2000201    16575.2890709793)(2000221    17033.9160111274)(2000022    16596.9235631703)(2000101    17035.9722617417)(2000012    13339.6220498858)(2000211    13912.2022574453)(2000121    15208.0424320011)
1 1      - (1000000    16152.2957995268)(2000101    16842.9076662418)(2000102    15929.8965077312)(2000200    16838.7452714749)(2000001    16713.2441721982)(2000121    12457.9868452204)(2000111    16530.6513355396)(2000002    16345.6949087113)(2000202    16823.2835449017)(2000201    16642.4352911219)(2000100    16846.3977803975)(2000012    14263.4856438007)(2000221    16610.7575306742)(2000211    15628.2641508209)(2000022    13609.8592778607)
1 2      - (2000202    15407.8899797323)(2000002    16525.9716602105)(2000111    13614.9225115551)(2000012    16122.4496879693)(1000000    16310.5969707876)(2000100    16813.7562619528)(2000221    16576.9559976639)(2000200    16396.7749783599)(2000102    15881.1849662728)(2000001    17419.4912724201)(2000201    16219.4404646875)(2000101    14493.8158170955)(2000211    11347.7710549013)(2000121    15863.3163231403)(2000022    16083.7076521914)
3 0      - (2000100    15928.7064051788)(2000002    16121.7365927357)(2000200    16054.1073440497)(2000101    16784.7932044573)(1000000    16468.9489944171)(2000001    17658.9401894257)(2000012    16025.5028910781)(2000102    16592.9525173755)(2000022    16674.8390839913)(2000111    14786.8956092115)(2000201    16490.6634208883)(2000202    16454.9538153754)(2000211    16752.681961666)(2000121    16206.6375636451)(2000221    16180.2836536854)
0 2      - (2000121    13991.7436731267)(2000211    14325.9937501535)(1000000    16171.9948842825)(2000202    16145.8519973554)(2000100    16170.6911584357)(2000002    15839.064590459)(2000201    15251.7754114037)(2000101    16235.8300794106)(2000102    16058.7098984094)(2000221    15020.4913581527)(2000200    16164.7454236907)(2000001    17012.0001245971)(2000022    13152.9777039316)(2000012    15176.7414936699)(2000111    15943.0890584252)
2 2      - (1000000    16635.082278181)(2000101    15651.5776981996)(2000202    15577.4394017253)(2000200    16806.5869743851)(2000002    16829.8095020413)(2000012    15442.2389388332)(2000102    16818.5135095915)(2000022    17265.045774287)(2000221    12558.5470503033)(2000001    17174.6231727253)(2000100    16246.9281362986)(2000201    16829.6210773261)(2000111    16775.759157597)(2000121    13854.1332658942)(2000211    16834.0803117993)
1 0      - (2000012    16009.4995251309)(2000200    17108.3901850778)(2000100    16769.1064132336)(1000000    17091.1228015085)(2000202    17030.979585608)(2000101    16584.9298238878)(2000111    16152.7881081414)(2000201    17132.2101670209)(2000022    16859.4054644054)(2000102    17135.250337111)(2000211    17248.5442923014)(2000001    17716.404832704)(2000221    17216.7096731163)(2000002    16420.8214876142)(2000121    15842.1506032882)
3 1      - (2000201    16453.0144870568)(2000200    12686.7647222482)(2000022    10505.7576828065)(2000211    16200.7793299565)(2000100    16633.6141475618)(1000000    16422.1044558949)(2000102    15516.6950532215)(2000002    16409.1638401396)(2000001    16662.9246595255)(2000202    13821.5304189394)(2000221    17154.0005350403)(2000101    13905.6471881256)(2000111    15016.9940929847)(2000121    15362.4885288586)(2000012    13270.1421879616)
1 3      - (1000000    16994.9617573288)(2000202    16996.7202196742)(2000201    15843.688793148)(2000002    17013.3585154343)(2000111    14442.943953465)(2000101    17066.6937565898)(2000012    17025.5645887626)(2000102    17020.9320956733)(2000200    16817.9500830207)(2000100    16019.9495821028)(2000211    10326.6480018769)(2000121    14644.8917873648)(2000001    17017.0394422585)(2000022    13512.8707003895)(2000221    17568.0524150161)
3 3      - (2000200    16413.7696607611)(2000002    16540.1233757682)(2000100    13638.2035581377)(1000000    16386.2877120406)(2000201    13905.7273855771)(2000102    16467.4369671464)(2000101    15903.3102885648)(2000202    16402.8891566702)(2000001    17223.9072509485)(2000022    8889.06733114579)(2000211    15774.9932516046)(2000221    10461.2456648093)(2000111    16425.3957628152)(2000012    14409.6502465222)(2000121    10738.0268697282)
0 4      - (2000102    15654.075771778)(2000201    16578.8395873834)(1000000    16923.7123630749)(2000012    16523.5013370909)(2000202    16706.0923753665)(2000211    17063.2130022814)(2000022    14599.9923113668)(2000002    16821.4912410167)(2000100    16228.1971692605)(2000101    16936.854799102)(2000111    14383.932265786)(2000200    16714.4061209274)(2000121    13170.1969530975)(2000221    2567.49597773776)(2000001    17214.0762175259)
0 3      - (2000002    16811.2085484615)(2000022    14066.0391112976)(2000211    14211.3764049705)(2000202    15808.1446094075)(2000012    16997.7311951556)(2000201    16759.1077559037)(1000000    16867.462119813)(2000111    15609.7065134709)(2000200    16754.5843693527)(2000121    9823.62971939222)(2000102    16806.667592856)(2000101    16735.701966099)(2000100    17133.0550147907)(2000221    15292.8832470321)(2000001    16777.9442385255)
4 0      - (1000000    16586.9670158213)(2000101    14779.2860743218)(2000001    17554.7660651915)(2000002    16196.1113899838)(2000022    11758.4064427542)(2000200    17461.4789366446)(2000102    16962.9810216255)(2000012    17456.1491397578)(2000202    17533.8545866419)(2000201    17525.0870679817)(2000100    16785.7011864144)(2000121    17811.7470096978)(2000111    15699.6727142911)(2000211    17709.5908481734)(2000221    11155.0259670916)
2 5      - (2000022    97.4918136832688)(2000201    16940.13856631)(2000101    15089.0595370454)(1000000    17060.3633897454)(2000002    8331.48384105134)(2000001    12924.3974271184)(2000111    12118.9189477001)(2000202    16530.8251008867)(2000200    14893.1138978941)(2000102    12579.8302062826)(2000211    13376.6082349337)(2000100    18145.3366188098)
4 4      - (2000002    16000.0030417219)(2000102    17524.8577094247)(2000200    16627.474313918)(2000100    17562.420557337)(1000000    17552.8847936693)(2000202    17524.5632316958)(2000101    17482.8807675902)(2000012    10121.2740818534)(2000121    2214.19340954015)(2000201    17561.7396378335)(2000001    12700.7680192833)(2000111    7936.30927718213)(2000211    10957.6517468284)(2000221    6536.04583284711)
4 2      - (2000101    16828.5744065652)(1000000    16930.2430825218)(2000201    16892.1265823968)(2000001    17678.4593095041)(2000100    12616.5526851251)(2000102    16741.8143236963)(2000111    16929.6594128323)(2000002    15990.4404082734)(2000202    16055.4572541907)(2000200    15947.441405481)(2000012    15739.4588657136)(2000211    16932.7772982283)(2000221    7217.6504876887)(2000022    10391.3401961886)(2000121    -0.25)
2 4      - (2000121    12197.0690394532)(2000201    17366.3270393829)(1000000    17140.9345927714)(2000111    8786.94852712837)(2000101    15290.1342426511)(2000102    17353.1725188565)(2000202    17349.1909647884)(2000012    17204.4713715124)(2000100    17349.4357905486)(2000002    17295.0575463543)(2000221    15085.9402926124)(2000200    17352.5476398408)(2000211    13355.0713947686)(2000001    17316.2373136787)(2000022    9291.63507156171)
4 1      - (2000101    10734.7065582155)(2000111    15396.0530929006)(2000102    17086.6986531395)(2000100    16599.3102450937)(2000200    17122.5564531147)(2000202    17145.6233973551)(2000201    17123.3132212751)(2000012    17143.0574566714)(1000000    17032.4050038797)(2000002    17110.9819053019)(2000211    17173.7371400059)(2000001    17148.4609793194)(2000022    16028.6138857587)(2000121    5488.80664389214)(2000221    6124.02269564236)
3 2      - (1000000    16335.1866889605)(2000002    15945.7424048396)(2000100    15131.3609922705)(2000102    16372.3887803543)(2000101    16369.5974525152)(2000211    16372.0959962767)(2000022    12995.3371469359)(2000201    16355.3589948549)(2000221    16413.5344474755)(2000202    16375.5490015915)(2000200    16102.1442214685)(2000121    7786.36619977475)(2000111    16257.9000320361)(2000001    17119.8327152608)(2000012    14988.8625580754)
4 3      - (2000102    17209.9212599036)(2000202    15105.2401504364)(2000002    17238.1424400751)(2000001    17852.8584122137)(2000121    275.321534388433)(1000000    16930.3990326092)(2000111    17223.6821975717)(2000100    17184.4236743011)(2000200    17210.9156664075)(2000201    17151.1060262011)(2000101    15215.6761022969)(2000022    7063.65850082109)(2000211    12807.2857504298)(2000012    15319.9737058722)(2000221    6056.31948624425)
3 4      - (2000201    16519.8972684219)(2000100    14103.6790112951)(2000202    16630.7097995695)(1000000    14655.845857731)(2000101    16575.2796672909)(2000002    16002.305860977)(2000211    15717.0756954531)(2000102    16141.8892095163)(2000200    16667.4972191574)(2000001    17580.2223799516)(2000221    5234.72714319617)(2000012    16045.5563800002)(2000121    -0.25)(2000022    4813.49007701497)(2000111    4685.45937068223)
6 2      - (2000002    9191.97021146932)(2000202    12684.410050765)(2000101    18083.0883394446)(1000000    9675.71321654163)(2000102    15664.267052105)(2000001    8258.8244474365)(2000201    11002.2758707441)(2000100    6142.6144636894)(2000200    12314.24492466)
5 5      - (2000121    -0.5)(2000201    6636.61627646684)(2000002    14704.82825367)(2000202    16238.9375288147)(1000000    11993.3040626992)(2000100    15635.600915608)(2000200    3554.94525518103)(2000101    7273.78235421438)(2000001    6754.53090915693)(2000102    16926.9369268139)
1 4      - (2000201    17064.678335855)(1000000    16841.29467479)(2000001    17098.4379051515)(2000101    16407.9161990307)(2000100    15288.8550532774)(2000200    16362.4139193011)(2000121    1040.49394803898)(2000002    16549.5995337194)(2000202    16991.1106843411)(2000102    17078.9098455738)(2000211    17076.1669671817)(2000012    13337.8883925369)(2000221    11711.1632829906)(2000111    12896.9764634223)(2000022    10095.7897522054)
1 9      - (1000000    18347.8745453566)(2000012    7270.31486496375)(2000002    6674.35478848931)(2000101    14620.2102728218)(2000211    11175.2352911635)(2000121    11706.3435796005)(2000221    7128.34509701754)(2000102    8745.62206453572)(2000111    8673.42713920379)(2000201    10564.9893646001)(2000202    5685.56134990562)
5 3      - (2000002    15547.1771487098)(2000101    13974.6884264638)(1000000    14978.6435867275)(2000202    14665.8609361006)(2000121    2750.95580059796)(2000102    13526.1214740138)(2000200    18144.1632776477)(2000001    7997.53152934435)(2000100    18107.440350228)(2000201    14250.7136130704)(2000111    4881.99127838973)
11 0      - (2000202    1824.75071279833)(2000022    9121.9203106478)(1000000    11529.2255008788)(2000201    17956.7783621831)(2000211    5744.73744430946)(2000102    6232.65708901998)
4 5      - (2000012    2113.30204261675)(2000102    15914.7238743354)(2000001    13934.814871325)(2000121    2801.01746533784)(1000000    16423.4006297622)(2000200    15412.74414107)(2000201    14897.9514701847)(2000100    14726.4852350671)(2000101    10174.7784764782)(2000002    14497.6028984205)(2000202    4255.57149399093)
2 11      - (2000101    2749.61260647072)(2000012    19586.7140468743)(2000102    14768.2717538273)(2000022    1656.89123946763)(2000211    11158.1033638206)(2000202    18604.8176814639)(2000111    7164.67935011311)(1000000    6898.72880904713)(2000201    18329.2728520332)(2000221    6377.36191087923)(2000121    10231.3505090893)(2000002    6160.34076934771)
9 0      - (2000201    1036.18425689414)(2000012    19867.1122715152)(2000102    2366.39973262904)(1000000    3284.06562960124)(2000211    8705.52327119935)(2000002    13345.7474994268)(2000111    4402.04913006232)
0 14      - (2000002    15742.3071947767)(2000022    13722.7331298873)(2000202    18311.8417516793)(1000000    18363.3501369107)(2000102    15846.6168450786)(2000201    13748.2611154359)(2000101    18350.9396620841)(2000111    4745.29769643693)(2000211    16341.1749020192)(2000012    12441.0564194649)(2000221    6198.20118861867)
8 0      - (2000012    14836.5866373207)(2000002    8595.33122114062)
2 8      - (2000201    821.364094481961)(2000101    18576.866031182)(2000002    7221.25241354956)(2000111    5659.21684731204)
1 13      - (2000022    9125.73787842616)(2000121    10150.6211954973)(2000012    19472.5225508281)(2000202    16985.1894635773)(2000101    18765.6639190097)(2000111    3253.92681255519)(2000002    9473.32440204766)(2000221    7200.48077128783)(2000211    4110.91934706988)(2000201    4046.35601245646)(2000102    4661.26408946837)
1 11      - (2000101    17693.6744557185)(2000012    15369.9794503339)(2000111    3031.45482172219)(2000201    4752.17304994737)(2000002    7872.24074034068)(2000221    6105.20237033819)(2000202    7834.18588311097)(1000000    11199.8439712494)(2000121    9381.72294611724)
10 0      - (2000211    8182.11618207737)(2000002    1330.41437692439)(1000000    17011.4190042407)(2000221    6926.07014931775)(2000111    7874.99970058115)(2000102    13822.1827379927)
6 1      - (1000000    15847.0674239394)(2000200    17156.6830067744)(2000201    16857.0173144535)(2000101    8295.59554738203)(2000202    14226.7016210274)(2000001    8295.71074258033)(2000102    8994.43785362376)(2000002    6430.95321715647)(2000100    13029.8733280967)(2000022    1783.12870684099)(2000221    4265.13177486169)
0 12      - (2000012    18422.8644391966)(1000000    18239.6758506626)(2000102    14980.7311567133)(2000002    18699.1571272483)(2000101    18559.2458312024)(2000201    17526.6264129816)(2000111    15722.4215012652)(2000202    18333.8519530273)(2000211    18104.1719756562)(2000121    18014.7920583821)(2000022    15149.6987090093)(2000221    14328.9161287888)
12 0      - (2000201    16988.8781873217)(2000012    2090.46306182245)(2000111    6962.96762141453)(1000000    8186.79271074052)(2000202    13746.4752991647)(2000211    11986.6556887485)(2000101    7427.21641178415)(2000022    4470.61032891621)
1 10      - (1000000    17851.4620796613)(2000201    6901.81352327515)(2000101    2140.02441635145)(2000022    13853.5962876094)(2000211    17431.8298829091)(2000121    3397.79640870201)(2000012    16823.172028992)(2000221    5843.43714289421)(2000111    6200.49734044718)(2000002    13547.5330228094)(2000202    5624.12142577518)
0 10      - (2000012    19653.4610003316)(2000201    7572.85737355479)(2000202    16930.2964388204)(1000000    13408.4041352138)(2000102    14023.7109005004)(2000221    2745.82199469626)(2000121    14349.176108974)(2000111    9693.29014723684)(2000002    19596.9082480232)(2000101    6400.17567031033)(2000211    16761.1737725257)
0 5      - (2000002    16695.3143253205)(2000211    9916.98909032438)(2000201    16843.2125541126)(1000000    16531.8529637604)(2000100    17469.5550331265)(2000202    16213.2589601199)(2000001    15671.8959094649)(2000101    10030.3526587484)(2000221    3158.46565539049)(2000200    13040.1353948868)(2000102    15475.4403514616)(2000111    7713.97245774816)
2 13      - (2000111    18176.343794807)(2000022    14290.6754180999)(1000000    10421.6419834086)(2000012    15832.3684965683)(2000101    11419.428025287)(2000002    11006.8054897488)(2000211    5757.60856906705)(2000121    6145.06092749406)
11 2      - (2000101    10666.9917530762)(2000022    1581.32494494165)(2000221    2974.53949164225)(2000111    4502.3739972741)(2000012    19442.6703732665)(2000201    8264.46497467743)(2000102    6201.67321371665)(2000211    6641.7098866882)
9 2      - (2000201    883.200190455803)(2000101    7655.14345356909)(2000012    6550.5702444847)(2000002    18727.2315947849)(2000121    2682.91230551884)(2000022    4367.57126282796)(1000000    6052.85558386361)
9 1      - (2000002    2908.88420940909)(1000000    18441.7275113442)(2000102    2549.57709410151)(2000211    10817.5510902255)(2000121    4111.0498124256)(2000022    5463.39844564809)(2000201    6166.18810978747)(2000221    5717.67849376261)
5 4      - (2000202    4522.89247643504)(2000001    5912.84691347423)(2000102    13648.1705018986)(2000002    5921.75445022743)(2000201    15768.5626134012)(2000200    17686.4729410447)(2000211    3923.47618504716)(1000000    14995.0485176348)(2000100    16667.634249576)(2000101    9853.99736887746)(2000012    8734.72378122875)
2 14      - (2000012    10323.2925334087)(1000000    17561.0279901017)(2000101    15625.5120869382)(2000211    8541.49570576722)(2000202    14011.7369428426)(2000111    12181.6439730097)(2000002    8743.00725070481)(2000201    12276.3748326769)(2000022    6372.90732254811)(2000221    9702.85499286549)(2000102    9835.33785035131)
13 0      - (2000211    10614.3505135194)(2000012    2291.17089672537)(2000022    4190.15915586485)(2000002    2861.36235392884)(2000202    19183.4925643718)(2000201    3367.98840018296)(2000111    4447.68132904395)(2000221    4024.21818181834)(1000000    6759.99210793849)
12 1      - (2000202    18187.7428474813)(2000022    13461.2063886455)(2000111    354.3392048744)(2000211    8646.85893680666)(1000000    1294.53221865038)(2000200    3364.20942382724)(2000201    12945.458205197)
5 2      - (2000200    16103.184882944)(2000101    13128.8947227559)(2000111    15631.8891232046)(2000102    14131.0595313826)(2000100    15938.0444320914)(2000121    9373.65904043575)(2000001    10127.7866626072)(1000000    16135.235154478)(2000202    15869.9940648341)(2000201    13919.0392222521)(2000002    15963.2938413399)(2000221    4565.92658506004)
1 6      - (1000000    14135.6879374914)(2000211    2129.40078528582)(2000002    11712.5869513904)(2000101    17931.8387210677)(2000200    14987.9098063313)(2000201    8166.61330694722)(2000001    6476.91324463401)(2000100    11789.3195884678)(2000121    1214.39508496849)
0 9      - (2000012    19303.8771780072)(2000201    11337.4305798679)(2000102    7627.37087004137)(2000121    2383.92735703304)(2000111    5274.48182115571)(2000002    8831.98908645103)(2000101    3742.10148623851)(1000000    17078.9011943523)(2000202    10263.6854657748)(2000022    10517.5976078235)(2000211    6177.90419278039)
2 7      - (2000111    4154.03745863224)(2000102    2208.63958384992)(2000121    3881.02660944108)(2000201    18299.0971364097)(2000012    6257.50431914538)(2000001    4826.33784013345)(2000100    4738.6070888047)(2000002    4692.11355773218)(2000200    4596.92890460979)
14 0      - (2000202    2138.4797877474)(2000111    6195.2006803575)(2000221    11560.3786978716)(1000000    17433.5330109812)(2000012    9399.19346124945)
10 1      - (2000002    1722.561844064)(2000201    2605.55392586735)(2000022    7146.08367446593)(2000012    19568.7290650039)(2000101    6908.31724330114)(2000102    7186.79271074052)(2000211    3669.2028287582)
1 12      - (1000000    18226.4303778827)(2000012    6129.05056527356)(2000211    13055.7897384778)(2000102    11848.9004828722)(2000111    9143.88366592023)(2000022    11320.088846048)(2000201    12593.2701506649)(2000101    13992.902316602)(2000202    5597.35217571109)
3 9      - (2000201    5887.2293793613)(2000102    5535.97880334376)(2000101    18939.7925435789)(2000221    6674.73081768753)(1000000    9608.30959441091)(2000202    8666.3285526052)(2000022    5153.16852880726)
0 13      - (1000000    11826.9392879141)(2000102    18188.6808744002)(2000211    6288.38657763832)(2000002    8657.078984896)(2000111    4250.67929108824)(2000101    14029.8777856511)(2000201    17690.1070144953)(2000012    18208.9678353773)(2000221    9100.36079121079)(2000022    15954.5242145449)(2000121    6446.86484543764)
14 2      - (2000202    10506.2459801469)(1000000    4578.21811828485)(2000002    5207.52549399564)(2000201    1393.81823161659)(2000101    7966.32104933914)(2000211    18144.9918865187)(2000012    5263.61167940832)(2000102    11159.6483154169)(2000121    6368.1703721064)
2 12      - (2000102    13370.446121547)(2000202    8789.83881876191)(2000101    17526.3626372871)(2000012    7513.27639076807)(1000000    12300.8252279092)(2000211    8672.174114755)(2000002    7439.3836063798)(2000201    11770.5188970789)(2000022    10333.3852036308)(2000121    5648.74844859136)
0 16      - (2000022    1306.07493443755)(2000202    19664.2523320561)(2000102    1930.63713391537)(2000012    4998.92705284599)(2000101    13632.1698793709)(2000002    6563.21309355025)(2000201    6287.95147530799)
3 14      - (2000202    1674.96158512745)(2000101    19085.6173440134)(2000012    11888.7159323281)(2000022    6477.295578757)(2000102    10929.3604773785)(2000221    6297.59740969637)
4 12      - (1000000    8287.1372623998)(2000211    5028.68002482475)(2000101    18738.3548876578)(2000202    5969.31168995977)(2000102    5647.45668979899)
13 1      - (1000000    3395.26679852683)(2000102    18931.0729537127)(2000211    3788.02679941048)(2000121    3536.35246942)(2000022    4417.28240210549)(2000101    8579.91951985572)(2000002    6276.70752174772)(2000201    6331.72992137162)(2000012    5002.64169096181)(2000111    4468.46293744376)
2 9      - (2000221    -0.5)(2000012    11513.4912980216)(2000202    936.381634923952)(2000201    18377.5403471734)(2000102    11137.4360490035)(2000211    8293.41366287806)(2000002    17487.2163732879)(2000111    6345.41809195111)(1000000    12800.9455941027)
10 2      - (2000102    17661.2119767291)(1000000    139.246216360551)(2000111    8271.78072297286)(2000002    3284.98975064185)(2000221    3459.91045441794)(2000201    2748.31112050666)
2 10      - (2000111    973.773811173771)(2000002    18246.9433615045)(2000121    11194.8451102604)(2000201    3908.06062738686)(2000100    2639.17182671892)(1000000    16075.2193837464)(2000022    9089.80237012687)(2000202    10638.2144058527)(2000012    15534.4739773161)(2000101    12676.1487258044)(2000102    13519.4180515263)
12 2      - (1000000    1447.37248993906)(2000102    18818.925832641)(2000012    6504.87365408607)(2000111    2218.26034995489)(2000201    3225.14693193533)(2000002    3743.27122451566)(2000022    6348.11576760694)(2000202    4312.06523085002)
1 7      - (2000201    5075.13310979088)(2000012    8217.5102094817)(2000001    18397.813194257)(2000100    4823.71023944364)(2000102    4440.13540171088)
4 8      - (2000211    836.980792563726)(2000101    18389.3698995761)(1000000    4565.40895055854)(2000001    8385.82213760732)(2000100    4729.00922036718)
1 8      - (2000101    10479.3959653082)(2000201    17185.9811882955)(2000121    5859.97358920567)(2000102    7993.3947963821)(1000000    9122.96856625428)
3 16      - (2000201    18009.9681179369)(2000211    -500)(2000002    2098.82702478875)(2000022    9695.28878271916)
11 1      - (2000202    17976.6479912294)(2000002    3093.43489677345)(2000211    3241.01299186593)(2000121    5102.69048645746)
5 0      - (2000102    7507.46265293486)(2000001    2350.18900858561)(1000000    16754.7812468053)(2000201    9397.53795697901)(2000200    12420.1852655193)(2000100    17482.0665581922)(2000202    14823.1912236395)(2000101    15795.8565326537)(2000002    13728.5564104308)(2000111    10832.5995284557)(2000012    6245.92217879677)
14 3      - (2000221    1433.37771106332)(2000002    2717.55821362826)
6 0      - (2000012    2343.88200037475)(2000102    17001.2179089164)(2000202    5604.77521799079)(2000101    13202.3961156968)(2000001    13077.2265272928)(2000200    18245.7730285596)(1000000    17614.0702201048)(2000201    10404.7316296601)(2000002    11606.9444164876)(2000100    12582.6289681911)
13 2      - (2000201    5463.24136927354)(1000000    17788.7833987943)(2000211    2644.61567319761)(2000101    6651.65056296775)(2000012    4772.96068078557)
0 8      - (2000101    7412.62273051134)(2000111    2264.93748264526)(2000012    16428.6400688516)(2000102    7218.39827049432)
3 6      - (2000111    959.156792814671)(2000022    959.156792814671)(2000102    10228.1689034619)(1000000    16397.9265522778)(2000100    8956.95870365183)(2000201    7694.16640167299)(2000200    11989.61253304)(2000101    12257.2910966915)(2000002    12635.9970280971)(2000001    12411.8747554516)
1 5      - (2000102    12384.2966395718)(2000002    15619.4767018078)(2000101    10792.6351888092)(2000200    15085.3923772902)(1000000    16579.016363096)(2000202    14268.0595633657)(2000211    9322.18036591345)(2000100    14440.6023659729)(2000001    10656.3298268574)(2000201    15371.7393377999)(2000111    4856.60066885787)
4 6      - (1000000    17950.6443329254)(2000102    6278.05816754056)(2000202    8972.47291861663)(2000201    18854.2684816582)(2000001    10322.7299427747)(2000200    9619.37879844544)(2000002    6591.16056836579)(2000211    4000.77531716746)
14 1      - (2000022    11355.6575786216)(2000202    4608.45580502704)(1000000    19166.3832825697)(2000002    2431.51237102375)(2000012    4118.47656191196)(2000101    7776.45029829971)(2000102    5805.21155190283)(2000121    6174.83932186381)
5 1      - (2000201    15549.0522532773)(2000100    17095.5698713973)(1000000    16871.9139786898)(2000200    17008.2479185803)(2000102    17074.9993681619)(2000101    13888.3023469014)(2000202    15960.5908918553)(2000001    7636.66526328126)(2000002    16003.1089475997)(2000111    9416.2510889637)(2000211    11038.8277673835)(2000221    4925.74567950031)
1 14      - (2000202    7962.53238814205)(2000012    15248.7771819759)(2000221    10347.0878140318)(2000111    217.072991818797)(1000000    10951.6310592797)(2000101    18075.0558221768)(2000201    11441.7846402607)(2000022    3744.41780049244)(2000002    5970.8513602264)(2000211    6918.13103104111)(2000102    5819.06352462162)
2 15      - (2000022    662.92399614938)(2000002    19725.2143321979)(2000102    9681.67737572269)(2000201    6385.27651437616)(2000111    13842.3764950399)(2000221    6190.77871531049)
0 6      - (2000001    12507.8567704716)(2000211    7199.24078687216)(1000000    16401.5482622531)(2000200    17038.3054302667)(2000202    13139.785835769)(2000100    12349.2307533955)(2000002    10053.1484444668)(2000101    15237.8874169953)(2000201    17043.655936131)(2000102    7658.06631920098)
0 11      - (2000022    6075.05906488824)(2000002    18191.5435300164)(2000201    17185.6700905414)(2000202    8323.94984025249)(2000102    6200.47660902271)(2000012    14426.7158835691)(2000121    15355.8414386861)(1000000    13339.8009550796)(2000111    12043.3044657989)(2000211    6399.92367031032)
0 7      - (2000111    6863.33566757668)(2000002    14798.5884123902)(2000200    4836.66440150507)
4 11      - (2000201    18826.1414640591)(2000202    5120.07307523395)
2 6      - (2000100    17805.2768413164)(2000201    5177.05910656118)(1000000    7548.56268861281)(2000102    12106.7158831896)(2000202    2248.16250353272)(2000200    13424.1410043469)(2000001    10340.6771066276)(2000101    10443.305887835)(2000002    4591.94143500499)
4 7      - (2000012    1641.68139060644)(2000101    18027.4418821723)(2000102    5757.78769475593)(2000001    8452.45577037766)(2000100    4823.5321553444)
3 10      - (2000211    4634.71379106358)(2000002    12881.8917990988)(2000201    18685.4138600579)(2000202    7044.37466962452)(2000102    11355.9141974649)(2000101    12970.3969213076)(2000121    6527.66498935221)(1000000    6401.92993546873)(2000111    5913.20856022344)
16 0      - (2000121    1386.60518948564)(2000111    9709.39579550044)
4 10      - (2000012    20726.5887835204)(2000022    8011.06899556952)(2000111    5634.36153631256)(2000101    9457.40864528142)(2000201    5557.7224255246)
3 5      - (2000100    17574.0962247277)(1000000    17365.0682610187)(2000101    17115.4947671635)(2000002    12296.0550528566)(2000012    4333.57360459018)(2000001    5555.0258493)(2000201    9979.88434055953)(2000102    11631.0213720287)(2000202    13633.5347793473)(2000200    16887.9267429809)
5 6      - (2000102    13594.6286911237)(2000202    16920.279681251)(1000000    13236.6782855029)(2000002    11228.5024206052)(2000101    11341.6111809946)(2000201    6293.69276104122)(2000001    9033.26485139542)
3 11      - (2000002    19436.8878578862)(2000101    6999.76115671938)
0 15      - (2000101    19314.3346539918)(2000221    8353.59694223673)(2000022    5247.74128892987)(2000211    6241.57375579006)(2000002    13507.9588467354)(1000000    5234.50681321701)
3 15      - (1000000    20178.1745356054)(2000211    3982.57808805008)(2000012    6327.52979957944)(2000002    5140.43200139584)(2000101    5102.34877311474)(2000201    5064.56776973215)
2 16      - (2000101    20222.1689980046)(1000000    11165.2632020487)(2000211    10738.0920094462)
3 12      - (2000012    19268.6470665745)(2000002    3519.29089343319)(2000202    6688.96010583717)(1000000    7305.36654058778)(2000201    10940.6329768626)(2000101    5578.58370267488)
6 6      - (2000200    16800.6580638182)(1000000    6239.07504675139)(2000202    7192.45791451691)(2000001    4570.56673427674)(2000201    4275.44330765851)(2000002    4477.01975282424)
4 9      - (2000012    12732.7538532159)(2000002    18494.8876066142)(2000001    4737.14613509405)
6 3      - (2000121    4966.44178412109)(2000002    18094.3294052311)(1000000    16480.7976794094)(2000202    16332.5012199543)(2000101    14589.48564412)(2000100    12434.545310457)(2000201    15311.4422153249)(2000102    9617.76103468203)(2000200    6031.89007598995)(2000001    4810.7323389907)
3 8      - (2000121    2461.14443230052)(2000202    16852.7807940451)(2000102    10144.3702026516)(1000000    8699.79823893185)(2000001    8323.22983243816)(2000100    4797.28066536942)(2000002    8247.63594740742)
6 5      - (2000202    17083.3645167198)(2000001    6886.15665230008)(2000002    13919.9894279381)(2000101    7560.06422968134)(2000102    10588.0541461455)(1000000    4453.57236570747)(2000100    4641.81332062057)
4 13      - (2000002    19282.2137340785)
3 7      - (1000000    16530.3714634141)(2000202    12351.0441187302)(2000200    4810.86386304565)(2000100    4811.15102431306)(2000201    4627.58070341574)(2000001    4442.17679684124)
3 13      - (2000012    18945.1928592334)(2000101    6172.98830718235)(2000102    5066.03260885087)(1000000    4904.60617443117)
4 14      - (2000102    19853.4220242018)(2000012    6203.72024643115)(2000201    9745.94280478489)
15 1      - (2000201    14159.1010405685)(2000111    5020.53535887091)
12 4      - (2000022    8611.75718155342)(2000221    4945.00005212613)
5 11      - (2000102    14829.6997340328)(2000201    6155.48202764793)
7 0      - (2000102    17388.6100655699)(2000221    4732.55349063249)
6 4      - (2000002    18341.2016231247)(1000000    10551.3327571194)(2000100    8774.93530332838)(2000202    6222.62529617462)(2000001    6522.50529617461)(2000200    12786.4770115549)(2000201    4609.88522569506)
0 17      - (2000111    16822.307312651)(2000101    5063.81498584763)
1 16      - (2000022    17942.573189931)(2000002    20132.8493968348)(2000221    6250.94464033053)(2000111    6148.30301427058)(2000012    6217.05103658645)(2000201    4361.03740659404)
5 8      - (1000000    9227.05217335739)(2000100    17491.3571180601)(2000002    4817.48218734939)(2000200    7872.39455321765)(2000201    4500.53545847938)(2000102    4301.98721893799)(2000202    4197.23318923329)
1 15      - (2000102    18717.6230345775)(2000201    6304.35173853747)(2000111    9145.14114368081)(2000202    10731.9749972668)(2000101    9967.45419351533)(2000121    6245.87501596983)(2000211    9721.26089543824)
1 17      - (2000002    18467.5813552234)(2000022    6186.68234266916)(2000211    3491.29038292468)
11 3      - (2000201    15832.7545740947)(2000101    4433.89506966618)(2000012    4486.44179148705)
5 12      - (1000000    11628.0964502728)
15 2      - (2000201    17781.5161024789)
10 6      - (2000012    12076.9083654436)
7 3      - (1000000    16346.9532757925)(2000002    8158.6417548574)
5 10      - (2000211    10758.3690932062)(2000101    13625.4635436638)(2000202    4495.47421587542)
6 12      - (2000201    12086.2265688734)
6 7      - (2000202    15833.9336703213)(2000200    7582.29561963121)(1000000    4453.57236570747)(2000102    4131.0643463519)(2000100    7636.64187128461)(2000001    7848.44121544712)(2000002    4497.3118694344)(2000101    7816.20715578932)(2000201    4282.13391221437)
12 9      - (2000111    6710.95810389117)(2000202    6137.03526081011)(2000012    9294.39953615214)(2000102    6069.68695083915)(2000022    6254.90696399741)(2000101    4892.78723358986)(2000211    5766.64768398882)(2000100    5901.60694113624)(2000221    10288.2181280007)(1000000    5849.17549890835)(2000201    4468.4280951238)
11 9      - (1000000    7346.85182513552)(2000012    6262.66470140771)(2000002    15880.0614549557)(2000202    6015.36997814834)(2000201    6052.90963874327)(2000221    5031.8271389014)
12 7      - (2000211    16404.1323997795)(2000022    6145.14556749338)(2000201    4893.70536816623)(2000101    -0.25)
15 0      - (2000002    16297.9102079754)(2000201    4922.68974381345)
10 9      - (1000000    15110.1762967048)(2000002    10659.3163275353)(2000201    10946.6376614001)(2000101    8645.31200922142)(2000022    4994.49073693058)(2000202    11220.5895794853)(2000211    5121.49015435114)(2000121    5071.70647101929)(2000100    4392.75719283372)(2000102    149.615066114883)
9 10      - (1000000    15057.1843953339)(2000012    13048.9297001127)(2000102    5698.97946179405)(2000101    5582.49669850415)(2000200    4105.31623780978)
12 10      - (2000102    6956.70838314289)(2000101    10562.1590769552)(2000201    4977.3057992516)(2000100    5894.67628713776)(2000211    4603.33317979763)(2000202    5029.2071748109)(2000111    2153.47274969788)
4 17      - (2000002    16197.2052387358)(2000111    5132.31627838972)(2000202    5044.45357217395)
12 12      - (2000102    14646.9725634865)(2000022    9292.54478774453)(2000111    14114.9997949623)(2000002    15310.3747204714)(1000000    15281.1049347372)(2000201    12408.1961451601)(2000012    15333.4626061276)(2000121    14861.5671015506)(2000221    15321.6622812529)(2000101    15185.7342761677)(2000202    12893.8028618114)(2000211    15174.3783318326)(2000100    5918.43556279697)
12 14      - (2000121    6076.94437016877)(2000202    16976.8982904206)(2000211    6583.17692500376)(2000012    6364.11334617098)
9 9      - (2000101    9034.78342690301)(1000000    15237.4028010966)(2000102    9127.55767429974)(2000221    5887.48727896391)(2000202    8508.31883653012)(2000121    6190.4033634095)(2000002    11286.1247863972)(2000111    8345.73513131404)(2000200    4073.66980047687)(2000100    3924.0440927906)(2000201    4238.42981548698)
9 8      - (2000102    15451.7286655727)(2000101    9339.16758167794)(2000211    13613.4272026192)(2000100    7662.08229329172)(2000202    4011.94515318435)
13 10      - (2000121    10576.3517869427)(2000101    10027.8293844589)(2000202    9666.7984715384)(2000012    6076.06924616653)(2000201    5926.6407806234)
13 14      - (2000221    18971.8307800724)(2000022    10910.1585780629)(2000202    5480.59033655823)(2000201    17528.6956855799)(1000000    5750.9698785441)
14 11      - (2000211    15862.5901672582)(2000012    5039.67593526623)(2000101    6267.56740846447)(2000102    6172.14117843823)(2000111    6130.83909978566)(1000000    6155.92633674754)(2000022    5133.14898921559)
14 12      - (2000111    14934.775248987)(1000000    13232.4936418038)(2000102    12999.2684995493)(2000101    5703.72983066306)(2000022    5988.60001955602)(2000002    5174.48013845753)(2000202    4434.58872191446)
12 13      - (2000202    16705.659907062)(2000211    11293.8205013163)(2000221    10498.5278741032)(2000101    5692.8141517607)(2000002    6299.38716506037)(2000022    10707.4567262896)(2000201    6303.43909618485)(2000111    6181.49536637803)
13 15      - (2000211    17778.2995928102)
10 10      - (2000201    15258.6199023555)(2000221    15256.8151126049)(2000022    6209.31140962606)(2000111    5509.52699903083)(2000211    5110.74599027963)(2000102    3851.03309994488)
12 11      - (2000121    15505.6613395571)(2000202    4696.47069183168)(2000002    6121.71264060698)(2000012    6204.84198489721)(2000221    7986.65429762502)(2000102    4705.80810292038)
11 10      - (2000022    10386.8204951838)(1000000    9599.94900856878)(2000111    9865.99969016081)(2000202    6326.43643281275)(2000002    16060.4990641669)(2000200    5870.61687126668)(2000121    5677.38632011673)
2 17      - (2000202    6834.14047628892)(2000211    6322.76940279868)(1000000    17535.799893258)
11 11      - (2000022    10916.9846159813)(2000201    11333.0555888017)(1000000    5923.53184698464)(2000002    5814.89186781792)(2000102    9083.8727267307)(2000012    6211.1627717407)(2000121    4603.33317979763)(2000202    4876.40852148846)
14 13      - (1000000    14888.61392677)(2000102    6473.17124289789)(2000002    6204.50422990556)(2000012    6075.35592586579)(2000111    6299.10667369369)(2000221    9656.27724615125)(2000121    10268.4283948696)(2000201    5183.73307155354)(2000211    7859.8593531204)
11 12      - (2000221    18566.7048160482)(2000022    6183.85851453012)(2000102    5526.05360535836)(2000111    5514.42079955108)(1000000    6100.55893894645)(2000012    5184.75570984291)(2000202    4727.95484138753)
13 9      - (2000022    8020.67926121952)(2000202    9714.12291350078)(2000201    6093.33343187205)(2000111    5874.66114755535)(2000101    7557.99347461164)(2000012    6105.86486793423)(2000221    4674.09874143455)
8 10      - (2000012    8368.09294582937)(2000121    6275.8718337331)(2000002    6134.91001431895)(2000211    10467.395872443)(2000101    16599.1866942029)(2000201    8755.35545669369)(2000100    4754.69996621307)(2000001    4524.64269668045)(1000000    7368.62582076296)(2000202    4227.21975282424)
13 11      - (2000201    16966.4044340409)(2000101    10253.353656381)(1000000    12630.9626404298)(2000111    5820.58707003133)(2000202    6199.16773937504)(2000102    7514.40111714847)
14 10      - (2000201    15987.3161866454)(2000211    6262.29425577558)(2000202    5977.8443463092)(2000022    6131.79237867881)(2000221    4882.37302686855)(2000002    5134.56664172719)(2000101    4663.58107026103)
13 13      - (1000000    15148.3885035524)(2000101    10179.8270957098)(2000202    6493.9850193663)(2000002    6339.0055024316)(2000121    6023.84363268737)(2000022    6314.46728538575)(2000201    8643.00775326607)(2000211    5181.99478369734)(2000221    4352.95003128352)
11 14      - (2000002    16643.0835933472)(2000101    9382.10138763114)(2000102    5956.29995743963)
10 12      - (2000202    15371.0050854826)(1000000    5395.2322724328)(2000221    6202.57352425875)(2000101    6179.30622337778)(2000012    5839.74020687475)(2000121    4637.36309978854)
10 11      - (2000101    15608.0874256627)(1000000    6137.03526081011)(2000221    14293.512307279)(2000022    8968.36854137245)(2000201    4891.30679422327)(2000111    5142.2981711413)
10 8      - (2000121    5799.85504261338)(2000201    16120.4468160902)(2000101    6128.71289870102)(2000022    5954.1720621809)
12 16      - (2000022    16995.1758007132)(2000211    4676.29572439099)
15 11      - (2000201    13773.4953053539)(2000002    9380.18203064472)(2000022    6324.06976662358)(2000211    4417.05254506565)(2000121    4640.79458238272)
11 15      - (1000000    14041.7419838041)(2000002    6184.67387360454)
15 13      - (2000111    18483.5963491678)(2000102    6386.27558869145)(2000221    4744.1930542152)
7 6      - (2000002    6452.18237406296)(2000201    17195.1091807729)(2000200    7724.64628399856)(2000202    9750.54979097243)(2000102    4131.1893463519)(2000100    4468.06184495277)(2000101    4551.85321893799)(1000000    4184.73686943441)
8 9      - (2000012    17178.4451616192)(2000201    16301.493467271)(2000101    6017.16982781001)(2000022    5859.91276660015)(2000100    4214.44307497023)
15 12      - (2000101    14877.052139983)(2000221    5515.3522356472)
14 14      - (2000102    9317.88508572467)(2000101    10884.5357990621)(2000022    4707.72734851334)(2000002    3612.64584678027)(2000012    6324.06976662358)(2000111    3954.78629123456)
16 14      - (2000101    6078.79125818601)(2000012    17138.806637893)(2000102    5309.11677772146)
16 13      - (2000002    12220.9277391094)
4 16      - (2000111    15573.1147016512)(2000012    4990.58523025137)
11 13      - (2000221    16300.8857756045)(2000002    6014.48970057898)(1000000    5885.97341672252)
14 9      - (2000201    9459.4608307775)(2000002    13955.1726228813)(2000022    6623.16164556052)(1000000    6093.33343187205)(2000121    6093.33343187205)(2000202    5866.19426567048)(2000221    6279.75885750655)(2000101    5884.36851453012)(2000102    4812.58386916919)
15 15      - (2000002    16189.2972327918)(2000012    6452.14314168491)
5 14      - (2000002    6608.588329697)
9 11      - (2000101    16390.9732785424)(2000201    8894.53204199946)(2000012    10148.7314445904)(2000121    10006.0715129777)(2000202    4907.75406199127)(2000211    5135.45405645297)(2000022    1229.87667118212)
11 16      - (2000202    17609.0618660498)
10 13      - (2000201    14664.1134562221)(2000121    6214.19824284799)(2000221    5940.74830773945)(2000101    3311.2740944172)(2000202    5881.57614355306)(2000111    11529.6978851921)(2000102    3689.7751783151)
13 12      - (2000202    18110.843099182)(2000221    9676.62638753891)(2000022    4759.35620320919)(2000002    6203.95631852683)(2000121    9128.03567932478)(2000101    5592.25690846902)(2000201    5916.07915406114)(2000111    6068.44138815827)(2000102    5186.70681163785)(2000211    4959.94416324203)(1000000    4531.56168252626)
11 8      - (1000000    14787.2625671593)(2000101    6102.18383971849)(2000102    6258.30580195277)(2000022    6124.66833303294)(2000201    5749.74677700669)(2000221    9391.26959997778)(2000012    1225.23523245657)
9 12      - (2000022    7564.33912297275)(2000201    11017.1170144362)(2000102    7174.43715662825)(2000202    4738.3539563729)(2000002    7826.15645647651)(2000121    3572.56710066412)
12 15      - (2000202    13756.8094649301)
15 10      - (1000000    18304.6907475616)(2000002    6179.33682352689)(2000012    5152.97958956443)
7 10      - (2000012    7376.98546769524)(2000102    6448.43066716259)(2000202    7827.74534998102)(2000201    15167.6591511874)(2000002    6201.58023209101)(2000221    6217.67663505613)(1000000    2827.14944185748)(2000101    1246.11296359468)
8 8      - (2000202    6098.16670908816)(2000211    19762.1724306799)(2000102    16211.1335858548)(2000221    6237.61763302777)(2000022    6358.1628865878)(2000100    4402.52238208855)(2000200    7343.17041089803)(2000002    4024.99330765851)(2000001    4261.84515318435)(1000000    3855.16623780978)(2000201    4105.31623780978)
7 9      - (2000002    17023.1493287325)(2000012    5913.59189783289)(2000221    6380.79809779896)(2000022    6198.5965847553)(2000201    7526.26548797339)(2000100    4551.85321893799)(2000001    4362.35453907854)(1000000    4036.53844277457)
10 14      - (1000000    10408.3538080411)(2000221    9321.8943378141)(2000022    6094.41602959267)(2000101    12526.7236267537)(2000201    5899.98882557836)(2000111    4914.36670499189)
10 15      - (2000022    18389.9479033734)(2000012    8645.49855435786)(2000221    5939.51509780477)(2000211    4798.61943144308)
16 10      - (2000002    19113.2030278199)(2000012    9209.70077856546)
9 13      - (2000201    6482.75250585168)(2000211    9143.08787817354)(2000111    5975.61118395568)(2000002    6539.72284552012)(1000000    6102.18383971849)(2000101    5955.58553101748)(2000221    5860.49194007175)(2000012    6151.01091679068)(2000100    5793.54924824263)
15 8      - (2000111    12974.5092517983)(2000022    6310.13350684028)
16 12      - (2000211    13508.3131793803)(1000000    5018.30631727168)
8 11      - (2000022    18964.8309092935)(2000121    9365.92015281666)(2000211    5866.19426567048)(2000202    5803.08420406698)(2000100    5702.37533020254)(2000002    9313.17737075865)(2000012    5869.68109582634)
14 16      - (1000000    13213.3695140194)(2000221    4746.76051708505)
4 15      - (2000002    19879.7815296422)(2000101    6245.35624733155)
9 14      - (2000002    6885.64422272569)(2000022    5520.21868894045)(2000111    6259.47219617022)(2000202    4858.98259005948)(2000102    4396.1687768513)
12 8      - (2000012    12188.2941611832)(1000000    5976.5584463996)(2000101    5976.5584463996)(2000111    9898.60048839355)(2000022    6373.67908717919)(2000202    5530.1979998609)(2000201    5634.53146300771)
3 18      - (2000101    15833.2234228998)(2000201    5366.47192290565)
16 11      - (2000002    7135.4272561413)(2000101    5890.46684695094)(1000000    5838.99602591254)
8 13      - (2000121    15997.5326862295)(2000111    5794.26300028168)(1000000    5175.07814806915)(2000202    4890.88140964703)(2000221    4656.04134906049)
10 17      - (2000221    17340.5612058759)(2000002    6552.42437679876)
8 2      - (2000202    17596.4364502928)(2000101    8301.67732875575)(2000102    4533.6509062767)(2000001    8123.44548352079)(2000201    4663.98041010246)
13 17      - (1000000    12309.4051723578)
16 9      - (2000211    17832.2318504878)
9 4      - (2000111    6679.6318350605)
11 17      - (2000211    10674.8707909921)
8 12      - (2000022    6079.81295992013)(2000111    5891.67643881888)(2000012    6340.30393095095)(2000201    5623.83184698464)(2000211    6237.46476963226)
15 16      - (2000111    14544.74927006)
8 17      - (2000102    13393.918846914)
7 11      - (2000101    15738.0723923963)(1000000    5549.60065141021)(2000211    5698.97946179405)(2000201    5935.51366744496)(2000102    9089.12923800017)
15 9      - (2000111    18086.0825001924)(1000000    5889.38489343609)(2000202    4468.4280951238)(2000211    4875.3724393139)
15 14      - (2000102    18861.0958383443)
10 18      - (2000201    6244.42004572844)(2000022    6324.33010012021)
17 9      - (2000200    5951.3635210602)(2000111    17569.6634954165)
9 7      - (2000200    16357.3293151833)(2000012    18691.9139652195)(1000000    7328.56582219456)(2000202    4214.61719659037)(2000002    7792.9128329411)(2000101    4282.02491221437)
9 15      - (2000012    11963.4701482505)(2000022    6373.67908717919)(2000002    5123.18722400576)
13 8      - (2000221    19578.8561097607)(2000111    6439.45638852252)(2000102    1318.24679734708)
13 16      - (2000111    13404.2323651242)(2000121    6079.73282250703)
8 16      - (2000101    17805.7887948328)
17 12      - (2000211    10545.6619521389)
14 8      - (2000211    18742.4995989468)(2000102    6010.04914754141)(2000012    6259.98892203194)
8 14      - (2000121    16175.5116956712)(2000201    10311.650685743)(2000102    5742.80088083666)(2000022    10482.3773587854)(2000012    6067.47056551821)(2000002    6229.56730552275)(2000202    4663.58107026103)
7 12      - (1000000    10177.4922540371)(2000002    6233.45181431027)(2000202    4794.54363390134)
8 3      - (2000101    18600.1182370067)(1000000    7902.18590507744)(2000102    4485.45185437872)
8 4      - (2000012    6417.44908540263)(1000000    15759.1097223077)(2000101    4833.03591215116)(2000102    10553.8224786483)(2000100    7529.76214394043)(2000200    10644.5717690908)(2000002    8271.42285505368)(2000202    4410.7356280741)
9 18      - (1000000    11719.295129659)
7 13      - (2000012    9287.29731512202)(2000022    6093.24924824263)(2000102    6132.22346691752)(2000201    6676.52139982389)
15 17      - (2000002    10913.864201282)
8 15      - (2000101    15906.1986791496)(2000002    9592.35616420781)(2000201    5186.71252352512)(2000022    -0.25)
10 16      - (2000012    19443.5411073859)(2000002    4921.86647810069)
7 17      - (2000102    9846.37852953969)
7 8      - (2000221    19303.3613385555)(2000111    3974.01306548988)(2000022    6340.54701307238)(2000202    11768.3127319036)(2000101    16374.1795633853)(2000001    7874.88639685305)(2000002    4513.91759858851)(2000201    4464.76719659037)
18 14      - (2000022    5949.73858944019)
6 10      - (2000101    17503.2292869041)(2000012    6188.8733636113)
6 9      - (2000101    16340.6904846905)(2000100    7381.6820195045)(2000102    4225.63094912798)(2000001    4282.03391221437)(2000202    3775.19330765851)
13 7      - (2000012    6511.75158950108)(2000102    5768.3282424462)(2000002    5127.30609106974)
9 16      - (2000211    18349.3335941384)
2 18      - (2000111    12335.6252608539)(1000000    5216.54775720301)
7 15      - (2000002    14372.9777462321)(2000202    4722.51222105292)
6 16      - (2000111    9215.47016453788)(2000221    6203.29954784003)
16 7      - (2000102    7478.63036412087)
10 7      - (2000012    6362.30926772258)(2000121    4761.35958678747)(1000000    1555.66050369409)
15 7      - (2000002    8786.7808642187)
16 8      - (1000000    15216.4812638804)(2000121    5931.16104315733)(2000221    6288.07075962519)
13 19      - (2000102    9485.26734370231)
8 7      - (2000102    15647.6139128022)(2000221    6271.07683547518)(2000202    10024.6023767279)(2000200    7581.74708964492)(1000000    4264.11759858851)(2000201    7822.51776945694)(2000002    7551.76872628152)(2000100    4551.85321893799)(2000101    7257.33855963865)
18 7      - (2000202    7249.69215158396)
15 3      - (2000211    9655.93593865596)(1000000    5026.51847543717)
14 15      - (2000022    6114.13171849285)(2000202    15594.2681964296)(2000221    4945.4629478079)
7 14      - (2000211    12864.6947946643)(2000121    4765.20646336305)(2000101    5010.57926887632)
7 7      - (2000102    16387.3628589805)(2000101    13826.7478272703)(2000202    12885.2440721454)(2000201    10409.4851051281)(2000001    4538.29083718504)(2000100    7884.66334507524)(1000000    6844.14690385024)
14 7      - (2000101    9331.87434859529)
14 6      - (2000012    6217.97810612796)
6 11      - (2000111    18538.2180815015)(2000102    9753.8668475287)(2000022    5152.92702679657)(1000000    4779.4571748109)
8 1      - (2000102    9096.92602810207)(2000202    5447.64307458737)(2000201    4635.64353822449)
6 15      - (2000101    9374.70395493943)
6 8      - (2000221    6348.25355162968)(2000100    16081.9351208694)(1000000    11571.0173859585)(2000201    4578.57679761308)(2000200    7912.95677070243)(2000102    4192.27679684124)(2000202    4214.61719659037)(2000001    4468.99927893193)
7 16      - (2000111    5444.23097631158)(2000022    5814.30746941424)(2000012    5760.77795290944)
6 17      - (2000100    5925.22362298572)(2000102    3331.78735000839)
12 18      - (2000002    6130.39659578096)
13 4      - (2000101    12308.5977674299)
16 6      - (2000012    4025.55839957634)
16 3      - (2000202    6436.41509360214)
5 7      - (2000102    15948.4065679247)
17 15      - (2000211    9154.10385800033)
1 18      - (2000101    12190.7124982612)
4 18      - (1000000    13954.8998157888)
17 11      - (2000002    6110.86423025703)
11 7      - (2000022    4956.90415350698)(2000012    4879.90215050574)(2000111    5110.77855439313)
12 17      - (2000221    13008.1692597569)
6 13      - (2000121    16871.9893097115)
16 15      - (2000202    4674.07200143455)
6 14      - (2000211    5167.86885941916)
11 6      - (2000012    6598.59869322352)(2000121    -0.25)(2000201    2136.58291244159)
19 8      - (2000101    7924.22320602579)
10 21      - (2000002    11375.5324502115)
17 14      - (2000221    4965.51125845962)
13 6      - (2000221    5615.64317348409)
12 6      - (2000211    5112.83642908298)
9 22      - (2000201    4659.58858771855)
24 11      - (2000121    8755.41576118941)
9 24      - (2000202    5730.70728229498)(2000002    1209.1600556228)
24 12      - (2000002    18063.1671567975)(2000102    4511.57972096202)
21 10      - (2000201    6991.1526771685)
20 11      - (2000221    17575.052851115)(2000012    2785.29665771488)
11 26      - (2000121    5277.23195171334)(2000012    1244.26848300835)
12 3      - (2000022    8844.27366970693)(2000111    4531.20556906536)
6 19      - (2000102    4854.27197716752)
21 8      - (1000000    11310.778599367)
22 12      - (2000211    8338.46819647675)
9 21      - (2000002    13477.7141617915)(1000000    1268.71008365972)
21 11      - (2000012    8557.34545560003)
7 2      - (2000200    18323.4720175838)(1000000    4552.75858926992)(2000002    4824.55940858633)(2000001    8365.85428601942)(2000100    4798.83403861603)(2000102    4223.93205397276)
16 2      - (2000211    8439.37529374685)
20 10      - (1000000    12067.7060556878)(2000111    4619.04053477937)
7 4      - (2000001    17604.3750124294)
16 16      - (2000022    8817.78417620886)
8 5      - (2000001    17796.6526477184)(2000002    4823.2739216058)(2000201    4711.52874024576)(2000200    4800.42248995377)(2000102    4347.34040651494)(2000202    4214.61719659037)
13 20      - (2000012    4967.69970167409)
11 23      - (2000211    4822.49442831088)
14 24      - (2000012    5119.13370727651)
25 13      - (2000012    11421.2727633344)
12 26      - (2000012    7368.03885959274)
21 7      - (1000000    4369.84754971776)(2000100    7647.23321200608)(2000012    6421.50834325957)
7 5      - (2000101    17508.3540407035)(1000000    7545.30531185887)(2000002    7955.05370589181)(2000202    4225.63094912798)
20 8      - (2000221    17689.6667557583)(2000022    3738.0192757395)
17 8      - (2000012    4389.71132517982)(2000121    7801.87656854837)(1000000    3385.52502427237)
10 20      - (2000211    13545.358256139)
8 6      - (2000100    17370.7891511538)(2000101    4541.30090050245)(2000200    7849.88900241496)(2000102    4301.98721893799)(2000002    4502.79457711427)(2000001    4445.01829519285)
7 1      - (2000001    17601.7915841004)
14 21      - (2000002    4971.8193563281)
18 17      - (2000012    7191.29881814379)
17 10      - (2000012    3821.14352580766)(2000102    4544.30814725992)
20 9      - (2000201    13132.6684306332)
13 22      - (2000111    4825.5594405391)
18 16      - (2000202    8616.98696114168)
13 3      - (2000111    8388.39049707834)
18 15      - (2000002    8382.10423906551)
13 25      - (2000002    4492.93145402502)
5 9      - (2000101    18529.8351888135)
18 10      - (2000102    5014.95646336305)
22 14      - (2000022    8930.14547210802)
25 7      - (1000000    4933.63202858349)
13 26      - (2000101    4933.63202858349)
3 17      - (2000211    11621.9533591459)(2000101    4802.9031314879)
22 16      - (2000111    7794.74566436802)
17 16      - (2000012    5022.62793217653)
22 15      - (1000000    4724.24016158198)
25 12      - (2000101    4724.24016158198)
9 26      - (2000202    8991.64902293408)
9 23      - (2000012    3695.09603351914)(1000000    4905.13975550854)(2000101    -0.25)
9 17      - (1000000    16415.7336231534)
3 19      - (1000000    8612.30563916616)
28 11      - (2000022    -0.2575)(2000202    175.505051883627)
1 19      - (2000002    11389.1894658007)
20 13      - (2000102    4997.85985834241)
26 12      - (2000012    4813.52512814169)
25 11      - (2000201    8062.69714833477)(2000101    4627.27185408195)
10 24      - (2000022    46.9666827957884)
5 13      - (2000111    4984.5446343638)
26 7      - (2000201    4768.03446638158)
17 19      - (2000012    5039.27330971115)
14 17      - (2000002    4605.52473665832)
20 15      - (2000201    4637.36309978854)
7 19      - (2000121    4637.36309978854)
20 12      - (2000211    7963.35926574136)
24 15      - (2000221    7812.74236345276)(2000211    4242.04449341322)
24 7      - (2000111    4914.36670499189)
22 7      - (2000111    4944.9647861067)
21 0      - (2000202    8532.19075951581)
2 22      - (2000022    -0.4375)
1 22      - (1000000    4760.76305274542)
1 21      - (2000002    7173.95442857706)
0 22      - (2000111    5068.08410984537)(2000012    4796.62900758074)
22 9      - (1000000    8225.69601151053)
22 2      - (2000211    -0.25)(2000101    10913.6908413394)
0 24      - (2000102    8788.94160475472)(2000202    15710.7235386131)(2000002    5052.99889773736)(2000121    4796.88675287757)
14 5      - (2000201    4955.86618051071)
25 1      - (2000211    8669.14743241234)
11 4      - (2000202    11880.3612185339)
0 25      - (1000000    4892.04461992958)
20 7      - (2000211    14516.7327280574)
25 0      - (1000000    8669.89007397602)
19 14      - (2000221    14836.3822478692)(2000202    2108.75591785863)
24 1      - (2000111    8480.7453718146)
1 28      - (2000111    8095.78228663616)
24 0      - (2000012    16359.6360798885)(2000101    5052.96080428984)(1000000    4751.16638517826)
8 21      - (2000201    4547.39711994572)
13 5      - (2000121    5578.69044454297)
22 6      - (1000000    12223.1792391312)
26 3      - (2000102    9658.16423779559)
26 0      - (2000022    4946.65688325749)(2000101    13251.8892289824)(2000201    4796.62900758074)
1 23      - (2000022    4938.00926295913)(1000000    166.331308280743)
2 24      - (2000022    11339.600609291)(2000111    4779.72664383563)
21 6      - (2000121    16260.9605432726)(2000101    -0.25)
23 8      - (2000002    4589.00720420359)
23 0      - (1000000    8800.13168456583)
27 2      - (2000211    8433.76521694407)
8 23      - (2000121    7984.66092748535)
2 26      - (2000201    4910.8106280741)(1000000    4917.26123547002)
0 28      - (2000022    5030.79434239408)
19 12      - (2000012    4576.61083384344)
4 29      - (2000022    4910.7356280741)
3 25      - (2000121    4924.38502893444)(2000221    4432.16855238551)
27 6      - (2000100    4405.10688462505)(2000102    8151.57748557846)
16 1      - (2000012    5024.76530816144)
9 3      - (1000000    7690.7815819592)
3 28      - (2000211    4904.72178675195)
7 24      - (2000102    4501.31554318153)
18 8      - (2000201    4569.93523640118)
27 1      - (1000000    2172.6953954898)
22 0      - (2000102    4697.33461452339)
21 1      - (2000211    4900.99887283651)
0 21      - (2000012    8448.77146291442)
28 3      - (2000202    8467.50998161242)
29 5      - (2000102    8595.03564491497)
28 4      - (2000211    4901.91592982628)
23 4      - (2000002    4900.86549803767)
25 9      - (2000101    14805.2906511494)
23 2      - (1000000    15908.7348927062)
0 26      - (2000202    17382.1847960299)
25 2      - (2000202    11402.8580882148)
2 28      - (2000012    4946.59731372898)
26 4      - (2000101    11164.7437654979)
9 25      - (2000221    5577.506771674)(2000101    163.628490601949)
10 27      - (2000202    4985.74137964709)
28 7      - (2000221    8590.85494779695)
19 7      - (2000022    3756.88433056939)
22 1      - (2000101    4966.27120446452)
25 5      - (1000000    8505.74781376629)
26 1      - (1000000    13248.5032992048)
24 3      - (2000201    4917.26123547002)
4 24      - (2000101    8459.22338524727)
18 9      - (2000101    14352.9315890124)
29 2      - (2000202    4446.23025534016)(2000002    10038.41650886)(2000221    4260.54447374178)
26 2      - (2000201    15333.1319463801)
28 0      - (2000221    14157.2163310601)
24 9      - (2000111    11109.7821410819)
0 19      - (2000101    4946.69532520977)
12 24      - (2000102    4934.70134905272)
6 29      - (2000121    4960.86828049599)
28 2      - (2000121    11660.6473771907)
2 25      - (2000211    8376.10615274122)(2000101    4610.75254514834)(2000012    5075.84033463889)
23 3      - (2000102    11150.8101021318)
27 4      - (2000202    8424.29293889942)
28 1      - (2000022    8581.86022678603)(2000012    4885.69668516312)
19 10      - (2000012    1230.65875723361)(2000121    3870.36026964382)
5 25      - (2000101    8526.11664876997)
25 3      - (2000211    4895.4035581349)
19 11      - (2000102    4630.12896243401)
21 2      - (2000012    -0.25)(1000000    250)
22 4      - (1000000    2774.67820504683)
18 12      - (2000002    -0.25)
29 3      - (2000121    8417.29636859733)
0 29      - (2000202    4376.15759901485)
27 3      - (2000202    4915.38551306901)
29 6      - (2000111    4386.32195378116)
16 21      - (2000102    3093.37948637551)
29 4      - (2000111    4203.96700156265)(2000211    4203.96700156265)
29 1      - (1000000    4149.91804343684)
24 4      - (2000111    4718.4694104769)
3 23      - (1000000    8496.59234152416)
24 2      - (2000211    4817.79954198328)
16 19      - (2000012    4505.94969530143)
23 16      - (2000012    -0.25)
24 6      - (2000202    4837.6902224912)
19 16      - (2000022    -0.4375)
4 22      - (2000012    8567.62674262414)
2 27      - (1000000    4344.5887224186)
2 23      - (2000201    4779.90164383563)
1 26      - (2000121    8492.48284488062)
2 21      - (2000012    4948.08627843998)
0 23      - (2000202    8450.27396615599)
20 3      - (2000201    -0.25)
20 0      - (1000000    4658.79090155949)
0 27      - (2000012    4810.91955669823)
4 26      - (2000022    5295.2252277849)
25 4      - (2000102    4865.59456399412)
11 19      - (2000221    10439.4531975193)
1 27      - (2000211    4770.10931288998)
19 15      - (2000111    8105.55606774488)
7 28      - (1000000    4791.20990050245)
10 25      - (2000221    5991.0351286508)(2000202    176.400952883277)
23 9      - (2000111    4476.13575626997)
10 3      - (2000002    4905.81159058693)
4 27      - (2000121    8026.06119492131)
4 21      - (2000012    4980.44207177071)
24 5      - (2000111    4740.95577957884)
20 2      - (2000101    4740.93077957884)
19 3      - (2000201    4755.96927199807)
19 1      - (2000202    4754.07135965697)
23 10      - (2000111    3981.51154453115)
19 9      - (2000121    8165.61039527453)
24 10      - (2000012    -0.25)
26 5      - (2000102    8562.11499239195)
0 20      - (2000002    4738.793273778)
19 13      - (2000221    7632.73270828217)
9 6      - (2000002    12629.440024423)(1000000    7414.05376045523)(2000001    4468.99927893193)
13 18      - (2000102    2827.14944185748)
18 6      - (2000211    3212.07762591523)
28 5      - (2000211    4737.58819661068)
1 24      - (2000221    4496.87595659991)
25 10      - (2000101    94.1995021382716)
7 25      - (2000202    4767.07532625779)
2 19      - (2000002    4740.5851170814)
15 5      - (2000101    4344.76781868561)
6 25      - (2000202    4894.66666613998)
11 21      - (2000202    7950.56587636314)
23 14      - (2000102    2216.91896542155)
19 18      - (2000102    -250)
3 29      - (2000121    308.759713021171)
21 16      - (1000000    76.6593593865596)
11 25      - (2000101    469.179089759908)
10 28      - (2000211    355.320721273127)
19 17      - (2000202    48.9117009992958)
18 13      - (2000121    196.533242810441)
26 11      - (2000101    1275.1731652498)
22 17      - (2000022    -0.01)
3 24      - (2000111    149.355479624928)
21 14      - (2000102    -9.91)
22 10      - (2000211    371.93294342626)
14 4      - (2000101    141.441841391106)
9 5      - (2000001    700.657461419562)
2 20      - (2000012    161.579230372655)
5 26      - (2000211    163.204659878889)
12 21      - (2000201    182.006188241014)
22 8      - (2000101    45.8251620288838)
15 4      - (2000022    187.498899477857)
17 7      - (2000121    188.848828496802)
5 29      - (2000022    187.405144425935)
3 21      - (2000101    179.473479103733)
1 25      - (2000201    466.791898047888)
23 13      - (2000102    227.55246769922)
20 16      - (2000012    -0.01)
3 26      - (2000201    340.808827855749)
6 24      - (2000101    164.538000642569)
11 28      - (2000201    162.635317140749)
20 17      - (2000221    189.502844054101)
6 26      - (2000221    165.389528846165)
7 21      - (2000102    166.300549423731)
27 12      - (2000202    194.733306140244)
14 19      - (2000022    156.919130096104)
21 12      - (2000211    189.780294695794)
17 17      - (1000000    188.700824008546)
17 0      - (1000000    142.612789089496)
20 18      - (2000121    141.982783642698)
10 26      - (2000002    184.06995798516)
16 17      - (2000102    177.240761182282)
22 11      - (2000101    180.886803882939)

