697
0 0      - (1000000    3815.33299197945)(2000201    3782.97642600381)(2000101    3676.5721000368)(2000002    3768.90697498232)(2000012    3733.85238812214)(2000111    4614.15061798383)(2000022    184.48976034407)(2000211    3791.69032858268)(2000221    -709.539059925915)(2000121    -698.814405364252)
2 2      - (2000012    2792.42537033598)(2000111    4745.95889598609)(1000000    3881.97691849644)(2000201    3815.24674940816)(2000121    -820.928844280159)(2000022    14.858401359415)(2000101    3536.44797980577)(2000002    3757.28669182682)(2000221    -866.555825129064)(2000211    2364.73554802563)
2 1      - (1000000    3890.72615559144)(2000201    3727.02032602718)(2000101    3882.83736280594)(2000002    3867.24199087699)(2000012    3457.43660200187)(2000121    -1094.92735767255)(2000221    -1045.91796926428)(2000022    -256)(2000211    3488.24178958709)(2000111    5121.3601355869)
1 1      - (1000000    3905.31086478271)(2000002    3547.35845630328)(2000211    3603.98578879041)(2000201    3907.3036278561)(2000101    3305.48744465698)(2000012    2835.97908364466)(2000121    -882.04123357434)(2000022    62.477143981728)(2000111    4785.53399102397)
0 2      - (2000201    3769.58979732615)(2000111    4875.64051175958)(2000002    3506.65300401782)(1000000    3801.97584860837)(2000101    3464.36309560582)(2000012    3305.35688829475)(2000022    127.621847905456)(2000211    3282.70451740508)(2000121    -953.88217313419)(2000221    -914.503586567095)
3 1      - (2000111    1484.25999391695)(2000221    -1696.67043969477)(2000121    -1834.86172747545)(2000002    3674.7350418882)(1000000    4052.92741125384)(2000201    3211.59766244372)(2000101    3555.79922706294)(2000211    1322.40458318641)(2000012    1356.97419641142)
3 0      - (2000121    -1365.32273702773)(2000201    3749.05296534761)(2000012    2914.10525218067)(2000211    2913.87100914878)(2000101    3316.38087008671)(1000000    3994.44699734384)(2000111    4868.15991863804)(2000002    3238.15995575522)
1 2      - (2000201    3462.87026726938)(2000002    3778.69434969331)(2000221    -999.136644941577)(2000101    3460.27643658481)(2000111    4971.78426158441)(1000000    3819.47421147252)(2000121    -1056.16475983994)(2000022    -289.759541716808)(2000211    2972.67667610983)(2000012    2760.8653240333)
1 0      - (1000000    3993.04643860715)(2000101    4003.13687871165)(2000201    3998.11226513036)(2000002    3534.28969750014)(2000012    3018.04870104162)(2000221    -500.41037734375)(2000111    4745.91354258784)(2000211    3189.02561170931)(2000022    -153.148534020227)
0 1      - (2000012    2890.31002578798)(2000101    3985.11972983399)(1000000    3996.21945070189)(2000201    3391.9348420924)(2000002    3550.10257813699)(2000211    3384.63812856848)(2000221    -854.084675234354)(2000022    178.562832057008)(2000111    4947.51951240781)
2 0      - (1000000    3800.94270878083)(2000101    3835.2930100853)(2000002    3255.21643760249)(2000111    4837.60083460565)(2000201    3402.3078314678)(2000221    -1218.5927078253)(2000121    -1124.71024117919)(2000211    3221.65632145094)(2000012    2980.4329263256)(2000022    -676.898747269112)
1 4      - (2000211    2407.77400102321)(2000221    -1000)(1000000    3820.57989867471)(2000121    -799.008227231443)(2000101    3282.01424713501)(2000201    3342.82513852068)(2000002    3194.6630773966)(2000022    -250.625)(2000111    483.352595194682)(2000012    1717.34904041124)
3 2      - (2000121    -1204.69403797084)(2000012    2848.62391328346)(2000111    3139.71146340616)(1000000    4262.7216425788)(2000211    -1063.73954406744)(2000002    3383.96494135421)(2000201    3350.79029183731)(2000101    3269.98039183704)
5 4      - (2000201    -1145.20606675253)(2000012    496.710910285972)(2000121    -520.206066752528)(1000000    4316.8310233147)(2000211    647.285388082261)(2000002    1689.40754227345)(2000111    1059.12258465315)(2000101    1205.81632339173)
5 1      - (2000201    2207.58642583011)(2000101    1971.73983504434)(2000111    4500.96139772769)(1000000    3786.31102479454)(2000211    1246.27730910121)(2000012    961.595549147669)(2000002    2078.96452747677)
2 3      - (2000121    -1116.86918683743)(2000002    3482.32865837419)(2000111    4723.9353973666)(2000012    3089.63507564561)(2000101    3595.45938477516)(1000000    4614.14364235484)(2000211    2271.90072825989)(2000221    -832.29578078222)(2000201    4142.65568283141)
4 4      - (1000000    4558.4568502659)(2000211    -1500)(2000101    1608.99832703422)(2000201    1227.23057751557)(2000002    -202.935222754658)(2000111    2466.42546624235)
1 3      - (2000201    3343.72130965769)(1000000    3929.13056648658)(2000221    -1295.10889409426)(2000002    3931.19495178895)(2000101    3798.70916899468)(2000211    3254.87126949367)(2000111    4726.99662751762)(2000012    2389.30083365739)
4 6      - (2000211    -1434.73444882073)(2000022    3.39832676891094)(2000101    2416.89466064574)(2000012    -167.026416917772)(2000201    588.660096134536)(1000000    3785.65613993348)(2000002    1137.72037049254)(2000111    1102.27365686065)
0 6      - (2000201    1568.92078535983)(2000221    -1000)(2000211    1265.87502964612)(1000000    3640.1951865552)(2000002    1356.49603362528)(2000012    320.55817308568)(2000101    1986.14786225591)
0 3      - (2000101    3480.45955570673)(2000121    -949.346211203535)(2000002    3758.5714712651)(1000000    3816.5740774537)(2000201    3683.52079840581)(2000012    3329.86573176671)(2000211    2942.92153752628)(2000111    4847.75241720068)
3 4      - (2000002    3318.7979106948)(1000000    3803.71883068997)(2000022    -1)(2000101    2513.94744913831)(2000201    2413.02090787193)(2000012    791.479567386558)(2000111    2814.66804944962)
4 0      - (1000000    3632.74158443586)(2000221    -1001.01698729807)(2000211    -94.8957903931633)(2000002    3343.5796195576)(2000201    3268.87218255728)(2000101    3668.86200219227)(2000111    2674.3032618629)(2000012    2706.10589944481)
4 2      - (2000201    2639.48039315246)(1000000    4509.28007921623)(2000211    2009.67670886938)(2000101    2452.8613528603)(2000012    1373.34433225326)(2000121    -797.014663255715)(2000002    3150.63576831138)(2000111    4481.30447612707)
0 4      - (2000201    3326.38710290885)(2000101    3490.8314734251)(2000002    3200.40124669294)(1000000    4000.83120909821)(2000211    1679.63979371357)(2000012    1939.95097145295)(2000111    1863.26213588101)
4 1      - (2000101    3638.58560077998)(1000000    3831.17099422316)(2000002    3537.39337012218)(2000221    -1211.38139611225)(2000121    -922.762792224496)(2000201    3379.75562288066)(2000211    547.519550829003)(2000111    2910.6738872323)(2000012    770.821495235807)(2000022    -1)
4 3      - (1000000    4050.36857017008)(2000201    3469.02475129822)(2000002    2462.38977182881)(2000211    2324.99439383439)(2000022    -61.7619319598862)(2000101    2695.3790483024)(2000111    1098.99747514135)
5 0      - (1000000    2918.32050448563)(2000201    2758.44027694894)(2000002    3828.10347775874)(2000012    1777.7696499289)(2000111    1252.3353953572)(2000101    1377.06222090746)(2000211    1139.96508483553)
5 2      - (2000221    -909.951054273393)(2000121    -523.384036182262)(2000201    1601.23437498574)(1000000    4647.65040824494)(2000211    -194.20861199827)(2000012    363.539851983303)(2000002    3606.04490741539)(2000101    2160.72887929665)(2000111    2142.09840968427)
5 3      - (1000000    4153.24571458147)(2000012    -555.409517355622)(2000201    547.684464937893)(2000002    3339.0004281329)
1 5      - (2000201    2651.41062296843)(1000000    3581.86281936318)(2000211    1151.10709134846)(2000002    2776.40657513844)(2000101    1289.5047403381)(2000111    1006.42034922012)
3 3      - (2000211    975.133255498175)(2000101    4023.33214045799)(2000002    3490.28711117699)(2000221    -1047.26466325572)(2000121    -971.806108147114)(1000000    4701.97998891947)(2000111    4821.8813008435)(2000012    1454.48682462456)(2000201    3659.95951915755)
2 4      - (2000101    3405.80130887727)(2000002    3398.11004456116)(2000012    -125.938122869286)(1000000    3944.15105299185)(2000201    3930.84979303226)(2000111    1091.70853889157)
0 5      - (2000111    3030.71220377881)(2000022    -375.9375)(2000201    1778.50435023051)(2000002    1218.40465551439)(1000000    3633.5718250242)(2000211    672.922071567056)(2000101    2749.80656475966)(2000012    1028.75212027162)
2 6      - (1000000    3978.27808766523)(2000111    194.932703247745)(2000101    484.351747548406)(2000002    452.883899940928)(2000201    1831.71021397901)(2000211    2019.37810152809)
2 5      - (2000101    2647.2925613844)(2000201    334.203468613615)(2000111    1495.88994724489)(1000000    3923.22878230811)(2000211    983.469224677629)(2000002    1879.57209890394)(2000012    870.737604870198)
6 1      - (2000101    264.897540814578)(1000000    3512.99663068218)(2000201    1182.76121980207)(2000111    1044.87454953102)
1 9      - (2000022    457.749951145648)(2000101    -670.617800222485)(2000201    -262.996953082136)(2000012    140.057718940319)(2000121    -620.170935451361)(2000211    -776.195326018796)(2000221    -785.821872410019)(2000002    -728.372962945964)(2000111    -244.291314973309)(1000000    3498.65477604173)
2 9      - (2000201    1518.56517177842)(2000101    -1101.55538166051)(2000002    -903.327142446332)(1000000    3393.16392842748)(2000221    -866.998469787315)(2000111    -934.111228146017)(2000211    -806.85076775794)(2000121    -757.093414516556)(2000022    234.75595534894)(2000012    -148.706602635388)
9 2      - (2000121    -925.384300781875)(2000101    -652.423894513158)(2000221    -841.105993492784)(2000022    158.367192438395)(2000201    2664.79493667086)
0 10      - (1000000    -485.611716234793)(2000022    479.373108763807)(2000101    -223.223181810577)(2000211    -723.590756474549)(2000201    -604.230572652054)(2000221    -250.27580835623)(2000111    -250.27580835623)(2000121    -137.267820462147)
0 9      - (1000000    2363.04493726845)(2000022    232.647750425547)(2000201    871.121100863079)(2000211    -770.65422432256)(2000121    -698.607585299774)(2000111    979.360207405801)(2000101    677.221977144356)(2000012    -17.6582373162039)(2000002    3950.68982681542)(2000221    -752.525657056209)
2 10      - (2000111    -878.7801102216)(2000012    -5.75276720990925)(2000101    -972.826081882403)(1000000    -638.230953009375)(2000201    -283.29354784857)(2000022    344.138142898311)(2000221    -618.071717649655)(2000002    -607.282770509019)(2000121    -672.664272041843)(2000211    -749.792892274696)
1 12      - (2000211    -767.997100232148)(2000201    -495.827297650427)(1000000    -386.6536906492)(2000022    2144.0674712408)(2000012    104.252235813891)(2000121    -450.217264261085)(2000101    -405.50386353748)(2000111    -383.07984597269)
2 11      - (2000201    -272.522561210786)(2000121    -586.865122602147)(2000211    -473.31188352156)(2000012    327.703589876236)(1000000    -305.348295682917)(2000111    -461.746458232245)(2000022    314.545333385012)(2000002    -434.579048113458)
14 0      - (2000111    -255.289410974307)(2000012    4761.74822271764)(2000002    212.814909951258)(1000000    108.446674720564)(2000101    955.509546782483)(2000201    106.722650665203)(2000121    1630.45122538085)(2000022    1112.63559501713)
1 10      - (2000002    -385.965603498333)(2000101    -492.69983167413)(1000000    -553.601510073894)(2000201    -567.13442393535)(2000121    -661.231176635103)(2000022    190.806017367203)(2000211    -573.728084165642)(2000012    82.1843126767681)(2000221    -492.507003324135)(2000111    -475.522291939462)
1 14      - (2000201    841.329205889237)(2000121    285.048784848686)(2000022    4588.44993781752)(2000211    154.703672169332)(2000002    443.83551929947)(1000000    -81.7279610322998)(2000111    1484.83977333449)(2000101    -750.57478932273)
13 0      - (1000000    -380.517651097999)(2000101    3629.24702822211)(2000201    -109.042456336429)(2000121    -300)(2000211    -510)(2000221    1532.08346032052)(2000111    913.617215869227)
0 14      - (1000000    3.41534042854138)(2000111    1683.8283045419)(2000012    92.7580695701311)(2000022    1149.90469674025)(2000211    -184.179548555564)(2000201    -174.337906106831)(2000002    3711.17477394653)(2000101    -361.821491356527)
2 13      - (1000000    1553.78305826792)(2000101    352.78431143076)(2000211    3393.45412830489)(2000002    2730.65129692072)(2000012    4245.1974387121)(2000111    2243.58018071621)(2000022    3867.0578999656)(2000221    2758.35599727439)(2000121    1097.74570920449)(2000201    2413.9898899017)
1 13      - (2000201    3654.42045076841)(2000101    622.177092416606)(2000211    -345.879950911589)(2000002    -130.632764055294)(1000000    -353.802655537351)
14 2      - (2000111    -174.145268204403)(1000000    132.276228710106)(2000012    35.7344008059962)(2000002    2630.91884037941)(2000211    11.8935956153403)(2000101    843.474760717959)(2000201    -272.633905853269)
10 2      - (2000201    -989.423373040367)(2000002    -991.419675511029)(2000121    -1105.31457632448)(2000111    -967.319656287606)(1000000    -870.706042279417)
12 2      - (2000101    -689.038042904072)(1000000    -446.425055428577)(2000002    -742.035757674961)(2000201    -389.51755429841)(2000111    -760.18418249739)(2000121    -498.610546189138)(2000022    312.860579127693)
9 1      - (1000000    -882.663496043329)(2000022    153.252372857266)(2000101    -564.25)(2000012    -25.2868012452978)(2000111    -673.802189551828)(2000201    -374.153417313838)(2000002    2814.34821557126)
12 0      - (2000012    4141.21112285437)(2000002    3266.9393691086)(1000000    3372.44159897394)(2000101    3434.43148156241)(2000201    3483.55887920547)(2000111    3488.3398958315)(2000211    3525.56358629786)(2000221    3385.9260106774)(2000121    3429.46508667141)(2000022    4518.45559109916)
0 13      - (2000101    -196.740322679776)(2000111    -388.954792984713)(1000000    1194.17729333804)(2000012    136.758889219043)(2000211    -712.951812578419)(2000022    4585.68205728315)(2000002    -277.22562880032)(2000201    -303.235674569223)
13 2      - (2000012    29.7253162602803)(1000000    -48.0240346632622)(2000211    450.421154820695)(2000101    -467.311666185346)(2000111    124.350928543982)
2 12      - (2000221    -525.213438204733)(2000022    187.653742965787)(2000012    -128.5)(1000000    -323.494301224594)(2000121    -318.085407530942)
0 11      - (2000002    -673.601783358735)(2000012    358.838863477485)(2000111    -1012.49296765399)(1000000    -509.932540690431)(2000121    -479.486458125477)(2000201    -627.830012915723)(2000022    192.333696330191)(2000221    -329.952320143129)
12 1      - (1000000    -607.347309896677)(2000012    373.712276881343)(2000211    -626.082162289239)(2000022    -113.380059049352)(2000002    -343.022684977785)(2000111    -420.468348064176)
11 1      - (2000101    -7.49920150878971)(2000012    2482.73248884536)(2000002    434.839239249432)(2000022    4436.49673087764)(2000111    561.408651373294)(2000221    1240.91342589628)(2000211    1510.84831289376)(1000000    2729.55527082226)(2000201    844.967150552069)(2000121    2348.17051979747)
11 2      - (2000111    -801.137770386884)(2000201    -642.204172919752)(2000211    1429.29693562288)(2000121    417.243179766848)(2000101    -4.56310747552266)(2000002    684.080852675884)(2000022    4487.83190343569)(2000012    2470.20622901687)(2000221    1826.67681930294)
14 1      - (1000000    3658.1962855329)(2000002    -21.6740298852148)(2000201    138.374187777302)(2000121    800.200088790742)
12 4      - (1000000    -4.99946767252647)
1 11      - (2000101    -703.796144179019)(2000201    -707.114512958358)(2000022    320.78531561286)(2000221    -483.76403726453)(2000012    177.302892846011)(2000111    -278.563241457925)(2000121    -380.407184167643)
0 12      - (1000000    4021.16697458696)(2000111    3800.24033910774)(2000012    4600.15661307123)(2000211    3968.05114858048)(2000002    3899.46730675997)(2000101    3847.78485998205)(2000201    3804.05909089566)(2000022    4724.38718691981)(2000221    3808.20604987485)(2000121    4004.83039163737)
10 0      - (2000012    4616.69592704213)(2000221    -648.878972613256)(2000201    906.752617989429)(2000211    -641.141045883134)(2000101    -252.724187587825)(2000002    -570.329052521095)(2000111    -396.564163431722)(1000000    -246.508595948121)(2000022    275.069700682866)
10 1      - (2000221    -689.495125146556)(2000012    4561.68852763132)(2000101    564.484941736012)(2000211    747.202627527545)(1000000    -575.617993835364)(2000201    -562.066437366695)(2000121    -608.25579530622)(2000002    -608.25579530622)(2000111    2488.62786831554)(2000022    186.843796425727)
3 15      - (2000101    -149.348710265351)(2000012    110.985859099453)(1000000    -134.276166171143)(2000002    -159.322877560187)
11 0      - (2000101    -752.200748618681)(2000121    -921.831120985913)(2000221    343.085587808974)(1000000    2534.1070662456)(2000002    -580.9660255838)(2000201    -579.709131061502)(2000111    -621.039553854346)
3 13      - (1000000    -75.3226927278641)(2000101    55.0507369912281)
9 0      - (1000000    1926.92163783055)(2000101    -674.162915681783)(2000012    135.965111756223)(2000201    -187.258149928896)(2000022    85.8269372584983)(2000121    -408.348010952232)
2 14      - (1000000    1200.54144322394)(2000012    -73.9254731034078)(2000002    -35.6246412326074)(2000201    674.932422223342)(2000101    1519.45871957988)(2000121    3174.78272867026)(2000221    1483.70556551995)
3 9      - (2000221    -531.567071573498)(1000000    2947.26257017241)(2000101    -644.667479053566)(2000201    755.044317296016)(2000002    -787.87538828183)(2000012    0.529684827627953)(2000022    192.275899516138)(2000121    -568.134545464323)(2000111    -594.389024244117)(2000211    -595.733291424993)
3 14      - (1000000    -167.162133505057)
3 6      - (1000000    3423.28872672657)(2000101    1579.13691106591)(2000201    1209.47392837763)(2000002    2582.9584015833)(2000111    1519.3875790675)
1 8      - (2000221    -1253.9825050757)(2000111    -716.561431471828)(2000201    251.607131507939)(2000012    -23.2277312441991)(2000211    -466.599631504386)(1000000    3698.60164647132)(2000101    1264.20066271059)
2 8      - (1000000    3664.48086275014)(2000002    457.989256935375)(2000211    -411.227635804523)(2000221    -616.841453706785)(2000012    209.784911581288)(2000111    1553.97474106249)(2000101    881.520679657201)
3 16      - (1000000    492.841924754563)(2000211    -486.814964823455)(2000002    -230.911798915237)(2000201    -801.493316615183)(2000111    -468.761428009136)
0 8      - (2000101    -446.582319810339)(2000002    876.82782079218)(2000211    -520.38944312871)(2000111    -394.027349334797)(1000000    3969.53894396849)
13 1      - (2000111    1502.87020681373)(2000201    -191.223383228963)(2000101    -283.809680879718)(1000000    -538.272821706141)(2000211    3617.85117420402)(2000221    1483.69151716729)(2000121    875.476263040296)
4 9      - (2000201    -802.113172575509)(2000111    -687.525576493294)(2000022    89.4912898293101)(2000211    -608.25579530622)(2000121    -500)(1000000    2509.36974294722)
2 15      - (2000101    -373.449778484682)(1000000    -143.461094628877)(2000002    301.738764021986)
15 3      - (2000101    233.05744801525)
4 10      - (2000012    109.528099575218)(2000111    -266.548178349452)(1000000    91.7448801720352)
1 15      - (2000111    -535.899894409743)(2000101    -823.532812585475)(1000000    -31.0071966786776)(2000201    -508.644852849627)(2000002    144.221734586823)
4 14      - (2000012    -65.8777650064663)(1000000    443.433660129026)
2 7      - (1000000    3713.07987197673)(2000101    1282.48541683746)(2000002    1549.14047203433)
0 15      - (1000000    -22.5739953959776)(2000012    137.617320258053)(2000211    91.7448801720352)
1 16      - (2000201    -1038.85039140699)(1000000    -386.00983555353)(2000101    -512.635159934409)
2 16      - (2000101    -64.5096136052468)(1000000    -63.4454011667388)
4 5      - (2000002    1013.52511709008)(1000000    4750.79159067159)(2000201    3069.59989587882)(2000211    1390.79188241098)
5 5      - (2000101    2122.02853795027)(1000000    4142.56742987287)(2000012    -61.4051506174761)(2000002    1628.75786388107)(2000201    1106.5610359285)
3 17      - (2000101    1043.9579437271)(1000000    4045.43912004486)(2000201    2735.39511143408)(2000002    3766.43480864486)(2000111    605.550321033793)
9 4      - (2000221    -857.41482404553)(2000002    1893.45535668821)(2000121    -1060.03314079745)(2000201    -1057.49732950584)(2000022    113.806100215044)
3 11      - (2000012    273.530407737054)
4 15      - (1000000    111.864878710614)(2000012    155.995893573508)(2000002    94.4421860569214)(2000111    -77.0742670101135)
4 16      - (2000211    -287.195055778048)(1000000    -63.0348193265696)(2000002    138.520534315403)(2000201    32.1883338146544)(2000012    38.5846626560714)
3 5      - (2000201    1293.31944805346)(2000101    34.0839252476865)(1000000    4589.33882033807)(2000211    1687.45502829437)(2000012    -202.214030608383)(2000002    2743.57121896604)
3 10      - (2000002    -268.436322279825)(2000012    -32.9518219618254)(2000111    -475.41226994723)(2000221    -613.024189231052)(1000000    -699.019122369298)(2000101    -748.39488421249)(2000201    -701.420206697708)(2000211    -773.100897553129)(2000022    311.75432617841)(2000121    -455.214570505977)
6 9      - (2000221    -405.50386353748)(2000211    -709.63176119059)
9 6      - (2000121    -447.134427433231)(2000201    -447.134427433231)(2000101    -636.782671389722)
9 9      - (2000211    -913.13722850417)(2000121    -366.43608583882)(2000221    -549.65412875823)(2000201    -642.470171389722)(2000012    92.8997017717216)(2000002    -409.99643934112)(2000111    -392.177493164595)(1000000    1036.42854030106)
10 10      - (1000000    245.377996578037)
10 11      - (2000121    -670.294684199743)(2000002    376.69287500768)(1000000    -645.54007367251)(2000201    -322.882396425982)
10 13      - (2000101    -778.520380619019)(2000221    -921.478313352019)(2000211    -614.318875568013)(2000201    -789.654980090258)(2000002    218.577479127592)(1000000    -403.823569950934)
12 12      - (2000121    -627.725113369684)(2000221    -687.067660947788)(2000002    4732.35349627685)(2000211    -549.65412875823)(2000101    3088.82246910624)(1000000    3052.88336695718)(2000201    3191.2762072655)
9 12      - (2000012    -815.796142335668)(2000101    -921.478313352019)(2000121    -806.973570530209)(2000111    -667.95109642352)
11 10      - (2000211    -772.008297851765)(2000002    -617.708159656248)(2000201    -224.616297006331)(1000000    -375.90043247521)(2000101    -120.231293708213)
10 5      - (2000002    -920.975142312101)
7 9      - (2000201    -409.99643934112)
8 8      - (2000002    -409.99643934112)(2000221    -614.99465901168)
8 7      - (2000221    -834.949839268773)(2000101    -409.99643934112)
8 11      - (2000111    -477.11419386787)(2000221    -878.371829564045)
6 12      - (2000211    -963.369290664704)
9 8      - (2000012    31.0350242325095)(2000211    -702.697463651236)(1000000    -120.048298609228)
9 13      - (2000101    -851.489174838717)
9 11      - (1000000    1216.09634359776)(2000111    -794.723229849469)(2000201    -746.326338681813)(2000002    -497.550892454542)
12 7      - (2000101    -497.550892454542)
14 7      - (2000121    -654.279309764751)(2000211    -746.326338681813)(2000101    -889.484590811707)
7 14      - (1000000    -681.191339870974)(2000201    -454.127559913982)
7 13      - (2000012    68.0586601290264)(2000101    -454.127559913982)(2000022    45.3724400860176)
13 12      - (1000000    -1239.31730290459)(2000002    -513.150741862627)(2000101    -1610.84753855496)(2000201    -1211.66332492307)
13 13      - (1000000    -1128.71871121328)(2000101    -996.341583598308)(2000002    -554.178771510406)(2000201    -1444.79371726883)
17 1      - (2000201    137.617320258053)(1000000    91.7448801720352)
14 13      - (2000002    -187.917790244189)(2000101    -1003.14633684067)(2000201    -687.706856267172)
14 10      - (2000002    270.365944967183)(2000221    -793.559951585503)(2000211    -418.559951585503)(2000111    -418.559951585503)(2000101    -770.560179068308)(1000000    -383.715202264937)(2000201    -548.925041307238)
18 0      - (2000201    4567.0346840899)(1000000    3652.7596953339)(2000002    1029.62766012623)(2000101    2002.50296000632)
3 8      - (1000000    3904.71447748081)(2000022    522.16340449766)(2000002    -426.657197616219)(2000201    -426.657197616219)(2000121    -250.27580835623)
5 9      - (2000002    -1023.63664173173)(2000201    -879.257013827656)(2000211    -937.6875)(2000221    -923.734278979461)(2000012    -0.5)
4 11      - (1000000    -850.205367225785)(2000022    -68.8336914763979)(2000211    -426.657197616219)
2 18      - (2000012    286.65937770696)(1000000    4659.15236401495)(2000201    1687.96370006886)(2000002    1098.17786272496)
2 17      - (2000101    -159.739390848887)(2000002    -0.5)(1000000    -725.767046111666)
1 21      - (1000000    4407.67820215045)(2000101    4384.63742085182)(2000201    3894.97144473848)(2000002    4285.20405326036)
6 8      - (1000000    2386.08260827939)
8 10      - (1000000    950.367453339921)
0 21      - (2000211    306.674141576391)(1000000    226.483964092475)(2000201    -68.4302945316865)(2000002    558.378554661378)(2000012    -150.638150172104)(2000101    149.107247356136)(2000111    84.2331444584079)
22 0      - (2000111    3436.20152766481)(1000000    4220.92397183272)(2000012    4176.64498288794)(2000101    3535.32125561299)(2000201    3569.41956171971)(2000211    3955.26807301217)(2000002    3391.8984898957)
22 2      - (2000111    4366.27414179017)(2000201    4074.86745001823)(1000000    4346.90688201428)(2000012    4477.29414820817)(2000002    4695.03611587299)(2000211    4124.67969136048)(2000101    4289.14654216065)
21 1      - (1000000    4350.77895225315)(2000111    4496.63927226109)(2000211    3332.17722255064)(2000101    4150.16940699807)(2000201    4496.93598824733)(2000002    4779.42041249574)(2000012    4429.70228312876)
15 13      - (1000000    888.367320258053)(2000101    -713.32859880811)
23 2      - (1000000    4834.57769581457)(2000101    3615.30033937241)(2000002    2237.88004783332)(2000201    4444.04492131667)(2000111    -146.371658737025)(2000211    257.644766015414)(2000012    2512.11263725472)
23 0      - (1000000    -260.795237010961)
11 17      - (1000000    592.244880172035)
0 22      - (1000000    172.022026797136)(2000111    91.0871044103694)(2000002    71.6067296577203)(2000012    -163.58392122653)(2000101    313.538382512977)(2000211    152.753518415955)(2000201    303.112789198799)
0 25      - (1000000    1011.45005308791)(2000201    213.403875561716)(2000002    -91.9563511771702)(2000101    43.2902385310016)(2000111    232.621285905808)
10 8      - (1000000    839.672103949272)
1 25      - (2000211    -275.836728044883)(2000201    -492.570799320293)(1000000    746.198198154421)(2000101    618.424927364787)(2000002    109.822685782098)
2 21      - (2000002    4501.33192165044)(2000211    -64.1365437217489)(1000000    5078.50215026051)(2000101    4546.23581090569)(2000201    4196.59807486108)
0 24      - (1000000    4514.82442894881)(2000201    3922.03468936392)(2000002    4805.0545538929)(2000111    4025.42657720379)(2000012    4485.50851173827)(2000101    4213.0502566591)(2000211    4370.4817153222)
14 12      - (2000002    -173.376607693811)(1000000    -1427.69994238075)(2000201    -1288.84007877704)(2000101    -958.000203369374)
11 13      - (2000101    -772.11253670731)(1000000    -845.472719699242)(2000002    18.8720521873107)(2000201    -746.096282272346)
10 3      - (1000000    1134.33377831982)
13 7      - (2000121    -545.07488654134)(2000002    -693.733767187997)
24 1      - (2000201    679.575026838398)(2000002    992.16506521334)(1000000    2251.61337351047)(2000101    1297.25953014715)(2000012    3102.06598462946)(2000111    860.281841507996)(2000211    4128.30790153222)
13 6      - (2000201    -1188.81111452535)(1000000    -832.000813477494)(2000101    -874.719325690822)(2000121    -862.016584682962)
12 13      - (2000201    -1417.65252214344)(2000002    -58.2579734162127)(2000101    -1323.50794223496)(1000000    -1135.03079057189)
5 14      - (2000022    125.774406197672)(2000121    -426.657197616219)(2000111    -426.657197616219)
5 15      - (1000000    137.617320258053)
12 8      - (1000000    592.244880172035)
24 0      - (1000000    3369.17705613985)(2000201    3733.68273598425)(2000012    3491.51253242734)(2000002    3844.63143149686)(2000101    3177.12652137889)(2000111    3568.27906708228)(2000211    4126.94553281564)
6 13      - (2000022    69.6767407881197)(2000221    -392.177493164595)
26 1      - (2000111    4362.73981442629)(1000000    4417.53117567351)(2000002    4262.56550258599)(2000101    4355.44057419912)(2000211    4483.40581595209)(2000201    4596.47488890642)(2000012    4416.54599198608)
25 2      - (2000002    4509.98032493914)(1000000    4778.71827152981)(2000101    4891.87819422853)(2000211    4492.0933448379)(2000201    4189.30081216352)(2000111    4572.33114090916)(2000012    4282.01977728257)
8 0      - (2000201    -977.771106206724)(1000000    3944.46507067973)(2000101    1723.01119732957)(2000002    1291.34821568671)
20 0      - (2000201    3368.77273145068)(1000000    4837.45873068322)(2000101    4652.3344250934)(2000002    3118.96162547828)
26 0      - (2000211    3582.73139354083)(1000000    3265.48604901337)(2000111    3532.3880452083)(2000201    2991.29105233167)(2000002    2482.33755175163)(2000101    2592.47832824214)(2000012    1454.6834532136)
26 2      - (1000000    3218.3301397417)(2000211    1113.59004869714)(2000201    1113.59004869714)(2000111    1113.31965313939)(2000012    1417.0387731954)
14 6      - (2000121    -608.25579530622)(2000201    -709.63176119059)(2000221    -503.294589365262)(2000211    -250.27580835623)
5 11      - (2000121    -706.270942047134)(1000000    -478.827227768587)(2000221    -500)
11 5      - (2000012    -14.5981035179754)
16 6      - (2000012    137.617320258053)
5 10      - (2000121    -808.511672291215)(2000201    -643.107676158163)
9 5      - (2000121    -375.413712534345)(2000101    -250.27580835623)(2000022    -0.75)(1000000    1121.71915670643)
22 1      - (1000000    3466.83406579853)(2000012    4502.36503482939)(2000211    1432.98245419341)(2000002    2481.99581670552)(2000201    1120.50907527816)
7 16      - (2000101    -250.27580835623)(2000022    -150.577403209764)
15 4      - (2000002    91.7448801720352)
9 17      - (1000000    63.3109239527278)(2000012    91.7448801720352)
10 16      - (1000000    592.244880172035)
8 16      - (2000211    -687.435036363905)(2000111    -375.413712534345)(1000000    -437.982664623402)(2000002    -746.650095828384)(2000221    -405.50386353748)
15 5      - (1000000    308.977003192887)
11 9      - (1000000    405.909013721849)
13 14      - (2000002    -0.809441829156519)(2000101    -500)(2000201    -500)(1000000    -404.464657610126)
12 6      - (2000201    -1032.28595414805)(2000002    -551.812731272448)(2000121    -589.877688084601)(2000211    -469.267140667931)
16 8      - (2000201    -437.982664623402)(2000012    33.2793300645132)
6 14      - (1000000    -524.789422589652)(2000211    -599.684133884478)
6 15      - (2000002    -760.319744132775)(1000000    -480.881489531892)(2000201    -444.111068181758)(2000121    -375.413712534345)
18 8      - (2000121    -665.600650781995)(2000201    1378.26584507266)
24 2      - (2000002    4666.19985472946)(1000000    4132.64149320136)(2000201    3949.23433731168)(2000211    3788.94932955527)(2000012    3891.71490735374)(2000101    4255.24144026763)(2000111    3638.87068457334)
9 3      - (2000211    -500)(2000201    2466.58355197427)
10 4      - (2000002    -1221.04033566147)(2000022    223.521573227213)(2000121    -405.50386353748)
24 4      - (2000211    172.021650322566)(2000012    91.7448801720352)(1000000    808.638754360784)(2000201    147.595437060843)(2000101    515.528948465829)
0 26      - (2000012    324.00025924577)(2000211    154.599048435645)(2000002    143.848478551666)(2000111    114.182863622329)(1000000    399.583683013583)(2000201    461.528575640536)(2000101    36.5956871142233)
11 4      - (2000002    -794.723229849469)
12 14      - (2000201    -1451.60519011457)(2000002    128.630886055113)(2000101    -1246.81952685498)(1000000    -1060.32503396502)
10 17      - (2000111    -855.358762258076)
6 17      - (2000221    -746.650095828384)
9 21      - (2000012    16.8457194031829)(2000101    1104.30671562194)(2000221    -426.657197616219)(1000000    3651.06719435524)(2000201    1937.44408956324)(2000002    1373.21258046291)
8 6      - (2000101    697.010980523555)(1000000    -407.755119827965)
11 8      - (1000000    563.810923952728)
5 13      - (2000002    -746.650095828384)(2000101    -375.413712534345)
5 12      - (2000211    -518.848433288533)(2000121    -488.118021397762)
9 16      - (2000221    -274.789422589652)
23 10      - (2000201    -763.168420849661)(1000000    1579.52716816253)
9 23      - (2000101    1979.53783265131)(1000000    1171.59196342865)(2000002    617.411792448227)(2000201    1720.48527929114)
12 24      - (2000111    -809.418143812186)(2000211    -658.459401198389)(2000221    -463.604407164339)(2000201    -463.604407164339)(2000012    -75.0290892183473)(2000022    3.19479483769565)(2000002    -608.25579530622)(2000121    -426.657197616219)(1000000    2588.81383937298)
11 22      - (2000002    -639.985796424329)(2000111    -250.27580835623)(2000101    -250.27580835623)(2000022    -64.2106823208561)(1000000    1082.10396808226)
26 12      - (2000002    -426.657197616219)(2000101    -250.27580835623)(1000000    2557.99998106972)
11 14      - (1000000    -862.72387539129)(2000201    -813.411783428268)(2000002    200.78554415955)(2000101    -937.5)
23 1      - (2000002    137.617320258053)(1000000    3544.04296453137)
23 11      - (1000000    -253.053939493664)
14 14      - (2000201    -1039.41584431905)(1000000    -727.254841756693)(2000101    -105.596784366151)(2000002    4693.00037299977)
23 14      - (2000022    -131.715833483713)(2000221    -375.413712534345)(1000000    5249.74417319971)
26 11      - (2000002    -639.985796424329)(1000000    3154.70053573519)(2000012    -58.2878035274654)(2000111    -426.657197616219)
13 11      - (2000002    110.055715821968)(1000000    -894.420462283305)(2000201    -500)(2000101    -702.75193176874)
21 11      - (2000221    -612.417513913547)(1000000    2774.07154145938)(2000121    -250.27580835623)
21 9      - (2000012    -148.049312587223)(1000000    2366.15751716112)(2000002    4941.81595122965)(2000101    1746.19492293576)
23 13      - (2000221    -714.920094710275)(1000000    3622.22462529174)
10 23      - (1000000    1249.69212334423)(2000201    1361.57692624622)
24 10      - (1000000    5109.50613503561)(2000201    1697.25400770059)(2000002    713.361666547875)
13 15      - (2000002    -320.520898212165)(2000101    -500)(2000201    -500)
12 27      - (2000121    -629.409129384959)(2000211    -792.049745250884)(2000101    -426.657197616219)(2000111    -799.982245530411)(2000002    -709.63176119059)(1000000    3266.90414803603)
12 15      - (2000002    -0.616)
8 24      - (2000101    -764.634880664248)(2000121    -618.83246234559)(2000211    -709.63176119059)(2000022    207.806318871497)(2000111    -608.25579530622)(1000000    2671.91721736384)
14 24      - (2000101    -746.650095828384)(2000221    -639.985796424329)(2000211    -799.982245530411)(1000000    5526.8906889698)
14 26      - (2000022    48.9029092830268)(1000000    3794.19091290059)(2000101    -426.657197616219)(2000201    -426.657197616219)
12 28      - (2000022    139.053856776034)(2000012    -48.4884307876885)(2000101    -405.50386353748)(1000000    4239.67396187832)
13 26      - (1000000    3626.51612483538)(2000111    -629.409129384959)
8 18      - (2000111    -639.985796424329)
25 14      - (2000012    160.758630676967)(2000022    104.384823748739)(1000000    4577.53893643832)
25 0      - (1000000    3436.23112896653)(2000201    3091.90458770581)(2000101    1842.57752420905)(2000211    2143.35193956166)(2000012    4127.27501604325)(2000002    3462.69156491824)(2000111    2599.53566495326)
19 13      - (1000000    5060.82638415606)(2000201    2186.34760765328)(2000101    1332.40780070057)
26 14      - (2000211    -746.650095828384)(2000221    -746.650095828384)(2000111    -618.83246234559)(2000002    -426.657197616219)(2000201    -799.982245530411)(1000000    4541.77016618892)(2000012    147.004372801901)
26 9      - (2000221    -706.373232482018)(2000111    -799.982245530411)(1000000    5021.79867419558)(2000002    -799.982245530411)(2000201    -623.600856270422)(2000101    -475.305046576496)(2000121    -514.500255958381)(2000211    -653.023301507573)(2000012    146.921448820514)(2000022    895.54287207272)
25 13      - (2000101    -746.650095828384)(2000022    139.710166921432)(2000221    -405.50386353748)(1000000    2340.4122500524)
11 23      - (1000000    -587.905097055101)
20 13      - (2000211    -426.657197616219)(2000221    -639.985796424329)(2000201    4448.10281292477)(1000000    1503.23382612246)(2000002    2380.23082857835)
2 25      - (2000101    4078.48680417952)(1000000    4208.25766361722)(2000002    4205.4881175672)(2000012    4616.6539394158)(2000211    3763.92933264517)(2000201    4083.02128559707)(2000111    4118.89678247632)
22 11      - (1000000    630.457158225529)
15 24      - (2000201    -639.985796424329)(2000121    -426.657197616219)(1000000    5500.02134059891)
14 23      - (2000101    -469.267140667931)(1000000    4970.45423182817)
24 15      - (2000121    -851.447595690649)(2000111    -799.982245530411)(2000022    205.769207731273)(1000000    5641.24490343044)
28 10      - (2000012    58.0360912114983)(2000221    -426.657197616219)(2000201    -426.657197616219)(1000000    1788.311736611)
23 16      - (2000101    -828.23644343457)(2000201    -839.981357806932)(1000000    2844.49983082525)
27 11      - (2000012    -245.441643752294)(1000000    2855.29911857491)
28 14      - (2000211    -463.604407164339)(1000000    3834.1936085862)
10 22      - (1000000    1109.11826898752)(2000201    320.744623830798)(2000101    783.029888724764)(2000002    2623.62790319773)
27 2      - (1000000    -12.5764688382502)(2000101    190.019392114614)(2000002    227.190850289916)
9 10      - (1000000    874.150342148399)
21 15      - (2000101    -746.650095828384)
14 11      - (1000000    -933.894311897963)(2000002    -3.52944495617314)(2000201    -1566.35717333661)(2000101    -1415.5872569834)
2 24      - (1000000    3960.42407567797)(2000012    3914.45646556944)(2000201    4062.5275787896)(2000111    4188.50721942114)(2000101    4405.4888384504)(2000002    4788.99605503527)(2000211    4099.83764985202)
12 9      - (1000000    716.245146335772)
27 14      - (2000121    -608.25579530622)(1000000    3356.13858900257)
8 26      - (1000000    2007.34837069934)
16 23      - (2000121    -846.647876519685)(2000101    -746.650095828384)(2000201    -426.657197616219)(1000000    4444.70179778052)
8 25      - (2000211    -746.650095828384)(2000012    -0.75)(2000121    -639.985796424329)(1000000    1286.64858756143)
2 23      - (1000000    4184.41588593023)(2000101    4078.24426615248)(2000201    3966.61327604185)(2000211    4264.71515445846)(2000111    4068.47544087641)(2000002    4014.90986481518)(2000012    4676.91594743095)
10 19      - (2000111    -426.657197616219)(2000101    3514.4604186557)
14 28      - (2000221    -639.985796424329)(2000111    -746.650095828384)(1000000    4097.85936690588)
21 17      - (2000012    4.1214557002797)(2000121    -426.657197616219)(1000000    4260.42775447039)
26 10      - (2000121    -816.413844122344)(2000201    416.130253343644)(2000101    -801.397928906309)(1000000    2445.26481528808)(2000221    -491.31481432543)(2000211    -463.604407164339)(2000022    79.4017701505308)
26 8      - (2000211    -826.648320381425)(2000111    -375.413712534345)(1000000    4959.42586564971)
23 15      - (2000221    -426.657197616219)(2000022    28.9992540574258)(1000000    5606.55467238342)(2000111    -639.985796424329)
15 12      - (2000201    -1426.30889263633)(1000000    -500)
22 15      - (2000101    -575.409273916948)(1000000    3389.29875219861)
11 15      - (2000201    -937.5)
19 9      - (2000201    881.045939850117)(2000111    -746.650095828384)(2000002    -426.657197616219)(1000000    2435.78516728419)
26 13      - (2000002    -826.648320381425)(1000000    3947.26421996087)
15 14      - (1000000    -1407.22382089294)(2000101    -1407.22382089294)(2000201    -1206.19184647966)(2000002    -53.9481497020274)
16 22      - (2000101    -640.137433871445)(1000000    2448.57391302076)
16 27      - (2000221    -806.817069682607)
16 15      - (2000101    -875)(1000000    2668.71295939043)
8 20      - (1000000    3495.18859043599)(2000221    -670.824747395277)(2000002    963.393611982879)
10 25      - (2000002    -830.065732457523)
15 26      - (2000221    -639.985796424329)(1000000    1740.25565480306)(2000111    -746.650095828384)(2000101    -426.657197616219)
21 6      - (1000000    1438.48989794283)(2000012    181.339622473383)
27 16      - (2000012    157.218257159716)
20 8      - (1000000    4227.41490250465)(2000111    -799.982245530411)(2000002    802.638163573371)(2000201    2317.7356043294)(2000101    1235.74024619182)
10 28      - (2000111    -639.985796424329)(1000000    1114.3554001771)
14 27      - (1000000    3327.6547181981)(2000111    -826.648320381425)(2000012    112.431443402126)(2000211    -426.657197616219)
1 24      - (2000211    -27.9453013118662)(1000000    479.827935526532)(2000002    91.7448801720352)(2000201    -71.2775411087304)(2000101    -71.18267800927)
13 28      - (2000121    -405.50386353748)(2000201    -608.25579530622)(2000012    248.839429964291)(1000000    3977.84862748398)
22 12      - (1000000    4537.94964769608)(2000002    1734.04683351644)(2000201    2931.20289905463)(2000101    1558.07901624532)
16 25      - (1000000    -809.423727608017)(2000221    -608.25579530622)(2000121    -405.50386353748)
27 12      - (2000211    -554.40370600934)(2000101    -608.25579530622)(2000221    -741.361762308699)(1000000    3782.670449955)
28 11      - (2000022    38.6250594828474)(2000201    -639.985796424329)(2000121    -426.657197616219)(1000000    3079.01236807469)
12 22      - (1000000    3514.20558140435)
7 26      - (2000211    -799.982245530411)
24 6      - (2000101    -639.985796424329)(2000002    -426.657197616219)(1000000    1743.1983514698)
19 8      - (2000211    -639.985796424329)(1000000    3529.66333246275)
28 15      - (2000111    -792.049745250884)(1000000    1338.76007638842)
22 16      - (2000012    -0.5)(2000022    138.92266301894)(1000000    4086.26480635092)
1 23      - (2000111    151.307797012266)(2000201    1035.99247821349)(1000000    188.744195074231)(2000101    0.498014965835864)(2000012    6.92920067970749)(2000002    114.273035392672)
2 26      - (2000201    228.689057444678)(1000000    142.885739637842)(2000101    590.745552114543)(2000211    208.565564073945)(2000111    216.512103128884)
18 14      - (1000000    2728.33628574461)
19 7      - (1000000    640.151770187847)(2000002    -746.650095828384)(2000012    9.20891303530018)
1 22      - (2000101    302.221689993447)(1000000    139.010451804322)(2000012    320.869621156967)(2000201    361.571430871192)(2000111    196.038160311446)(2000002    582.401118429217)(2000211    177.974969623828)
26 5      - (1000000    -639.985796424329)(2000121    -639.985796424329)
15 23      - (1000000    5425.67306852503)(2000012    177.74621426618)
18 1      - (2000002    4797.19603220952)(1000000    4793.79670492725)(2000201    4138.12457906092)(2000101    4014.34710717256)
17 21      - (2000022    230.769039222489)(1000000    3169.67412131903)
9 26      - (2000121    -761.213141096878)(2000111    -746.650095828384)(1000000    5198.30727508865)
10 27      - (2000201    -469.267140667931)(1000000    2032.37673713524)
0 23      - (2000201    53.5703138946013)(1000000    -45.3931752121486)(2000012    -297.278358812407)(2000101    445.403998670925)
1 26      - (1000000    142.719099658083)(2000002    443.598342133814)(2000101    63.0609239527278)(2000211    19.9651412289632)(2000111    214.025118517629)(2000201    191.834648637147)(2000012    215.235764914806)
20 3      - (2000002    3451.63833894647)(1000000    4967.70400188694)(2000201    3738.62134014795)(2000101    4846.23671850436)
22 10      - (2000101    592.244880172035)(1000000    783.708586115823)(2000201    2319.64394957738)
25 1      - (1000000    2633.02790519037)(2000002    4749.1926200637)(2000101    2665.99773409227)(2000201    3764.41652799288)(2000211    3109.40467578646)(2000111    2744.0521327168)(2000012    2692.97605831554)
12 21      - (1000000    4236.5401615193)(2000101    3176.28740075303)(2000201    3508.48211555191)(2000002    1413.89676304693)
21 13      - (2000101    1977.37063353528)(1000000    4672.53839064835)(2000201    3431.11591072962)
20 14      - (1000000    609.88330521392)
11 21      - (1000000    15.1753404448775)(2000002    5032.26962650819)(2000201    3206.92257304049)
14 25      - (2000201    -426.657197616219)(1000000    5588.91787413905)
19 14      - (1000000    3118.96087263546)
27 10      - (2000211    -426.657197616219)
21 12      - (1000000    2548.04964878205)(2000101    5311.20025081193)
20 12      - (2000201    4095.67014160181)(1000000    725.57191649238)(2000002    1665.35752291801)
23 12      - (1000000    -526.615250037379)
25 3      - (1000000    5018.79340248565)(2000101    1614.87080637099)(2000201    1714.88986126363)(2000002    1705.36718123004)
9 22      - (1000000    592.244880172035)
13 10      - (1000000    -1598.31728033375)(2000101    -939.017305935012)(2000002    188.645206377291)(2000201    -731.80220358217)
11 24      - (1000000    1411.58373681822)
12 20      - (1000000    4622.51338142429)(2000002    1665.35752291801)(2000201    1733.82559379093)(2000101    1391.10529733437)
20 11      - (1000000    -879.267114032129)(2000002    1410.49311683806)
12 11      - (2000002    266.915509458181)(2000101    -424.771504913412)
2 22      - (2000201    4228.00975380145)(2000101    4293.19871352745)(1000000    3922.72265745838)(2000002    3715.75274928155)(2000111    3678.51586181415)(2000012    4681.68087010928)(2000211    3417.77481902278)
22 9      - (1000000    1877.19774033728)
24 11      - (1000000    4404.50607482365)
24 12      - (1000000    3485.32054112512)
11 12      - (2000201    -732.231497155648)
27 9      - (2000111    -639.985796424329)(1000000    5372.50402140581)
12 10      - (2000201    -934.805562880586)
22 3      - (2000101    4273.62164304221)(1000000    5056.8007091126)(2000002    4197.75812426405)(2000201    3611.8871733253)
14 21      - (1000000    5327.08945198712)(2000201    1472.46117372935)(2000101    1281.76582634242)(2000002    2834.32556687822)
1 20      - (2000211    -346.727431544086)(1000000    987.56084285824)(2000101    774.62377540396)(2000111    1777.68898969803)(2000201    3459.89904037914)(2000012    4634.21749602995)(2000002    -58.9370282670001)
19 0      - (1000000    4973.90231598978)(2000201    4299.98266341375)(2000101    4718.06287709249)(2000002    4784.39423453445)
27 1      - (1000000    4815.75807214134)(2000012    4274.53749115998)(2000111    4268.13613054148)(2000201    4385.29938425663)(2000002    4163.81146861575)(2000211    4030.78925178317)(2000101    4117.02900953743)
21 10      - (1000000    3183.54770457791)(2000101    3002.69986122398)(2000002    5233.54040120541)(2000201    3548.0231867475)
10 21      - (1000000    2088.55943546272)(2000201    3442.22066727685)(2000002    4666.66077874298)
23 9      - (2000101    2130.87588620526)(1000000    1609.2884065158)
15 18      - (1000000    4508.78819429206)
22 8      - (1000000    2235.8841661337)
13 18      - (1000000    4368.63315399365)(2000002    1667.40859531552)
14 18      - (1000000    2838.46773201208)(2000002    1468.91674257722)(2000101    1468.91674257722)
13 21      - (1000000    4803.3800865645)(2000002    5676.61002611436)(2000201    3769.50726488056)(2000101    4510.85200474088)
10 14      - (1000000    -856.580522299177)
14 22      - (1000000    3716.27615273181)
1 6      - (1000000    4022.31798015555)(2000201    3572.0322807264)(2000002    1393.21456584783)(2000211    2090.5483346225)(2000111    2166.7232984883)(2000101    2501.50470488019)
12 3      - (2000012    285.757708656974)
11 20      - (1000000    531.269289167209)(2000002    3062.79315625318)
12 25      - (1000000    2304.999048921)
11 3      - (2000221    -608.25579530622)(2000121    -405.50386353748)(2000201    -392.177493164595)
18 15      - (1000000    4050.01444867351)
18 16      - (1000000    5122.96927225444)
12 19      - (2000201    1997.38474793398)(1000000    4975.31813033221)(2000002    2642.00389554279)(2000101    3545.65018357608)
21 14      - (1000000    4471.88204172028)(2000201    1131.43038797119)(2000101    1728.84190495432)
13 25      - (1000000    2193.5756919102)
25 11      - (1000000    989.244054052698)
24 13      - (1000000    4944.55911052506)
25 12      - (1000000    2424.55932737442)
6 2      - (2000101    82.8842333890647)(2000211    2374.11436279214)(2000201    2268.85013366384)(1000000    3941.31444593099)(2000002    1065.75149127541)(2000111    1318.35008214896)(2000012    1706.91199547661)
23 8      - (1000000    3830.5355074502)(2000201    1343.09222280993)
2 27      - (1000000    698.27410372001)
15 19      - (1000000    4730.01335552936)
19 4      - (1000000    4292.0503640238)(2000201    4449.47127642549)(2000111    4083.9676579625)(2000012    4215.3536903826)(2000211    4405.50812944811)(2000002    4830.79952284429)(2000101    4678.53124513779)
6 3      - (1000000    3744.5693681978)(2000101    -195.824120264629)(2000111    1144.04560675239)(2000002    1025.31207056536)
20 9      - (1000000    2331.4394274667)
24 9      - (1000000    2452.55809146114)(2000201    5452.44394663051)(2000002    2195.03177246398)
17 14      - (1000000    -926.406152636952)
18 18      - (1000000    5739.85383831069)
22 14      - (1000000    3703.34859841731)(2000101    1022.61449635221)(2000002    1740.37432329521)
28 1      - (1000000    3507.83100394038)(2000002    4524.97846028316)(2000201    3240.15045410166)(2000101    3602.94519567607)
8 22      - (1000000    1180.37049694642)
15 21      - (1000000    1331.43675020679)
9 20      - (1000000    3708.5803757408)(2000002    1158.3139927494)
12 26      - (1000000    3190.75884722011)
9 24      - (1000000    2323.37310559295)(2000101    5424.59254926888)(2000002    2360.91424753358)(2000201    1763.18469592601)
15 22      - (1000000    4293.574159811)
14 20      - (1000000    3862.42948945132)(2000101    2625.8173901716)
5 6      - (2000002    1618.27200388494)(1000000    4081.29721596704)(2000101    2156.7409828483)(2000201    1438.08211058079)
22 6      - (1000000    2791.74189935013)
19 1      - (1000000    5193.50659995328)(2000101    2420.4184217835)(2000201    2340.5544324814)(2000002    1163.99037879621)
24 8      - (2000002    589.281416028504)(1000000    4378.70869055363)(2000101    2349.23825007919)
20 15      - (1000000    1708.1515266953)
14 17      - (1000000    -579.180395246971)
0 7      - (2000101    181.84033053329)(2000201    1263.99493259874)(1000000    3986.59641447438)
22 13      - (1000000    4695.23760876021)(2000002    2552.7040918486)
25 9      - (1000000    3815.24060047121)
12 23      - (1000000    330.775379840134)
3 22      - (1000000    -19.4378039053631)(2000111    1421.2562363617)
13 27      - (1000000    3805.83614067697)
7 0      - (1000000    3494.31463967036)(2000201    1511.49429502747)(2000101    2615.64543471344)
6 0      - (2000201    1501.53970182588)(1000000    3311.98290742413)(2000002    3096.52624259077)(2000101    3629.73428904934)(2000012    1035.11887533581)(2000111    1573.48736433905)(2000211    1023.79598204628)
15 25      - (1000000    3584.58004886554)
9 19      - (1000000    2082.30420100377)(2000002    5160.92048038061)
11 27      - (1000000    2452.41738926308)
7 23      - (1000000    3560.69250986021)
1 7      - (1000000    3999.00424296385)(2000101    1288.12931550196)(2000201    1697.56350389852)(2000111    1395.23128008931)(2000002    1021.08178427052)(2000211    626.250743273311)(2000012    967.188772511346)
7 21      - (1000000    626.8786209207)
0 27      - (1000000    184.865636431171)
8 23      - (1000000    2102.47817365322)
23 7      - (1000000    1333.09021393001)(2000101    1547.17204481339)
11 19      - (2000201    595.56877310104)(1000000    1219.97147741847)
1 28      - (1000000    -0.5)
15 27      - (1000000    3699.04339987467)
8 19      - (1000000    3094.57500768792)
25 8      - (1000000    3047.37817311945)
23 5      - (1000000    3415.73324701377)
9 25      - (1000000    1300.56603341354)(2000101    1628.68658558147)(2000201    997.00714969536)
7 2      - (2000201    -151.914171948285)(2000012    98.309543569954)(1000000    3534.61371235611)
13 22      - (1000000    2369.60036259851)(2000101    3653.2542194382)
24 7      - (1000000    2229.95952362469)
24 5      - (1000000    2973.3807786303)
27 13      - (1000000    4065.39833071972)
27 15      - (1000000    2714.37173141947)
28 13      - (1000000    3582.72203427103)
26 15      - (1000000    2835.19955537522)
13 23      - (1000000    3427.43116798883)
20 7      - (1000000    3045.04662312386)
7 25      - (1000000    776.740229569801)
11 28      - (1000000    2779.01947986799)
10 24      - (2000002    4705.03565045708)(1000000    876.657514821577)(2000201    1653.32766187247)
20 16      - (1000000    4449.09321403085)
26 4      - (2000101    4548.07259845153)(2000201    2927.34915169395)(1000000    4723.49530204284)(2000002    4172.18016578738)
26 16      - (1000000    736.066507265506)
15 20      - (1000000    2436.74578867102)
21 0      - (1000000    4179.12090476473)(2000201    3990.47452668915)(2000101    4562.29625052691)(2000012    4228.9275625285)(2000002    4795.58043276038)(2000111    4329.59420547751)(2000211    4249.9630170426)
25 16      - (1000000    1305.8272014421)
20 4      - (1000000    4827.20515926481)(2000002    4196.10547695142)(2000101    4469.83423689375)(2000201    3685.26801008123)
18 27      - (1000000    5611.55104719695)
22 4      - (1000000    881.495385885027)(2000201    -0.5)
18 13      - (2000201    4900.92205053863)(2000002    2430.57904561872)(2000101    2440.18178340479)
28 2      - (2000201    4343.91108734046)(2000012    4247.06958986049)(2000101    4690.03524592541)(2000002    4332.65286285156)(2000211    4401.45654948038)(1000000    4156.82789229762)(2000111    4243.23567011462)
21 2      - (2000111    4397.10073722219)(2000201    3825.66888202956)(2000002    4823.7455682344)(2000012    4244.64977646039)(2000211    4429.00195428203)(1000000    4541.75232988297)(2000101    4447.86878266664)
19 2      - (2000002    4816.73793500266)(2000201    3930.15665946441)(2000111    4183.83733795635)(2000012    4504.86925371566)(1000000    4365.90085296576)(2000211    4166.88807888271)(2000101    4389.68876605837)
17 0      - (2000002    1534.78160768981)(2000201    3737.43827527325)(1000000    4803.9848615231)(2000101    1870.79320419075)
0 19      - (1000000    4000.1252161338)(2000002    4775.2866463682)(2000101    4214.62791144303)(2000201    4281.95611910845)(2000012    3936.14968086144)(2000111    3793.71868480637)(2000211    3408.93439090491)
27 17      - (1000000    4081.77059449125)
27 3      - (1000000    4538.1407407616)(2000201    4324.10462740034)(2000002    4332.86914186774)(2000101    4432.75003427001)(2000012    4347.15433564332)(2000211    4249.81174791624)(2000111    4669.77270859664)
7 24      - (1000000    2970.70525818582)
26 21      - (1000000    5181.11671137995)(2000201    1339.44114783062)
6 23      - (1000000    1030.97798568421)
19 3      - (2000111    3808.95121636347)(2000012    4213.33155803074)(2000201    3744.29095889087)(2000002    4212.74315559706)(2000101    4257.39098702477)(2000211    3975.13598688967)(1000000    4171.1654359042)
24 3      - (2000002    4339.80323286355)(2000201    3987.73811787604)(1000000    3797.58122661436)(2000101    3852.57559315252)(2000012    3927.98961508909)(2000111    4735.63801895493)(2000211    4082.28822830283)
19 16      - (1000000    5238.92237050871)
6 5      - (2000201    1541.2276990653)(2000101    2164.45605495076)(1000000    3644.58964784831)(2000002    2345.50989619297)(2000211    899.752237116316)
21 26      - (1000000    5515.06410697894)(2000002    1317.23640012693)
16 21      - (1000000    5358.1410325214)
16 20      - (1000000    5249.99445292608)
16 19      - (1000000    4997.03096636149)
12 18      - (1000000    963.169281630153)(2000002    5004.98742945896)(2000201    1412.26788768206)
6 22      - (1000000    1952.35806820703)
13 19      - (2000201    4038.00992022279)(2000101    5814.91061015444)(1000000    2347.29140355923)(2000002    2641.08524777873)
4 7      - (2000002    3161.33554557413)(1000000    2047.5074793186)(2000101    1594.97635096533)
24 23      - (1000000    5392.9240955581)(2000201    3064.29019251769)(2000002    3690.67215750395)(2000101    4822.23384275523)
29 13      - (1000000    3149.07466126928)
19 15      - (1000000    2442.93811486807)
20 2      - (1000000    4207.75081076924)(2000101    4204.65084586092)(2000201    4222.50586688562)(2000002    4559.58197903895)
19 10      - (1000000    1002.24471953268)
23 4      - (1000000    5220.45288488291)
19 11      - (1000000    1031.67038330015)
22 24      - (1000000    4418.62488612675)(2000002    1921.30970749479)
21 24      - (1000000    2184.12356301293)
24 24      - (1000000    5566.2523306108)(2000101    3194.36179258935)(2000002    3566.50980770432)(2000201    5146.68388143365)
18 29      - (2000201    1008.09281402446)(1000000    1633.09226442153)
17 20      - (1000000    5244.96088844689)
6 4      - (2000201    498.948751955538)(1000000    3586.74781768842)
21 16      - (1000000    932.298095004232)
28 0      - (1000000    5239.75502179451)(2000101    2132.26976189546)(2000002    1577.881507539)
13 20      - (2000002    5752.18956462231)(2000101    3897.56362467933)(1000000    2756.18610933181)(2000201    2801.80103263146)
20 1      - (1000000    4590.71411650658)(2000002    3564.61895070446)(2000211    2891.74854078696)(2000201    3923.4241543921)(2000111    4492.19027766553)(2000101    2724.99654624625)(2000012    2096.89074576419)
3 20      - (1000000    3329.23924149127)(2000002    2740.89662483853)(2000101    1572.48433375954)
27 22      - (1000000    5197.16544638002)(2000002    1711.30383203122)
22 22      - (1000000    5703.70150638136)
20 29      - (1000000    3735.59498757881)
22 20      - (1000000    5152.6809214763)
19 25      - (1000000    4894.3740570901)
21 21      - (1000000    5591.18558339154)
17 19      - (1000000    5141.46359242625)
24 21      - (1000000    5445.96009761961)(2000002    2385.74246841266)(2000101    1517.61370391593)(2000201    1725.88517813366)
20 23      - (1000000    1658.62153576556)
21 3      - (1000000    2839.74473600622)(2000201    1304.17557318095)
25 21      - (1000000    5305.48657493959)(2000002    1307.50935614219)
27 0      - (1000000    4545.11168021394)(2000002    2531.5589531178)
24 25      - (1000000    5582.94304454314)
13 24      - (1000000    4983.00504515243)
25 25      - (1000000    5218.95904432413)
27 25      - (1000000    5299.52763397565)
27 26      - (1000000    5875.42774494099)
25 24      - (1000000    5501.04033776411)
28 26      - (1000000    5615.23570313861)
10 18      - (2000002    1899.86057309487)
23 20      - (1000000    3877.23506872339)
20 28      - (1000000    5265.27541297788)
26 20      - (1000000    4961.10665299962)
27 27      - (1000000    5524.2550230593)
28 25      - (1000000    5446.58360663576)
26 27      - (1000000    5835.13465116046)
18 10      - (1000000    693.78318838457)
21 25      - (1000000    5237.31320820502)(2000201    2421.42640292842)(2000101    1693.6354372258)(2000002    1352.63670953842)
25 29      - (1000000    5455.65996886295)
22 5      - (1000000    5239.82787269131)
25 28      - (1000000    5559.32478170094)
28 24      - (1000000    5220.17116275411)
20 20      - (1000000    4976.88474053039)
25 26      - (1000000    5695.77572430772)
23 6      - (1000000    3614.75799584746)
21 20      - (1000000    5102.30713646936)
29 27      - (1000000    5777.78197963084)
27 28      - (1000000    5006.88140432117)
29 28      - (1000000    5463.15630810148)
20 25      - (1000000    3601.81962829252)
23 22      - (2000201    1852.03908223851)(1000000    5589.22760659701)
29 22      - (1000000    5016.69842210361)
28 27      - (1000000    5523.71020593176)
19 20      - (1000000    3698.68289018631)
26 28      - (1000000    5356.64891476482)
21 28      - (1000000    5512.63886569023)
28 22      - (1000000    5270.42365816969)(2000201    1746.19492293576)
20 26      - (1000000    4345.63131076106)
20 27      - (1000000    4148.00664740233)
26 26      - (1000000    5703.19849200643)
29 25      - (1000000    5252.1938282067)
24 20      - (1000000    3189.2871730075)
1 18      - (1000000    3492.014349459)(2000101    4314.34729438461)(2000002    2872.08925025469)(2000201    3487.95883099233)(2000111    3001.40485254674)(2000211    1032.472714865)(2000012    2527.14064201831)
7 1      - (2000201    110.387847243853)(1000000    3859.18079521212)(2000012    334.036665932225)(2000002    1459.86981247695)
22 23      - (2000201    1747.49344465443)(1000000    5310.1509761817)
26 29      - (1000000    5361.42011985972)
27 21      - (1000000    5384.92016588466)
21 27      - (1000000    5408.20131950671)(2000201    1257.47018847364)(2000002    1456.01818147514)(2000101    2509.68401677582)
22 17      - (1000000    3499.80509029427)
26 25      - (1000000    5728.67786336141)
20 21      - (1000000    5224.55377377172)
28 28      - (1000000    5128.5128940521)
23 23      - (1000000    5553.1534364745)
25 27      - (1000000    5409.73357304769)
16 18      - (1000000    5263.04957370857)
0 20      - (2000101    3876.69570994903)(1000000    4338.36708665938)(2000111    1015.03623278717)(2000201    2699.9598378793)(2000002    2368.01081474846)(2000012    1119.7475815316)(2000211    1125.18737341716)
20 22      - (1000000    5093.19019479043)
17 18      - (1000000    5416.50542004585)
8 1      - (1000000    3650.52690421147)(2000002    1568.58321167203)(2000201    697.043727876227)
26 24      - (1000000    5623.1354703811)
24 22      - (1000000    3440.1509454644)(2000002    5442.67345012942)(2000201    3250.32986984267)(2000101    2927.16434547498)
25 19      - (1000000    5695.55791921373)
8 2      - (2000002    3677.06993084128)(1000000    3891.87969429536)(2000111    1524.20651387206)
2 19      - (2000012    4251.32811631352)(1000000    3859.36583608492)(2000002    4801.75158895179)(2000101    4078.93459176437)(2000111    3923.6426023087)(2000201    4399.58829335552)(2000211    4052.7463717115)
19 21      - (1000000    3814.53938007507)
18 17      - (1000000    5559.24759052944)
17 17      - (1000000    5396.84701718048)
7 5      - (1000000    3427.92804765162)(2000211    421.956045745303)
23 24      - (1000000    5199.86892285739)(2000002    3211.23812704658)(2000101    3024.0423600329)(2000201    1595.06111358507)
27 20      - (1000000    5211.10615680991)
19 26      - (1000000    5302.74014808408)
27 29      - (1000000    5244.85004190316)
29 26      - (1000000    5728.95756531041)
3 7      - (1000000    3447.03766314496)(2000201    1931.8107163116)
19 17      - (1000000    5367.41080141893)
24 26      - (1000000    5636.65984770554)
22 21      - (1000000    5299.78493515876)
17 16      - (1000000    5288.54677947547)
28 29      - (1000000    5639.39712459097)
20 10      - (2000002    4632.76146319441)
26 23      - (1000000    5207.6018711191)
15 17      - (1000000    4181.61211984321)
21 22      - (1000000    5345.32906775897)
29 29      - (1000000    2662.50073266182)
1 27      - (1000000    1200.23615429275)
24 27      - (1000000    5815.67988870046)
24 28      - (1000000    5809.48214469442)
27 24      - (1000000    5293.28511091865)
28 21      - (1000000    5118.48302027341)
14 19      - (1000000    4809.3766690706)
27 19      - (1000000    5520.87757088932)
10 20      - (2000002    3835.36269663627)(2000201    1528.57114100242)
25 22      - (2000002    5416.44461005892)(2000101    4526.21679105322)(1000000    4924.97904864616)(2000201    1670.85632127283)
7 3      - (1000000    3539.63844028139)(2000101    2587.58801797941)
8 4      - (1000000    3190.26020903846)(2000201    1339.33882788037)
21 29      - (1000000    3469.34100244723)
16 17      - (1000000    5454.41586228177)
19 27      - (1000000    5475.93926941852)
23 21      - (1000000    4803.06129877038)
6 6      - (1000000    3936.02259746689)
18 12      - (2000002    3838.1456099216)
25 20      - (1000000    3643.71258345283)
8 3      - (2000201    3538.86607918317)
24 29      - (1000000    5290.18258771592)
23 26      - (1000000    3008.01499753335)
23 28      - (1000000    5579.55950252794)
25 18      - (1000000    5502.72866373515)
10 26      - (1000000    3059.06945838156)
28 20      - (1000000    3293.44384176768)
29 23      - (1000000    5110.08156618321)
16 16      - (1000000    4173.62120568706)
4 8      - (2000101    3384.14022970141)(1000000    2329.31184091629)
7 4      - (2000002    1005.18307727683)(1000000    3409.97445843422)(2000012    880.778236959562)(2000111    1153.96790574048)
9 27      - (1000000    2523.5330038912)
26 18      - (1000000    6130.88274107888)
22 25      - (2000002    5065.64470940405)(2000201    1703.00814412441)(2000101    2656.33943549439)
18 26      - (1000000    5537.41169781621)
26 19      - (1000000    5369.77642172929)
22 19      - (1000000    4057.57911186164)
6 7      - (1000000    4040.72166370413)(2000002    1310.35225075265)(2000101    1468.43135031056)
8 5      - (1000000    4155.14948998607)
24 18      - (1000000    5307.66058520745)
23 25      - (1000000    5213.31553777054)(2000201    1697.29596686614)
27 18      - (1000000    5580.81689598311)
28 23      - (1000000    5226.2492910399)
29 24      - (1000000    5336.44358680171)
17 2      - (2000002    4680.89285221093)
18 25      - (1000000    5651.85854541029)
23 29      - (1000000    5533.29029877193)
28 19      - (1000000    4540.64953153873)
19 28      - (1000000    4210.77424554262)
25 15      - (1000000    4505.67706190605)
19 18      - (1000000    5137.37813592603)(2000101    1375.67563281702)
22 28      - (1000000    5055.00259884676)
22 29      - (1000000    5071.26260978557)
22 27      - (1000000    5126.87861413106)(2000002    1746.19492293576)
7 6      - (2000002    1170.17266311942)(1000000    3797.15404724921)
18 19      - (1000000    5102.4520501583)
17 3      - (1000000    1263.07439502486)(2000012    3824.021494438)(2000002    1389.19846241695)(2000111    1417.51825509053)(2000201    1417.51825509053)
19 22      - (1000000    1654.61639121344)
5 7      - (2000101    3127.75531505004)(1000000    2274.10153576131)
8 21      - (2000201    4357.42878974237)
17 27      - (1000000    4207.69416934187)
0 18      - (2000101    1442.2020918186)(1000000    4711.02380139895)
26 22      - (2000201    5433.29263315391)(1000000    1489.50390040724)(2000002    1196.35282105356)(2000101    1117.28554938534)
26 7      - (1000000    4235.876398568)
22 26      - (2000201    5553.10899794942)(1000000    1669.50505876243)
3 23      - (2000101    3889.79405703733)(2000002    1385.53876163886)(2000012    1251.77501939729)
5 8      - (2000201    2362.19969972407)
3 24      - (2000012    2334.81507417106)
18 28      - (1000000    4454.59754052579)
24 19      - (1000000    5568.33743568821)
8 27      - (1000000    3817.72988941966)
5 22      - (1000000    2656.13409305027)
21 5      - (1000000    2901.14876511036)
5 21      - (1000000    1586.65246997449)
5 24      - (1000000    1509.26647727241)
6 24      - (1000000    2929.74769524558)
15 16      - (1000000    1692.13983308853)
27 8      - (1000000    3123.32027626341)
15 28      - (1000000    1877.48694415979)
17 15      - (1000000    3941.12910885048)
29 7      - (1000000    1685.14380971843)
25 23      - (1000000    5550.23173304305)
18 24      - (1000000    5249.81908670823)
7 7      - (1000000    2456.73119618096)
19 24      - (1000000    5164.6029022733)
20 17      - (1000000    2887.98131493549)
19 23      - (1000000    2540.07874044845)
17 26      - (1000000    3008.52968338373)
2 20      - (2000012    4635.41486033402)(2000201    1946.08135906233)(2000002    1070.75678249778)(2000211    2443.46700664261)(1000000    2436.68151325597)(2000101    1157.302274092)
17 25      - (1000000    2915.14669196803)
28 12      - (1000000    3577.88316410585)
24 17      - (1000000    1407.58500210706)
26 17      - (1000000    4135.03389769061)
23 18      - (1000000    2279.83250876834)
24 14      - (1000000    5545.58063978461)
13 29      - (1000000    2883.35536500641)
7 27      - (1000000    2879.88186089091)
21 18      - (1000000    3001.44973242167)
20 19      - (2000201    4036.72986301834)(1000000    2385.70621513023)
25 17      - (1000000    1325.66841764038)
19 12      - (2000201    4971.09426806479)
21 19      - (1000000    1319.68364386409)
25 10      - (1000000    1329.26672127518)
28 18      - (1000000    4900.27693178701)
29 14      - (1000000    1305.75530296682)
29 6      - (1000000    1303.54389665124)
21 8      - (2000002    4358.00564026416)
11 26      - (1000000    3255.48257704092)
11 25      - (1000000    1319.31363965405)
18 20      - (2000101    1317.23640012693)(1000000    1711.99277123661)
23 19      - (1000000    5509.99060781007)
17 12      - (2000101    2425.75906970638)(1000000    890.357757615815)
20 24      - (2000002    1386.24288210708)
18 9      - (1000000    676.658277071323)
7 19      - (2000201    1392.33943916235)
12 29      - (1000000    3089.64624446646)
11 29      - (1000000    2617.03526065915)
14 29      - (1000000    1633.9801081573)
19 19      - (2000201    5146.83099916538)
17 29      - (1000000    1334.79788812268)
21 7      - (2000201    2414.82367286355)
18 23      - (1000000    4359.25162614268)
17 28      - (1000000    3114.44116099661)
29 21      - (2000101    2973.13361063996)
7 8      - (1000000    2526.95106088731)
20 18      - (2000201    2391.96801450397)
29 20      - (2000201    2331.70321683687)
12 17      - (2000201    1503.0894226865)
29 12      - (1000000    1692.43221381156)
25 7      - (1000000    3096.57819169691)

