547
0 0      - (2000101    -259.200759493854)(1000000    371.341758891609)(2000201    -445.052169522516)(2000002    420.337099753835)(2000221    501.146465267394)(2000022    477.484044736067)(2000211    -387.638473318731)(2000012    86.4997434157866)(2000121    286.007801103644)(2000111    472.113398977319)
1 1      - (2000002    -172.050563503842)(2000101    -160.211520024022)(1000000    639.796314409684)(2000221    266.754347889319)(2000211    -80.6982423427909)(2000201    -376.886579293408)(2000012    -138.684638138347)(2000022    554.812579240966)(2000111    464.296506113349)(2000121    255.323594502706)
2 0      - (1000000    724.740238707578)(2000101    -445.029809444141)(2000002    -199.105923378261)(2000201    -202.700783650021)(2000211    -110.916029804552)(2000012    28.0419855154507)(2000022    564.715635599668)(2000121    420.936186173501)(2000111    258.456649492204)(2000221    378.423874775577)
0 2      - (2000211    -220.559515634017)(2000101    7.72365748270893)(2000002    264.76657814767)(1000000    917.193965267011)(2000012    219.273459477896)(2000201    -518.37789150211)(2000022    557.127916111318)(2000111    158.867849675638)(2000221    435.187620635931)(2000121    207.123942195347)
2 1      - (2000111    436.598726095647)(2000002    51.8201231459674)(2000101    -169.099101288389)(1000000    401.779464578782)(2000201    -280.003921508112)(2000012    287.583118349774)(2000211    -276.626168533569)(2000022    277.44824089314)(2000221    507.435048956186)(2000121    322.523886966123)
1 3      - (2000101    -263.85501784339)(1000000    127.24696542548)(2000002    134.04518240316)(2000111    -25.8084103875135)(2000201    -352.781542577759)(2000211    -60.5394797369979)(2000121    338.312718526502)(2000012    113.751835915634)(2000221    381.03763093637)(2000022    524.693911008425)
1 2      - (2000101    -180.540699482744)(1000000    375.768291356696)(2000002    345.324205862666)(2000201    -466.460686711362)(2000111    185.743962353904)(2000211    146.063144535284)(2000221    357.280607897581)(2000121    185.434558105614)(2000012    -78.097871667507)(2000022    483.74486570558)
2 4      - (2000111    39.2899137307797)(1000000    137.302235081884)(2000012    114.760986839945)(2000101    8.15704408433399)(2000121    237.649280915241)(2000002    137.234000276037)(2000211    -379.601302984535)(2000201    -438.490486077674)(2000022    495.808009738235)(2000221    390.198005069382)
0 3      - (2000201    -377.869388613322)(1000000    77.0183559482786)(2000121    287.189468947902)(2000101    -248.273127690788)(2000002    224.75619815368)(2000022    521.718387176143)(2000012    -41.5009669617052)(2000221    328.094533140643)(2000111    17.5871392730703)(2000211    -370.659734869884)
0 1      - (1000000    587.6238981025)(2000002    420.411152038037)(2000201    -320.302365033653)(2000111    326.102618208326)(2000101    -162.439114107299)(2000012    212.252571661866)(2000211    -291.525583095684)(2000022    536.785094783612)(2000121    302.525674895)(2000221    395.129094351055)
3 2      - (2000002    310.426441543069)(2000012    213.256296637485)(1000000    307.255006037385)(2000101    -156.328126288239)(2000201    -252.543064035475)(2000111    486.138888638768)(2000211    -192.444632684447)(2000121    219.258467330854)(2000221    281.660240991804)(2000022    487.608555612252)
1 0      - (2000201    -287.084554808914)(1000000    269.341100316816)(2000101    -243.589186982502)(2000111    502.415193056131)(2000002    103.500035545431)(2000012    252.382422438304)(2000211    -462.480113219761)(2000221    277.848708102593)(2000022    379.472157229916)(2000121    203.387408196459)
2 2      - (2000022    494.279439644151)(1000000    90.4656589203042)(2000002    75.7670045935803)(2000101    -234.6654452842)(2000211    -520.114684100814)(2000201    -424.423730454357)(2000221    182.870830082764)(2000121    355.134526888173)(2000012    -140.464927831557)(2000111    20.2647942448794)
3 0      - (2000111    455.847913574357)(2000101    -65.9616741790962)(1000000    225.825025284986)(2000201    -234.285826847743)(2000211    109.695488897831)(2000002    -21.0240787310394)(2000012    148.64630403448)(2000221    -70.2650320432587)(2000022    535.285069627698)(2000121    137.387527584709)
0 5      - (2000002    152.916434802871)(2000101    -314.252149329016)(2000022    48.9798454315496)(1000000    -291.075246050936)(2000012    58.0621680811944)(2000221    586.704605026029)(2000201    -501.282648723016)(2000121    162.868136811975)(2000211    -300.431691742414)
3 4      - (2000201    -341.262446679492)(1000000    127.00279224161)(2000121    140.376761564557)(2000111    462.223483601344)(2000101    -289.356456371595)(2000002    395.886286872657)(2000012    277.961942230049)(2000221    349.791421822936)(2000022    484.284621588629)(2000211    -372.394367590379)
5 1      - (2000111    -60.443754224307)(1000000    -298.052570356839)(2000002    89.3214746791831)(2000101    -307.863740425218)(2000201    -367.812887012649)(2000211    -170.102537992071)(2000022    -318.531345536799)(2000121    439.539038329768)(2000012    -63.9538718800354)
3 3      - (1000000    420.533948350049)(2000201    -471.345896254519)(2000002    -5.38300018929951)(2000211    -558.075433948554)(2000101    -285.792441974579)(2000111    139.799372334834)(2000121    325.46499425214)(2000221    64.8136114778309)(2000012    159.022764888523)(2000022    464.081041310761)
4 0      - (2000002    165.569587338549)(2000201    54.7614633395013)(2000121    258.240850222935)(1000000    -228.635861617326)(2000211    175.538688841271)(2000111    111.773526117426)(2000101    296.248360952699)(2000012    44.9610751515868)(2000221    269.969294416075)(2000022    535.611772402156)
2 3      - (2000111    392.70951354687)(2000211    61.3627792184776)(2000121    242.947689092334)(1000000    293.107960270829)(2000101    88.1742967891989)(2000002    -31.7971042119719)(2000201    -213.202887378202)(2000012    56.260440556934)(2000221    197.625165814629)(2000022    488.407437795591)
4 3      - (2000211    -365.356801460458)(2000121    386.022265590037)(2000201    -264.068469389569)(2000002    139.543604579081)(2000221    498.986247912085)(2000022    403.345814621473)(1000000    252.914231613191)(2000101    -357.442484212581)(2000111    138.434611115442)(2000012    130.650186991205)
4 2      - (1000000    -109.578925318832)(2000101    -241.3616657966)(2000201    -47.5235620430609)(2000012    58.9244913845419)(2000002    126.623215058609)(2000111    555.832637613009)(2000121    243.132623430207)(2000221    505.268863268593)(2000211    -245.106377576857)
3 1      - (1000000    35.2932665818625)(2000201    -530.562359024361)(2000002    267.384732210142)(2000221    542.348563450325)(2000101    -166.327264727421)(2000211    -255.802847216118)(2000012    -228.49522042445)(2000111    392.274740700872)(2000022    408.689733370183)(2000121    201.382569449255)
4 4      - (2000101    -282.86277104808)(2000002    -37.7782945604754)(1000000    533.910302456739)(2000221    -293.856401116683)(2000201    -251.959906378883)(2000111    40.8919111940761)(2000211    -506.22044919631)(2000121    33.6488694512988)(2000012    540.963346279507)
1 4      - (2000111    441.406402234429)(2000002    116.210331057375)(2000022    516.698514953718)(1000000    -46.1664525049842)(2000101    -141.272256516537)(2000201    -278.909867790223)(2000012    -59.6789325734636)(2000121    311.151839961442)(2000211    -154.412334852086)(2000221    284.30607100877)
0 4      - (2000002    285.298958455396)(2000101    -389.103221571934)(1000000    -182.522566513668)(2000022    524.605691342003)(2000012    112.018842592235)(2000111    503.59919574421)(2000201    -441.568675550904)(2000211    -104.132450785666)(2000121    227.479337177232)(2000221    288.602249243019)
0 6      - (2000101    -417.855556507792)(1000000    -99.8996133168621)(2000211    -547.124464003945)(2000022    609.46570306721)(2000201    -395.264608665276)(2000002    166.964332259058)(2000121    236.141857018527)
2 5      - (2000111    555.024312344509)(1000000    106.312803231573)(2000221    209.295318418795)(2000101    96.715477978095)(2000201    -116.791556202593)(2000002    270.623969069469)(2000022    -168.264317476004)(2000211    -95.0549987018565)(2000012    145.333282935858)
4 1      - (2000012    6.54990971499794)(2000211    -416.728395677865)(2000101    -283.11894611756)(1000000    -356.180932722205)(2000002    311.324118842202)(2000221    116.091830378863)(2000201    -89.6100085406929)(2000111    442.368950066834)(2000022    477.554453041199)(2000121    -42.0072110843608)
5 2      - (1000000    -124.560941817899)(2000022    517.908069240825)(2000101    311.348635079499)(2000201    -174.919197784233)(2000002    48.3681414802354)(2000111    296.14218602297)(2000012    43.5162256714349)(2000221    -48.2651764176804)(2000211    -52.1088393033265)
5 3      - (1000000    229.439817241529)(2000101    -159.976963340199)(2000201    -306.841818963208)(2000211    -17.7981855815815)(2000002    319.392269338944)(2000121    382.295983971768)(2000221    518.450622591768)(2000111    163.196327401378)
6 3      - (2000101    -214.854806751266)(2000002    -364.439210228285)(2000022    486.857178946731)(1000000    -376.192641023508)(2000121    131.456091792285)(2000201    -240.298605230545)
1 5      - (2000111    356.752675792522)(2000121    89.1769290229329)(2000201    -530.034523751684)(1000000    -80.4503760895522)(2000101    -309.75108531495)(2000002    66.6900290178491)(2000211    -400.334436831086)(2000022    424.23407512536)(2000012    -12.5765612406782)(2000221    132.125178464198)
5 0      - (2000201    -356.175967557396)(2000211    161.817904740986)(2000121    226.07901355899)(2000002    48.576403543278)(1000000    -384.874842134627)(2000022    495.239126089004)(2000012    -176.336268194458)(2000101    -396.588236144967)(2000111    -42.9022409831728)
2 6      - (2000022    503.92282503807)(2000201    -202.263633902557)(2000002    -238.881111817164)(1000000    -192.235197348778)(2000211    -5.29541214050226)(2000101    16.9331672925415)(2000012    111.624461269873)
6 4      - (1000000    -329.526964783951)(2000121    347.010890614581)(2000012    321.95693161473)(2000022    509.791951622985)(2000111    505.411719993118)(2000201    -273.597195660961)(2000101    42.5126307223654)(2000002    385.390356488709)
5 4      - (2000002    283.342104013661)(1000000    -3.9875597075201)(2000022    504.706331975923)(2000101    54.134327313594)(2000121    419.42209303262)(2000201    -98.0083557982864)(2000012    110.45900568098)(2000111    139.856607964074)(2000211    215.290455712444)(2000221    4.35063788337999)
3 5      - (2000002    255.235002743722)(2000121    459.747157365646)(1000000    71.9108308267196)(2000201    -266.541895168507)(2000111    349.677975321659)(2000012    299.069512751274)(2000101    9.86760232094909)(2000211    262.219460549323)(2000221    123.895670468983)
6 0      - (2000201    -621.156449119257)(1000000    -208.960234058707)(2000012    -234.758419362457)(2000211    -229.457846712176)(2000022    -133.489948961514)(2000101    -309.576951563326)(2000111    -20.9621749303965)(2000121    407.878959033509)
1 9      - (2000111    -50.1890115019846)(1000000    -97.8529947967389)(2000002    579.238893330608)(2000201    196.845750864836)(2000221    331.328481045573)(2000101    217.151681570765)(2000012    1028.50948963624)(2000022    478.399362351325)(2000121    440.755587920696)(2000211    365.694802194469)
0 9      - (1000000    30.374764500594)(2000201    212.585480639349)(2000002    714.72772048975)(2000101    0.643529566063805)(2000111    455.628148621757)(2000211    702.044481287438)(2000012    1015.52396233164)(2000121    223.320173852187)
10 0      - (2000012    1206.59512183531)(1000000    29.6385501668056)(2000101    -216.953385527517)(2000201    -193.284429749882)(2000002    624.563974727756)(2000211    142.65695475368)(2000121    181.825762397198)(2000111    443.310785142262)
11 0      - (1000000    445.735516335977)(2000201    161.624702218477)(2000101    -62.6920443161701)(2000002    540.862929101204)(2000211    336.322519530487)(2000221    -44.3584909995414)(2000012    862.161502849776)(2000022    180.032662966737)
1 12      - (1000000    458.026749638538)(2000111    -175.834336557745)(2000012    325.119960327422)(2000221    -337.853896835216)(2000201    225.94568681728)(2000101    114.254381582242)(2000121    -418.055780997437)(2000211    -116.747108566574)(2000022    109.770234812292)(2000002    456.47005095575)
0 11      - (2000002    455.005734078064)(2000201    172.221888781086)(1000000    179.585197026808)(2000221    115.263154808492)(2000111    334.212240860729)(2000211    41.6577775783377)(2000012    875.127175204601)(2000101    -261.261945408789)(2000121    223.469198077862)(2000022    206.872313526196)
2 11      - (2000101    58.9950374161177)(1000000    185.37558180798)(2000211    -136.1922438965)(2000221    -382.705419734254)(2000002    251.954780940232)(2000012    534.112442167169)(2000201    53.7536002087224)(2000111    261.736770815544)(2000022    403.948627821759)
10 1      - (2000101    -350.387212077085)(1000000    145.65805935182)(2000002    536.421314181056)(2000201    -46.2855532489489)(2000012    -332.042991705774)(2000121    145.727944958537)(2000221    240.153945256787)(2000211    -96.3780864308365)
2 9      - (2000012    792.114712091389)(1000000    454.899627438331)(2000201    241.689513550649)(2000002    524.555885153294)(2000101    139.05737875607)(2000211    787.190652959252)(2000121    441.208920323482)(2000111    793.665246249701)
13 2      - (2000101    319.185584005127)(2000002    442.30575126755)(2000201    193.396959114692)(2000211    -180.023504568729)(1000000    459.136564535406)(2000012    -212.742233415733)(2000111    -135.1332198567)
1 14      - (1000000    230.553150327937)(2000002    522.11532880109)(2000101    479.980517714277)(2000201    484.632759812841)(2000022    359.661125113953)(2000121    184.961079211951)(2000211    -620.323453407465)(2000012    318.864382103032)(2000111    -520.635456942804)
0 14      - (2000201    499.749788361211)(2000101    648.924278967423)(1000000    316.122484290848)(2000111    -8.27400355166185)(2000211    -615.459350140325)(2000221    280.227255618047)(2000012    307.824009631299)(2000022    544.572232099843)(2000002    506.330038585765)
12 0      - (2000002    485.380146868929)(2000101    27.0363721553936)(1000000    225.977211852126)(2000022    275.78780014184)(2000201    209.164864742365)(2000012    272.186834949164)(2000211    -131.745416296959)(2000121    191.328398466443)
14 0      - (2000101    445.648893994058)(1000000    -61.1752514817196)(2000201    446.035779585832)(2000002    579.336375967374)(2000012    180.865085606055)(2000221    146.188323281101)(2000211    -385.174290036089)(2000022    190.432862747104)(2000111    -90.4876519810183)
1 15      - (2000201    526.383885039577)(2000101    -975.283362789116)(2000002    429.976188624753)(2000111    -252.834321562597)(2000012    -420.159989649931)(1000000    -60.4477333787749)(2000211    -235.52348577841)
3 10      - (2000012    525.140788468799)(1000000    211.140977742733)(2000101    -224.588515667574)(2000201    -194.958522374936)(2000111    -381.924290036089)(2000002    363.352032012064)(2000211    108.064633181563)
2 13      - (1000000    340.713166325827)(2000022    275.830295190503)(2000121    50.359620934584)(2000101    252.38027209871)(2000211    325.708428598059)(2000012    -41.4092833178604)(2000221    303.319770529923)(2000111    -241.324998643641)(2000201    381.793371336845)(2000002    202.626777436579)
1 8      - (1000000    -525.828217753722)(2000121    -451.597799096046)(2000012    -308.587160616182)(2000002    768.276440080035)(2000211    -186.473702027666)(2000221    472.634288747789)
2 14      - (1000000    588.234612577853)(2000201    109.936028118065)(2000101    352.004344518685)(2000111    -412.158613941992)(2000221    -404.747052308036)(2000012    578.13171697303)(2000002    354.143352312683)(2000211    -232.099390409584)
2 10      - (1000000    514.247908086406)(2000211    350.738991397127)(2000101    -130.729860065709)(2000201    -296.784515399727)(2000012    484.752678290205)(2000022    265.030303175183)(2000002    510.090246160091)(2000121    52.6501130076821)(2000111    476.128399812589)
9 0      - (2000002    549.433320742596)(1000000    -363.502295118787)(2000201    -436.038836750189)(2000121    241.203761382191)(2000111    1017.40255153352)(2000101    51.429583937267)(2000012    497.798801580531)(2000211    276.227638594281)
13 1      - (2000201    511.771100680744)(2000101    521.369901856231)(2000111    17.5136110967001)(2000221    180.395352261738)(2000012    227.542780123108)(1000000    543.58004254007)(2000002    325.639743072794)
3 8      - (1000000    422.878927544168)(2000101    -442.01353884428)
3 14      - (2000201    121.421448551667)(2000002    282.441996327813)(2000101    175.339741918699)(1000000    454.391155242921)(2000111    160.484506607031)
13 0      - (2000211    -85.1829515102301)(2000002    579.890169091685)(2000201    493.415753161886)(1000000    512.64621611952)(2000111    -416.159889339283)(2000012    -143.648669602628)(2000221    51.264263544076)(2000101    -610.736413183849)
0 13      - (1000000    249.238950413165)(2000201    425.25619940282)(2000101    270.916127827163)(2000022    108.508307081694)(2000002    474.511637024126)(2000211    -36.7504276387056)(2000012    366.392686296456)(2000121    -12.0381653285476)(2000111    143.301318428289)
0 12      - (2000201    -66.1176961689784)(2000101    56.1939623516368)(1000000    470.364114288713)(2000121    265.890837564294)(2000002    480.523717670515)(2000211    65.0967439716431)(2000111    -338.905333119284)(2000022    348.305208638007)(2000221    143.578248054118)(2000012    428.792731361296)
14 1      - (1000000    19.147893638868)(2000201    479.728142807143)(2000101    486.879736316539)(2000022    465.649541399061)(2000002    513.149322652156)(2000012    198.324351997563)
3 13      - (2000002    573.987072798939)(2000201    63.0235020160997)(2000221    271.81553188298)(1000000    384.761788168568)(2000111    -74.189757990434)(2000101    26.177339905916)(2000211    -142.47515800745)
1 10      - (2000211    522.971263912832)(1000000    4.65495759870581)(2000221    -5.88884330737591)(2000012    815.654412696895)(2000201    191.687082329268)(2000121    -352.475035154281)(2000002    550.497850883178)(2000111    -303.136403984216)(2000101    279.943612728456)
2 16      - (1000000    611.977674704975)(2000211    140.62946801697)(2000101    176.671008161011)(2000002    -295.50401008259)(2000201    184.078524793431)
1 13      - (2000201    465.446691826433)(1000000    526.603536330601)(2000101    406.44678881644)(2000002    411.628607909523)(2000111    -321.512611043252)(2000121    123.703690497095)(2000012    501.696140720109)
3 15      - (2000201    -221.162630359933)(2000111    -122.251510340072)(1000000    366.946547817644)(2000101    -237.15506123129)(2000002    -461.764757396324)
4 12      - (2000201    -281.206572490954)(2000121    -230.725449262807)(1000000    125.598183462996)(2000012    365.892716061195)(2000101    -39.3666411408185)(2000002    303.473985020847)(2000111    -139.533802538513)(2000211    -161.268728833251)
11 1      - (2000211    -548.645590978652)(1000000    401.686878289097)(2000012    283.098309686296)(2000221    -348.104307194924)(2000101    -108.681765899364)(2000201    -192.389292176007)(2000002    399.555076444871)
9 1      - (2000002    602.497986130731)(1000000    339.005213546692)(2000201    -22.7982215524033)(2000101    -550.864318179082)(2000121    253.792731153369)(2000111    -84.2661953363231)(2000012    732.425189990356)
0 15      - (2000101    450.121202648879)(1000000    -147.250023161459)(2000121    254.084715031409)(2000201    358.165621601249)(2000002    479.337568945662)(2000211    -372.683242330112)
3 9      - (1000000    407.694032684106)(2000211    139.895325428479)(2000111    189.161874859081)(2000221    181.270899117775)(2000101    61.1420924802413)(2000201    -273.090472436995)
10 2      - (2000201    -344.363001438676)(1000000    424.566963829234)(2000121    55.0307074338377)(2000002    495.058793016558)(2000101    6.75733144861327)(2000012    506.405132031106)(2000211    -106.356925287208)(2000111    70.7790129187384)
3 16      - (1000000    477.325517946295)(2000002    -230.436030805758)(2000201    -242.745840837948)(2000101    -453.864690574837)
0 8      - (1000000    -90.302315320993)(2000201    -698.53175510145)(2000002    848.92868353672)(2000022    360.012927519584)
14 2      - (2000101    61.2894421959249)(2000002    16.7852875277555)(2000211    -210.53599012554)(2000201    363.39016204362)(1000000    636.359613399332)(2000111    84.9555600130105)(2000012    187.904516737148)
0 16      - (2000101    389.448767210029)(2000221    384.450933328385)(2000012    -123.137552728906)(1000000    101.02430364108)(2000211    -234.960487836146)(2000111    253.984297467208)(2000002    478.867861389034)
2 8      - (1000000    -71.1623353515171)(2000201    -59.8364922840994)(2000101    -270.987625338895)(2000002    687.161855899207)(2000221    218.161156009944)(2000111    412.584046160311)
9 2      - (2000101    -16.624171766661)(2000002    -87.0845819017443)(1000000    183.224299656561)(2000201    309.431406233908)(2000211    -450.201967001238)(2000012    676.060994847139)(2000121    394.844057732096)
4 13      - (2000101    -134.066916488349)(2000002    60.6390935196598)(1000000    104.075783764293)(2000201    188.448279851094)
1 11      - (1000000    454.728537383363)(2000012    36.1580061591327)(2000201    -225.833298371078)(2000002    330.356450586045)(2000111    -130.392157896276)(2000101    0.820656679483221)(2000121    224.524385827812)(2000211    -160.805807673076)
3 11      - (1000000    144.804880732911)(2000111    -379.756966424057)(2000002    491.147918124857)(2000101    10.0835548062656)(2000211    -295.631600926279)(2000201    66.071108185396)
4 11      - (2000211    -403.80558329057)(1000000    -12.968680800789)(2000111    -16.5965338719608)(2000201    -55.028165917222)(2000101    -166.370857156424)(2000002    258.933053867348)
4 10      - (2000002    341.896743860371)(2000022    172.963138166296)(2000121    507.309936464549)(2000201    17.0106680114697)(1000000    198.17602910918)(2000012    379.23622743218)(2000101    -25.9228297937114)(2000211    -265.141165850866)
0 10      - (2000201    -21.8560718427928)(2000002    628.628390873271)(1000000    -203.584168753671)(2000211    934.044146387058)(2000012    1039.34119596966)(2000101    102.736733810933)(2000022    199.64396730971)(2000111    746.56027362577)(2000121    457.049343635126)
12 1      - (1000000    471.670684173434)(2000002    238.889097827542)(2000101    423.04434680969)(2000201    -147.450660591049)(2000221    126.130949685666)(2000121    -310.078850575314)(2000012    167.310494326141)(2000211    -78.3858166094711)(2000111    285.050377175734)
1 16      - (2000201    -516.123031485513)(1000000    49.9695323541581)(2000002    444.543003491642)(2000101    149.738162908255)
12 2      - (1000000    492.697877014538)(2000111    -197.911788908366)(2000002    490.682159525913)(2000101    91.3500400816848)(2000201    238.496580474326)(2000211    257.450713921025)
2 12      - (2000012    254.512981389898)(2000211    -171.810445860043)(2000221    -231.652034311033)(2000101    136.117302735195)(1000000    384.553287395035)(2000002    422.045716805083)(2000111    -90.9933729276102)(2000022    382.776228067465)(2000121    250.493488527889)(2000201    -0.258721124296045)
4 15      - (1000000    -24.1526089755934)(2000101    41.7357950182504)(2000002    -193.645025771645)
11 2      - (2000121    337.484855075105)(2000111    62.3713065587702)(1000000    442.449587074422)(2000101    -192.770245771932)(2000002    437.605481126714)(2000211    86.3266665559943)(2000201    25.1292087789615)(2000012    328.436905882906)
4 16      - (2000101    -419.257129944016)(1000000    298.90260847588)
5 5      - (2000211    -376.383034909842)(1000000    -335.576416264326)(2000201    -155.345784512213)(2000022    486.420620058123)(2000002    618.854664916101)(2000121    76.0030460215473)(2000111    136.535847953949)
4 5      - (1000000    494.992100697039)(2000002    434.455303016071)(2000201    -271.508007220541)(2000211    -245.83978535592)(2000221    524.93257936343)(2000012    33.0959822181785)(2000101    -288.437063205705)
3 12      - (2000022    138.546201329432)(2000111    201.242168796834)(2000201    -79.307557936616)(2000002    388.2086728888)(1000000    42.5627866440405)(2000101    -101.862088520572)(2000211    -372.571348113228)(2000012    530.648013536063)
7 1      - (2000211    -202.034821769198)(1000000    -454.543288222161)(2000002    -595.141987056031)(2000012    143.627643605418)
3 6      - (1000000    -190.669604336985)(2000002    -383.612274757258)(2000201    -421.230399637318)(2000101    -364.359577254846)(2000012    -346.824257704568)(2000111    345.207786103656)
4 7      - (2000201    -325.44483409224)(1000000    -368.498964197725)(2000101    -203.88682901043)
3 7      - (2000002    302.433120010477)(2000101    -332.746988476098)(2000211    117.970387292156)(1000000    -83.8465035223614)(2000201    -137.029910138306)
6 2      - (1000000    119.649131839214)(2000221    568.066327860763)(2000101    -226.708934995717)(2000201    -76.0674443061424)(2000002    30.1275372561947)(2000211    -206.879523911807)(2000012    -126.832684615651)(2000111    -14.5168402152507)
6 1      - (2000201    -604.175037516934)(1000000    -48.8783561586012)(2000012    146.00916894582)(2000111    -0.3)(2000211    -390.042065145127)(2000101    -157.337308672546)(2000121    95.8768063996752)(2000002    291.172361832094)(2000022    98.808986025107)(2000221    446.784545092151)
12 3      - (2000101    39.7825194763942)(1000000    382.675871647158)(2000002    57.1377838504514)(2000201    99.9271324275319)(2000012    114.705610575068)
1 6      - (2000201    -373.710922787996)(1000000    -203.561060122971)(2000002    136.958575703127)(2000121    -90.2688759220896)(2000111    311.390199304627)(2000012    38.4404568972814)(2000211    -250)(2000101    -218.272891925412)
2 7      - (2000211    -72.9215391816833)(1000000    -196.162205029327)(2000002    -281.25788171707)(2000101    -120.138152867096)(2000022    334.833683490974)(2000221    132.2561590026)
2 15      - (2000201    267.417265970256)(2000121    114.325709963911)(2000221    114.400709963911)(1000000    511.954785517587)(2000002    466.506364469878)(2000101    346.979419135741)
7 0      - (2000012    249.325550996695)(2000022    79.4576099143091)(2000121    -92.0155984961792)(2000101    96.3612704674387)(2000002    113.210578364782)(1000000    0.339289058617695)
1 7      - (1000000    216.024212622479)(2000002    -470.416240983668)(2000121    -117.627033068358)(2000111    -153.902198573702)(2000101    -479.35911174329)(2000022    -0.3)(2000201    -163.161100425168)
8 1      - (2000002    115.599091924216)(1000000    -26.5158240061989)
11 4      - (2000101    -351.159454891422)(2000201    -272.225711649611)(1000000    162.580848855839)(2000002    241.82368774018)
8 0      - (1000000    -362.382520691961)(2000002    367.603872262129)
4 14      - (1000000    176.307554422638)(2000101    -360.502751094229)(2000201    -315.230290037487)(2000111    -161.268728833251)(2000002    572.693837024411)
3 17      - (2000211    -548.714041804978)(1000000    484.713726173186)
16 0      - (2000101    -133.377767473595)(2000002    271.709675270633)(1000000    57.8157464510828)(2000012    159.805863963357)(2000201    115.76132736477)
4 9      - (1000000    319.542292703228)(2000111    49.6078740007657)
16 1      - (2000101    273.745115086742)(2000201    390.155481731032)(1000000    547.272415630873)
14 4      - (1000000    -135.527096722181)(2000201    -262.667112876314)(2000002    -265.879127369725)(2000101    91.7461876029161)
9 4      - (2000101    -347.978408391948)(1000000    384.791368511762)(2000201    188.210095090756)
4 6      - (1000000    -149.214188745888)(2000002    427.562532624677)(2000121    140.492475851881)(2000012    619.751983458491)
15 0      - (2000002    414.942825121037)(2000201    304.609725552911)(1000000    -95.534962812251)
10 3      - (2000211    63.2064745836183)(2000111    24.832676927079)(1000000    466.064441063462)(2000101    -57.6811980785299)(2000201    242.595848823167)
4 8      - (2000022    423.019920876278)(2000101    208.083627774381)(2000201    -317.780710509515)(1000000    -91.0349103593299)
15 1      - (1000000    161.045431613597)(2000201    227.037945369925)
13 3      - (2000201    270.704272515226)(2000111    154.045493726315)(1000000    319.896636023831)(2000002    487.583809673581)(2000101    17.367354062822)
14 3      - (2000101    429.400551211382)(1000000    350.123259374028)(2000002    11.6193886933143)(2000012    202.670854457089)
9 3      - (2000111    103.014697599074)(2000101    -184.629677021192)(1000000    422.295526057208)(2000201    144.94268010155)
5 11      - (1000000    -311.674424739685)(2000012    721.274809246012)(2000002    -331.353718381701)
6 5      - (1000000    -221.450604560056)(2000111    485.389242897946)(2000002    -21.1878677376143)(2000201    -422.158040830103)(2000022    118.249191741625)(2000101    -249.38848711334)
0 7      - (2000101    -400.786188885681)(2000002    453.915134122607)(1000000    -244.987190169001)(2000121    -43.7586019793246)(2000022    260.943091639637)(2000221    -63.9777520268649)(2000012    -171.858967460244)(2000201    -250.735049206042)
7 4      - (1000000    -3.17129624917632)(2000101    -148.806337705775)(2000002    509.927998058245)(2000201    -137.584945766086)(2000111    193.005796971328)(2000211    116.586029377537)
15 3      - (1000000    289.266513386735)(2000002    463.12046869191)(2000201    199.502783515537)
6 6      - (2000121    524.074162349078)(2000002    334.772054607655)(2000201    -444.119786324408)(1000000    180.448494547427)
6 7      - (2000012    465.463730295315)(2000101    480.477402798347)(2000221    134.429920838011)(1000000    -168.476289270701)(2000111    86.8580238343891)
5 12      - (2000101    -155.814161516798)(1000000    -197.737416435508)(2000002    -102.229660495311)(2000201    -169.119386645312)(2000211    -169.96523706172)
6 12      - (1000000    -460.667081906983)
11 9      - (2000111    -516.274279509958)(2000211    -217.091047508501)(2000002    457.319146473769)(2000101    -512.194713908995)(2000201    -342.800187969654)(1000000    -430.730380585481)(2000012    118.421003887112)
11 10      - (2000111    -450.264572200156)(2000002    432.97229584375)(2000211    -493.847319662588)(1000000    -479.514217252086)(2000201    -310.904619848861)(2000012    179.559925577189)
9 9      - (2000211    -302.307902172451)(2000012    475.883813048423)(1000000    -379.006683918643)(2000201    -432.602722555541)(2000111    -345.838483048452)(2000002    412.849799298644)(2000101    -377.88623396683)
9 13      - (2000101    112.948239219509)
12 12      - (2000211    -439.099180528796)(1000000    -443.224602051638)(2000201    -449.372172590345)(2000221    312.894346820682)(2000002    479.42470423317)(2000111    -424.09835209969)(2000012    504.886643274772)(2000101    -443.760515181898)(2000121    -38.5743825502512)
8 11      - (2000012    404.334665893782)(2000002    108.664815965258)(1000000    -344.505437051604)
7 10      - (2000101    -45.2639738871944)
9 14      - (2000211    -67.5843165806611)(2000201    -189.88221112245)
10 13      - (2000101    92.4434332645604)(2000121    143.870502735543)
13 13      - (2000201    61.9496529396667)(2000012    498.226756288367)(2000211    -105.887129576097)(2000101    -142.447693567042)
10 14      - (2000201    -4.91181123953723)
12 13      - (2000101    -521.514221806837)
13 15      - (2000211    -80.9907599227284)
10 11      - (2000012    427.435108167459)(2000211    -411.203906052212)(2000201    -373.464534696216)(1000000    -377.305380651613)(2000111    -295.331129845188)(2000101    -340.343814186174)(2000002    294.052899016216)
9 11      - (2000012    407.333488940994)(2000101    -477.966532399541)(2000201    -292.500394572101)(1000000    -438.297184774683)(2000211    -375.500534689665)(2000002    251.385589127844)(2000111    -305.415451689362)
11 12      - (2000002    467.232772829426)(2000101    -143.472205805009)(2000211    -73.6035669138395)(1000000    280.702786302362)(2000012    411.731181480971)(2000111    314.105563669691)(2000201    -159.138774027579)
13 12      - (2000211    -532.281534314851)(2000022    264.045236317024)
13 16      - (2000101    -8.86971959877143)
11 16      - (2000111    -123.371658155728)(2000201    57.1818860478824)
9 10      - (2000211    -431.083694446606)(2000111    -434.093409386718)(2000002    410.689546540069)(2000101    -536.881762355658)(1000000    -508.854070489954)(2000201    -404.177885757143)(2000012    345.117445016938)
11 14      - (1000000    -83.7795493434045)
12 8      - (2000201    -26.1798273626376)(2000002    -106.51173744748)
8 10      - (2000111    -478.282300937353)(2000211    -505.734927418873)(2000101    -517.647843289952)(2000201    -585.95823243949)(1000000    -488.93991693588)(2000012    408.617316000679)
10 12      - (2000211    -399.878147038849)(2000201    -449.284215388064)(1000000    -497.975976447842)(2000012    498.75861641009)(2000101    -382.305970428505)
15 12      - (2000211    -103.444211221388)(2000002    791.564642786694)(2000012    233.349554176992)
11 11      - (2000101    -421.331230403193)(2000002    461.95015059775)(2000201    -366.771224544888)(1000000    -252.817870001889)(2000211    -316.46251656129)(2000111    -364.776012625926)(2000012    291.495319095874)
7 14      - (2000211    -2.67668088245776)
7 11      - (2000201    -174.389794428485)(2000002    -200.433972167564)(1000000    -371.112011723767)
10 9      - (2000012    380.706156738865)(1000000    -400.931726622719)(2000111    -547.579547287605)(2000002    510.208458088483)(2000101    -337.966738905811)(2000211    -337.097078291641)(2000201    -421.583237961598)
14 9      - (2000211    -149.849923317937)(2000201    -58.209635341851)
15 16      - (2000002    289.182644176534)
13 11      - (2000211    67.7679783840009)(2000012    470.128081096821)(2000002    243.132812872695)(2000101    -138.092959100759)(2000111    -44.7557233373422)
10 8      - (2000101    -490.605911855224)(2000012    463.084196445495)(2000111    -507.409371143224)(2000201    -357.522589361724)(2000211    -144.382816502308)(2000002    -203.280897044451)(1000000    -261.608336774762)
16 14      - (2000002    548.765964990289)
9 16      - (2000002    518.387517432438)
11 15      - (2000101    0.323707960254001)
14 11      - (1000000    57.1026146078778)(2000211    -117.668318203164)
13 10      - (2000022    565.112644251895)(2000211    -434.779811525068)(2000012    469.374206277277)(2000101    -126.547255054688)
12 11      - (1000000    -292.745610732783)(2000012    516.683885286669)(2000201    -31.0721925260798)(2000111    -7.30450892793348)(2000101    -289.869610307421)(2000211    -204.673884723158)
10 16      - (2000012    513.550465916204)
14 14      - (2000101    310.401586960644)
8 16      - (1000000    -101.760008693893)
14 12      - (2000101    -57.020995781337)(2000012    432.991540026428)(1000000    176.325622064441)
15 11      - (2000012    716.612314811802)
9 15      - (2000211    -154.967346410776)
17 16      - (2000012    393.837322528796)
13 14      - (2000002    470.465174635134)(2000201    -112.531683534561)(2000211    205.449423409248)(2000121    220.44007060266)(2000012    144.492401668591)
16 8      - (2000002    392.919232170482)
18 13      - (2000101    51.5575982397794)
13 9      - (2000101    6.38153281811782)
15 8      - (2000012    412.880805835819)
15 10      - (2000002    241.431735563333)
14 13      - (2000201    122.315648164634)(1000000    590.076444887436)(2000012    512.882009198172)(2000002    166.265897510163)
15 15      - (1000000    -67.3220704743625)
13 21      - (2000012    414.699074536695)
12 21      - (2000012    401.048602037799)(2000201    -120.482099568592)
11 17      - (1000000    -5.31442501530798)
10 7      - (2000111    -55.347654480609)(2000101    -159.602033388648)(1000000    -205.690584430717)(2000002    -161.174188079096)
16 13      - (2000002    279.491525657861)
16 10      - (2000101    -78.1348945520443)(2000201    -39.7598650092377)
14 10      - (1000000    -87.9426504917377)
15 2      - (1000000    576.17170809917)(2000201    100.888722537656)
12 14      - (2000121    -64.2223091596184)(2000022    261.446614801656)(2000221    24.4059908411318)(1000000    248.146551013901)(2000012    412.666881305327)
17 17      - (2000012    267.509784698718)
5 6      - (2000201    -498.30823050444)(2000101    -301.765327990997)(1000000    -226.16360208053)(2000111    404.420190624557)(2000221    136.259138986565)
17 15      - (2000002    283.33179600557)
10 10      - (2000002    421.078498384457)(1000000    -427.334188513562)(2000111    -478.65815784471)(2000201    -421.69362975027)(2000101    -268.681155997229)(2000012    334.523226013965)(2000211    -342.121997240606)
14 21      - (2000111    -300.784751540001)(2000201    -250.853544984642)
21 14      - (2000201    -179.510493354696)
12 16      - (2000101    32.7095530269775)
17 8      - (2000002    260.397414189669)(2000101    -39.3025858103312)
9 8      - (2000012    444.094485042435)(2000211    -302.971677532144)(2000002    165.08851908355)(1000000    -89.981034842502)(2000111    -178.088325497889)(2000201    -275.843137776939)(2000101    -205.10439566152)
7 16      - (1000000    -39.4696287472479)
12 23      - (2000002    514.924968773327)
7 15      - (2000211    -142.222941836705)
6 17      - (2000012    256.17707457129)
12 10      - (2000002    591.766681281773)(2000211    -174.324577058805)(2000012    222.812159918071)(2000101    -313.535639499778)(1000000    -177.457256648845)(2000111    -184.955360176445)
19 14      - (2000211    -52.1792990979156)
14 22      - (2000002    540.266960568552)
16 11      - (2000012    246.501253489426)
15 20      - (2000002    259.807344418256)
14 24      - (2000211    -97.4551421874483)
24 12      - (2000002    511.27181775062)(2000111    -391.907953512616)(2000201    -350.325715170178)(2000101    -457.290223624188)(1000000    -349.878488856612)(2000211    -273.656522496938)(2000012    289.657976852956)
12 15      - (1000000    -34.2005844426857)
13 6      - (2000101    196.590593755475)(1000000    129.17219978943)
16 3      - (2000012    253.77159965776)(2000101    -267.514879431883)(1000000    499.043456586607)
15 4      - (1000000    246.104793856153)(2000201    196.3532715075)
11 24      - (1000000    -354.382726631461)
8 8      - (2000012    205.449423409248)
16 2      - (1000000    579.605419039468)(2000101    386.88410300247)
12 24      - (2000211    -94.2505765907523)(2000002    547.486179701753)(2000101    -374.03338179167)(2000111    -387.938643043299)(2000201    -436.508801451102)(1000000    -418.229496763505)(2000012    175.018528371224)
23 10      - (2000022    161.858373132094)
23 9      - (2000211    -428.509233432477)(2000012    569.464315639362)(2000111    -129.539113902195)(2000121    -240.135297546946)(2000221    -97.1520161607345)
25 11      - (2000101    -529.585056742165)(2000002    479.424577011444)(2000111    -393.860153935202)(2000012    253.292547199464)(1000000    -264.740515448728)
9 21      - (2000111    203.579261625212)(2000012    553.635113019727)(2000002    227.569206769752)(2000201    144.492401668591)(2000221    -129.436438731169)(2000101    -251.49094318282)(2000211    -197.755661293581)
9 22      - (2000201    -535.382003042875)(2000121    -462.816508581682)(1000000    -413.857699331143)(2000211    -448.455632101214)(2000101    -439.306666043105)(2000111    -399.409828642167)(2000012    576.972277798299)(2000022    111.176606914724)(2000221    -61.8591657646277)
8 24      - (2000211    -130.414790069653)(2000201    -127.711517489136)
10 22      - (2000012    497.153484989288)(2000221    -112.590835249235)
22 11      - (2000121    -203.449790872156)
15 22      - (2000111    -256.399958287925)
7 2      - (2000201    -704.076852837877)(2000111    568.385304569523)(1000000    186.515747232503)(2000211    135.523526565388)(2000002    77.8918837489372)
7 23      - (2000101    -126.380263418208)(2000211    -208.309713759595)
10 21      - (2000101    -523.157694328469)(2000002    571.080235877347)(2000221    -331.228401618281)(1000000    -169.13355266781)(2000012    150.901490657197)(2000211    -165.153739999342)(2000022    300.67556765591)(2000121    -219.910847875398)(2000201    -264.579782920694)(2000111    -137.124767941074)
25 9      - (2000201    -336.55863145242)
14 25      - (2000002    563.011239072182)(2000101    -112.638595887325)
14 26      - (2000111    -236.154585708731)
23 11      - (2000201    -36.76522796742)
8 27      - (2000111    -459.066451115432)(2000101    -504.36033640973)(2000022    199.665963267344)(2000211    -175.631218742594)(1000000    -175.631218742594)
9 24      - (2000022    284.1208026793)
24 8      - (2000111    495.772428410174)(2000012    65.4823180748598)
23 6      - (2000012    347.394623638207)
26 14      - (2000111    -133.341690380527)
22 8      - (2000002    558.492141143341)
26 9      - (2000201    -512.162989457794)(2000101    -514.636395708675)(2000221    -624.295265692692)(2000121    -171.813484423587)(2000012    527.498766696011)(2000111    -165.630114124013)(2000211    -123.526347406025)
24 6      - (2000201    448.403158818793)
8 22      - (2000012    199.857315545743)(2000002    46.6987472439144)
27 14      - (2000201    -445.210698135872)(2000211    -369.721040522737)
19 11      - (2000111    -82.9796159827279)
23 16      - (2000111    -597.881972339623)(2000101    -352.44637313614)
11 21      - (2000022    439.191302802742)(2000211    -79.4082254181874)(2000121    -347.903453728061)
8 23      - (2000201    23.5732105565394)(2000101    33.9712560865663)
7 26      - (2000002    521.734579754538)(1000000    -153.975530313077)
12 22      - (2000002    232.316079861344)
26 15      - (1000000    -480.364517322168)(2000012    374.475435434402)(2000201    -355.841008861368)
24 11      - (2000201    -529.356085205869)(2000211    -464.915841843928)(2000111    -318.180465466939)(2000002    521.058869337136)
23 8      - (1000000    239.651305330592)
19 9      - (2000121    -431.879001774862)(2000022    448.76495601453)
8 9      - (2000101    -328.742755791272)(2000012    445.562836452469)(2000201    -151.045922720335)(2000211    -161.803387058888)(2000111    -172.083730220395)(1000000    -268.678351920573)(2000002    149.911193133132)
23 5      - (2000012    111.698803873246)
26 10      - (2000121    -319.783816000824)(2000012    69.6022359281184)
24 7      - (1000000    443.921237507972)
23 12      - (1000000    -124.369724387703)(2000012    162.752296965935)
21 6      - (2000111    292.14344901242)(2000002    148.390846871965)(2000101    135.80681458733)
7 22      - (2000211    -214.095891880767)
7 27      - (2000101    -554.211946555257)(2000012    479.9795167101)(2000121    -147.621147370198)
6 23      - (2000111    84.8160961239518)(2000002    259.965190976942)
5 20      - (2000022    94.5371574857841)
8 26      - (2000002    55.4619244970763)
22 7      - (2000101    466.484966032697)
21 7      - (2000101    454.873109485742)(1000000    125.884265019827)(2000012    149.340989557251)
26 6      - (2000201    -120.354261137392)(2000121    -335.879274677071)
22 10      - (2000002    540.008883229851)(2000012    152.228893069821)(1000000    -246.126022136115)
25 16      - (2000111    -240.176780308996)(2000002    506.488833175246)
22 6      - (1000000    48.0805167208657)
5 21      - (2000002    300.26224534365)
27 9      - (2000002    394.646135194982)
20 7      - (2000111    435.267031020052)(2000201    99.8300984328685)(1000000    -129.577223371889)
27 12      - (2000101    -165.635575554205)
8 28      - (2000022    418.31280242341)
5 22      - (2000012    337.293006595986)
22 15      - (2000111    -148.492246019093)
6 22      - (2000101    358.016019039151)
6 26      - (2000201    -540.258266392625)(2000012    438.15781537436)(2000022    175.098789857101)
4 21      - (2000211    529.652811314751)(2000012    186.692484162046)(2000101    186.62452554455)(2000002    119.073105779458)(2000201    104.686095224863)
28 13      - (1000000    -417.737960541695)
22 17      - (2000111    -389.955585923358)
7 5      - (1000000    -232.303810453831)(2000002    -436.933708454475)(2000211    -325.133864803021)(2000012    90.6101191946028)(2000111    101.453422057812)(2000201    -148.148671633161)
4 20      - (2000022    149.278661683918)
8 29      - (2000101    -388.445678892763)(2000121    -291.096473235654)
21 16      - (2000211    -216.33294713064)(2000101    -291.761272792992)(2000002    250.690361367449)
5 25      - (2000211    -133.717962118039)
6 25      - (1000000    -159.914090367103)
6 27      - (2000012    455.430845542431)
25 4      - (1000000    -137.726168073642)
22 5      - (2000022    354.275726074767)(2000201    597.665822240395)(2000012    129.024587334842)(2000111    142.097700818876)(2000211    125.171316734708)
6 21      - (2000201    151.531382048232)
7 24      - (2000022    165.982037881961)
28 7      - (2000211    -368.279615051117)
22 16      - (2000211    -416.021174648248)(1000000    -385.218793851094)
5 19      - (2000201    -162.451247118895)
2 25      - (2000002    564.546334669486)(2000101    97.5911836526384)(1000000    123.383283679847)(2000211    96.0717468300065)(2000012    120.895926992067)(2000201    105.540270928595)
6 20      - (2000211    145.724469686923)
8 21      - (2000002    281.407207566219)(2000211    -36.7303196984273)
9 19      - (2000022    428.462555956521)(2000221    -135.168873727867)(2000012    139.429519637311)
28 8      - (2000111    -117.748182561254)
24 9      - (2000211    130.62681111437)
20 9      - (2000022    479.464152861656)
4 28      - (2000201    -305.614789351545)
4 22      - (2000221    -143.053314967752)(2000111    490.441198372842)(2000101    88.0119188109901)(2000201    249.147603835228)(2000211    195.024884755369)(1000000    203.378820339189)(2000012    129.984731492112)(2000002    126.244911600827)
21 10      - (2000201    -451.990177118861)(2000211    -489.231718760285)(2000101    -483.56423328828)(1000000    -479.383895970809)(2000111    -479.164963898145)(2000012    635.110563790866)(2000022    168.776150463597)(2000002    252.820529060697)
2 26      - (2000002    155.612475802575)
19 7      - (2000002    132.615162327341)
20 6      - (2000101    410.069711724158)(1000000    187.246443709661)
20 5      - (2000002    193.616595952832)(2000012    193.616595952832)(2000201    149.782940324412)
24 16      - (2000211    -109.68246912777)(2000002    70.0282788214235)
19 16      - (2000111    -315.967484237381)
26 17      - (2000002    193.616595952832)
8 5      - (2000002    -465.77062357613)(1000000    -192.871278297962)
22 2      - (2000111    460.392482066215)(2000201    485.343978368547)(2000101    488.273671329713)(2000211    511.535044528484)(2000002    331.959114624023)(2000012    520.289373255543)(1000000    493.332039639288)
0 24      - (2000111    268.807822653821)(1000000    367.807664045138)(2000101    72.9091686208608)(2000211    322.036333461908)(2000022    197.496950428823)(2000201    242.201786426322)(2000121    -328.968947728911)(2000221    -294.289650624094)(2000002    511.327827474896)(2000012    484.311238375098)
0 22      - (2000022    164.74267585951)(2000201    352.986737503088)(2000012    78.5113661886243)
5 27      - (1000000    -312.575152980607)(2000111    -293.191805050779)
25 0      - (1000000    -226.924410615051)(2000012    408.108609560776)(2000201    108.877330520777)(2000121    -135.723178670829)(2000022    115.038951646998)(2000101    188.218864371022)(2000111    87.127995433193)
1 21      - (2000012    197.11212267459)
24 0      - (1000000    353.449651638567)(2000201    446.609642917551)(2000101    457.749417670545)(2000121    -245.16655767954)(2000002    405.473149600707)(2000012    443.87728424095)(2000211    507.170649617478)(2000111    259.284778195459)(2000221    -254.772059434438)(2000022    312.266063962218)
24 2      - (2000201    48.3243702775457)(2000101    278.950804685401)(2000211    106.850455816467)(2000111    334.918695664936)(1000000    217.28652502391)(2000012    548.713495609979)(2000002    274.938860069508)(2000221    -122.690692924714)
12 4      - (1000000    -112.609822207938)(2000101    -163.883525639522)(2000201    -146.945588862277)(2000111    -285.961122141423)(2000002    -242.671070268407)
26 2      - (2000211    194.905115044337)(2000201    194.905115044337)(2000111    194.905115044337)
22 0      - (2000101    513.337947127719)(2000012    452.527605217982)(1000000    438.813404005118)(2000111    441.803635506884)(2000201    397.932415417895)(2000211    399.586899213267)(2000002    392.097288135478)(2000121    128.115367321713)
11 3      - (1000000    406.434227371064)(2000201    73.1299310299931)(2000101    55.9916684569124)(2000002    298.053061844541)(2000012    403.277547629382)
23 0      - (2000022    210.873375821096)(2000111    482.445689390185)(2000012    219.81937308799)
8 19      - (2000221    -333.085547570968)
24 1      - (2000101    122.199504350508)(2000012    531.506185148152)(2000111    173.364362297701)(1000000    167.484769867816)(2000211    -139.15791036183)(2000201    131.566259491126)
16 4      - (1000000    393.287217763138)(2000002    -277.591782701195)(2000211    102.387590321265)
23 1      - (2000201    478.846569406463)
16 19      - (1000000    -359.923110659093)
2 22      - (2000111    467.125972641062)(1000000    124.669669041229)(2000211    97.1868465595346)
1 24      - (1000000    388.78214329011)(2000022    143.827012634789)
25 1      - (2000201    177.080227588864)(2000101    -35.6229547693204)(2000012    634.559319184677)(2000002    313.539576622739)(2000211    198.881462750898)(2000111    109.123085738835)
17 1      - (2000201    -57.1803981184228)(1000000    -84.2549244465183)
26 0      - (2000201    520.407456586745)(1000000    309.017290189693)(2000101    239.039667204015)(2000002    169.357989535478)(2000211    206.71340679716)(2000012    313.697757058903)(2000111    269.33822521385)
1 26      - (2000201    231.529606126395)(2000002    521.246816992598)(2000111    334.40131115141)(2000211    25.5780137577415)(1000000    118.558699788209)(2000012    256.846207885261)(2000101    22.4425028001421)(2000221    -16.9040876652186)
9 28      - (1000000    -287.589524266003)(2000201    -323.459967559299)
8 25      - (2000022    266.211919467842)
1 22      - (2000121    176.455303998933)
9 20      - (2000111    -411.209860763977)(2000121    -319.280563540652)(2000002    545.349623456755)(2000221    -219.452105134011)(2000201    -115.881921323303)
7 3      - (1000000    -356.948350154187)(2000201    -172.908142533974)(2000111    372.140974979897)(2000022    121.764563792508)(2000101    -435.488554771416)
13 4      - (1000000    -105.793701845776)(2000201    -124.698134435568)(2000101    -308.966271328708)(2000002    -21.1177574581614)
0 26      - (2000012    413.64990821246)
1 23      - (2000101    407.405313467356)(2000201    110.767872882999)(1000000    181.402519626426)(2000211    116.158520384429)(2000002    83.651699439509)
20 17      - (2000211    -121.28118721106)
2 21      - (2000111    201.36555976372)
0 25      - (2000201    252.110010469994)(2000012    85.685783863562)(2000211    112.805382713652)(2000111    526.633269429834)(1000000    26.7675659017987)
28 9      - (2000211    -252.75231045369)
4 26      - (2000012    298.591104216527)(2000201    -76.5649649041361)(2000002    149.708425665974)
19 15      - (2000101    -531.498084818136)
22 14      - (2000101    -274.740612191954)
0 23      - (1000000    157.06752806785)(2000201    324.873596076449)(2000111    238.97096782971)(2000002    103.069548243572)(2000101    107.153308137419)
3 27      - (2000121    -380.887967950594)
27 11      - (2000211    -121.160841446808)(2000002    130.406141005977)
21 9      - (2000201    -595.409974256267)(2000121    -489.287889473886)
28 3      - (2000101    -252.580533739145)
2 23      - (1000000    497.786504882967)(2000002    263.120548951437)(2000012    78.7747929381971)
26 4      - (2000221    -331.812613289754)(2000201    -281.082165954854)
16 24      - (2000201    -149.185840887089)(1000000    -1.76539224985547)(2000211    -165.857790444189)
1 28      - (1000000    -346.218204337586)
1 25      - (2000101    -66.882697270246)(2000201    29.9438113482032)(2000211    228.119738143612)(2000002    509.483486995471)(2000111    127.396734501096)
2 29      - (2000121    -160.024255756829)
15 23      - (2000012    112.967191256719)
16 26      - (1000000    -211.121972161171)
13 5      - (1000000    -61.7137352553852)(2000012    146.000552065177)(2000101    -132.45902666814)
17 23      - (2000111    -223.41157571387)
14 5      - (1000000    -16.6609851563026)(2000002    203.339035831318)
17 3      - (1000000    478.908753124038)
28 0      - (2000111    -132.097490091044)
3 25      - (2000002    181.11485468548)
28 2      - (1000000    -168.800870805594)
27 4      - (2000012    145.262534834639)
27 2      - (2000002    143.566234279527)
11 8      - (2000002    -33.9640687171498)(2000012    238.517442995633)(1000000    -124.177386973202)
2 18      - (1000000    481.963083686368)
26 8      - (2000211    -263.446696520147)(2000121    -308.944866759681)
15 21      - (1000000    -167.750017293111)
23 18      - (2000111    -163.47673637922)
20 16      - (2000211    -287.032637609307)(1000000    -279.133193475368)
28 16      - (1000000    -291.892724772922)
5 13      - (2000002    81.402722803961)(1000000    -13.0696016873648)(2000012    133.790620072018)(2000201    -122.279059411968)(2000101    8.43487715978149)
18 18      - (2000211    -204.447713164338)
14 19      - (2000101    -363.48846479081)(1000000    -162.893505818899)
27 6      - (2000201    -262.134353439766)
26 7      - (2000012    123.875759808421)
26 16      - (2000012    303.180347464572)(2000201    -229.154107038524)(1000000    -181.00123077633)
15 24      - (2000012    308.775440027438)(2000101    -168.700461445688)
21 15      - (2000012    167.914972484497)
27 10      - (2000201    -172.80676103629)
26 5      - (2000022    148.798481800769)
27 16      - (2000012    39.2419047207235)
10 20      - (2000201    -358.962061171528)(2000111    -382.883754385535)(1000000    -334.361689451984)(2000211    -272.466248645267)(2000012    386.250944453757)
12 5      - (2000002    -87.6330448904247)(1000000    -108.579852278689)(2000012    100.715405662012)(2000101    -164.047272166458)
7 28      - (2000022    385.596072217046)(2000002    165.81549814268)
5 14      - (2000201    -302.704175692298)(1000000    -283.847460997136)
20 15      - (2000111    -154.455770881606)
5 8      - (2000201    -433.739698613861)(1000000    -207.358686563638)(2000002    -193.205920240599)(2000111    -0.3)
27 7      - (2000101    -210.417843359282)
7 6      - (2000002    -524.96746526114)(2000201    -440.587676286369)
14 29      - (2000201    -152.969891824167)(2000111    -176.940245977862)
5 7      - (2000121    246.588626524705)(1000000    204.660020461064)
16 21      - (1000000    -163.156620469969)
21 19      - (2000101    -165.491993775436)
3 18      - (2000002    -170.787790639656)(1000000    447.583885077175)
20 10      - (2000012    295.643763441199)
22 19      - (2000111    -291.259929375414)(2000002    128.370629779168)
21 11      - (2000111    -378.74616920138)
6 29      - (2000201    -196.86371348138)
18 17      - (2000012    137.76370944807)
15 5      - (2000101    10.4936881553675)(1000000    245.297825184609)(2000201    -118.113081959783)
18 16      - (2000012    127.61456809593)
23 17      - (2000101    -287.63422140697)
21 17      - (2000012    230.0215782687)
27 15      - (2000211    -165.896065354727)(2000111    -160.337417794792)
7 29      - (2000201    -286.10923650915)
21 22      - (2000201    -168.067263076397)
12 25      - (2000201    -475.905053397514)(2000012    532.277122867341)(2000211    -396.596207885715)(2000111    -265.887986250044)(2000002    327.964764999279)(1000000    -169.089740616665)(2000101    -335.675608556341)
20 24      - (2000201    -163.424651690522)
24 23      - (2000111    -337.547003408282)(2000002    594.742649829934)(2000211    -303.816430692549)(1000000    -124.425769994601)(2000101    -207.947170331357)(2000201    -232.713038168428)(2000012    206.39247060068)
23 26      - (1000000    -318.437243942249)
24 24      - (1000000    -486.479684358208)(2000101    -466.142373964484)(2000012    566.350760350453)(2000111    -448.158553965162)(2000201    -457.304875284077)(2000002    490.861892063055)(2000211    -266.756815533718)
26 24      - (1000000    -378.506589205135)
28 10      - (2000201    -361.05713159858)(2000211    -185.666766529408)(2000002    130.453999087942)
24 26      - (2000101    -193.52618354863)(2000211    -85.5206237003816)
27 8      - (2000002    365.090671939624)
23 23      - (2000002    141.424834285616)(2000012    258.509776930957)
19 1      - (2000002    -170.608070956264)(1000000    135.167151908777)
9 12      - (2000201    -502.40519710339)(2000101    -521.625858265737)(1000000    -486.286807314804)(2000211    -363.304315770114)
5 28      - (2000022    172.68527625765)(2000002    206.040854734996)
22 21      - (2000101    -168.80561646589)
5 18      - (2000201    -180.895544789652)
12 9      - (2000211    -309.716226576264)(2000111    -320.567662021422)
4 18      - (2000101    -162.254819669585)
28 6      - (2000211    -616.56770695668)
26 26      - (2000002    98.6594547279639)
11 5      - (1000000    -252.333166053583)(2000002    -205.864879733219)(2000201    -194.114412294983)(2000111    -149.681651969569)
6 13      - (2000201    -245.277481000301)(1000000    -305.057920692521)(2000101    -124.289303360557)
26 22      - (2000002    114.752887779297)
10 4      - (2000201    -94.6495748409977)(1000000    385.9008958592)(2000002    374.061046943632)(2000101    -221.166614683246)
12 6      - (1000000    -176.700592863104)(2000101    -196.608107286924)(2000201    -171.527238276482)(2000002    -172.434465127024)
6 8      - (2000022    452.524819407397)(2000101    -340.899992714184)(1000000    -248.500423393646)
4 19      - (2000201    -182.719844729138)
0 17      - (1000000    -322.919512633209)
8 6      - (2000022    120.247482125511)(2000201    -179.452517874489)
2 19      - (2000201    -181.770742477343)(1000000    464.348305817233)
5 26      - (2000101    -453.683657329615)
9 29      - (2000002    257.74619985153)
22 25      - (2000111    -417.835746982988)
21 25      - (2000002    172.776180473725)
5 16      - (2000002    -311.514297803997)(1000000    -131.865399672211)
21 24      - (2000002    521.484283815962)(2000201    -276.562306162366)(2000211    -298.42612836961)(1000000    -227.570483672813)(2000111    -217.069254182761)(2000012    214.087087832541)(2000101    -115.115429618198)
16 5      - (2000101    -257.244551021461)(1000000    153.001186442694)
25 23      - (2000111    -269.040802498489)(2000002    355.015816827233)
14 6      - (1000000    -211.887240920331)
18 20      - (1000000    -152.74584102156)
11 13      - (2000201    -575.870699472565)
23 2      - (2000111    407.175972625559)(2000002    384.921578855939)(2000101    382.162712542213)(2000012    443.042362191428)(2000211    337.860020859309)(2000201    519.636845376694)(1000000    346.586031282312)(2000221    112.309977268861)
6 28      - (1000000    -131.557000863452)
6 14      - (2000002    211.532781401494)(1000000    -339.684342758472)
23 25      - (2000211    -121.479968998883)
24 22      - (2000211    -413.28398307765)
6 15      - (2000002    -123.5685025159)(1000000    -227.597576095612)
26 25      - (2000201    -166.446510493505)
5 29      - (2000012    162.575232058926)
25 25      - (2000101    -150.023050966208)
24 21      - (2000211    -133.951297310213)
25 26      - (2000111    -141.670538209254)
26 23      - (2000002    130.670897792433)
25 21      - (2000111    -145.631613451709)
23 3      - (2000101    439.777831707521)(2000002    465.925796549106)(2000022    147.517281426455)(2000211    433.252911357037)(2000201    514.118526721706)(2000012    423.883436148362)(2000111    441.189767798803)(1000000    403.547921267541)
11 20      - (2000221    -180.123730226624)
12 26      - (2000211    -486.575472366497)(1000000    -480.679401704479)(2000002    572.005889557204)(2000111    -115.189272447133)(2000201    -224.229273114639)
13 24      - (2000002    573.143661236174)(2000211    -228.155551756982)(2000111    -120.039089845189)
25 12      - (2000111    -526.653118608113)(2000002    488.907330313322)
13 25      - (1000000    -516.546664584607)(2000111    -500.590557541024)(2000012    558.258183277875)(2000002    295.565557075468)(2000211    -370.226468838661)(2000101    -100.367152910955)
22 9      - (2000022    511.038976177429)(2000012    118.243469306814)(1000000    -116.045918773203)(2000111    -114.588341592906)(2000221    -147.167966651295)(2000211    -93.2128085300862)(2000002    220.460296690018)
2 24      - (2000201    289.675725371483)(1000000    125.857949020962)(2000111    98.057313330839)
25 13      - (2000101    -543.079454863906)(2000211    -521.536664154204)(2000111    -523.457179364338)(2000002    541.210057215451)(2000201    -142.65503691932)(1000000    -89.5655262680001)
17 0      - (1000000    -343.158752912048)
6 16      - (1000000    -264.31679054875)
17 2      - (1000000    431.567650212206)
11 6      - (1000000    -271.841231001739)(2000101    -283.429324473717)
26 13      - (2000012    583.564765574854)(2000101    -135.554254720072)(2000111    -158.528449222271)(2000201    -80.4135804860494)
21 1      - (2000101    122.840658348303)(1000000    238.413976660572)
1 18      - (1000000    -152.994608055087)
1 17      - (1000000    497.177445713449)
6 11      - (1000000    -499.106920328035)(2000201    -423.709842539765)
18 2      - (1000000    474.971506161392)
0 18      - (1000000    16.6639579056778)
5 15      - (1000000    -141.796909983595)
2 17      - (1000000    609.677545010504)
23 24      - (2000211    -466.114834889656)
5 10      - (1000000    -419.993241458397)(2000002    189.805933073567)
1 19      - (1000000    377.352806599644)
14 7      - (2000101    -141.11199736967)
23 22      - (2000012    82.54178007326)
0 19      - (2000101    228.899970199009)(1000000    306.649858484432)
13 26      - (2000101    -322.842715389053)(2000201    -403.319484349996)(2000002    529.561082747329)
6 10      - (1000000    -517.231300862065)
18 0      - (2000201    110.08941827882)
8 3      - (2000002    -134.56613560171)
15 6      - (2000201    -305.648760596632)
10 5      - (1000000    -407.519034449809)
11 7      - (1000000    -236.262380058542)
7 12      - (1000000    -292.84846413884)
10 6      - (1000000    -394.936458269399)
26 12      - (2000211    -493.320796557437)(2000012    570.491400768263)(2000002    239.685550084447)(2000101    -106.334056634688)
9 5      - (1000000    -389.65109522193)
16 6      - (2000211    -80.7470801364058)(1000000    20.590318567935)
7 13      - (1000000    -273.028365705595)
9 7      - (1000000    -241.314439543232)
6 9      - (2000101    -306.595590148264)
5 9      - (1000000    -39.18575378148)
9 6      - (1000000    -247.61838011722)
20 0      - (1000000    146.853392136534)
13 8      - (2000201    -152.977481543867)
22 1      - (2000201    498.902932323332)
7 21      - (2000221    -195.170830209298)
26 1      - (2000002    164.781298854295)
25 2      - (2000111    162.431517275788)
11 19      - (2000211    -277.88718472808)
10 23      - (1000000    -84.8804515525937)
12 7      - (2000002    -116.616221085001)
9 23      - (2000101    -103.048050844647)
25 6      - (1000000    -80.0554294335118)
10 19      - (2000111    -14.3441425231497)
24 3      - (2000012    258.912757676568)
17 5      - (2000101    5.16908069240825)(1000000    4.94096169353321)
11 22      - (2000022    48.6944780319462)
7 9      - (1000000    -3.64262001070551)
8 20      - (2000111    -14.6439160701237)
19 3      - (2000111    -2.96617854356347)

