134
0 0      - (2000002    2446.63613752023)(2000101    1858.54257434953)(2000211    1604.8083036012)(2000121    2088.44651629876)(2000201    1824.51310897721)(2000221    1892.74801215569)(2000111    2095.82048459903)(2000022    2465.47624761532)(2000012    2468.49771265733)(1000000    2383.65242329404)
1 3      - (1000000    2114.54851598091)(2000002    1711.86606454216)(2000012    1523.86338154321)(2000201    1469.52055460639)(2000111    2519.7271526906)(2000101    2461.15110939891)(2000211    1106.45517163796)(2000221    1658.32253372348)(2000022    2054.87035393351)(2000121    1912.01342087882)
2 1      - (2000101    1540.68279327579)(1000000    2100.70908826017)(2000002    2475.88802693499)(2000121    2094.52389823953)(2000211    2020.27556039955)(2000221    2250.87451787478)(2000012    2153.21921813644)(2000201    1656.5565210827)(2000111    2495.97933301263)(2000022    2018.02318573851)
2 0      - (2000002    1798.4698004822)(1000000    2241.88613209906)(2000101    1786.85613658491)(2000201    2150.40975120084)(2000211    1468.01677844964)(2000121    2341.42407733084)(2000012    2014.72572915556)(2000111    2340.92148433748)(2000022    2195.20697226197)(2000221    2481.86314190372)
0 1      - (2000211    1716.70984053884)(1000000    1926.91734431671)(2000201    1533.38498376684)(2000221    2093.65490475784)(2000121    2484.76357499616)(2000111    2004.9091977311)(2000002    2449.35872476751)(2000101    1573.40826436892)(2000022    2095.24743921234)(2000012    1963.926909567)
1 1      - (1000000    2138.49091245877)(2000002    2463.17142224368)(2000201    1401.54609284117)(2000022    2082.06694522573)(2000101    2143.3825876968)(2000111    2507.22748484871)(2000221    2234.09214931059)(2000012    2042.14915209242)(2000121    2507.03091697093)(2000211    1602.89924415051)
3 0      - (2000002    1748.40028464962)(1000000    2058.16757103422)(2000101    1431.62625526808)(2000211    2011.39774379479)(2000111    2534.36406442206)(2000201    1709.45352295936)(2000221    1659.48789802009)(2000121    1797.55996917386)(2000012    1999.84825440669)(2000022    2113.51710486193)
2 3      - (1000000    2049.416902606)(2000002    2424.74595140598)(2000201    1194.30019288128)(2000101    1605.80934332881)(2000012    1971.04347402331)(2000121    2076.30068095218)(2000221    1964.85975058771)(2000111    2470.82185819321)(2000211    784.342636181544)(2000022    1920.12238297922)
0 2      - (1000000    2113.30511824474)(2000002    2441.13602611456)(2000101    1714.49484327426)(2000012    2146.91284389399)(2000111    2481.78545635387)(2000201    1544.7100356683)(2000211    1286.58546647772)(2000121    2481.5364119462)(2000221    2245.62899882363)(2000022    2107.62922553951)
1 2      - (1000000    2095.92544823686)(2000101    1630.12940735571)(2000012    2030.44872563849)(2000111    2485.95704253924)(2000002    2442.28527634163)(2000201    1341.84651089224)(2000221    2203.99549221186)(2000211    1335.79198149465)(2000121    2262.32510215611)(2000022    2080.60569474139)
1 0      - (2000022    2092.66226176752)(2000101    2445.8576149072)(1000000    2385.38751323409)(2000201    1514.13495970236)(2000002    1666.45990871468)(2000211    1287.44266884478)(2000012    2321.93635071639)(2000221    2478.79284090557)(2000111    2390.7574526515)(2000121    2052.89294765014)
4 0      - (2000201    1861.03407284764)(1000000    1990.07218336176)(2000101    2367.77470413839)(2000002    1668.99479751889)(2000211    1215.51486282037)(2000221    1790.92694761384)(2000121    1561.85421913485)(2000012    2026.90023509526)(2000111    2529.75330906377)(2000022    2091.71419080497)
0 3      - (2000201    1547.61812532567)(2000002    1613.02805821038)(2000121    1528.36269668579)(2000101    2469.58049134718)(1000000    2134.86734146241)(2000211    1341.60094892182)(2000012    2064.73735379994)(2000111    2306.50615131052)(2000022    1999.13578006068)(2000221    2329.14641450154)
2 2      - (2000002    2457.84138763979)(2000101    1511.82435806187)(2000111    2085.60633088403)(2000201    1369.76320109432)(1000000    1942.91607919091)(2000012    1808.40362703463)(2000211    1528.89307640941)(2000221    2502.47883193018)(2000022    2205.53157810098)(2000121    2158.69649667644)
2 4      - (2000111    2488.38970722196)(2000121    1912.45076529218)(2000201    1860.95512826166)(1000000    1914.6247833377)(2000101    2147.85837347881)(2000002    1511.18436149408)(2000221    1643.67914883547)(2000211    1272.50036718256)(2000012    2020.84535626028)(2000022    2148.32346943771)
0 4      - (2000002    1801.09265804748)(2000101    2410.39808392211)(1000000    2263.15690060524)(2000111    2499.8345505619)(2000201    1595.52596275601)(2000221    2100.72892196816)(2000121    2047.69604491049)(2000012    2001.54909069049)(2000211    1051.55168071973)(2000022    2183.86189257299)
3 2      - (1000000    2178.26741365267)(2000221    2078.80012767158)(2000201    1112.66108805186)(2000002    1588.84637086116)(2000012    2106.78315835582)(2000022    2006.70660930851)(2000211    938.688229665329)(2000111    2520.91878538697)(2000121    1118.98871438273)(2000101    1591.34127963958)
3 1      - (2000121    2356.57710941157)(2000111    2454.80746187646)(2000101    1855.02312240823)(1000000    2081.95110022364)(2000201    1634.18788468261)(2000002    1529.13215996341)(2000221    1847.78069258272)(2000211    1388.14615272026)(2000012    2010.14928207409)(2000022    1999.6893379578)
5 4      - (2000002    1224.06672208435)(2000022    1611.6230208173)(2000101    409.393971895453)(1000000    2283.02261207723)(2000111    1177.86630487073)(2000201    167.333882557971)(2000012    -162.763952512051)(2000211    800.583791982042)
1 5      - (2000201    1104.6739834564)(1000000    2043.99540413185)(2000111    2576.47276925625)(2000022    1677.57347978543)(2000012    2011.35044942354)(2000211    369.932196858643)(2000101    1526.58067723386)(2000002    1086.0486429772)(2000221    666.606331216592)(2000121    606.992666285164)
3 5      - (2000201    1370.25882096593)(2000002    1085.98866417997)(2000101    705.005304539065)(1000000    2022.45773587645)(2000111    545.426243647626)
1 4      - (1000000    2258.09679600722)(2000121    2010.86993096367)(2000002    2377.73740304136)(2000101    1959.78577405108)(2000012    1773.68038204429)(2000111    2488.02819531358)(2000201    1657.26918664008)(2000211    1340.723441621)(2000221    1761.91399959898)(2000022    1716.47594188399)
3 3      - (2000201    1283.28679082253)(2000002    1574.87316821981)(1000000    2123.60614976466)(2000101    1812.05333889789)(2000121    1551.8088455182)(2000012    1326.604761643)(2000221    1513.79970668023)(2000022    2500.60049844456)(2000111    2344.37972199113)(2000211    905.149578994507)
4 1      - (2000002    1428.35002563569)(2000101    2015.30023810652)(1000000    2273.11905561511)(2000201    1224.37654841415)(2000111    2511.31100859479)(2000211    1255.55776341738)(2000121    1415.84980421689)(2000022    1584.43874226672)(2000012    1775.3143478333)(2000221    1191.98231629435)
4 3      - (1000000    1717.59168448372)(2000022    1994.61424165992)(2000211    1465.62442345663)(2000201    1164.02794837191)(2000101    2409.38574072201)(2000221    2171.35427093149)(2000002    1499.49523045783)(2000012    1913.06978260609)(2000111    2096.74257286861)(2000121    2522.18715471459)
4 4      - (1000000    2088.15144091987)(2000111    2445.39919254343)(2000101    2402.00367714487)(2000002    1738.56046122238)(2000221    1446.70472095649)(2000012    693.168387709651)(2000201    1046.89420339963)(2000211    565.94180764497)(2000022    2118.65441617573)
3 4      - (2000022    473.779510726865)(2000201    1157.86155893807)(1000000    1856.83703681728)(2000002    1766.65128005244)(2000101    2336.5624113804)(2000211    705.535130736468)(2000121    1511.00376188857)(2000111    2452.95145497347)(2000221    1404.15386929446)(2000012    1439.34202732114)
5 1      - (2000221    2308.15665938388)(1000000    1894.53558831562)(2000201    -369.782481632518)(2000022    233.256014599999)(2000101    2233.72035555027)(2000111    357.097394045772)(2000002    832.318858143934)(2000211    813.662661301271)(2000012    544.414631887723)
4 2      - (2000002    1339.31334614835)(2000201    1604.90063503021)(1000000    1982.97198901277)(2000211    1010.93006498291)(2000022    1947.06086450887)(2000101    2331.65876054414)(2000012    1916.90418842999)(2000111    2506.21137951777)(2000221    1924.46416155882)(2000121    1978.0236590584)
2 5      - (1000000    1989.37665801683)(2000101    2288.48939096078)(2000201    528.239716128467)(2000002    1131.23958764986)(2000211    368.474182503213)(2000221    1085.23750461312)
1 6      - (2000201    -337.140989504001)(2000101    1515.819940024)(1000000    547.167512619431)
0 5      - (1000000    1969.99825708822)(2000101    2241.46632381965)(2000111    2135.28136797376)(2000201    572.014429943952)(2000221    2348.09454099544)(2000002    1215.19463610908)(2000211    372.624669496165)(2000022    1058.27781845521)(2000012    672.038864080625)(2000121    1506.06409004226)
5 5      - (2000002    -377.282791882876)(1000000    1830.27214789197)(2000201    902.57184039637)(2000101    1944.18849951976)(2000012    695.392875938967)(2000211    695.392875938967)(2000022    544.239911224216)
6 3      - (1000000    1698.49694879764)(2000201    -49.4637534352136)(2000002    526.458860927209)(2000101    2150.80574267446)(2000022    416.996241202188)(2000211    195.304417948148)(2000111    668.042310153447)
5 0      - (2000201    314.929207563743)(1000000    2070.35119769419)(2000221    864.971463412918)(2000002    1590.7783670776)(2000101    333.675330355778)(2000121    813.77781330819)
5 3      - (2000111    2490.4558773469)(1000000    2123.54022143894)(2000002    642.077875682501)(2000211    573.779960537067)(2000201    245.104631887724)(2000012    594.955088217669)(2000101    1364.08784243031)
5 2      - (2000002    891.482222027732)(2000211    458.268158210371)(2000201    495.922225797965)(2000101    1246.63916852548)(1000000    2026.08717544066)(2000111    2396.0991413848)(2000012    895.897744113184)(2000022    841.082331916951)
0 6      - (2000201    -253.858250793279)(2000111    301.533792918891)(2000012    1579.45818384523)(2000002    690.591394022295)(1000000    938.333173322703)
6 1      - (1000000    1590.18686901362)(2000101    1901.51921704451)(2000211    297.108531733051)(2000111    1839.96834295695)(2000201    463.3160015511)
0 9      - (2000101    379.592785941601)(2000012    1778.76418119578)(2000201    1567.7164348416)(2000002    1242.1868706524)(2000111    120.891563623155)(1000000    1045.02822926289)(2000211    523.50481438521)(2000221    645.319413047896)(2000121    1189.95269003751)
11 0      - (2000012    1486.18590348153)(2000101    -229.443015590789)(2000111    -438.373261180333)(2000221    -439.808535607149)(2000211    232.048066362109)(1000000    116.052319815887)
2 9      - (2000002    1748.92269701867)(2000201    1217.43109083733)(1000000    568.525596777374)(2000101    1307.43289486405)(2000012    1601.91969194729)(2000211    98.722283249343)(2000111    1022.3157308364)(2000121    -39.0743690288346)(2000221    593.19823422338)
10 0      - (2000101    -346.015398220721)(2000111    -604.486421307171)(2000012    1158.91335606806)(2000211    -414.567158117563)(1000000    119.633299542209)(2000201    77.4590305137899)(2000002    -330.458680714457)
0 10      - (2000101    43.9477580876709)(2000012    1395.66029120672)(2000201    836.806995813688)(1000000    -309.877078254981)(2000211    808.468943331479)(2000002    1089.50384946977)(2000111    975.857929561283)
1 13      - (1000000    1816.1510129787)(2000002    1230.15049704151)(2000101    1771.81227544386)(2000201    813.146335202906)
1 11      - (1000000    1412.3445699192)(2000012    878.847479745488)(2000002    221.492249194508)(2000211    898.879190807537)(2000111    -381.313569409832)(2000201    938.202066629281)
0 13      - (2000201    464.180873057569)(2000012    99.4952518228489)(1000000    1645.22202558249)(2000002    1316.99765728546)(2000111    -329.324111391753)(2000211    43.0549791620687)(2000101    351.936363041869)
2 12      - (1000000    1642.64504148026)(2000002    1017.84700495084)(2000201    974.351839464532)(2000101    1483.25863221408)(2000111    200.437320725341)
1 12      - (2000002    1030.34502476619)(2000211    49.08642588252)(2000201    288.669410947327)(1000000    1259.87866297664)(2000101    648.158638082437)(2000111    615.423370476083)
13 0      - (1000000    1722.16551128649)(2000201    -385.052104275246)(2000101    635.325886385443)(2000002    340.097242971409)
13 1      - (2000201    446.008305673086)(1000000    1564.80712297817)(2000002    732.642351383858)(2000111    -397.409620618729)(2000211    102.090379381271)
11 2      - (2000002    1282.02753185945)(1000000    -786.513132078189)(2000211    -487.984500802187)(2000111    667.750904948545)
2 11      - (2000211    -234.046169076166)(1000000    703.233245014257)(2000002    428.264926034243)(2000111    -55.18576755664)(2000012    185.246351300349)(2000101    201.577898709586)
9 2      - (2000012    1666.00611049023)(2000101    -673.546501932744)(2000201    645.030809339589)(2000211    3.97769963272307)(2000002    658.426878909739)(1000000    -91.2650494327589)
1 16      - (1000000    426.115020470532)
11 1      - (2000221    49.2476259114244)(2000101    -781.333234240872)(1000000    777.676648870954)(2000012    1419.34585320247)(2000002    531.007482768678)
1 8      - (2000012    554.455207135908)(1000000    -792.039809229251)(2000111    412.740880767929)
2 13      - (1000000    2001.4741808568)(2000101    1160.54195306978)(2000111    -706.660043052514)(2000201    824.081901110944)(2000002    1071.27432457764)
0 14      - (2000101    22.0554194006183)(1000000    1721.04822415545)(2000002    923.005364634476)(2000201    970.223890469425)(2000111    -222.479024736942)
9 0      - (2000002    1854.07430232592)(2000221    -352.648315054073)(2000012    696.602713801856)(2000101    278.327327122077)(1000000    285.597436284469)(2000211    963.018318016864)(2000201    99.452558717887)(2000022    852.61210175041)(2000111    337.520914454134)
1 15      - (2000002    410.125161985372)(1000000    1622.55702059502)
1 10      - (2000211    -120.247944410312)(2000002    1707.75773396225)(2000111    905.080416282241)(2000101    12.7119151953839)(2000201    288.990985537168)(2000012    539.697960903179)(1000000    1457.86800587757)
3 9      - (2000201    -192.581966972502)(2000012    1492.42871381655)(2000111    -16.5713397827629)(2000002    617.339419151551)
1 14      - (2000201    537.046769869122)(1000000    1586.42651410444)(2000211    201.064816599086)(2000101    1185.07530070681)(2000002    568.792744684706)
2 10      - (2000201    173.183501446007)(2000101    -287.704785581279)(1000000    -209.936417600346)(2000002    1688.56305443977)(2000111    801.637669262453)(2000211    81.3221506655383)
2 14      - (1000000    1398.43023332657)(2000201    1142.95128164093)(2000101    999.605555361919)(2000002    1612.45113758459)
4 5      - (1000000    2259.47627877421)(2000101    1412.00406154894)(2000121    51.7189606005258)(2000002    956.259824626323)(2000201    593.220712186331)(2000111    2238.4753851899)(2000221    853.351305086519)(2000012    559.186051327183)(2000211    557.874611214562)
9 1      - (2000111    -535.568101313167)(2000101    -824.873870690142)(1000000    -69.7691695759703)(2000201    -309.870384517543)(2000002    1585.4648247761)(2000211    1041.2443438691)(2000012    597.549431199386)
0 12      - (2000002    1261.42013562718)(2000211    -471.627465586763)(1000000    1696.52439650455)(2000201    929.353042109342)(2000101    -58.8694758432335)
3 11      - (2000201    -729.837989527158)(1000000    -709.314529095824)(2000101    -721.764034570275)
1 9      - (2000101    1165.57893580901)(1000000    826.254777512286)(2000111    1499.63284592494)(2000201    1221.74477352509)(2000002    1728.62376753568)(2000012    1192.85403208035)(2000221    259.494530226041)(2000022    271.577324372268)(2000121    256.567299478322)(2000211    1159.42600656781)
10 2      - (1000000    -1007.88574243949)(2000101    -354.817076658896)(2000201    -184.747977950121)(2000002    1647.87904699715)(2000211    -226.228275133441)(2000111    711.204349557608)(2000012    827.690376536909)
3 14      - (1000000    1094.74817254679)(2000002    775.18896433295)
12 2      - (2000101    858.787398790448)(2000201    -304.264010804722)(2000012    90.0395646088594)(1000000    1692.98783419259)(2000002    575.993103974611)
0 16      - (1000000    330.730657932608)
14 1      - (1000000    1519.11087736384)(2000201    906.520545660694)(2000002    636.409896213434)(2000101    815.232965737333)
6 2      - (2000012    698.874829600806)(2000101    2410.62502460298)(2000201    1181.60266336697)(2000211    121.740210717663)(1000000    1266.04176242762)(2000002    158.710583263215)
4 13      - (2000111    -755.336824266791)
3 8      - (2000211    -157.531017580391)
12 1      - (2000002    825.422864013849)(2000022    73.91333831923)(1000000    1617.65184650362)(2000101    -570.895560324154)(2000111    -148.224957380137)(2000201    351.275042619863)(2000012    819.787083858691)
14 2      - (1000000    1669.05977596806)(2000111    -611.718934265373)(2000012    75.9033817731268)(2000211    -781.740826831549)(2000002    1217.2395128346)(2000201    460.164687657567)
2 8      - (2000211    -494.242250401093)(1000000    -355.714843335531)
3 16      - (2000201    170.922134262476)
6 5      - (2000002    1608.44240610027)(2000201    206.465120083644)(2000111    547.067888689343)(2000221    458.76574269071)(1000000    619.34850112476)(2000211    294.888138328887)
0 11      - (2000111    830.480800408253)(2000101    -266.128443421451)(1000000    1630.99759355623)(2000002    456.62082546957)(2000211    532.949765192006)
6 4      - (1000000    2022.68633307847)(2000121    1169.63704184836)(2000201    8.39843058145982)(2000002    -148.832606072592)(2000111    593.126043027036)
6 0      - (1000000    848.330473487379)(2000211    -414.446712652864)(2000101    438.445327448131)(2000002    -207.220115034579)(2000111    1757.49862485704)
3 12      - (2000211    46.5808987191998)(2000101    1234.35887990696)(1000000    1442.25393897773)
12 0      - (2000101    -504.402745075633)(1000000    1054.2896397857)(2000201    -277.496609482651)(2000002    1033.99265764096)
3 15      - (1000000    202.935597045343)(2000101    155.186106595669)
14 0      - (2000211    -304.114319990784)(1000000    1962.96634647026)(2000101    1039.3568387878)(2000002    161.398115097897)(2000201    119.219471537804)
2 16      - (2000201    109.045437566006)(1000000    204.028249629637)
2 7      - (1000000    745.741778437162)(2000221    447.288286995272)(2000101    968.194097573787)
0 15      - (1000000    634.724557580407)(2000002    317.500188278877)(2000201    -171.396306647103)
2 15      - (1000000    1415.15122281759)(2000101    14.1906221207441)(2000201    602.680190390682)
1 7      - (2000002    873.100461509622)(2000101    219.658830668215)
2 6      - (2000012    474.894323365807)(2000002    -236.683102424365)(1000000    2143.35531320985)(2000121    363.608888277337)(2000221    389.549141647778)(2000211    551.856523931551)
3 6      - (2000002    1612.003794194)(1000000    2104.2973873627)(2000201    607.761866090971)
13 2      - (2000101    750.314055743348)(2000002    1393.2582797424)(2000211    -474.002216705564)(1000000    1643.14554919619)(2000201    479.604624799111)
15 1      - (2000101    -120.96775151921)
2 17      - (1000000    143.785156664469)
3 10      - (2000002    839.333159009177)(2000101    -158.931381915453)
12 3      - (2000012    118.186430590168)
14 4      - (2000121    -3.23363825801334)(2000211    -440.906784704916)
10 1      - (2000201    -10.3556235577075)(2000012    150.375723677325)(2000211    324.887009609017)(1000000    714.555718074934)(2000002    1554.60381737072)(2000022    482.644204565709)(2000101    696.799904495229)(2000111    282.308848917096)
6 14      - (2000012    458.744957981168)
5 12      - (2000201    105.213634445616)
7 3      - (2000002    1074.29464570085)
4 7      - (1000000    -426.59980457112)
0 7      - (1000000    547.719987516188)
15 2      - (1000000    268.252934069058)
4 6      - (2000111    2022.26687670487)(2000012    391.378458262796)(2000002    799.819671104222)(2000201    234.513427661634)(1000000    1708.00672829603)
4 10      - (2000101    118.635604076557)(2000211    -64.5101083303155)(2000002    1254.16162762582)(2000201    332.838250158876)(1000000    -77.8026406522746)
16 1      - (2000002    277.766019200649)
0 8      - (2000201    -272.170831055796)(2000002    1587.78398092339)(2000101    -145.200955627727)
3 13      - (2000201    1582.92294311055)(1000000    1739.09335615258)(2000101    532.770520627237)(2000002    399.619932664052)
16 0      - (2000201    427.285029763343)
8 1      - (2000211    845.848413229782)
5 6      - (2000002    1003.65302546815)(1000000    793.49630741163)(2000201    681.527100001884)(2000101    2173.75415954525)(2000221    567.415910454073)(2000211    315.738892446049)(2000111    1159.68591146267)
4 17      - (2000012    350.40290784807)
5 15      - (2000211    -149.09709215193)(2000101    6.74821546343776)
6 6      - (2000201    181.703798094141)(1000000    139.993438314319)(2000012    2072.46520661009)
15 3      - (2000002    678.725123713668)
5 7      - (2000111    2508.64528007029)(2000002    515.3272574983)(2000211    327.592701414395)
13 4      - (2000002    1307.79010051032)
9 3      - (2000211    159.121301824313)
5 11      - (2000111    790.310399881334)
5 13      - (2000201    237.20312086628)
9 4      - (2000111    528.193841935818)
5 10      - (2000012    806.060746517051)
7 4      - (2000201    1088.4539717083)(2000022    542.70720304619)(2000111    542.70720304619)(1000000    359.563881123588)(2000002    359.563881123588)
7 5      - (2000121    567.149326399626)(2000111    1315.67474233411)
7 8      - (2000002    343.513178071644)
7 6      - (2000121    1598.91177278954)

