225
0 0      - (2000201    6517.7880598486)(1000000    6877.31683881114)(2000002    6299.26416047083)(2000121    -998.153822833361)(2000211    6147.85833004836)(2000022    -383.453094661387)(2000101    5967.0762094233)(2000111    6246.56160863412)(2000221    -496.091220054755)(2000012    6767.58743587486)
1 1      - (2000101    5865.21623101211)(1000000    6758.60260296731)(2000201    6368.50820223532)(2000121    -186.760792843432)(2000002    6547.30365869478)(2000022    178.37622187562)(2000012    5778.31044275205)(2000221    -447.334162402109)(2000211    5655.27142868244)(2000111    4700.36529353786)
0 3      - (2000201    6265.37910138134)(2000101    6496.67865966482)(2000002    6317.65366676576)(2000211    3760.61341313065)(1000000    7406.77158918958)(2000022    15.7772889692254)(2000012    3943.97121418668)(2000111    2479.96200779145)
0 2      - (1000000    6541.03560640245)(2000101    6237.66206959409)(2000221    -448.931571289062)(2000201    6170.39684132248)(2000012    5066.8002250195)(2000111    3782.9669070802)(2000211    3865.65749785119)(2000002    6197.40606776677)(2000121    -464.281987507596)
2 0      - (2000201    6575.94329881567)(2000101    6339.23341471816)(1000000    6387.28238839788)(2000002    6238.98082376658)(2000022    -199.373034512892)(2000111    3049.12636534114)(2000211    4360.40182763771)(2000012    4080.22744854807)
2 2      - (2000221    -500.6375)(2000201    6193.57920378279)(2000002    6376.86342144702)(1000000    6397.3566661175)(2000012    4275.0885991335)(2000022    -280.117011979929)(2000111    3820.76750287074)(2000101    6149.22042552432)(2000211    4709.28320327271)
1 0      - (2000002    6390.56957288863)(1000000    6471.6049507422)(2000012    6591.16778600236)(2000201    6379.89413875268)(2000101    6467.59581885154)(2000211    4853.66743746911)(2000111    4073.88899293491)(2000022    -51.6235237887551)
2 3      - (1000000    6036.10839418418)(2000201    5674.25170348687)(2000101    6336.62514648148)(2000012    4341.89217353556)(2000211    3531.07184062994)(2000002    5744.78866811735)(2000111    2802.66697504122)(2000221    1850.74139930174)(2000121    1670.85466522348)(2000022    1665.53685912165)
0 1      - (1000000    6773.72653196932)(2000002    6072.09802521307)(2000101    6182.73786315919)(2000201    6196.51789330892)(2000022    -69.6944663124265)(2000012    4742.33091608104)(2000211    4466.84809304917)(2000111    6058.10214041639)(2000221    20.6143950593315)
1 2      - (1000000    6741.66013484516)(2000211    5187.60952787684)(2000002    6631.48487750186)(2000201    6453.20575028709)(2000101    6585.04978156009)(2000012    2481.51007801747)(2000111    3866.94761062724)
1 3      - (2000002    6857.40263101248)(2000012    5197.27716040022)(1000000    7154.63845849787)(2000201    6239.98318076995)(2000101    6209.55948970977)(2000211    4736.77278206781)(2000111    3464.34683645078)
3 2      - (1000000    6106.3661896777)(2000002    5827.58894379511)(2000101    6621.08754391099)(2000012    4734.77321157309)(2000201    6165.15703536692)(2000211    2671.21083280496)(2000111    4085.82316013563)(2000121    1594.31454034269)(2000022    1655.34381509603)
3 3      - (2000101    3848.74585709519)(1000000    5199.32965804501)(2000002    5010.42972525236)(2000201    5452.6585201774)(2000111    4017.80761545221)(2000121    2891.03392463399)(2000012    1896.34471830414)(2000221    2914.25705034535)
3 1      - (2000101    6662.08453928455)(2000221    -215.982793091109)(2000012    5372.94052965484)(1000000    6303.63663777616)(2000121    -42.6422204783198)(2000002    6093.94407098768)(2000111    5364.51778956309)(2000201    6345.12307076028)(2000211    1538.59316342222)(2000022    1671.02741621095)
3 0      - (1000000    5803.08028972481)(2000101    6329.37549726042)(2000111    4788.29806716814)(2000002    5718.66085075115)(2000201    5837.23386269499)(2000012    5063.43929946286)(2000211    4885.55516434573)(2000121    1701.6668255214)
4 0      - (2000101    6711.5486673264)(1000000    5893.39687367652)(2000201    5990.1378301266)(2000002    4894.16191047782)(2000111    4356.57257357106)(2000012    2879.88459877819)(2000211    3124.07345043925)(2000221    3921.29181655693)(2000121    2894.05278779063)(2000022    1650.8702416415)
0 4      - (2000201    5416.02836970378)(2000002    5398.53067712949)(2000101    5223.94645664011)(1000000    5198.06734631186)(2000211    2506.52846786458)(2000111    4718.55258847098)(2000221    3431.49993050167)(2000012    4347.96873396207)
2 1      - (2000101    6892.82890760287)(1000000    6599.31208112969)(2000201    6348.4755810301)(2000002    6549.91793495775)(2000012    6840.78618049084)(2000211    4784.50602000639)(2000111    4930.81695774566)
4 1      - (2000121    1687.3105582594)(2000201    5677.29810616905)(2000101    6451.20804622114)(1000000    5699.17465803573)(2000211    1983.79044450551)(2000111    4536.14067824256)(2000012    5453.4727322011)(2000002    4609.52987314821)(2000022    5129.60066531735)
5 1      - (1000000    4133.45096812182)(2000211    2991.12449073865)(2000002    5830.70351890869)(2000111    4984.57889265848)(2000012    5415.80746001128)(2000201    3031.83047183767)(2000121    4458.3144845678)(2000101    3290.56314966302)(2000022    6602.5821482533)(2000221    3428.07563298736)
5 0      - (1000000    5809.58045201856)(2000121    107.353056543494)(2000221    393.880274776768)(2000201    4041.57063791829)(2000111    1954.41352999236)(2000101    347.249680673094)(2000211    2680.89012790706)(2000012    5438.14335073635)(2000002    2963.62770375001)(2000022    3454.50769519654)
0 5      - (1000000    4093.78068012111)(2000201    847.169643127721)(2000002    1256.97225397169)(2000012    6530.2559096311)(2000111    3256.57437690687)(2000221    2001.43154375761)(2000211    3594.81600341238)(2000101    1716.57291965263)(2000022    5882.57594112213)
1 6      - (2000101    3639.25403528681)(2000221    3450.29159287169)(1000000    5412.4601879187)(2000211    3470.91275392786)(2000201    4243.33435376408)(2000002    5464.61362780305)(2000111    4110.01308047145)(2000121    4811.98333279108)(2000012    5024.06445243818)(2000022    4308.44872313152)
5 5      - (1000000    6569.99827492674)(2000211    5862.16531008255)(2000221    6963.55967225485)(2000022    7075.34532716461)(2000111    6734.22132841043)(2000101    7257.69131280304)(2000121    6526.3033363162)(2000201    5734.08157574149)(2000012    6815.68383628827)(2000002    6157.78997538181)
1 4      - (1000000    5479.25622605859)(2000121    4448.18837932834)(2000201    5494.51777743592)(2000012    3748.70387633362)(2000101    5811.73557255369)(2000002    3777.23105147726)(2000211    3436.14987845127)(2000111    1732.36694639275)(2000221    1603.62503976021)
4 4      - (2000201    4498.97599868766)(2000221    4810.1682372119)(1000000    5291.55062330515)(2000022    2737.74281036551)(2000101    5953.6338038435)(2000211    1864.08686732763)(2000012    3733.56562871008)(2000002    4855.74903897056)(2000121    6518.37186838614)(2000111    4109.6540532687)
2 4      - (1000000    5487.25827016413)(2000201    2906.37522308585)(2000221    4567.55035760774)(2000002    3662.21339086549)(2000101    3294.22633309532)(2000012    4633.97772085784)(2000121    3935.44822962546)(2000022    4458.0380285481)(2000111    1701.6668255214)(2000211    2418.07795472271)
4 2      - (1000000    5480.21192834989)(2000111    610.573647168943)(2000101    4864.32642945574)(2000211    1302.79098052353)(2000002    3443.90345610091)(2000201    2836.45655783445)(2000022    1657.05575475207)(2000012    3849.04891403793)(2000221    1617.16564019356)
0 6      - (1000000    5972.82044222906)(2000201    5211.95961078784)(2000111    6551.3867153479)(2000121    3153.24627557613)(2000002    6462.06080106706)(2000101    5766.51152011404)(2000211    4704.63049724938)(2000012    5713.44725375633)(2000022    3727.30779965537)(2000221    4381.00668993619)
4 3      - (1000000    5118.42520503125)(2000101    3629.5339624819)(2000002    5565.9825680808)(2000211    4455.50115623118)(2000111    2884.89821713071)(2000121    1612.22242632476)(2000022    2849.65926944851)
0 8      - (2000121    4860.69548846275)(2000012    6142.85696665327)(1000000    5828.08760537871)(2000022    5097.99198063671)(2000101    5843.08601996476)(2000002    5874.99217862733)(2000111    5745.38141524035)(2000201    5870.28666459316)(2000221    5035.30463857363)(2000211    5410.4596891015)
1 8      - (1000000    5893.46826484919)(2000111    5001.29896370613)(2000221    4851.88660690605)(2000211    5710.38242433019)(2000002    5616.62390582199)(2000101    5790.6782238524)(2000121    4292.53597511523)(2000012    5873.80515612598)(2000201    5862.7771291992)(2000022    5796.85995461879)
7 0      - (2000101    5866.01491359804)(1000000    5920.82070928527)(2000201    5988.96173585017)(2000012    5985.90404544844)(2000211    5660.65189437802)(2000002    5904.94213829157)(2000111    6658.37614867491)(2000121    4942.66768656063)(2000022    4909.97585366523)(2000221    3985.56000305863)
9 0      - (2000002    5913.20550393852)(1000000    5760.81795993182)(2000221    4666.40111382866)(2000101    5768.08897099052)(2000111    5487.0478394519)(2000201    5907.55342368165)(2000211    4755.20741879684)(2000012    5949.53029233293)(2000022    5854.19413778471)(2000121    5179.64743480388)
8 1      - (2000201    5937.63516504425)(2000002    6018.22554347219)(2000111    5330.75206557394)(2000022    6813.52530787864)(2000221    5231.49001350894)(1000000    5953.02322051257)(2000211    5825.21639169185)(2000101    5931.40894230939)(2000012    5847.00691915361)(2000121    5208.52506458176)
10 0      - (2000012    6302.08228770634)(2000201    6160.92495371672)(2000101    6646.37860937112)(1000000    6035.69835692717)(2000002    6337.75735227041)(2000121    6118.85986025074)(2000211    6274.81787948405)(2000111    6746.64432003101)(2000221    6506.02493164606)(2000022    6946.51077001427)
9 4      - (2000121    7303.22638811782)(2000012    5956.7531073124)(2000201    5323.00871094074)(2000111    5912.80155628618)(2000101    6018.94564563509)(2000211    5113.93787126128)(2000022    5525.72851081508)(1000000    6029.06621657486)(2000002    6725.06059747024)(2000221    6303.14796216288)
1 11      - (2000201    5915.55264659589)(1000000    6368.07070746394)(2000101    6318.56673397639)(2000002    6720.08336127892)(2000111    6162.52559521282)(2000211    5779.17952954212)(2000012    6542.83367606324)(2000022    5246.34073156085)(2000121    5094.25562346656)(2000221    5349.66824649507)
1 12      - (2000101    6167.83880970593)(2000201    5599.74952243263)(2000002    6497.95135092433)(1000000    6980.58370712515)(2000111    6082.55713060486)(2000022    3315.85416215705)(2000211    5598.94936106509)(2000012    6568.47288184853)(2000121    5363.82461408737)(2000221    4446.3828202235)
8 2      - (2000022    3276.05932095151)(2000211    4609.47995509673)(2000101    4960.20971225834)(2000121    2587.0827331832)(2000002    6024.06514956923)(1000000    5833.26312447944)(2000012    5185.27447204456)(2000201    4667.38985889526)(2000221    1829.12382462381)(2000111    4526.46599571641)
8 4      - (1000000    6313.80546580457)(2000012    5894.82422577133)(2000101    5971.98459681762)(2000002    6659.49020743252)(2000111    7307.26797123998)(2000201    6287.01024987473)(2000121    5791.75621427464)(2000211    4428.25143632688)(2000221    6200.15898934015)(2000022    5761.9065462046)
11 0      - (1000000    6728.33797664152)(2000101    6777.2190716817)(2000002    6613.76980031848)(2000201    6564.92399788593)(2000211    6154.9227953675)(2000012    6529.94062096251)(2000111    6344.93355745777)(2000022    6878.30699002459)(2000121    5921.81749999897)(2000221    6133.29169957234)
0 10      - (2000002    6160.26824903214)(2000101    6157.3963503489)(1000000    6094.83563082414)(2000201    5783.60834617323)(2000022    6443.31084430529)(2000121    5788.71493838709)(2000012    5864.59606506869)(2000211    5992.48339310167)(2000111    6068.80217485948)(2000221    5789.22324495248)
7 2      - (2000101    4997.99572433407)(2000221    4504.20272982219)(2000111    5127.30712167607)(2000002    6238.44716416997)(2000012    5833.12388562563)(1000000    6582.26318848849)(2000211    3536.22117028416)(2000022    6665.39203581066)(2000121    3833.17693607363)(2000201    5629.1509087402)
11 1      - (2000002    6320.64881239278)(1000000    6756.40498948811)(2000101    6807.1300699395)(2000201    6434.54559504226)(2000012    6391.64007629674)(2000111    6225.96045244549)(2000211    6122.55136806759)(2000121    5564.35030458665)(2000221    6168.92451091701)(2000022    6422.97434826749)
0 7      - (2000121    3511.96786087694)(2000101    6246.85835175298)(2000201    5782.49172535946)(1000000    5708.34497786474)(2000002    5568.4615851047)(2000111    5012.26001442389)(2000211    5923.61166626675)(2000221    3303.48832484628)(2000012    6139.1599687454)(2000022    5228.32434859415)
11 2      - (2000101    5475.18506723633)(2000002    6445.03368705823)(2000201    5371.62645158434)(1000000    6657.53150818292)(2000022    4526.27447431487)(2000211    5998.25693100908)(2000111    4957.46064119752)(2000012    7074.41786783808)(2000121    3146.94810043919)(2000221    2921.33737347136)
8 0      - (2000101    5730.29929043078)(2000121    5949.4160155209)(2000221    4887.15473938384)(1000000    5607.69927891658)(2000002    5770.49773623474)(2000111    5605.78322684735)(2000012    6056.34523601758)(2000022    5671.02961213747)(2000211    5737.59517838078)(2000201    5829.93971157396)
6 0      - (1000000    5788.05379238797)(2000211    5062.64912637475)(2000012    6017.3292392159)(2000002    5736.5072943521)(2000101    5504.69610602149)(2000221    -84.9136390447577)(2000201    5115.35337940483)(2000111    4953.7920987498)(2000022    4774.25458555501)(2000121    3100.61687767591)
7 3      - (2000002    6036.67423222348)(2000022    5424.33585365007)(2000111    6714.52143023646)(2000211    5545.91163467244)(2000101    6267.78083207475)(2000012    6204.43074423048)(2000121    5137.49223001374)(2000201    5219.88268940349)(1000000    6345.24843315448)(2000221    5718.83513059141)
3 8      - (2000022    6019.23924710596)(2000111    6739.98574270948)(2000002    6008.22134632923)(1000000    6506.92334141952)(2000201    5631.24631034878)(2000221    5691.79444342055)(2000211    4957.03073497986)(2000101    5945.47964112811)(2000012    6112.01403166059)(2000121    5214.38169564791)
2 12      - (2000201    4942.71950746136)(1000000    7226.83086870163)(2000002    5242.92348006433)(2000101    5073.0955339046)(2000221    315.629406806192)(2000121    5282.22419699374)(2000211    4972.16947898684)(2000111    5298.51131792928)(2000012    4132.16902272907)(2000022    3093.32033845504)
6 2      - (2000111    3285.23742896008)(1000000    5834.14280038529)(2000201    3142.30802313967)(2000121    2920.34545210888)(2000002    5833.72411904173)(2000012    4060.87075490887)(2000022    5554.50965864149)(2000101    4109.67413855728)(2000221    -303.479526311557)(2000211    3840.91079291541)
0 11      - (2000002    6467.75808893519)(2000101    6366.94186343523)(2000201    6114.61510888894)(1000000    6452.58098275417)(2000211    5996.87135730844)(2000111    5875.44967154042)(2000022    6867.67753303267)(2000012    6310.20420274116)(2000221    5831.42956728311)(2000121    5463.14647486595)
5 3      - (1000000    5652.69145932947)(2000022    3493.10925360039)(2000211    3175.11853916342)(2000101    6398.80562897341)(2000012    4836.23288240532)(2000002    4480.77696897425)(2000221    2999.16521044584)(2000121    5595.07701172639)(2000111    5225.39939575997)(2000201    3476.06354535418)
1 7      - (2000211    3951.60891779724)(2000201    5569.87179495452)(2000022    4865.02065238202)(2000121    3605.8925696042)(2000221    3962.67581521244)(2000002    5796.15607486486)(2000111    4734.23048923424)(1000000    5708.86191426072)(2000101    5724.17840822041)(2000012    6134.85927960452)
3 7      - (2000211    5470.21506856293)(2000221    4706.68221116381)(2000012    5796.16760579886)(2000111    6596.59601391077)(2000002    6548.85230104979)(1000000    6535.3758678532)(2000201    4849.16269263663)(2000022    5527.72539214167)(2000121    6023.22734764221)(2000101    6116.2979496243)
0 9      - (1000000    5957.6398991841)(2000201    5562.19890182116)(2000002    6173.28249794524)(2000101    5665.14213279556)(2000111    5237.49065259686)(2000012    6204.6991944479)(2000211    5595.10654301158)(2000022    5425.60640312066)(2000221    4437.13813734543)(2000121    4348.42789015179)
12 2      - (2000201    4901.08320486836)(1000000    6962.40801447217)(2000101    3920.93688812349)(2000002    6665.53768632451)(2000221    315.629406806192)(2000012    6821.43655816041)(2000211    5613.52404630966)(2000121    2440.91861501089)(2000111    5706.45720021534)(2000022    4219.90368241698)
13 3      - (1000000    6929.68889264302)(2000101    4453.45168529571)(2000012    5069.69794636247)(2000121    978.906342177427)(2000201    3548.12576269083)(2000221    4419.53879576291)(2000211    2699.69994617396)
3 13      - (2000101    4029.18727358535)(2000201    4257.66641444606)(1000000    4741.1708094545)(2000002    5882.08892260285)(2000121    4109.60098819703)(2000012    1795.64272771402)(2000221    2246.05601136114)(2000022    1998.81504653417)
2 13      - (2000201    3022.23530649905)(2000101    5349.00474368033)(2000002    6400.06836386855)(1000000    6443.99012609436)(2000111    5672.91531281418)(2000211    4827.10366441378)(2000012    6890.06932353773)(2000221    3268.58104158398)(2000121    3260.4637932374)(2000022    1783.0763149192)
3 12      - (2000002    3687.94281859997)(2000101    7083.83016488602)(1000000    6671.61326923781)(2000211    2202.99071286181)(2000012    3978.72009917747)(2000201    4460.0840198396)(2000121    3021.72104840652)(2000221    3128.16666406078)(2000111    3884.7616909025)(2000022    5175.59255804164)
4 7      - (2000211    5266.78602556413)(2000012    5934.31684166981)(2000201    5229.43967951801)(2000101    5582.29541624946)(2000111    6933.40901538503)(2000121    5638.97366351559)(2000002    6733.18700339699)(2000022    5934.94031172238)(2000221    5417.6689326308)(1000000    6504.83340992249)
4 5      - (1000000    6426.24008973758)(2000121    6197.15304128047)(2000211    5068.36270801784)(2000012    6209.51964469389)(2000002    6184.49481756082)(2000111    6563.39431128497)(2000101    5979.41745041087)(2000022    5859.46101402165)(2000201    5484.31482816357)(2000221    6193.73972614626)
5 4      - (2000022    6822.04578293554)(2000101    5895.06571301741)(1000000    5845.69208736815)(2000012    6093.63714117861)(2000002    6513.77325648935)(2000211    5561.26519486103)(2000121    6500.69553244226)(2000111    6307.33317984424)(2000201    5537.15633063759)(2000221    6442.75840868542)
2 8      - (2000012    4962.43517678982)(2000101    5403.20692103701)(1000000    6059.76109764553)(2000002    6693.54828629012)(2000121    3428.79258147189)(2000111    2579.31376019564)(2000201    5805.56675812968)(2000211    4197.70226010998)(2000022    2807.85739100348)(2000221    3853.55081104171)
12 0      - (2000101    5583.01529694927)(2000201    5997.68369215499)(2000002    6412.17131285766)(1000000    7152.519806425)(2000121    5616.01489003242)(2000221    5568.54514786138)(2000211    6391.42988208087)(2000012    6730.70389778354)(2000111    5809.52736958293)(2000022    6352.91263986466)
1 9      - (1000000    5695.55177592525)(2000002    5758.76514963876)(2000201    5820.20289440886)(2000012    4575.27524739221)(2000211    4507.63744003136)(2000111    3112.27465907366)(2000101    4530.22370597237)(2000121    4072.42765012519)(2000221    4292.73648802749)(2000022    4239.40883602377)
4 9      - (2000201    5404.14688745262)(2000022    5092.33008456224)(2000211    4972.54042730325)(2000002    6148.11142269936)(1000000    6021.84010435583)(2000101    6073.23828285386)(2000111    7309.82608947157)(2000012    5967.05735986438)(2000221    5250.95318618531)(2000121    5661.69457304389)
7 1      - (2000002    5883.19155652494)(2000201    5514.47009806716)(1000000    5712.85438152212)(2000111    5023.1059090738)(2000101    5603.32635197204)(2000012    5893.39797421377)(2000022    4681.73211361543)(2000211    5338.81106353731)(2000221    3192.78349920794)(2000121    5329.78908004778)
0 12      - (2000101    5824.27348710761)(2000002    6588.24617291638)(1000000    7237.80254626301)(2000201    6171.40328196313)(2000012    6929.41675573145)(2000211    6043.27169307817)(2000121    5792.18756438544)(2000221    4805.96617011336)(2000111    5666.8499805039)(2000022    6537.70991248993)
9 3      - (2000101    5039.59334020429)(2000111    4372.19815371932)(2000002    6157.36388860822)(1000000    6160.38102758649)(2000201    5057.57405128334)(2000121    4344.57827233775)(2000012    5079.75433265749)(2000221    7301.01297780714)(2000211    4429.63503079143)(2000022    2215.1666588182)
12 1      - (2000002    6640.03556301575)(2000101    6095.56373057852)(1000000    6832.73599823873)(2000201    6176.85741478804)(2000022    5142.25977037023)(2000211    5956.8233617723)(2000111    6284.84221873125)(2000121    4627.04280980896)(2000012    6735.32710546274)(2000221    4589.24785448037)
4 6      - (2000211    5660.31412789221)(2000022    5933.97970350991)(2000201    5752.02528910775)(2000121    5536.07537970463)(1000000    6546.47851952589)(2000101    6055.24762464998)(2000012    6237.12144075674)(2000111    7254.9562903082)(2000002    6853.50024350191)(2000221    5414.01478321335)
6 1      - (2000201    5557.42217538824)(2000002    5841.62915784896)(2000101    6532.14012722794)(2000211    4799.18757103396)(2000022    4817.99521406775)(2000111    5153.15743776553)(1000000    5625.88814930656)(2000012    5515.52223134388)(2000221    2330.99693946255)(2000121    4520.09130987656)
9 1      - (2000221    1360.09668292376)(2000211    3766.16643628234)(2000111    4337.73848209806)(1000000    5940.84945099682)(2000121    2915.86976815513)(2000201    5776.88116247283)(2000012    5974.39544780598)(2000002    5937.09410137435)(2000101    5298.89625734766)(2000022    3401.08044688968)
3 6      - (2000012    6146.54095272398)(1000000    5979.21768466896)(2000111    5764.51111738417)(2000002    6243.90720694706)(2000101    5941.91906170687)(2000022    6425.46301357742)(2000121    6191.06454313728)(2000201    5684.4123393811)(2000211    5676.7014511733)(2000221    5061.71147103611)
13 1      - (2000101    4803.02820659468)(2000201    5544.53201315174)(2000002    6157.7843688026)(1000000    7342.97235090038)(2000022    746.178628217369)(2000111    5738.70881848923)(2000211    5137.53539734633)(2000012    6135.82764771539)(2000121    2725.83934300541)(2000221    1467.1167566273)
0 14      - (1000000    7082.73356430693)(2000002    6901.13603580815)(2000101    5468.12711780126)(2000201    2903.20359026247)(2000012    4810.10173070989)(2000211    3869.88469774485)(2000022    4364.78217225735)(2000121    1951.26532947175)(2000111    5047.10181775535)
2 7      - (2000012    6259.36811386866)(2000211    3928.70498180692)(2000111    5413.17428504914)(2000201    4020.7227775337)(1000000    5924.61356343322)(2000101    4940.08537286813)(2000022    5857.74054879096)(2000002    5870.09710388284)(2000221    6292.56531978877)
1 5      - (2000211    2874.69450005083)(1000000    5409.49693928863)(2000101    4742.3901422716)(2000121    4243.95997639557)(2000002    2288.66801530027)(2000111    4760.5384257382)(2000012    3843.52905216224)(2000221    1533.12033940114)(2000201    2919.16413399558)(2000022    4481.73873260639)
2 9      - (2000012    334.227320283069)(2000201    4413.25793127391)(2000111    -518.676983721038)(1000000    5875.85999806488)(2000101    3853.25528740188)(2000002    5374.36639802303)
1 14      - (2000101    3514.334141709)(2000201    2064.74406719158)(2000002    6090.12488468313)(1000000    7065.80059322015)(2000022    4654.28591903459)(2000012    6559.71689697045)(2000111    4550.98254533693)(2000211    4042.64405967425)(2000221    1435.08295404886)
9 2      - (2000022    -42.4541663975026)(2000201    4859.52748663279)(2000002    5891.23261827369)(2000101    4255.47195329427)(1000000    5774.25666850753)(2000211    1622.61518834274)(2000121    1768.75712714826)(2000221    2022.91540685575)(2000111    1746.55965788817)(2000012    1689.90103277232)
1 10      - (2000012    5363.69838198499)(2000201    4638.52079275373)(2000101    4554.83196752937)(2000002    6335.42345022914)(1000000    5861.49428842433)(2000211    3689.92826004224)(2000221    4134.55083012635)(2000022    5115.35831320742)(2000111    4253.48369974479)(2000121    5498.00674611571)
14 0      - (2000101    4214.13563511443)(1000000    7514.88996794883)(2000002    7011.08201221729)(2000111    4974.65362446454)(2000211    2689.64852867273)(2000201    5398.60972951213)(2000012    4518.73495763578)(2000022    2623.89655851075)(2000121    2725.45330589657)
3 10      - (1000000    6694.83454855412)(2000201    4771.6249015118)(2000111    6968.66716781454)(2000221    6577.4081331411)(2000002    6092.14478203004)(2000101    5137.74340987234)(2000121    4076.67652161517)(2000211    3736.91532780029)(2000022    3259.61980923307)(2000012    5308.23828036576)
2 10      - (2000201    3530.91090290311)(1000000    3104.16874310114)(2000101    2685.3701022472)(2000002    6318.21149643876)(2000012    4900.69262587169)(2000111    2086.01773016399)(2000211    2229.86200435443)(2000022    1757.44916291745)(2000221    1873.77593860414)
9 6      - (2000012    5815.32645495258)(2000201    5654.40762858005)(2000022    60.4180706095838)(1000000    5698.2692710333)(2000211    5576.80521429096)(2000101    5655.43213252732)(2000121    3318.79334929247)(2000002    5737.00075702763)(2000111    4648.14778955621)(2000221    1990.15981837756)
7 10      - (1000000    5215.47381711346)(2000002    5921.19498761345)(2000022    1828.78689974509)(2000201    5200.12242670462)(2000111    6079.68401601086)(2000101    5655.44985878896)(2000211    5139.31932133259)(2000012    5657.45412849844)(2000121    3655.08101072401)(2000221    1678.30026069579)
10 10      - (2000002    6693.47152103668)(2000121    6251.72062178397)(1000000    6628.33033116411)(2000211    6343.28183591058)(2000101    6167.39951263127)(2000201    6557.36974024249)(2000221    6245.52529431702)(2000111    6484.8296613796)(2000022    6911.34704621675)(2000012    5989.62346305801)
10 8      - (2000121    2706.07580467662)(1000000    5280.53167274631)(2000002    6580.85304438831)(2000101    5410.14219406452)(2000201    5476.2636228539)(2000211    6209.17346466853)(2000012    5196.82971024622)(2000111    7298.12764868311)(2000022    3373.55940207003)(2000221    2656.20915344455)
3 9      - (2000211    4257.47801900513)(2000002    6232.71500808772)(2000012    4554.32515155001)(1000000    6651.13123434194)(2000101    6330.40688225406)(2000111    6588.67307486196)(2000221    5310.53642424598)(2000201    4895.5314762144)(2000121    6419.05058978028)(2000022    5529.06920784337)
7 7      - (1000000    5330.86153603096)(2000221    5537.71283023308)(2000211    6268.57748786109)(2000121    5508.87634832494)(2000022    6433.21438004901)(2000111    7069.23196695287)(2000002    5950.27802754922)(2000012    6502.28639069393)(2000201    5314.77680746745)(2000101    5971.71898892594)
11 9      - (2000121    2087.50158541198)(1000000    6621.09408903875)(2000002    6569.69896312893)(2000201    6252.71019553299)(2000101    6739.7296593424)(2000012    4506.49535902318)(2000211    4526.28323075204)(2000022    1622.02699017337)(2000111    6940.28672217664)(2000221    3440.9195986895)
11 11      - (2000022    6640.19704755106)(2000012    6564.92215663455)(2000221    5891.88427307104)(2000002    6368.92531558815)(2000211    5853.44263248075)(1000000    6293.20949083681)(2000101    6101.3986881211)(2000201    6045.01953503066)(2000111    5816.32959332524)(2000121    6034.23555765352)
9 8      - (1000000    4797.03952812112)(2000101    5417.43466075996)(2000201    4804.61475861512)(2000211    5969.90398322852)(2000111    6021.91435194708)(2000002    5636.34914499072)(2000012    6438.80570060061)(2000022    3923.10353640152)(2000121    3545.44187792771)(2000221    4301.56810988818)
10 9      - (1000000    7658.55493711962)(2000101    6659.94099356154)(2000201    6406.27272432525)(2000211    5782.49067326111)(2000111    6949.662242274)(2000221    4027.55157608119)(2000012    5884.02532194592)(2000002    6183.60467164659)(2000121    3646.83192300527)(2000022    5240.2782115579)
10 11      - (1000000    6302.52747003416)(2000201    6425.49499929506)(2000101    6192.0704375379)(2000002    6471.51203270757)(2000012    5876.52023330253)(2000221    6098.55712936809)(2000211    5817.85434250188)(2000121    6413.41432825656)(2000022    6267.5299798832)(2000111    6389.2622215696)
11 8      - (2000201    6095.65466741714)(2000022    4151.02651969052)(2000002    6791.31177243535)(2000211    5886.45425895596)(1000000    6047.24163012352)(2000012    5326.26243396502)(2000101    6169.34824275306)(2000111    7168.36745172742)(2000221    3711.12111713474)
8 9      - (2000201    5092.406147857)(1000000    5266.91758074262)(2000101    5007.90784383095)(2000121    4144.24244223723)(2000111    7575.87399505421)(2000002    5651.33443357016)(2000211    6019.99592479356)(2000012    6259.17061574043)(2000221    4716.39698477563)(2000022    5091.52897402419)
10 12      - (2000121    3592.30457942713)(1000000    5943.40686589178)(2000101    6150.19673997236)(2000002    6229.28826663147)(2000111    5782.82105933423)(2000022    4977.44733387073)(2000211    4412.68642532785)(2000012    4218.94986429956)(2000201    5809.5118841126)(2000221    5387.87649258869)
8 13      - (2000121    2709.21453405515)(2000221    1606.2439986697)(2000211    2924.30302445412)(2000002    6278.71286054266)(2000012    5055.21140460965)(1000000    5841.41893090265)(2000201    5825.74472908225)(2000101    5833.80021475892)(2000111    4665.69394901711)(2000022    4046.80221431078)
8 8      - (1000000    5175.48289736413)(2000101    4931.63824123475)(2000111    6632.50113289945)(2000002    5633.42924209564)(2000012    6258.48532954762)(2000211    6517.96842871873)(2000201    5109.09843505094)(2000121    4979.33248189156)(2000221    5353.76309819584)(2000022    5461.63276045409)
7 4      - (2000201    5583.00877586189)(2000211    5020.00513745717)(2000101    5821.19966283261)(1000000    6047.64345531863)(2000012    5875.61637842325)(2000002    5108.65445424833)(2000111    5560.68859569771)(2000221    6875.26509332162)(2000022    5205.14526951121)(2000121    5882.82402183163)
9 13      - (2000211    4237.24599934518)(2000002    6534.89475844029)(1000000    6508.02771853709)(2000111    5030.08365889634)(2000201    4419.14290695035)(2000101    4453.58859915332)(2000121    6504.62550265798)(2000012    4849.26538126458)(2000022    1820.6526465414)(2000221    3419.84118957138)
10 1      - (2000002    5966.66742057559)(2000101    6244.51672629008)(2000201    5249.62970670891)(1000000    6108.89373962358)(2000022    7288.57040650202)(2000111    5635.85953914586)(2000211    2032.1597313784)(2000012    6135.20660045673)(2000121    1531.3717520849)(2000221    3285.409727771)
8 11      - (2000012    4969.03366407757)(1000000    5853.36166389264)(2000201    6310.20516760116)(2000002    6520.48089594418)(2000211    5605.00447309401)(2000101    6349.96959254655)(2000111    5561.71341886748)(2000121    6889.50148246109)(2000022    4397.23488033604)(2000221    4565.22402465301)
6 12      - (2000211    5007.08978108371)(2000012    5134.7288990899)(2000221    4632.95292033971)(2000002    6882.15985885188)(2000111    5451.11382250592)(2000201    6207.67469499485)(1000000    6097.01764755722)(2000101    6174.57986571506)(2000022    7127.89076279979)(2000121    6446.02322976448)
12 7      - (2000022    2843.8110959991)(2000012    5802.73286722424)(2000211    5320.31398706384)(2000111    5919.44977923567)(2000121    5859.05855313612)(2000002    6578.75394357542)(1000000    5804.71456749704)(2000201    5835.83053883638)(2000101    5813.67715314178)(2000221    4838.2732552462)
9 9      - (1000000    4715.47614470379)(2000201    4713.94088791216)(2000101    4776.47201848365)(2000002    5844.55528962736)(2000111    7146.2366243712)(2000012    6327.87426431447)(2000211    5902.97268898521)(2000221    3860.35077247056)(2000022    5847.14616008167)(2000121    4976.53022645114)
5 6      - (1000000    6529.15926076568)(2000101    7196.37568261654)(2000022    6689.90299899273)(2000211    6181.44035740769)(2000121    6371.60032353507)(2000002    5857.98136788623)(2000111    6900.30088220115)(2000201    5680.19389456021)(2000012    6858.55124888177)(2000221    6613.9200844548)
6 4      - (2000221    5416.16434531983)(2000012    5928.09490388392)(2000211    6375.9711297426)(1000000    6420.34687324009)(2000022    5811.21027810496)(2000002    6602.99830694833)(2000101    5970.50084202934)(2000111    7342.0393128571)(2000121    6287.26077637277)(2000201    5971.28348707095)
7 8      - (2000101    5366.75472691012)(1000000    5129.28398404885)(2000111    6253.99966472012)(2000002    5641.6944049092)(2000211    6030.9933426855)(2000012    6741.51836870695)(2000201    5365.96561823337)(2000022    5296.37332844409)(2000121    5552.91001850845)(2000221    3621.8305423135)
7 13      - (2000002    6182.98817794242)(2000022    5203.45684540169)(2000111    6182.24714791818)(2000221    5504.59415312838)(2000121    5280.97793945417)(2000211    5117.97343303438)(1000000    6158.636543804)(2000012    4005.02504667148)(2000101    6171.81331544023)(2000201    5698.24215540241)
6 13      - (2000121    4726.20929576085)(2000201    5225.14943433636)(2000221    4792.35096597172)(2000022    5271.79503920372)(2000002    6664.23844619474)(2000111    6573.83161816125)(1000000    6655.56598023801)(2000101    5569.27329069052)(2000211    2091.31850589398)(2000012    3908.82549251244)
12 8      - (2000221    5027.08772559909)(2000022    3740.1789612773)(2000201    5933.11320311802)(2000002    6195.10384937872)(1000000    5672.32599950232)(2000101    6157.8332788051)(2000111    5872.02422898909)(2000012    5852.36543908403)(2000211    4369.84551583884)(2000121    4699.74181401501)
13 7      - (2000002    6378.99667868612)(2000201    5696.95217038394)(2000221    2918.46805181169)(1000000    5946.00768071043)(2000111    6362.08165056893)(2000101    5877.92488942657)(2000012    3898.01466727791)(2000121    4518.09269116665)(2000211    1980.05222477452)(2000022    3419.2659190091)
8 7      - (2000012    5404.80727984103)(1000000    5131.12720742675)(2000002    5625.86169211834)(2000201    5124.26731136877)(2000101    4789.64662958388)(2000211    6177.7047063833)(2000111    7344.35215475819)(2000221    5315.69128486214)(2000121    2469.23737484358)(2000022    5418.59268742106)
13 11      - (2000201    5826.73476367394)(2000121    4407.36158846929)(1000000    6335.8367145874)(2000022    3390.06438103538)(2000101    6041.14950165694)(2000221    3767.12829356093)(2000012    5392.09441019078)(2000111    6390.58830547518)(2000002    6401.88307953828)(2000211    4612.89074428596)
11 10      - (2000101    5803.21385838792)(1000000    6543.61191975365)(2000201    6189.89428290158)(2000211    5331.46129387939)(2000111    6580.34225880313)(2000121    6648.2008103433)(2000022    4156.74355324003)(2000002    6678.53635702109)(2000221    5377.94421544992)(2000012    6005.43430898745)
10 6      - (2000111    6755.76822466607)(2000101    6533.23588650816)(2000002    6752.95732329208)(2000012    5277.50835925747)(2000201    6755.40210591328)(2000211    5806.93047820885)(1000000    6796.4387129927)(2000221    6175.58522607516)(2000022    6109.33313354506)(2000121    4885.33441181156)
14 10      - (2000201    4153.84489536695)(1000000    5623.73942051649)(2000101    5368.8435227484)(2000121    6085.90070636703)(2000111    3568.69290694998)(2000022    691.798011347143)(2000012    4149.29623884602)(2000002    6162.93893335526)(2000211    2671.67298273039)(2000221    4538.60311388478)
11 6      - (2000201    5445.03089155878)(1000000    5644.53632624061)(2000101    5321.67546311444)(2000002    6335.23604195109)(2000012    6075.4359458628)(2000111    7479.23664755271)(2000221    5311.42228595265)(2000211    5899.08947832822)(2000121    5806.36936496666)(2000022    5597.89837927684)
11 3      - (2000101    5262.29638362824)(2000002    6142.71042044902)(1000000    6242.02170142328)(2000012    5434.8503826403)(2000111    3488.36247841229)(2000221    3993.09219002778)(2000022    4427.83264867283)(2000121    3707.91476828064)(2000201    5083.99586076176)(2000211    3961.35188817451)
1 13      - (1000000    6543.55928690974)(2000101    5392.92396298258)(2000002    6908.93031401802)(2000201    5406.76214362816)(2000012    7320.70058606778)(2000211    5085.59493675951)(2000022    4091.93101205962)(2000111    5219.53666787727)(2000121    3930.66013620283)
5 7      - (2000002    6523.87382233942)(2000012    5299.53522363162)(2000201    6690.98291828887)(2000101    6242.73816065878)(2000111    7424.66613997762)(2000121    5620.57894185739)(2000211    5150.92724734849)(1000000    6866.93925876029)(2000022    5493.89106534317)(2000221    5734.05401277913)
4 14      - (1000000    5024.33124781528)(2000201    4640.07116951492)(2000221    4374.84498790061)(2000012    2015.67925398397)(2000121    985.461209662183)(2000022    4005.88894009522)(2000211    3789.88310421012)(2000111    2495.05475028808)(2000002    4543.38897111678)(2000101    6374.86279455567)
6 10      - (2000221    674.416667896327)(2000201    5154.84368564157)(2000012    6625.00931175786)(2000111    5576.95947343169)(2000101    5492.89863447696)(2000002    5804.6599039678)(1000000    5668.86452557846)(2000211    6182.56865457536)(2000121    4287.22826978125)(2000022    4956.10939742709)
12 6      - (2000012    6109.47780258706)(2000211    5210.00110326216)(2000002    6960.38098170886)(2000111    7191.6962238538)(1000000    6312.03791827369)(2000201    6163.83212827028)(2000101    6366.3452286358)(2000022    4637.20728852192)(2000121    5581.53345217446)(2000221    5072.48185857919)
10 7      - (2000002    6387.27973841231)(1000000    5117.74449249329)(2000101    5669.10426768964)(2000201    5706.18124130348)(2000111    7470.41455351382)(2000012    4955.8197994131)(2000211    6230.76414956646)(2000022    3298.88888599477)(2000121    2176.52775224826)(2000221    2824.98708315851)
5 10      - (2000012    4951.34618137342)(2000121    5282.44835569423)(2000201    5875.18809673225)(2000111    7324.09640629218)(2000101    6095.33093717218)(2000002    6227.85612551677)(2000022    5873.11441508836)(2000221    5369.39816497702)(1000000    6366.66115484029)(2000211    5725.07688137096)
6 7      - (2000201    5518.60930283837)(1000000    5093.17548290166)(2000002    6335.5509928465)(2000012    6422.5400652412)(2000101    5066.52853076838)(2000211    6063.88058917529)(2000221    5876.77919297843)(2000022    5853.96921280685)(2000111    7499.79008641832)(2000121    6254.0949380068)
14 2      - (2000101    6631.40272801665)(2000002    5139.07145590475)(2000211    5143.25018109956)(2000201    3380.11132100692)(2000012    1803.42996940086)(2000121    1500.68097432698)(1000000    607.49771246493)
2 14      - (2000101    5974.4168193963)(2000002    6261.451012282)(2000201    3911.04802129567)(1000000    6049.75240297778)(2000012    6105.60819289168)(2000111    1652.42722751683)(2000022    3064.58199291119)(2000221    1531.13199514684)
7 14      - (2000201    5370.19200222456)(1000000    5851.85399343177)(2000002    5672.07578971194)(2000211    3738.09048698247)(2000111    4975.8954988646)(2000221    5185.37462000695)(2000101    6402.66224559054)(2000121    5193.78220009901)(2000022    1793.45898940349)(2000012    3833.97683665114)
6 9      - (1000000    5363.00329552591)(2000022    4071.35294833977)(2000101    5205.29247645396)(2000002    6109.53853182696)(2000221    680.924327257364)(2000201    5378.31582085848)(2000111    6331.49967030719)(2000211    5883.89224087619)(2000012    5371.97534112405)(2000121    3562.201700974)
7 9      - (1000000    5290.50563089216)(2000111    6538.78956330919)(2000101    5024.51847851543)(2000012    5896.48820064845)(2000201    5241.20764177412)(2000022    1414.48547584341)(2000002    5734.65234730433)(2000211    6083.23809106978)(2000121    3277.93961170125)(2000221    1775.6508694797)
7 11      - (2000121    3791.12303172943)(1000000    5536.04299438249)(2000211    5507.022339327)(2000012    6021.03226653004)(2000002    5950.22067399645)(2000201    5687.70458875965)(2000101    5251.36867475528)(2000111    6917.08706070136)(2000221    4401.26232713296)(2000022    2008.62301025612)
13 8      - (2000012    6234.75335645817)(1000000    6063.81684591129)(2000201    5893.02000681626)(2000002    6238.50018559729)(2000101    6213.59094844541)(2000221    5399.08491293053)(2000022    3385.66057010037)(2000211    3166.59767821806)(2000111    5208.86296023478)(2000121    1626.05517339659)
7 12      - (2000012    5302.52405449257)(2000121    5063.50646401592)(2000101    6153.95299025883)(2000201    5877.54594235043)(1000000    6168.19172213868)(2000211    5558.23371227361)(2000111    6226.50025827883)(2000002    6323.3739272194)(2000022    5686.49432228312)(2000221    3321.52832776164)
12 14      - (2000111    4865.54235830062)(2000002    5962.50304544338)(1000000    6197.25939411085)(2000201    4644.12144300259)(2000211    4381.97444137014)(2000221    5137.96725023498)(2000012    6510.38925748086)(2000022    5201.30113000635)(2000101    3678.28342529211)(2000121    4356.78984191917)
6 6      - (2000012    6854.67033713322)(2000201    6703.52841178634)(1000000    5898.47527368798)(2000121    6806.03263247299)(2000221    6928.933573298)(2000111    6693.76178348153)(2000022    6869.29681721488)(2000002    6946.52412896081)(2000211    6466.30950423054)(2000101    7294.59534875231)
6 8      - (1000000    5131.92125961145)(2000201    5543.04277418386)(2000012    6060.40769135185)(2000002    5726.5659575721)(2000211    5353.41645779999)(2000221    3686.730711289)(2000101    5559.53630483217)(2000111    6184.64682895212)(2000022    3640.49921740407)(2000121    3714.15995721437)
6 11      - (1000000    6055.20603751403)(2000101    5681.19526597168)(2000211    4870.73420979657)(2000111    7369.32381055355)(2000002    5714.47159020781)(2000012    5740.75282649404)(2000121    5295.29357614145)(2000201    5140.71336494007)(2000221    5305.2789255685)(2000022    4340.90645318943)
3 14      - (2000201    2985.06604036196)(2000002    5012.80985084598)(2000101    1418.98183987455)(1000000    6198.70179062925)(2000221    2948.27567697311)(2000022    3082.52512474548)(2000121    2928.60783328917)(2000012    2980.13358502661)(2000111    1777.41927092839)
12 3      - (2000101    4907.58330598975)(2000002    6153.2997978818)(1000000    6181.20539473819)(2000221    2844.71975000739)(2000012    1852.06376195543)(2000201    5373.77312611377)(2000211    2323.57025375605)(2000022    1020.92316474031)(2000111    4083.13075455167)(2000121    1669.57188914172)
14 9      - (2000111    3879.97684102311)(2000211    2967.23176085533)(1000000    6510.31465957729)(2000002    6557.02948501463)(2000012    5783.49965382334)(2000201    5088.15211910251)(2000101    5120.71688183407)(2000221    6442.00724140454)(2000121    5645.59419784654)(2000022    4517.4198090923)
11 7      - (1000000    5341.43795830293)(2000012    6331.4406806993)(2000121    4431.50310102561)(2000002    6144.8597982841)(2000101    5469.56862883498)(2000211    6367.40603649418)(2000201    5717.0167586591)(2000111    6218.38061829096)(2000022    3302.27395616348)(2000221    4743.6199467316)
12 11      - (1000000    5901.24102093674)(2000002    6644.13929925401)(2000201    5673.26493352206)(2000022    5333.67637783148)(2000111    5536.01080409662)(2000221    5625.29529262227)(2000101    6127.85523555821)(2000121    5627.26624536495)(2000012    6214.52656032726)(2000211    4285.89243887155)
0 13      - (1000000    6920.14007576944)(2000201    5350.59113599725)(2000101    5139.40130421175)(2000002    6483.94958284744)(2000012    6214.0709243964)(2000211    5007.39868486965)(2000111    5807.5260711329)(2000121    3928.64374927975)(2000022    5017.58720381964)(2000221    4698.88989715698)
6 14      - (2000002    6691.52874398527)(2000221    5467.65337050827)(1000000    5903.73712173481)(2000111    7324.25173588045)(2000211    5081.46745238081)(2000012    4532.62791232224)(2000121    5908.33218092661)(2000101    6366.37578403228)(2000022    5480.30128312075)(2000201    5340.31005467596)
8 14      - (2000211    4272.82477156643)(2000121    4040.74797304801)(1000000    6215.05338419225)(2000101    5877.37408912523)(2000002    6239.17066309482)(2000201    5575.54172651021)(2000221    6219.18256391418)(2000022    2267.7015051144)(2000012    5013.51114418768)(2000111    4693.64781489302)
8 10      - (2000101    6161.47783108575)(1000000    6304.26005198077)(2000201    6259.35574145882)(2000002    6210.22146524728)(2000012    6171.23654124855)(2000211    6015.60789119944)(2000111    6909.7344025356)(2000121    3680.63008787655)(2000022    2700.94719039332)(2000221    4818.6048043012)
9 10      - (1000000    7387.35653661806)(2000002    7179.15285508569)(2000201    6227.4579573419)(2000101    7850.87187733235)(2000111    7063.84335276892)(2000012    6231.44945400542)(2000211    5618.64084863129)(2000121    2827.00017156902)(2000022    4086.16146935676)(2000221    4714.51440995541)
14 8      - (2000012    2921.63366076663)(1000000    6363.05347919372)(2000002    6341.80487471588)(2000211    4460.14572518334)(2000221    4233.81536536361)(2000201    4983.57375100766)(2000101    5178.78566209057)(2000121    4744.55221116545)(2000111    4913.12553355777)(2000022    4076.17407294281)
5 9      - (2000012    5924.51818978665)(2000201    5609.16861457081)(1000000    6553.38180455908)(2000111    6568.37488210379)(2000101    6976.04367829396)(2000211    4971.11725979915)(2000022    5674.90169099558)(2000121    3725.37729123438)(2000002    6233.98990298002)(2000221    4415.29887765593)
3 4      - (2000101    2548.23882193558)(2000201    1077.74654321464)(2000111    1811.27687355742)(1000000    5505.32457314794)(2000002    2696.6741952665)(2000121    1876.42202855476)(2000012    4661.01144266546)(2000022    3846.37013466454)
7 6      - (2000201    5735.89751683524)(1000000    5814.49409370059)(2000012    6221.57794557238)(2000211    5757.47878324748)(2000221    6313.00722493457)(2000111    6633.01883384346)(2000002    6023.37229435631)(2000101    5546.42060686985)(2000121    6904.32430002268)(2000022    5358.57999431616)
14 6      - (2000022    5137.63227241321)(1000000    6298.92423008837)(2000121    4962.64490415022)(2000002    5850.59324176097)(2000201    5387.69400369385)(2000012    4562.94736452892)(2000101    5926.54988931104)(2000111    5669.8323286872)(2000211    2452.99109875213)(2000221    4232.23813082995)
14 11      - (2000221    5374.81209848825)(1000000    5308.99496033527)(2000022    4268.87165561329)(2000002    5248.48660375027)(2000211    4668.99897011628)(2000111    5210.37385772636)(2000201    4996.10234339554)(2000101    5729.26252769488)(2000121    4060.57293900102)(2000012    6559.93876004589)
5 11      - (2000101    6037.5570133115)(1000000    7021.82619312296)(2000012    7171.98766502177)(2000022    5373.52610732108)(2000201    5999.21269928197)(2000111    6470.58608267508)(2000002    6995.02534701894)(2000221    5474.90612217789)(2000211    5082.77173349403)(2000121    5125.85907211023)
10 13      - (2000012    5012.6169219984)(1000000    6153.98035958686)(2000221    5398.68550454979)(2000201    5572.41263245229)(2000211    2588.37293515222)(2000002    6460.8246948396)(2000101    5667.21262704269)(2000022    5381.01013767176)(2000121    4221.60202174386)(2000111    4955.54126798788)
10 5      - (2000022    5681.90673903966)(2000101    5367.72308924782)(2000002    6134.86345565878)(2000012    5102.62351400752)(1000000    6889.04963056824)(2000221    5640.2179994439)(2000121    5141.71879590806)(2000201    6674.39156194849)(2000111    7527.88301199416)(2000211    5650.81980873795)
5 12      - (2000022    5689.26336989265)(2000002    6488.46643353439)(2000211    4354.17289821287)(2000111    7100.62403701871)(1000000    6577.06588706779)(2000201    5300.06518945345)(2000221    5501.2044788402)(2000012    5926.44362897446)(2000121    5827.54016012158)(2000101    5995.24266273109)
9 7      - (1000000    4405.1950258593)(2000022    -130.706984697944)(2000221    575.735991730865)(2000002    5584.77259469291)(2000012    6148.10139215603)(2000101    5048.88888107799)(2000201    4599.20929439503)(2000111    6413.81166586262)(2000211    6393.47637221814)(2000121    2882.23682675113)
8 6      - (2000012    5646.10471745678)(2000002    6604.02000745696)(2000101    5404.38344736019)(2000111    7438.78133503475)(1000000    5760.73776090768)(2000201    5373.71984092747)(2000211    5876.40238305423)(2000121    1398.14916434015)(2000022    3352.3850488501)(2000221    4398.90761519588)
9 11      - (1000000    7797.16924603231)(2000201    7077.32105200493)(2000101    8745.98640768755)(2000012    5786.59604940534)(2000111    4019.4769894833)(2000002    6065.91178320841)(2000121    3525.59257989644)(2000211    5308.76226023197)(2000022    3863.06181056278)(2000221    3314.33431842689)
9 12      - (1000000    6096.42716243799)(2000201    5844.8332369757)(2000002    6444.81067381745)(2000111    4721.12153695759)(2000101    5368.61472151076)(2000211    4084.40211523079)(2000121    4267.95765543608)(2000012    4503.57886527443)(2000221    2830.18909739476)(2000022    1669.86966038678)
14 7      - (2000002    5790.97920084169)(2000101    6006.87413827495)(1000000    7284.34766663268)(2000211    2165.75904056042)(2000201    5272.65483701541)(2000012    5265.346486903)(2000022    5371.03527596163)(2000121    2588.33854132371)(2000221    3111.42063440802)(2000111    4680.9718586441)
5 8      - (2000201    5863.40017561093)(2000022    4310.77645267033)(2000221    3109.08240052377)(1000000    6216.55292738209)(2000111    7392.21106017255)(2000101    6233.31994317719)(2000211    6066.19303699125)(2000012    6629.08870776731)(2000002    7207.47705749294)(2000121    4186.08557808421)
11 12      - (1000000    6256.47490652558)(2000022    5997.72814888914)(2000002    6232.81311598696)(2000111    6237.29252977968)(2000121    5562.28282775216)(2000201    5703.80599602985)(2000101    6023.43730583984)(2000012    6314.07407800045)(2000211    5915.82010351233)(2000221    5687.1655969415)
13 6      - (2000121    5616.93694203161)(2000211    4688.90304487215)(2000201    5668.88399933576)(2000012    2656.45317724588)(1000000    6495.13831119498)(2000002    6439.61120643466)(2000101    5556.22279613673)(2000022    4386.39470229064)(2000221    4228.06511448595)(2000111    7328.73170273497)
12 9      - (1000000    6214.14256472188)(2000101    6147.48748990495)(2000002    6354.74437066259)(2000211    3630.17979304195)(2000121    5115.97229970565)(2000221    3843.22093105522)(2000111    4016.04316999776)(2000012    6220.39911915412)(2000201    5894.61056324514)(2000022    1632.29740392799)
12 12      - (2000201    5916.04571247947)(1000000    6016.36516502704)(2000101    6095.03221474727)(2000211    5213.39418576608)(2000012    5434.25738096667)(2000002    6545.42510844283)(2000221    6025.94787770465)(2000022    5452.69467152331)(2000111    6210.12898562686)(2000121    5879.90218884203)
12 10      - (1000000    6072.56555543567)(2000101    5558.10268339801)(2000201    5869.64214412968)(2000002    5977.68789713459)(2000211    4480.80834676507)(2000012    5843.24037751577)(2000111    5211.00328735583)(2000221    4452.7363382394)(2000022    6723.1563344549)(2000121    5831.422665909)
11 5      - (2000101    6023.57191970409)(2000211    5261.61871233765)(1000000    6482.09845289917)(2000201    5811.3495413569)(2000221    5890.41580513519)(2000012    5912.61747199112)(2000002    6743.1205259549)(2000022    6291.14962427122)(2000111    7192.98907321711)(2000121    5639.11320740716)
12 5      - (2000002    6364.07001239848)(2000111    7167.97790685785)(2000022    4124.01275225332)(2000012    5359.85672458658)(2000211    4548.56417586813)(1000000    6776.82601151185)(2000221    5214.25351204176)(2000121    4978.97390596019)(2000101    5735.62987381985)(2000201    5715.96190644085)
2 6      - (2000002    6260.14324920273)(2000121    4927.05123455781)(2000012    5027.98501921356)(2000211    5282.44593608792)(2000111    6666.61094027404)(1000000    6215.5607712677)(2000101    5170.18807723408)(2000201    5541.65959543622)(2000221    4703.65217341738)(2000022    5863.74413202386)
5 13      - (2000221    4800.23709721364)(1000000    8249.35983206862)(2000101    5150.53566047514)(2000002    6829.91712759985)(2000012    6424.86585722356)(2000022    3974.6572806853)(2000201    5701.37119070928)(2000111    5140.43842252341)(2000121    5064.06393681795)(2000211    3653.68716312726)
8 3      - (2000121    5246.99203146126)(2000002    5321.35148388716)(2000101    5828.82909084681)(1000000    5924.9053463811)(2000201    5570.71217250448)(2000022    4366.69630104256)(2000221    6690.28797249225)(2000211    3925.85823721092)(2000111    3432.23113479034)(2000012    5363.0404596338)
4 11      - (2000022    5870.92626176501)(2000101    5604.00623129962)(2000002    6247.30423200657)(2000111    7399.54847490169)(2000121    6042.96990354921)(2000201    4979.649959421)(2000221    5592.57827067779)(2000012    5565.66870170577)(1000000    6512.14150938112)(2000211    4715.30371246347)
13 5      - (1000000    7517.10794176457)(2000022    4030.49023916976)(2000211    3910.86748507976)(2000201    3999.06978678343)(2000111    6591.94811958218)(2000101    5433.84841702151)(2000121    5334.28236336697)(2000002    6066.1215888741)(2000221    4484.33422629315)(2000012    5191.55300783968)
4 12      - (2000221    4261.34694803827)(2000111    3571.57206342566)(2000121    5958.16766781371)(2000201    4500.56670710089)(2000022    5747.13316333762)(2000101    6562.35313078651)(2000002    6365.5927204966)(1000000    6351.18075952153)(2000012    6905.35196218464)(2000211    2843.68812534405)
7 5      - (2000111    7235.66835752094)(1000000    6342.42092071062)(2000022    5642.15582765538)(2000121    5062.01609067798)(2000211    5813.34279910678)(2000221    5637.16031143833)(2000012    6166.97597590477)(2000101    6690.15289310061)(2000201    6037.24683303991)(2000002    6537.10570696895)
8 12      - (1000000    5669.14129548126)(2000002    6215.02591627003)(2000101    5974.95923500177)(2000111    4049.56522573901)(2000201    5730.28065647417)(2000121    1759.18693654579)(2000211    5158.55509624149)(2000012    4609.03463210396)(2000221    3125.62449019509)
13 12      - (1000000    6540.89117010038)(2000002    6323.45226859626)(2000111    6089.64297762928)(2000201    5711.07056416822)(2000022    6276.16728949022)(2000211    5552.73373604576)(2000101    6137.00164845798)(2000121    6377.22639843599)(2000012    6044.73909233818)(2000221    4687.12305626734)
12 13      - (1000000    6110.17728509249)(2000002    6162.89087007018)(2000022    6171.06892263312)(2000101    6081.2259302248)(2000201    5559.63578474169)(2000111    6085.96775199289)(2000012    5961.30592525553)(2000221    5738.68541296556)(2000121    5930.84724325701)(2000211    5585.64921937231)
9 5      - (2000201    6144.26465055854)(2000012    7265.73817100893)(2000101    6626.65011362227)(2000002    6072.97064786816)(1000000    6654.16747843809)(2000111    5898.43084846281)(2000022    5789.73372613828)(2000221    3759.42987018437)(2000211    5921.23718140387)(2000121    5440.86190112723)
11 13      - (2000101    5336.75562036611)(1000000    6166.26961340318)(2000201    5653.03301235126)(2000022    6550.20412930002)(2000012    5716.50217390406)(2000121    5751.50049881262)(2000002    6370.88816265097)(2000111    6316.96317990366)(2000221    5553.18842655297)(2000211    4239.0847196974)
4 8      - (1000000    5951.88360234666)(2000002    6336.73361684987)(2000211    5465.99305866391)(2000111    7401.4070175344)(2000012    5725.34604752416)(2000201    4843.92443610505)(2000121    5304.0121250367)(2000221    5225.75639835644)(2000101    5959.35811912714)(2000022    5612.27094126173)
2 5      - (2000101    62.4859567643821)(2000111    1930.26426214389)(1000000    2885.46890744913)(2000121    1607.04577973362)(2000002    5423.39249009728)(2000211    3784.37837638138)(2000201    3631.31022773661)(2000012    3614.59657437434)(2000022    4403.93429744557)(2000221    2962.26580062384)
2 11      - (2000201    5734.25727753895)(1000000    5927.18571854702)(2000002    4136.15922221435)(2000121    1898.32756021118)(2000111    6421.33237542836)(2000221    4666.81509237661)(2000012    3036.63161526542)(2000101    2798.32161491598)(2000022    1611.98271782459)(2000211    1590.21758578822)
5 2      - (2000002    4074.85929213215)(2000211    4334.04185173948)(2000101    5419.19890147836)(2000201    2868.97740340029)(2000111    6514.16078632679)(2000221    4588.09123411927)(1000000    4098.96167105785)(2000012    4377.44403486301)(2000121    4740.49598233668)(2000022    4961.60989858279)
8 5      - (2000101    6365.61686035188)(2000111    6534.25772063062)(2000221    4200.31688055264)(2000211    6615.65293395658)(2000022    5318.05590362485)(2000002    6079.44590590857)(2000201    6369.11019728546)(1000000    5852.88759579705)(2000121    2231.89624520511)(2000012    7438.95441696689)
14 14      - (1000000    7322.1270140611)(2000221    2628.07967827137)(2000012    4556.61189242341)(2000022    2767.18970902643)(2000111    3609.15922391694)(2000201    3419.12474759636)(2000101    839.122264668642)(2000211    1368.34483067144)(2000002    1526.57412296356)
6 5      - (2000012    6616.57982921189)(2000101    6289.73017733431)(2000111    6630.26985210902)(2000211    5644.58071651164)(2000002    6598.43502079493)(2000221    6535.00109732048)(2000201    5960.08874634639)(1000000    6194.63609579328)(2000121    7093.72054760317)(2000022    6730.36772517582)
10 4      - (2000111    7361.64235287485)(1000000    6891.23778966546)(2000121    6046.98229488066)(2000211    5006.01968565592)(2000201    5920.89248985785)(2000002    6000.51339161464)(2000221    5912.45081368574)(2000012    5953.12705255366)(2000022    6165.80536834314)(2000101    4437.80692191618)
13 13      - (1000000    6031.72372680767)(2000201    6012.85974903272)(2000022    6003.24264609551)(2000111    5159.45894403601)(2000211    4446.77982059566)(2000121    5836.32592558013)(2000221    6029.90254959711)(2000101    6004.79921080898)(2000012    5144.1155329625)(2000002    6462.44500439023)
13 9      - (1000000    5794.50088914972)(2000012    6463.19354869402)(2000002    5987.61230620741)(2000201    5452.48827572674)(2000101    5439.50570891403)(2000111    3564.48109112584)(2000221    4020.30974183213)(2000211    2118.63976624479)(2000022    2239.94999794869)
11 14      - (1000000    6103.97286947302)(2000002    6472.5887287541)(2000121    6284.82484342974)(2000101    5362.20817189721)(2000012    4828.42838631578)(2000211    3273.75516820205)(2000201    4710.75524724569)(2000221    4589.92589923623)(2000111    4734.9420174441)(2000022    5695.03403430887)
14 12      - (1000000    5946.23669631298)(2000111    2583.41423889507)(2000221    5310.21264569848)(2000201    4265.51824899797)(2000002    6397.50364207222)(2000022    5844.74526100253)(2000101    5662.24378904688)(2000211    3161.62851774631)(2000012    6251.73606760775)(2000121    3987.5906874132)
4 10      - (2000211    4770.79926477929)(2000201    5551.8142866471)(1000000    6480.90721424114)(2000221    5439.14797756558)(2000022    5633.37760673171)(2000111    6432.88881890535)(2000012    6207.89919724262)(2000002    5586.07389456988)(2000121    4926.06350799051)(2000101    7835.22240587518)
11 4      - (2000101    5313.94450163488)(2000121    6276.50670763608)(1000000    6733.18971993823)(2000002    6409.76102101706)(2000211    4629.36288534761)(2000012    5592.37783849892)(2000111    7272.51773414978)(2000201    6034.63791324643)(2000221    5508.29405029346)(2000022    5947.89267344402)
14 5      - (1000000    7186.95537934)(2000012    144.467787533251)(2000201    5130.23539198722)(2000101    5676.44509355155)(2000221    4519.58667964189)(2000121    4620.42111853451)(2000211    4014.54132493544)(2000002    5424.90701278231)(2000111    6478.00231766195)(2000022    1719.31387204833)
13 14      - (1000000    6188.88563025425)(2000201    3426.63807633678)(2000111    5260.78872982486)(2000121    6222.55878720385)(2000022    2859.30689321931)(2000012    3769.65253312511)(2000221    1437.69301431296)(2000211    3059.79825158124)(2000002    5766.88286960379)(2000101    5107.30586389684)
13 2      - (2000201    4677.17195730872)(1000000    6228.52690345744)(2000101    3803.98967527512)(2000012    2968.90491349285)(2000111    6878.44191830251)(2000002    4467.819672533)(2000211    4588.81913171085)(2000022    2452.90226244239)(2000221    2379.05505291018)(2000121    1475.61086875233)
13 0      - (2000101    5266.16725176254)(2000201    5281.78814226515)(1000000    7988.74348902136)(2000002    7199.79072461768)(2000111    5399.35843016632)(2000012    6448.76040299507)(2000121    4450.36631745274)(2000211    5842.79026619216)(2000221    3896.26466899171)(2000022    3955.51571820609)
10 3      - (2000002    6659.40366972503)(2000101    6173.24140512848)(1000000    6030.9608012408)(2000201    5382.3222755231)(2000121    7146.42353101037)(2000111    4296.07939888727)(2000022    4180.24122116397)(2000211    3358.43502641138)(2000012    4055.60922833928)
14 13      - (1000000    5383.99239950065)(2000101    3694.30551949211)(2000012    1138.63916583641)(2000111    4617.28225286607)(2000002    476.45354467451)(2000022    4743.55314587232)(2000201    1839.43026354551)(2000121    5794.51438685039)(2000211    1735.70909592992)(2000221    4186.09119291807)
12 4      - (2000121    4809.83340072663)(2000201    5263.84426925256)(2000111    3128.15608367604)(2000012    3565.65278460187)(2000002    6272.96223782236)(2000101    4832.71205437478)(1000000    6352.08463017626)(2000211    3941.53502804252)(2000022    7298.22738612818)(2000221    4990.13977764804)
10 14      - (1000000    6522.52082568007)(2000101    5597.09560387378)(2000211    2657.14060956908)(2000022    4349.64840775982)(2000201    5752.8304866229)(2000221    4534.7031221111)(2000002    6540.18234645667)(2000111    4065.44210874687)(2000012    6431.67660176299)(2000121    1333.16339315658)
4 13      - (2000022    6529.75736073745)(2000012    4704.11087082292)(2000111    3244.54919942364)(2000002    6293.72310493087)(1000000    6334.55853828461)(2000121    4815.7393445268)(2000221    2493.1851536641)(2000201    4598.85307902219)(2000101    4623.09313989809)(2000211    4278.65055674347)
13 4      - (2000002    6305.01768429311)(2000101    4637.71485642865)(1000000    6277.39695554643)(2000201    3241.62026259947)(2000111    4671.28661119111)(2000211    4015.00780688864)(2000221    3287.72449998504)(2000121    1777.74718439976)(2000012    2974.70042037454)(2000022    1746.2485855023)
9 14      - (1000000    5984.22204618517)(2000121    3805.42373975915)(2000201    5612.23593272042)(2000101    5926.97168357567)(2000002    6452.27933111592)(2000221    3388.98844770994)(2000211    3103.401361854)(2000022    5547.80707256857)(2000111    6152.56561421298)(2000012    5534.98950343111)
3 5      - (2000111    4860.13166195138)(2000002    4059.28038794644)(2000221    4458.21213398991)(2000022    3490.9864320371)(2000101    2883.15542682162)(2000201    4550.76679763521)(1000000    5377.40601016681)(2000121    5130.39659211154)(2000211    2319.04840038518)(2000012    3166.84548984603)
13 10      - (1000000    6031.8648398504)(2000012    6250.79433351559)(2000101    5869.01582621237)(2000121    4363.39301720731)(2000221    5263.72602281329)(2000002    6345.37156842913)(2000201    5667.96370205165)(2000111    2554.13987499111)(2000211    4162.96548797123)(2000022    5498.95740097568)
3 11      - (1000000    6001.54992725511)(2000002    6097.23938187057)(2000201    5598.36722314028)(2000101    6136.05745146095)(2000012    4960.29088291997)(2000022    5699.38062332444)(2000121    1444.77965604085)(2000221    3553.12176008879)(2000111    5865.37295948121)(2000211    4167.42886678538)
6 3      - (1000000    6331.19719560419)(2000012    5514.6791676395)(2000111    6293.80633240153)(2000201    4851.53796582148)(2000211    5394.02344641272)(2000002    6587.67760662146)(2000101    5834.19007749985)(2000121    5877.02736782995)(2000221    6654.3700459355)(2000022    5411.14843401487)
14 3      - (2000022    834.683133646143)(2000211    -24.0213252712329)(2000002    6024.86695055148)(1000000    4129.15540261438)(2000201    2372.01992163018)(2000101    3111.41031194764)(2000221    1423.53647292569)(2000121    1553.21967789343)(2000012    3162.25253528359)
14 4      - (2000111    4264.42010931019)(2000201    5124.54137073813)(1000000    7115.05736952699)(2000121    1383.10569548255)(2000012    4170.17265636481)(2000221    5257.45986255849)(2000002    5106.2743672882)(2000101    6534.20908548642)(2000022    2040.54688519074)(2000211    2335.38524675928)
5 14      - (1000000    7739.69060335372)(2000201    5265.5245409004)(2000101    7192.81970570679)(2000002    5586.34176092243)(2000012    5633.39522801979)(2000121    3800.37271730588)(2000211    4579.70022006578)(2000111    4583.84433504942)(2000221    1640.45826292955)(2000022    2802.35522903796)
10 2      - (1000000    5903.26944487625)(2000201    5297.28274754035)(2000002    6695.44738915657)(2000101    5150.35329347958)(2000111    1721.71241560523)(2000211    1717.29281807439)(2000022    1689.63460703951)
14 1      - (2000201    3092.74400919317)(2000002    6873.71402577724)(2000101    4701.06287562481)(2000012    6314.17246888591)(2000211    4302.33865841672)(1000000    7151.50192689264)(2000221    1436.38636377752)

