225
0 0      - (2000101    47519.3540685875)(2000202    37470.3128233918)(1000000    38178.4580321251)(2000200    37780.3696701475)(2000121    16104.6457582915)(2000201    34230.0912573277)(2000002    55722.1936209428)(2000100    46753.4429821547)(2000211    15906.4895550583)(2000001    40117.2543521994)(2000102    43613.1356867399)(2000111    16921.6899147973)(2000022    15878.6631262493)(2000012    15712.1146257989)(2000221    16406.7948560823)
1 3      - (1000000    16023.1197959103)(2000001    15490.3452168621)(2000200    15892.3218825818)(2000002    16853.4399794523)(2000201    15771.7251543542)(2000100    16402.9410968868)(2000202    15232.3746375413)(2000102    16181.7984781449)(2000111    16347.6068917959)(2000022    11871.3601695285)(2000101    16632.3143634217)(2000221    15359.509152265)(2000012    15627.4146015337)(2000211    14894.6952707875)(2000121    14968.6998988548)
3 0      - (2000100    17110.693262813)(2000102    16518.4290464533)(1000000    32164.678742697)(2000111    14953.6391563865)(2000022    13465.5264008863)(2000202    16004.4601590215)(2000200    16445.5098660053)(2000002    16146.0514225205)(2000201    15991.6425675707)(2000001    17061.2522094131)(2000101    16701.4813475844)(2000012    15729.5435943702)(2000211    15493.1260638139)(2000121    13618.4350845705)(2000221    10407.6919150356)
4 0      - (1000000    38202.5078702996)(2000102    15157.8652178375)(2000001    15270.851991671)(2000202    15200.8338331595)(2000002    15331.9835903636)(2000022    4431.40514800202)(2000200    15846.0668653929)(2000012    11156.4402613633)(2000100    16988.3418497401)(2000101    15738.9873710959)(2000201    15508.682708756)(2000121    10562.263013848)(2000211    12482.7174378039)(2000111    10724.1224012125)
0 1      - (1000000    16010.8431685321)(2000200    15895.4559220208)(2000102    16617.6550628769)(2000101    16431.3113701449)(2000100    16109.1925946921)(2000012    15816.7494151597)(2000002    16541.52254639)(2000202    16025.487665196)(2000001    16215.0036643637)(2000111    16666.2457427395)(2000201    16919.5377472341)(2000211    14947.7996877722)(2000022    15760.7173988779)(2000221    16370.7560892496)(2000121    16170.7582583517)
1 0      - (2000101    16113.4179952303)(2000202    16203.1422011218)(1000000    15843.4994835309)(2000022    15256.8900224593)(2000201    17036.5620854578)(2000002    16249.6526159002)(2000200    16075.3703081301)(2000100    17123.2060538212)(2000211    16565.3551223604)(2000102    16088.1602061953)(2000111    16456.0682349491)(2000012    16262.0410792638)(2000001    16182.3219686136)(2000221    16099.3375266715)(2000121    16101.9481951301)
2 0      - (1000000    16050.4035137239)(2000211    16511.8278226939)(2000012    16496.0085773806)(2000101    15083.988475293)(2000202    15797.1002848779)(2000102    16242.2684128425)(2000121    15672.1434494191)(2000201    16767.1977884177)(2000200    16618.0392606591)(2000002    15900.9907227692)(2000221    13473.2869395276)(2000100    16253.0684295141)(2000001    15806.3583774988)(2000022    14961.8516579761)(2000111    15270.4675020497)
2 1      - (2000001    15525.3738486178)(2000101    16860.4845735475)(2000100    16949.4601658665)(2000102    16634.5238873583)(2000201    16067.1267685616)(2000022    15386.028749712)(1000000    16037.8041561132)(2000200    16248.439003938)(2000002    16362.9881790906)(2000221    14948.1033300662)(2000202    15939.2944138602)(2000012    15226.9611777588)(2000121    14498.8900281754)(2000111    16375.449032053)(2000211    16274.788749302)
0 2      - (2000101    17095.162522049)(2000002    15666.3653978495)(2000201    15944.0641684546)(1000000    15982.5825011735)(2000100    16319.7134930364)(2000200    16283.5237302055)(2000211    15979.2408187008)(2000202    15833.1270669919)(2000111    16675.4901304762)(2000102    15988.0804437737)(2000012    15093.6436470239)(2000001    16155.8276471215)(2000022    14889.2507924873)(2000221    12799.3704524817)(2000121    15517.8744899869)
2 4      - (2000211    6824.2646987528)(2000100    15868.8164843133)(2000111    1558.19439106472)(2000201    15187.4077336914)(2000200    11219.6582635215)(2000101    17066.2754492208)(2000012    5128.45457856115)(2000002    10835.6028286796)(2000221    1602.73840731014)(1000000    27999.4318986066)(2000102    8989.47198719383)(2000022    1936.89079544013)(2000121    3483.6656152019)(2000202    13751.5938597323)(2000001    14236.5232278152)
1 2      - (2000002    16145.1145409195)(2000221    14979.0604880844)(2000100    15854.520507927)(1000000    15913.1035776932)(2000111    15462.1588618478)(2000201    16491.9558898673)(2000101    17163.1662618709)(2000200    16139.8419704823)(2000102    15930.7360830999)(2000012    15592.1634417122)(2000202    15932.7222622551)(2000001    15358.3317524768)(2000211    15757.2894032502)(2000022    13163.6368529325)(2000121    13733.4108132808)
1 1      - (2000201    16398.7410863407)(2000200    15809.5424197435)(2000101    16416.2143895672)(2000002    16641.970430979)(2000121    16107.8487860198)(2000102    16074.1936124461)(2000022    15139.1507007866)(2000001    16382.4411916026)(2000100    15713.8090167996)(2000012    15587.9292871387)(1000000    15933.6209806522)(2000202    16111.3051075278)(2000111    17603.3170425911)(2000211    16076.6427411883)(2000221    14808.5882661474)
0 3      - (1000000    15984.2739884177)(2000200    15340.7041683495)(2000102    15793.3150970448)(2000100    16969.7004698933)(2000002    16503.7748805907)(2000101    16137.2557617735)(2000111    16973.5312359908)(2000201    15899.8437237451)(2000202    16111.1504171136)(2000001    15862.8458917391)(2000211    14879.5874498087)(2000221    12652.2791707568)(2000012    14007.3649854168)(2000022    14686.7555327396)(2000121    14374.6797681257)
2 3      - (2000200    15747.6352296584)(2000012    13953.1504856497)(2000100    16310.885460012)(1000000    29923.4065155646)(2000022    14848.1182651398)(2000202    14299.0712899251)(2000002    15799.1034957907)(2000201    15911.3132855977)(2000211    14512.4659038261)(2000221    13139.5782465116)(2000101    16894.2468654375)(2000102    15686.7039964295)(2000001    16270.2205861168)(2000111    12692.6168510483)(2000121    10471.4637036337)
3 4      - (2000022    1959.38141679023)(1000000    25244.3416651657)(2000101    8439.13380907026)(2000202    13792.2714991374)(2000002    16982.3944283049)(2000102    12915.639203187)(2000100    12243.7315369568)(2000200    9145.19947588831)(2000201    15035.6216024644)(2000121    4455.29948982678)(2000001    14920.039997569)(2000012    3652.50923707962)(2000221    10138.6880603108)
3 2      - (2000111    14255.6740713917)(2000201    16515.6007860997)(2000211    13835.9411233382)(2000002    16247.7338629507)(1000000    28755.5374789256)(2000202    14355.957039177)(2000200    14384.9614771608)(2000001    15346.7346678074)(2000101    16535.6083724864)(2000102    15744.8158169271)(2000221    10850.9475059188)(2000012    13444.9870054206)(2000022    5836.06174548607)(2000100    17340.712335148)(2000121    9512.94022646715)
4 6      - (2000111    5729.70514592279)(1000000    1367.36371859028)(2000002    1300.52023632938)(2000201    14344.6287404263)(2000202    6202.86175434351)(2000022    11473.4270273685)
6 2      - (2000012    17532.3689720274)(2000211    14432.5036049849)(1000000    28926.3085672746)(2000121    6389.67617985601)(2000221    13313.0808203098)(2000002    17250.5882006867)(2000102    14047.6246635225)(2000201    17380.4448572742)(2000100    46268.0701644545)(2000111    14738.4702724833)(2000022    8021.46880609056)(2000202    11032.0787224764)(2000101    12795.6212873029)(2000200    15702.8057554851)
3 1      - (1000000    32106.7367605752)(2000002    16772.4167356018)(2000201    16217.3073599557)(2000101    16718.3575251419)(2000102    15959.1052641739)(2000211    14949.5146524515)(2000100    16762.6976946623)(2000012    15413.5644452833)(2000200    16393.3643625692)(2000202    15767.8314838459)(2000022    15574.2567942678)(2000001    15310.3354744807)(2000121    14748.7906656075)(2000221    9351.7851715646)(2000111    15312.2721306778)
1 9      - (2000202    15799.622571789)(2000101    45793.0756566263)(2000201    28717.5701278166)(2000012    14107.1104364049)(2000211    12094.2975120992)(2000102    15548.4628223367)(2000221    16153.1092055622)(2000002    19987.1223871474)(2000200    16462.5500258822)(1000000    16829.8365104243)(2000111    15245.5990186364)(2000022    14250.2712516632)(2000100    10339.9595016587)(2000121    14321.7075968338)
1 8      - (2000202    41520.4615275078)(1000000    46649.2713916024)(2000012    16151.1159154371)(2000102    47845.7418770501)(2000101    48150.7054653609)(2000111    16757.8199585945)(2000121    16253.7293079725)(2000221    14997.1640378134)(2000201    47098.713309349)(2000211    16137.2842500653)(2000002    55760.4280690395)(2000022    17492.6339868197)(2000100    49069.2246348751)(2000200    46370.0990930703)(2000001    30112.4077803382)
0 8      - (2000101    51093.440683162)(2000102    50144.2156966935)(1000000    49309.1783393981)(2000100    51295.1197652632)(2000121    16476.2790033259)(2000012    14890.6908740131)(2000211    16333.2971876054)(2000002    55797.9318623841)(2000221    16044.5802541967)(2000022    17094.4807218749)(2000111    16471.0390528175)(2000201    48519.1254100449)(2000202    51036.0231526402)(2000200    49685.9972428828)(2000001    34718.1574510134)
0 7      - (2000002    55780.28248531)(2000221    15543.5207997684)(2000211    13989.9957559417)(2000102    44907.1399767245)(2000012    15635.0556743893)(2000101    48893.9071032739)(2000202    49700.9641701396)(2000201    48321.8847942261)(1000000    51181.9683357072)(2000022    11325.7087840521)(2000121    16812.9776325418)(2000111    17373.3834402073)(2000200    46453.5727310647)(2000001    34273.2757965585)(2000100    46523.5896807208)
11 1      - (2000202    43266.2434505625)(2000221    37721.4178617415)(1000000    42699.5000230602)(2000101    40992.9677161273)(2000002    42361.2548478773)(2000201    45459.437570915)(2000102    44207.0156457617)(2000121    46565.503140109)(2000200    36238.7710623637)(2000211    41143.136740419)(2000012    47502.8716653977)(2000022    55986.8307404537)(2000111    46829.4826306312)(2000100    43996.9565953567)
10 1      - (2000211    43507.4779450674)(2000102    39681.2682528038)(2000022    18068.027103213)(2000221    17846.5164014293)(2000201    36877.2759052257)(2000101    42394.1965940332)(1000000    44215.5225347172)(2000111    39452.9877786768)(2000012    54231.5970204977)(2000002    38853.3859750935)(2000200    39816.2115010864)(2000121    20781.157573816)(2000202    38907.8818566756)(2000100    31703.0275184682)
2 5      - (2000002    16227.7955979675)(2000211    2428.92544794781)(2000102    6341.92840268179)(2000200    8021.51190134251)(1000000    13491.2505357413)(2000001    10790.6545952046)(2000101    5335.47966919774)(2000202    14361.9922972875)(2000111    4786.06580034708)(2000100    5940.4634114903)(2000121    8195.60628914663)(2000012    8263.13516993197)
9 1      - (2000211    12901.9485827891)(2000201    13808.8107574587)(2000012    12313.4998392252)(2000022    15856.2020180459)(2000102    19068.8472362446)(2000101    20810.8843517091)(2000121    12051.2896566764)(1000000    35779.4775066185)(2000002    48576.4299508276)(2000100    20186.5142513228)(2000111    18455.2967636499)(2000202    27442.1369912101)(2000221    15029.9348429104)(2000200    22104.8973237508)(2000001    7822.81995921039)
0 4      - (2000102    14794.5608594753)(2000001    12416.0602000259)(2000100    17323.5524823364)(2000002    16247.9684874875)(2000211    13049.3063976587)(2000022    12721.0495678589)(2000201    15629.5655406385)(2000200    15476.1774227195)(2000202    15753.6645077696)(1000000    18482.5530235763)(2000101    16494.1273885135)(2000012    13964.7140448339)(2000121    11628.5048268866)(2000111    9454.29336198159)
2 2      - (2000012    15161.154156704)(2000202    15890.5815885928)(2000201    16327.1916278272)(2000102    15903.153236008)(2000001    14788.3322542148)(2000211    15142.7867509221)(2000002    16161.1181137413)(2000200    15325.6498665355)(2000101    16688.6688033571)(1000000    15847.103297394)(2000100    16411.374256037)(2000022    14075.9523920921)(2000221    14261.3895914639)(2000121    14921.079309821)(2000111    15573.8031877458)
1 5      - (2000121    11607.305677421)(2000002    11889.9757429575)(2000012    3804.88856331375)(2000100    25195.5115996652)(2000101    16476.8741676331)(2000111    8372.16772955817)(1000000    7242.85756799262)(2000201    11377.4171650941)(2000202    9173.74257989067)(2000200    11327.9569684764)(2000102    13502.589356716)(2000022    10135.6658671898)(2000211    8284.94040356675)(2000221    8421.72878092541)
7 1      - (2000201    48403.7777533144)(2000211    16962.3050463825)(2000202    48887.0089926162)(2000012    14609.8387929279)(2000102    47296.1946725545)(2000111    15734.8728527576)(2000101    50386.2679500201)(2000022    9339.79836522772)(2000221    12970.2816155205)(1000000    46207.0559061499)(2000002    55784.0061364012)(2000121    8233.16012682144)(2000200    46083.437097259)(2000100    50143.1829761973)(2000001    37057.406491996)
0 5      - (2000101    16028.9636458263)(2000102    14562.0820977605)(1000000    22490.3715175668)(2000201    15226.8552505133)(2000100    14834.388086467)(2000111    14797.1725183874)(2000002    14124.7016865234)(2000200    13299.2986530793)(2000001    5119.34536608555)(2000202    9325.94092982141)(2000211    12014.5784713945)(2000221    13502.7744442769)(2000121    15242.2687613721)(2000022    14321.2809332479)(2000012    12532.5215567772)
1 7      - (2000211    13358.9465709562)(1000000    47754.0129431761)(2000121    16866.88173732)(2000202    50680.0293897981)(2000022    14987.0563333579)(2000012    10503.629316658)(2000002    55801.1494622342)(2000221    15447.396211021)(2000102    48600.9826656742)(2000101    50737.4315297849)(2000200    49180.0629797221)(2000201    49841.5987435248)(2000111    15500.6247695866)(2000100    50502.3680992034)(2000001    41364.3846801233)
10 0      - (2000201    49979.5177827728)(2000102    51356.9080209198)(2000211    52731.4583815972)(2000101    52146.450821622)(2000121    13728.7860297406)(2000221    16174.6664326399)(1000000    52145.0170187867)(2000100    52072.6303993874)(2000200    51608.7315034356)(2000012    52248.2959016565)(2000111    55862.2380782554)(2000202    52102.016691649)(2000002    53999.2931960349)(2000022    16537.7061899998)(2000001    52108.7468642377)
0 14      - (2000111    29849.3673920331)(2000002    29287.8668044346)(2000121    31833.0190525604)(2000101    30835.905925277)(2000201    30090.4951736653)(2000022    54200.1723214166)(2000221    36634.077077265)(1000000    34786.68068805)(2000202    35506.54799767)(2000211    31159.8111953514)(2000012    41722.0079760718)(2000200    19616.4853304139)(2000102    29043.8000960175)(2000100    33261.2268859583)
0 10      - (2000221    47707.1157118948)(1000000    49211.3179527005)(2000101    47527.4369102051)(2000002    52281.2107682465)(2000022    56013.2196628164)(2000202    48023.4266157672)(2000121    48584.3544336837)(2000201    43604.3403174815)(2000012    46107.4694124639)(2000111    44442.4420636521)(2000211    41366.2642715444)(2000200    39283.7924662267)(2000102    50944.5874867279)(2000100    47100.2468261322)
4 3      - (2000121    7153.36610132818)(2000100    9287.03403446635)(2000002    9828.89661572563)(2000101    16836.9984569451)(2000022    596.151141302619)(1000000    29952.9435484729)(2000102    6811.23812822938)(2000202    11948.0657471695)(2000001    820.01295722013)(2000200    12481.8070532882)(2000201    9475.25383982776)(2000012    2277.73696359834)(2000211    11052.2948668767)(2000111    3910.85577185263)
5 0      - (2000001    3324.35538405639)(2000101    18083.4856371376)(2000201    17214.4923221834)(2000102    17059.520583417)(2000202    18863.9637200338)(2000002    12762.8464236591)(2000022    11417.0131361515)(2000211    14502.3885402751)(1000000    31914.9597602443)(2000100    13771.9010514772)(2000221    10198.753806688)(2000111    17195.4452207944)(2000200    13887.6243097126)(2000121    6130.46829832011)(2000012    15752.5556610571)
4 2      - (2000100    16881.7489209801)(2000202    14331.6461583778)(2000002    13571.508701172)(2000201    9443.87637397938)(2000101    15270.0026723835)(2000211    11088.8285975283)(2000012    10091.3899356709)(2000102    7761.79034952329)(1000000    24205.7637998811)(2000121    7699.25276120981)(2000022    4009.08061603253)(2000200    10539.2305718249)
1 10      - (1000000    38855.3450303352)(2000012    24896.9468771912)(2000200    32359.6942351796)(2000002    38953.1867967211)(2000121    12419.889130162)(2000202    33845.0926683465)(2000111    34464.5214844282)(2000102    31158.7571029238)(2000201    36994.5596338651)(2000221    13856.5954620354)(2000211    40417.2458471708)(2000101    51840.7414751872)(2000022    9662.8080646234)(2000100    36481.4503367226)(2000001    7096.93188220263)
3 3      - (2000121    4254.51748457108)(2000201    14433.5658856133)(2000100    16339.5403874347)(1000000    22806.9764719737)(2000002    15587.5650929417)(2000012    12960.7330076839)(2000200    15217.4217572773)(2000202    11699.4941116617)(2000001    7526.76983170683)(2000101    16071.7073066367)(2000022    12530.9200476618)(2000211    8626.54767871643)(2000221    1327.17574243881)(2000102    12837.87177338)(2000111    9718.66979499871)
8 2      - (2000221    14104.6607255244)(2000211    13177.7479294434)(2000111    16867.9992515993)(2000102    21631.6810554191)(2000012    6552.75694000453)(1000000    36197.4045650261)(2000202    16344.6935050441)(2000002    19775.6867389107)(2000201    5116.27588305975)(2000022    12702.1978097198)(2000121    11416.6743563851)(2000200    19679.9987923967)(2000101    14392.1096942055)
8 1      - (2000002    35610.2074533541)(2000022    15155.9828532047)(2000202    30404.4480897259)(2000201    27554.8894276556)(2000012    16117.5343228054)(1000000    41648.9642325772)(2000211    13962.2150509253)(2000121    15868.4652754005)(2000221    13199.4882521357)(2000111    14069.9318949114)(2000101    53237.2833464218)(2000102    38578.4184945127)(2000100    36648.3445882416)(2000200    37320.2215324555)(2000001    32294.7134267606)
6 1      - (2000201    21246.5116775556)(2000101    33015.16786597)(2000202    50582.0001063429)(2000022    12329.339326483)(2000102    15672.3269332786)(2000211    13488.3984959938)(2000121    16038.3114421821)(2000221    16227.7605579919)(2000002    29679.6706707863)(2000111    11305.0269368729)(2000200    18722.2328630005)(1000000    24082.8128632641)(2000001    10516.4202423153)(2000100    16212.5263140602)
8 3      - (2000102    23911.849279711)(2000022    1440.31225527743)(2000211    8392.42229496002)(2000201    32582.5703176594)(2000111    2472.98335681273)(2000202    25505.0960441494)(1000000    21808.0833886436)(2000101    25634.9447538804)(2000200    27345.052035605)(2000100    24522.3259444347)(2000002    52134.4085499737)
0 11      - (2000111    50134.3843292854)(2000101    44696.1309036894)(2000002    46052.836140189)(2000012    48008.6661514878)(2000121    47716.1324524776)(2000221    48218.7371055136)(2000201    47276.2551352426)(2000102    47981.7757041279)(2000211    47561.4788099453)(2000202    47512.277824972)(1000000    47684.3862413981)(2000100    38430.080589287)(2000022    55881.4860289731)(2000200    49031.5319952406)
1 13      - (2000012    55564.1600356583)(2000102    36715.0576615246)(2000002    45549.7692192722)(2000201    40731.0696852646)(2000202    40480.7917483109)(1000000    40843.183361075)(2000211    37957.374087411)(2000101    43088.6676309663)(2000221    49282.8239552354)(2000111    48650.3980583902)(2000022    47862.8436156297)(2000121    45510.5348065753)(2000200    13557.4510598957)(2000100    8609.22146841091)
0 9      - (2000111    55851.3062508276)(1000000    50879.3540001797)(2000012    52504.3031354676)(2000202    52619.0251903133)(2000221    9827.19231050852)(2000002    52717.8060860777)(2000022    17405.6767131507)(2000201    51954.6714948763)(2000211    52489.4351778078)(2000102    51776.8999167299)(2000101    52851.1542915757)(2000121    13793.7618473325)(2000100    50862.3601948712)(2000200    51408.5887365378)(2000001    52471.3483740438)
9 2      - (2000202    23899.0480743303)(2000111    9481.00847005172)(2000002    12271.5023097471)(2000201    41709.6192106712)(2000121    1545.86220218108)(1000000    19140.1548620698)(2000022    10547.6026182622)(2000100    17183.303395521)(2000101    28934.4334685597)(2000012    11053.7075969143)(2000102    23151.7842540381)(2000211    14408.941054747)(2000200    18105.6589431445)
12 0      - (2000211    41826.544379778)(1000000    45714.3900804965)(2000221    30025.3867515904)(2000012    43044.4669897957)(2000101    41611.2161362145)(2000111    48107.6947662878)(2000202    45642.0048976253)(2000102    37305.1686036879)(2000201    44627.7051787479)(2000022    56306.4540825434)(2000100    22640.9113369197)(2000002    41265.8339322652)(2000121    38595.7507718923)(2000200    30809.5466990698)
2 6      - (2000202    8707.44383446909)(2000012    17203.2633614139)(2000221    12715.3816070916)(2000002    10440.5142728424)(2000201    15763.3227051811)(2000121    11641.0748905507)(2000111    10527.3281116364)(2000200    8121.92330785023)(2000211    8731.09862605773)(2000001    8061.97248054531)(2000102    8202.10027928194)(2000100    8481.99015431455)(2000101    12746.568392949)
8 0      - (2000111    16364.1873837611)(2000121    16621.2837220371)(2000102    21646.6577571452)(1000000    48514.0883559746)(2000221    16660.6218183373)(2000022    14464.6180886861)(2000201    33564.4033869397)(2000202    25132.8333773406)(2000211    15805.8974376552)(2000012    15853.3940775482)(2000101    34833.1898117511)(2000200    21663.1253767003)(2000002    54521.9868880189)(2000100    20091.5993454282)(2000001    22731.4936153849)
6 0      - (2000102    22258.2715110318)(2000201    38152.1989402369)(2000221    16770.0395869138)(2000002    55230.8379689724)(2000012    12777.0373134679)(2000121    14536.2445939953)(2000100    38250.8360268274)(2000022    11719.9017517261)(2000200    30225.3730434659)(2000211    11976.5766202337)(2000202    24780.4946142868)(1000000    44776.6432487321)(2000111    17052.6114423835)(2000101    34890.9751157414)(2000001    32123.8253931801)
9 0      - (2000101    23664.192320109)(2000211    15208.305608678)(2000121    16215.718977128)(2000012    15797.6990921438)(2000022    15143.3732404184)(1000000    29977.3606570077)(2000102    26629.1995336079)(2000201    27376.2364844785)(2000221    16127.709443419)(2000002    31502.8993944113)(2000202    30106.7084130887)(2000111    17325.959113716)(2000200    25442.3668749432)(2000100    49706.9623210759)(2000001    15290.2580876991)
11 0      - (2000101    50093.5292530711)(2000221    47211.8759150357)(2000012    55703.3905670413)(2000002    51466.8583068769)(2000201    50826.0275061147)(2000121    48249.3350161734)(1000000    52191.6386039483)(2000102    49490.6555396537)(2000202    51261.4275966536)(2000200    51552.349125132)(2000111    53035.2410712764)(2000022    51665.5624283785)(2000211    52858.1912255606)(2000100    51466.3489410863)
2 10      - (2000022    2235.30954442342)(2000102    22387.8411166665)(2000012    18123.8859321524)(1000000    49758.7013262234)(2000221    11530.3356172603)(2000201    17289.3618769323)(2000101    22798.0435212528)(2000211    19996.43467711)(2000002    16779.0915313289)(2000202    14055.3941076311)(2000111    21798.0223660326)(2000200    7697.43334312169)(2000121    6149.40030248238)(2000100    18723.7980510949)
4 1      - (2000200    16037.6996046123)(2000121    11036.9553395335)(2000201    15493.0745064583)(1000000    37077.9025971935)(2000100    16148.5406070244)(2000002    15240.4690224145)(2000202    13820.7743469264)(2000101    16850.3788701951)(2000022    1283.11598715781)(2000211    8684.54467065046)(2000102    9274.41160206656)(2000001    9434.71223343399)(2000111    4804.13658851533)(2000012    9313.49199468079)(2000221    4597.68335619457)
1 11      - (2000022    30588.1999050333)(2000102    35415.3575837638)(1000000    29667.6235623884)(2000221    27943.1258798353)(2000101    29335.4635562801)(2000002    26951.2750833259)(2000211    37815.9857220046)(2000202    54594.6136877985)(2000121    34644.2913013944)(2000012    41126.8044687864)(2000111    21619.3693704675)(2000201    36601.6992857771)(2000200    26431.7590509979)(2000100    32792.1087157374)
12 1      - (2000012    36233.3992909169)(1000000    25541.5931772012)(2000002    23475.5570183305)(2000102    25100.9388617073)(2000211    28592.6610076136)(2000111    34895.7315271002)(2000022    28277.7406628708)(2000202    54325.3104679289)(2000201    28112.7337704355)(2000221    33990.2376291858)(2000101    33836.7132171494)(2000200    23343.890708039)(2000100    7440.14275904149)(2000121    27166.9932984535)
2 8      - (2000101    25699.4391450963)(2000111    6493.61442057858)(2000002    12412.2288997392)(1000000    6948.4151341966)(2000022    2366.30074328378)(2000201    15462.472567096)(2000211    9148.92780538935)(2000121    11075.6063453267)(2000221    2815.80176238387)(2000202    12961.3566307518)(2000102    12348.587691001)(2000012    7792.05730189966)(2000200    13831.956020759)(2000100    8454.0980018184)
3 9      - (2000201    40348.031340253)(2000111    4263.05023465293)(2000211    22882.5107474355)(2000221    6509.90070555647)(2000202    12564.138658868)(2000200    12782.1122625001)(2000100    13654.7271363724)(2000002    5719.23148480825)(2000012    13109.0602079727)(2000102    6425.61138600794)(1000000    6294.01760612997)
7 2      - (2000012    12905.9241688809)(2000002    46747.5901732509)(2000111    3209.39673835505)(2000201    24181.0155399162)(2000121    7499.16002029296)(2000102    22102.9316680064)(1000000    24907.2464140798)(2000100    15490.9395850517)(2000022    6299.03906172955)(2000101    20163.339399026)(2000221    13662.8319987522)(2000202    22120.6149000774)(2000211    8983.09908847221)(2000200    8047.24036093743)
4 8      - (2000202    8246.69140045366)(2000101    14775.3106113691)(2000022    18859.2763520864)(2000002    28121.8898425175)(2000111    1650.07244297768)(2000201    1134.82755702657)(2000211    9196.6948175597)(2000102    5811.67417798476)(1000000    8899.85937692294)(2000200    8298.14678098092)
4 10      - (2000102    6655.55252997235)(2000201    14165.7235233686)(2000202    14016.3767386725)(2000211    9876.63388060801)(2000012    9735.47276805553)(2000111    10572.5839029457)(2000002    26558.2828814506)(2000022    9980.09042479349)(1000000    15042.2446938245)(2000101    7928.9804661434)
1 6      - (2000012    14447.8685374029)(2000101    843.444963659639)(2000211    12106.3412177793)(2000200    11054.9927161309)(2000111    11927.9836548793)(2000022    11144.3025979733)(2000102    13257.5412806534)(1000000    15622.1756458503)(2000002    16042.3417297117)(2000221    14842.6412617483)(2000121    8143.23752340352)(2000202    12183.3350659353)(2000201    12191.0912198281)(2000001    8202.10027928194)
2 7      - (2000201    4544.69573878078)(2000111    13581.4046465297)(2000012    18080.3296760837)(2000202    12139.1802010508)(2000022    16047.521525459)(1000000    14642.0265761526)(2000101    39437.5990347165)(2000121    17404.2005585639)(2000002    15271.3221136893)(2000200    13089.1836533341)(2000102    17463.4997198071)(2000100    12835.1798624399)(2000221    8006.97190039896)(2000211    12246.150962739)
10 2      - (2000101    37216.5800402484)(2000201    15644.2729375322)(2000102    8312.66097156054)(2000202    15173.0731616536)(1000000    10887.1740137611)(2000012    8923.88844403249)(2000002    4583.48999172992)(2000221    7217.1305144334)(2000111    7939.05715718015)(2000100    8680.6940763971)(2000211    7884.49063258599)(2000200    13823.4544637211)
1 4      - (1000000    18352.1144416441)(2000211    10312.7558545394)(2000100    14845.973972291)(2000101    17466.9369900212)(2000001    12252.2549443699)(2000200    10251.9941784263)(2000002    14747.365581736)(2000102    13349.7420792158)(2000012    5977.31717554719)(2000201    15309.430162345)(2000202    14621.8575411516)(2000121    11602.5427277232)(2000022    8873.66914834736)(2000111    10138.0080393838)(2000221    8189.25516633454)
2 11      - (2000102    19438.336835836)(2000101    14890.8379471623)(2000201    14504.4422053494)(2000200    12960.4327138691)(2000022    14082.0245052688)(2000111    13104.7593117635)(2000012    48473.0643900454)(2000202    13096.1375980326)(1000000    14180.9231927961)(2000211    20622.1798307091)(2000121    8302.52240775404)(2000221    8862.23143753328)(2000100    13905.1119283299)
12 2      - (2000101    2217.70891465779)(2000002    18365.782871558)(2000012    11838.7609057584)(2000121    17890.7402380247)(2000022    48647.9093622167)(2000201    25322.4051930001)(1000000    10241.2774152994)(2000102    19771.6091586323)(2000221    7556.25955016921)(2000202    16860.9152877641)(2000211    12481.5761929998)(2000200    13557.7219639633)(2000111    5231.36122580244)
7 3      - (2000201    19466.0334319704)(2000002    28163.3464069113)(2000202    19114.106888531)(1000000    30655.2452475666)(2000102    15164.8482004365)(2000022    2730.21621176232)(2000101    23508.9331111566)(2000200    15438.9836172641)(2000001    6459.19516990115)(2000100    24556.7390318934)
9 3      - (2000121    543.285477188787)(2000101    28928.1953680993)(2000102    30898.3846983613)(2000002    51209.6494221451)(1000000    29303.3227197843)(2000211    8147.46522668674)(2000221    8841.8003546971)(2000100    38905.7533277335)(2000200    32105.1720726029)(2000202    30657.2476314531)(2000201    26466.1048852086)(2000111    6651.59365017429)(2000012    7335.99847644872)
7 0      - (2000022    14928.3191277167)(2000221    15944.6909055755)(2000111    17250.4226795124)(2000121    16259.9951664893)(2000002    55697.7145962878)(2000101    43619.2782519946)(2000102    45379.7692537549)(2000211    16432.8527229455)(2000202    41209.5853926446)(1000000    43872.3858336407)(2000012    13864.7874287271)(2000201    43983.2584666139)(2000100    46863.5464736259)(2000200    33691.6374280547)(2000001    30149.6925162302)
2 13      - (1000000    845.017556083844)(2000002    12093.7162386864)(2000202    53564.9055918618)(2000102    19411.1372400788)(2000101    21575.1980102052)(2000121    28092.9312727504)(2000211    16658.32887243)(2000221    28991.008731024)(2000022    20266.6659335282)(2000111    13857.6515403502)(2000201    20557.1465642787)(2000012    17683.6481827313)(2000200    11762.8826311982)
3 12      - (2000221    8877.89961613247)(1000000    6317.45448446203)(2000111    10994.4469354799)(2000002    6542.34916884451)(2000121    31448.8916880749)(2000200    4276.31337040541)(2000012    12376.1224753728)
5 8      - (2000102    48515.8305880092)(2000101    17528.1855899904)(2000012    7059.0390089399)(2000111    17607.9812590971)(1000000    8136.74959241005)(2000022    13995.6575450077)(2000211    11091.418589153)(2000201    19233.0732679098)(2000002    8926.86557977394)(2000202    11565.9403296369)(2000121    5299.38153288851)
3 7      - (2000002    12937.7465758814)(1000000    26018.9790251867)(2000111    2584.67431773715)(2000022    4004.39456353554)(2000101    9775.78964721245)(2000121    8938.57739634293)(2000202    13283.899732888)(2000200    5446.70435963862)(2000100    7790.97648899175)
13 2      - (2000111    37724.7631648242)(2000202    2547.93367186698)(2000200    8861.76754393568)(2000102    9007.97243238205)(2000121    8439.10730080416)(2000022    8785.47943041991)
1 12      - (2000102    48685.7137552825)(1000000    50672.8049327902)(2000111    47290.6260016808)(2000202    52505.823794911)(2000221    48598.2194644)(2000121    46591.4569143889)(2000101    46930.0795209371)(2000002    50775.6633376441)(2000211    50394.6546005219)(2000201    45498.0215557613)(2000022    55967.3347873871)(2000012    48923.1155968152)(2000100    49526.5780501403)(2000200    40268.415679823)
7 5      - (2000211    51766.2618759843)(2000202    47222.3520641083)(2000111    48337.4244393379)(2000012    50341.0263795876)(2000101    49369.4284966823)(2000201    50883.2664157256)(2000102    50275.7426525116)(1000000    56492.2810668059)(2000002    49529.0293375593)(2000022    35643.5853627452)(2000221    35710.7901094193)(2000121    37004.5455994869)
2 9      - (2000202    6734.80824371585)(2000101    28212.4649038199)(2000201    11682.1065388862)(2000022    2339.88918724899)(2000102    14987.31924425)(2000002    15419.5823108039)(1000000    4456.64694759744)(2000121    2884.69162900742)(2000012    4900.23613572673)(2000221    8231.9529985329)(2000200    14073.881426573)
13 1      - (2000002    54924.3841489791)(2000202    20302.6668651089)(2000012    37041.3395075616)(2000102    19239.6535605554)(1000000    30661.5729967879)(2000211    33454.9775989887)(2000022    16822.640190382)(2000201    35277.2888767649)(2000200    6944.93429069896)(2000111    15166.4527169533)(2000121    31574.7741153669)(2000221    25890.9392013637)(2000101    10912.1278051456)
0 12      - (2000202    49583.2214850773)(2000002    50388.1843648551)(2000022    55978.3597324343)(2000101    52654.1300069885)(2000102    52573.6723533084)(2000221    51497.5791961715)(2000201    52578.1962755283)(1000000    48758.1240423898)(2000111    52173.1675363636)(2000211    46697.719646726)(2000012    52650.0405781201)(2000100    51103.4863366038)(2000121    53100.5857937221)(2000200    50971.6402807938)
5 5      - (2000211    155.546469940901)(2000102    9800.4224734989)(2000202    17940.5268892264)(1000000    16732.1687694896)(2000101    32377.9565202516)(2000012    10297.2362037807)(2000002    13524.030300362)(2000111    9117.08146937225)(2000221    9197.22189013199)
8 4      - (2000102    3961.63412340068)(2000101    17365.4259872378)(2000211    2262.76220423787)(2000221    3538.19944733325)(2000022    3042.30489619345)(2000202    3074.66613714383)(1000000    5356.01685634778)(2000201    11209.9689131096)(2000012    8384.44932826963)
11 7      - (2000012    40428.9498860945)(2000201    19597.4955266771)(2000022    17753.6152880055)(2000121    6850.39381079117)(2000211    15823.2176181022)(2000101    14593.5935739694)(2000111    13928.8760795669)(1000000    14334.6247418287)(2000202    6976.86825048755)(2000221    7960.15041974463)(2000002    8355.05016345)(2000102    6354.24622040596)
7 9      - (2000102    6598.94267239921)(2000121    4931.94924645254)(2000002    27197.2841331657)(2000211    7230.29250637673)(1000000    13283.6031438862)(2000201    16444.9103762335)(2000111    42948.5462391837)(2000202    8617.23155897613)(2000221    8962.89315148064)(2000012    17915.7708370247)(2000022    5401.70568980719)(2000101    19399.4505030495)
5 2      - (2000022    8835.51406183456)(2000101    25636.1426805866)(2000202    11669.8797989391)(2000201    6896.95220796121)(2000211    11877.6784138764)(1000000    6039.99903795322)(2000200    11138.3826606826)(2000102    11677.3871282808)(2000100    9398.86933162061)(2000121    8533.65086764886)(2000002    6005.61867812496)(2000221    7182.87295828682)(2000111    7521.92586737069)
3 10      - (1000000    17788.2874507993)(2000002    16866.5338047808)(2000111    33607.0289280545)(2000101    11502.7932235672)(2000012    5802.50434999254)(2000201    38720.2200064134)(2000102    5283.20448765779)(2000202    9809.26104335432)(2000200    16749.5962566235)(2000211    16237.7092083397)
10 10      - (2000002    50928.5314639815)(2000101    51708.0249475508)(2000202    49768.2207605642)(2000221    14666.4980896218)(2000211    48283.6169378415)(2000022    43989.7765506905)(2000111    48308.5943744112)(1000000    49596.7763670477)(2000102    49368.9167234668)(2000012    48855.4300726489)(2000121    22125.0863877221)(2000201    56567.7351404887)
12 10      - (2000111    7633.06435709343)(2000201    40167.1237194035)(2000101    -10.6500195960036)(2000211    14998.9290260256)(2000202    8719.98055242526)(2000012    15547.6590953192)(2000002    7682.84465681476)(2000102    11230.7121085586)(2000121    5703.2910253594)(1000000    7661.03360024662)(2000221    15409.5660066848)(2000022    7166.7104551175)
9 11      - (2000012    37433.8501581457)(2000121    7427.70171393962)(2000201    1774.79193866868)(2000202    10075.610505165)(2000221    10432.9656418352)(1000000    14161.8542458966)(2000022    15556.6242306143)(2000102    16587.8524956649)(2000101    13112.3874000257)(2000002    21049.3001413345)(2000111    3184.60184471867)(2000211    13916.8814848341)
10 12      - (2000201    9597.30872060177)(2000002    7619.31772437575)(2000221    8873.24435802106)(1000000    24529.7945666244)(2000012    35920.8314083756)(2000102    10254.0198327849)(2000121    8171.04950868015)(2000211    9571.83085619811)(2000101    15861.2585295317)(2000202    17417.3485738559)
11 11      - (2000202    39359.4911266357)(2000002    53326.0513885958)(2000101    30687.7733219372)(2000012    35881.5584330949)(2000201    37499.3331979159)(2000111    36845.4848383898)(2000121    17846.6348390837)(2000211    34115.8263959953)(1000000    29613.9511795139)(2000221    18221.8518086364)(2000102    35982.4275144214)(2000022    31026.3529589744)
8 13      - (2000022    640.68157695716)(2000201    26538.2646451801)(2000102    10859.2656407523)(2000002    8961.96768609814)(2000101    14027.7624494157)(1000000    6530.90791874796)(2000211    6518.16590936592)(2000111    14502.4847290802)(2000012    13826.8514999431)(2000202    16288.5392189548)
11 9      - (2000201    11033.0541173354)(1000000    13218.0419077465)(2000102    9782.91279465297)(2000012    29553.8627234528)(2000121    1868.66425204052)(2000111    15674.0529072346)(2000101    11593.5226897257)(2000202    12250.5874459819)(2000221    9868.77446230604)(2000022    13284.1134048414)(2000002    14356.1081393269)(2000211    7735.00939254073)
12 8      - (2000102    12504.4152688883)(2000002    35266.3857873804)(2000111    4151.22268670682)(2000202    8682.44382731674)(2000101    16866.9883872129)(2000211    16094.0405290154)(2000022    20191.113021341)(2000121    12813.5519479432)(2000201    14598.5720260476)(1000000    6329.2768334597)(2000012    13320.6880598208)
8 6      - (2000101    11349.2028233922)(2000211    38444.1750021405)(2000201    8940.18817502487)(2000102    26705.4040691855)(1000000    27273.1659610197)(2000121    5041.02699729463)(2000111    24855.6394478811)(2000221    19312.9485659923)(2000002    55024.2417790186)(2000202    17461.4963290407)(2000012    7064.65798834749)(2000022    14779.199215061)
8 5      - (2000002    55831.0242795876)(2000201    32093.5990760097)(2000101    33036.2149546109)(2000012    29163.3867739702)(1000000    26499.9682156985)(2000111    27191.2038460818)(2000102    34356.8329937195)(2000211    29589.3297187302)(2000121    24638.6527998881)(2000202    38307.9882420986)(2000022    28903.4980529978)(2000221    9658.52158928019)
6 5      - (2000111    53366.6039806681)(2000201    52140.9290146626)(2000002    56559.6771954353)(2000101    54636.0572492155)(2000102    52824.6523660941)(2000202    53924.8268594176)(2000121    38957.7524731644)(2000221    29273.4461107224)(2000022    44141.4683638422)(1000000    53245.3983339823)(2000211    51384.6459024483)(2000012    53544.9045938828)
14 11      - (2000221    2979.16771579133)(2000201    22858.1174056734)(2000211    7248.48140223289)(2000101    6226.13957740434)(2000002    11276.1181775143)(1000000    5942.29648875494)(2000012    6258.09669980955)
13 13      - (1000000    29957.0533430966)(2000221    2106.04679621085)(2000111    7927.79227842059)(2000012    15424.1529137186)(2000102    14619.2838687775)(2000022    5472.27049608103)(2000101    11641.821763943)(2000121    8990.52618937395)(2000202    5987.02412640256)(2000211    8474.52062830242)
9 12      - (2000202    2990.93932126095)(2000002    35029.0388365876)(2000211    12259.3347525689)(2000201    12177.0187105083)(1000000    5328.59920163045)(2000121    8322.79186057695)(2000111    12952.7292134774)(2000022    2966.6087091758)(2000101    17184.9637153539)(2000221    10562.0979118648)(2000102    13863.9395869691)(2000012    18027.6937652938)
10 11      - (2000201    15698.0021985885)(1000000    20682.2367011108)(2000202    14452.1017007934)(2000002    44377.9435568841)(2000121    15631.1716232923)(2000022    14103.5612436683)(2000102    21955.9614019212)(2000012    13698.8521524669)(2000101    22583.3381227922)(2000111    14862.4935225712)(2000211    21179.3426551695)
8 11      - (1000000    14530.7421014657)(2000022    17164.0434377627)(2000102    14035.2761200377)(2000121    9251.98941762363)(2000221    11154.7847088445)(2000211    11395.2088811142)(2000201    15858.1932125881)(2000012    17799.1526072575)(2000002    37587.0699489343)(2000101    14093.2927399352)(2000111    14147.8765760833)(2000202    14783.4143042714)
9 9      - (2000022    19062.6926201306)(2000012    17095.9455978097)(2000201    21708.4591041687)(2000101    16024.7459763656)(2000121    1271.75717574164)(1000000    40473.7961869067)(2000111    15489.8721079537)(2000102    12392.1581794302)(2000002    23314.2589644938)(2000211    25647.4707637589)(2000202    12853.4103548936)(2000221    15924.3411162603)
7 10      - (2000201    13981.8885289569)(2000111    15221.6791447633)(2000202    40549.4255464697)(2000012    16704.0519223358)(2000211    17954.8556963946)(2000022    7749.71353179275)(2000102    6143.63431801916)(2000002    31193.8274470021)(2000121    8559.53778497939)(2000101    18130.4725941526)(1000000    22948.3256597061)(2000221    8889.25630182097)
8 9      - (2000102    17547.0581636387)(2000211    13974.0913565657)(1000000    11628.3375918845)(2000012    33117.6550452377)(2000111    8183.03850379166)(2000121    4486.03633463676)(2000002    21956.0871389825)(2000101    17749.6761636274)(2000201    9476.42445100141)(2000202    13425.1866326499)(2000221    13703.5166519899)(2000022    12055.7411817147)
9 7      - (2000002    52013.285389826)(1000000    17235.9863136543)(2000012    23073.8017803499)(2000121    11627.5592850913)(2000211    27768.3572797343)(2000202    23989.0005417808)(2000221    5740.08240555086)(2000111    20982.7462046581)(2000101    22919.0025839899)(2000201    16848.8108690004)(2000102    21780.7462921798)
6 13      - (2000022    4976.34064104673)(2000121    415.180533751537)(2000111    28784.440889734)(2000012    12758.5260686575)(1000000    12748.0408096367)(2000202    9448.16772945929)(2000221    11164.9265077397)(2000201    7577.70149793675)(2000102    7629.02940239482)(2000211    8181.96915812564)(2000101    8704.79345368796)(2000002    10659.4064238654)
11 8      - (2000102    19252.7290410795)(2000221    19178.1270402681)(2000211    11389.6686240015)(2000012    40476.5839112825)(2000002    20611.0234720124)(2000121    5191.45389938738)(2000202    21040.5725759607)(1000000    20892.0018525351)(2000201    17698.7483813025)(2000111    20248.3466966747)(2000022    27848.2216013012)(2000101    5831.15154593336)
12 6      - (2000022    41617.4747591793)(2000002    12523.6326449047)(2000121    1848.46519859543)(2000101    8915.21765884084)(1000000    988.541808020057)(2000211    6608.78822218979)(2000111    9579.58511841187)(2000221    12627.7309035672)(2000201    25482.427030696)(2000102    17072.5867183918)(2000202    11832.8204517612)(2000012    13182.2355362893)
7 12      - (2000101    13217.8503760209)(1000000    12630.859319581)(2000111    15264.1069354714)(2000012    25654.340361822)(2000202    12595.9329625236)(2000221    13754.9665439645)(2000102    13905.0309102932)(2000002    12336.8843252054)(2000211    11907.6670771397)(2000121    6924.72830519167)(2000201    5673.97852330432)(2000022    13453.4496944482)
6 11      - (2000221    12655.4922988728)(2000012    21524.2183353773)(2000201    36468.1952570765)(1000000    21919.5066078787)(2000022    18286.4532530698)(2000211    20956.7588151376)(2000111    16206.5695772922)(2000200    2520.71266304385)(2000002    11233.199779125)(2000121    8758.26660738536)(2000202    17760.6506462533)(2000102    16997.6883919894)(2000101    20385.885035944)
7 13      - (2000022    8193.5959307422)(2000012    23376.4950689849)(2000201    934.981586974484)(1000000    1805.34294369937)(2000101    9384.12677669944)(2000002    5833.63145861286)(2000221    8377.80987912084)(2000111    7179.06988974562)(2000211    12568.5922802469)
6 10      - (2000121    17058.9077762598)(2000002    13001.9698050741)(2000012    46614.576485844)(2000201    17618.4300596062)(1000000    20394.7048145333)(2000022    20973.1728703253)(2000221    9132.43137283719)(2000111    11623.2981130973)(2000102    14982.2464483232)(2000211    15226.057680985)(2000202    14788.6317353381)(2000101    24513.4744030777)
10 6      - (2000211    7515.84040045173)(2000002    22597.7375610797)(2000101    12398.9474193962)(2000022    15945.5260968553)(2000012    10334.9200747971)(2000111    10154.289948227)(2000102    7481.5026916021)(2000202    8871.41921371383)(2000201    9683.56565760668)(1000000    10846.7022499986)(2000221    7325.70591249264)
9 6      - (2000101    22270.8799848151)(2000022    8797.3367662484)(2000002    51470.6967744085)(2000012    25645.2178017176)(2000211    11447.8319020918)(2000202    9068.58396747584)(1000000    12057.0642288155)(2000111    24257.9225261474)(2000201    6594.22163233802)(2000221    15332.5166667473)(2000102    12809.2853797134)
4 11      - (2000101    3121.94340194195)(2000012    33017.078785672)(2000202    15757.9865092177)(2000211    7595.32525908367)(2000201    10524.0160689314)(2000002    7167.0275898372)(2000022    5479.73126847395)(2000102    6992.37784761352)(2000100    8297.79030277244)(2000200    7734.27595433229)
10 7      - (2000202    40342.7511591999)(1000000    19898.7480068126)(2000111    18812.1805771967)(2000221    5443.57182968087)(2000211    5487.65383586)(2000201    18140.0352307073)(2000121    9451.60071596065)(2000022    16027.3159925873)(2000012    15152.2823295066)(2000002    16181.649360064)(2000101    8159.66187602783)(2000102    17559.3131201455)
5 1      - (1000000    35480.6324959667)(2000102    15886.807220192)(2000101    10265.6253167516)(2000100    17578.085039025)(2000211    1406.53392540711)(2000001    5211.06252920013)(2000121    10250.3282904035)(2000202    17574.2973536258)(2000201    15639.8616011054)(2000221    10898.0839954901)(2000012    13330.326486945)(2000022    4345.09721401203)(2000002    15935.6998496027)(2000111    5672.52702085907)
13 10      - (2000121    13765.3009445157)(2000111    12888.4885783181)(1000000    8693.93566008078)(2000202    1649.60750009279)(2000012    31438.1839946285)(2000022    11947.4590350261)(2000101    7362.01565021605)(2000221    18075.9195346864)(2000102    21041.9582491577)(2000211    3073.57696889316)(2000201    20699.9000274537)(2000002    7200.76926634595)
7 11      - (2000211    16566.5166892472)(2000221    5321.16974188926)(2000102    36523.1316959632)(1000000    16549.5329802412)(2000002    18321.3087175567)(2000201    10659.5310991614)(2000101    22386.7742310135)(2000012    15245.7722488606)(2000111    16238.1086289157)(2000121    16103.7100378322)(2000202    16164.164840184)(2000022    12962.4228152509)
9 8      - (1000000    19385.2203513451)(2000102    17943.8577926391)(2000012    26895.9742267445)(2000202    24342.3914896064)(2000002    55197.7936705207)(2000121    5319.99285538078)(2000221    7571.88394154443)(2000201    25507.7851282239)(2000022    28527.9527763896)(2000101    28205.0748321717)(2000111    19540.6699213531)(2000211    34633.326893576)
10 9      - (2000111    17512.6571891722)(1000000    16749.0708211144)(2000002    51434.926348514)(2000022    13646.0812016469)(2000202    16789.9073950479)(2000121    20321.6966613631)(2000102    18950.6383962588)(2000211    22531.897491606)(2000101    13569.4841251318)(2000012    19295.3506266155)(2000201    9268.63976725024)
9 10      - (2000211    13499.8768626648)(2000221    11705.9369215044)(1000000    40199.8887231551)(2000111    12305.084652901)(2000002    15013.7727656691)(2000102    14198.8417460264)(2000012    14583.9057081996)(2000202    14354.0238806286)(2000101    17579.533218422)(2000201    15741.36132654)(2000022    13312.8741523303)
12 11      - (2000022    14890.8749972603)(2000121    6863.96304528195)(2000201    16252.2531867687)(1000000    41790.9925702996)(2000012    21545.9546543773)(2000202    22770.7188053077)(2000102    27024.7256311537)(2000111    17739.869704033)(2000002    20060.859069078)(2000211    14352.7125103623)(2000101    19677.3587941039)
11 5      - (2000201    8546.38800845055)(2000022    16430.7262592862)(2000002    33222.2432652051)(2000101    3958.36961229817)(2000202    4094.46410889021)(2000221    4258.48923107387)(2000012    15464.3635616672)(2000102    10754.5040532766)(2000121    10142.2351340314)(1000000    5632.07230326675)(2000111    10886.2358254607)(2000211    10990.3083741683)
6 9      - (2000102    13111.2642312069)(2000002    47463.9700716598)(2000012    17550.9690951877)(2000022    17606.5724014701)(1000000    27767.465398781)(2000121    12576.7419102818)(2000111    18355.7831610483)(2000221    10031.9393225608)(2000202    5935.87956238627)(2000101    18300.0860907048)(2000201    17017.2170687738)(2000211    28317.2919921713)
11 4      - (2000002    38106.5247196983)(2000201    13422.1686037096)(2000101    9259.21160756076)(2000121    14369.210720586)(2000111    4616.68192326995)(2000211    13533.5334682396)(2000102    12603.7797292649)(2000012    9133.61862139494)
9 4      - (2000201    5539.96443225574)(1000000    28111.3647789911)(2000202    13618.7244612133)(2000121    7503.06262228716)(2000002    4435.0450099302)(2000012    9372.61083402206)(2000211    11182.017583866)(2000022    8418.332191863)(2000102    6028.22161693813)(2000111    8073.4854403905)
9 14      - (1000000    2953.27863916806)(2000102    16432.8822994712)(2000211    25286.155173207)(2000202    4706.18042484784)(2000111    13339.1250501728)(2000022    6549.57534886332)(2000201    10770.9613802668)(2000121    6393.82517085735)(2000101    7038.80743174666)(2000002    13335.5824951942)
10 8      - (2000002    40013.7899881495)(2000101    18764.3147872709)(2000121    16308.1554193824)(2000202    13471.2420607183)(2000102    10539.3219297446)(2000022    11308.2254798158)(1000000    4608.08328719769)(2000201    10980.2706972224)(2000012    14942.4868934186)(2000211    22198.5217689968)(2000221    16199.4591913526)(2000111    15691.6050710976)
13 8      - (2000101    16768.5494178985)(2000201    1904.41572860444)(2000111    7250.15393414676)(2000012    4190.86999830824)(2000202    4510.1751851396)(1000000    3976.64371011347)(2000211    11009.484743786)(2000102    7143.29353356501)
5 10      - (2000211    21076.3326441831)(2000101    22845.4135960706)(2000201    11562.0449043777)(2000022    15326.8227135275)(2000202    15164.9369252682)(2000012    9274.69819408727)(1000000    13082.2477030924)(2000002    40670.7856540684)(2000102    14677.5654310648)(2000111    20897.8633049721)(2000121    6887.09752822448)
11 3      - (2000012    665.91880322356)(2000202    29559.1617764475)(2000002    7835.01968082878)(1000000    7739.79007550946)(2000111    6198.48592662245)(2000100    6185.42433497039)(2000102    8287.2986373006)(2000200    8482.20177676374)
13 0      - (2000101    47127.1805077534)(1000000    46424.5755736322)(2000201    41314.0578100969)(2000202    41284.3654636157)(2000211    48171.0736004237)(2000102    41491.1498613344)(2000002    47855.3751019279)(2000012    39242.6507323495)(2000121    42023.2091806884)(2000221    42157.6334132713)(2000111    46621.1008821422)(2000022    56270.4381639039)(2000200    10558.0327611801)(2000100    16351.0018402247)
13 3      - (2000201    6461.22294875059)(2000022    24497.2376618056)(2000211    16837.7154090109)(2000221    9031.76316646559)(2000202    6195.18772260529)(2000102    7724.2080854572)
11 10      - (2000012    31601.0562334873)(2000102    27617.2500884355)(2000202    34421.9236371324)(2000221    15377.657024548)(2000201    31039.5115352991)(2000211    22620.0442977653)(1000000    35751.0065358688)(2000121    19587.7950777866)(2000101    26051.2995877909)(2000111    12400.2597272965)(2000002    53912.6211194046)(2000022    19652.9202939317)
7 7      - (1000000    56591.1337479021)(2000012    45003.6714992196)(2000201    53535.5570568158)(2000202    45198.8307306917)(2000101    51196.1875142958)(2000102    46013.4541068351)(2000211    34010.9688159299)(2000002    52607.2286224765)(2000022    22656.5066556741)(2000121    19447.1564937888)(2000111    37330.5732676256)(2000221    15258.9941838893)
5 11      - (1000000    30490.7898750173)(2000121    1446.64767250084)(2000102    1742.31170970109)(2000002    8694.36588539619)(2000022    9737.99934693711)(2000201    9586.92852947639)(2000202    4018.64026494159)(2000101    14266.4074573774)(2000221    9649.08501243016)(2000211    9208.95725309342)(2000111    15119.6671817872)
6 7      - (1000000    56676.2414924061)(2000022    40602.7998089087)(2000211    54408.7619936151)(2000002    54324.0209030165)(2000202    53552.0665117876)(2000121    36427.9924547889)(2000101    53355.6753946087)(2000201    54675.2586580352)(2000111    49809.7999308683)(2000221    40749.2986555354)(2000102    54389.1904557664)(2000012    52306.2009100836)
12 12      - (2000202    26409.4231657909)(2000022    7603.10907683722)(1000000    17048.2172756964)(2000101    40774.0109174225)(2000121    10018.0574980103)(2000201    17958.6415962752)(2000111    20234.7416334568)(2000211    22231.0681494105)(2000102    14254.8032500121)(2000221    13823.95408969)(2000002    20900.7394923258)(2000012    15722.4658949368)
12 13      - (2000111    13843.1770291592)(2000002    8743.07370869545)(2000202    11566.3151837925)(1000000    29148.4323215719)(2000211    8041.3566367706)(2000221    7874.29478508369)(2000101    14085.622088724)(2000102    14694.3753481931)(2000012    17602.5346964703)(2000201    10153.8390868424)
3 11      - (2000111    8862.36580723898)(2000101    41387.1165288771)(2000022    9683.3218966124)(2000202    18493.8458250685)(2000201    8496.82138320026)(2000100    5717.25297910143)(2000102    5716.94973600297)(2000211    11921.0687225023)(1000000    12704.4541010071)
10 14      - (2000012    5509.26840894053)(2000022    775.465148620961)(2000002    3210.59039406489)(1000000    34113.5543863217)(2000201    13948.7694203405)(2000101    6683.80738218803)(2000111    8003.12456502867)(2000202    4891.47142745886)
7 8      - (2000221    13447.2834913236)(2000111    19538.253984084)(2000211    28065.1834178992)(2000102    31236.4083404169)(2000101    22937.6717815905)(1000000    31815.1191561193)(2000022    6758.56280640895)(2000121    10583.2399473376)(2000002    54615.1275223574)(2000012    20229.0188059364)(2000202    24905.7502237156)(2000201    26758.5151513053)
8 8      - (2000121    17420.3318506033)(2000012    41267.0059645827)(2000101    56095.3405455018)(2000201    32210.6024895826)(2000211    17895.1638968863)(2000002    28912.6675675934)(2000111    20757.7095565722)(2000202    29243.1455922658)(1000000    34825.7735972124)(2000102    41370.4697439382)(2000221    16921.7069929621)(2000022    16051.0407431365)
5 13      - (2000101    17937.3333036365)(2000201    13101.8525258175)(2000121    11624.304649941)(2000012    4626.09035834866)(2000202    5313.21506330974)(2000002    7617.14154598808)
11 12      - (2000012    21958.1202607061)(1000000    39734.1326115518)(2000002    13967.5625656845)(2000201    19742.5142678904)(2000102    22670.722311256)(2000211    21265.9514094603)(2000121    11851.7147270503)(2000101    23713.2537745019)(2000111    19832.1212322007)(2000221    12892.7808615743)(2000202    18906.6267870791)(2000022    19211.9062816067)
6 12      - (2000201    31473.3781042998)(2000101    6764.54358434285)(2000012    10159.1890183137)(2000211    14290.7793610252)(2000111    6409.32477358705)(2000002    15523.0419299742)(2000121    5209.43601997107)(2000102    19266.8135334792)(1000000    13776.0230636643)(2000202    16292.3465350873)(2000022    8448.95773037388)
13 11      - (2000012    4762.07918245694)(1000000    41834.3072224694)(2000111    9705.75390198627)(2000201    18386.4372220271)(2000221    6238.90797690013)(2000022    20422.2558627846)(2000211    18332.9580321059)(2000101    10309.7935117087)(2000202    12289.3448245022)(2000102    21098.0842016706)(2000002    12815.6508244852)(2000121    6457.72038168523)
8 12      - (2000002    37617.4158675442)(2000101    7090.0804440731)(2000221    8611.53785939132)(2000211    11017.5166973043)(2000121    12009.6488977599)(2000202    13934.7118821194)(2000012    8126.77758162442)(1000000    14976.1402717966)(2000022    12279.3673709303)(2000102    13642.5547384611)(2000201    15291.7484750741)(2000111    7290.01208595061)
11 6      - (2000202    21627.3635637781)(2000101    17852.5553114597)(2000002    16830.9352038767)(2000201    16670.6451938443)(2000022    15943.258404758)(2000012    41529.0614946789)(1000000    33542.9600112604)(2000111    7269.20749906875)(2000221    12911.181509384)(2000211    16990.3258249685)(2000102    19511.5788129177)(2000121    12960.9253341008)
4 5      - (2000201    14247.2998030701)(2000100    11292.9676937293)
8 7      - (2000211    30157.5052706081)(2000121    1235.08621198937)(2000202    35447.9947520456)(2000111    20709.172452093)(2000221    23764.6306864776)(2000201    55979.610856967)(1000000    49042.5562278566)(2000102    28723.1528442119)(2000012    30584.0425229502)(2000022    21875.2654572478)(2000002    41000.95430943)(2000101    33446.773665731)
5 3      - (2000201    16056.2858083033)(2000202    337.288487612148)(2000101    892.961575950834)(2000102    490.486684573054)(2000012    5477.04587849783)(1000000    1877.83565228194)(2000111    2908.61789003435)(2000211    4051.14603700667)
6 4      - (2000101    43847.7467559871)(2000202    8762.59309399889)(2000201    -62.0078657541936)(2000121    5468.66245510511)(2000102    15846.1414610759)(2000012    14187.6347353041)(2000111    8385.44858352935)(2000211    7991.83343407845)
5 4      - (1000000    367.366662130652)(2000211    18503.7039802742)(2000221    6024.35199089979)(2000202    7195.60921406216)(2000012    7555.20424755518)
4 12      - (2000102    9270.8561678486)(1000000    8169.0924396181)(2000211    8260.60429300146)(2000012    26631.4189810736)(2000101    11400.5454863886)(2000022    6595.44700954401)(2000121    6295.47023691297)(2000221    8707.65734147926)(2000202    6748.95888671532)
6 8      - (2000101    35229.2271902545)(2000202    38796.6896770998)(1000000    29630.2062077936)(2000211    20824.6853985456)(2000012    36399.9669962392)(2000002    55922.4985290806)(2000102    21017.1789538117)(2000201    35878.6837942364)(2000111    24228.3879507357)(2000121    23934.1290404225)(2000221    16401.2752860302)(2000022    20571.6405524375)
12 4      - (1000000    26190.2612848768)(2000201    11554.0152133099)(2000102    15822.5813868607)(2000211    10022.4055942524)(2000012    8401.87595899903)(2000101    2217.4049290024)(2000002    14985.7777143558)(2000202    7336.06046631842)(2000111    12470.2098762078)(2000100    8603.98067152255)
6 6      - (1000000    52753.2694941026)(2000022    20925.4802289776)(2000201    51706.9370528043)(2000221    26329.9440817757)(2000102    50935.0282596749)(2000012    51539.5164901606)(2000202    53868.8610667653)(2000002    56603.0317664977)(2000101    52289.7386499028)(2000211    49438.5349000445)(2000111    45598.7003601115)
10 5      - (2000012    45676.9351945728)(2000002    28843.4273434335)(1000000    16297.6728064372)(2000102    14650.5452466283)(2000101    16148.2302318271)(2000201    17389.6701564524)(2000022    13460.301050344)(2000202    18656.0321188651)(2000111    21838.8976391491)(2000211    15141.8402763723)(2000221    10735.951751582)
3 5      - (1000000    6647.9117824059)(2000200    2341.89284654845)(2000201    16635.8654462465)(2000022    7838.12339119594)(2000202    9323.97311330669)(2000121    9424.59454713008)(2000012    3540.85070827895)(2000002    10452.4691994093)(2000102    12994.8942561524)(2000111    6095.29696770069)(2000101    8244.12373139611)
14 8      - (2000012    10560.9372067662)(2000111    16405.7792480976)(1000000    5356.69383539199)(2000202    13729.8617358043)(2000002    6409.70047287007)(2000022    7090.05737147865)
0 6      - (2000022    13084.2311164164)(2000200    14749.5377701427)(2000100    22593.6111551499)(2000221    14502.8416026472)(2000002    14976.9765413758)(2000101    15451.0137036005)(2000202    15809.7985206028)(2000102    15763.4060678186)(1000000    16144.4620972214)(2000012    15837.2192860996)(2000211    15036.4275664708)(2000111    15741.0158666325)(2000201    15278.6008201811)(2000121    12603.1663769262)
11 13      - (2000201    33448.407135184)(2000102    10254.0317766151)(2000012    8936.33124935669)(2000101    8705.17756722705)(2000202    14572.6130717062)(2000002    18222.9167090256)(1000000    5645.32642310933)(2000121    6225.80887091513)
8 10      - (2000201    27952.4854708628)(2000202    7415.52271334282)(2000121    12741.2320292064)(2000211    12966.367159237)(2000221    11613.8980420719)(2000102    14949.631464837)(2000101    5992.20448714583)(2000111    15846.0739214715)(2000012    14743.919508407)(2000022    21106.6925503297)(2000002    15298.1750292447)(1000000    8913.35479610018)
3 6      - (2000211    16082.9424994524)(2000201    1716.88464187003)(2000200    2517.97302452794)(2000022    8945.87112290544)(2000002    22853.9024509943)(2000100    6092.36641145192)
7 14      - (2000202    3090.57030523625)(2000121    17589.5914596931)(1000000    14732.4795197898)(2000102    6676.37380951753)(2000002    7824.48305167904)(2000201    7597.39553353084)(2000012    8918.49922847253)
9 5      - (2000211    22103.9044799745)(1000000    17843.1885166144)(2000002    54665.4529910566)(2000022    16926.3064935121)(2000012    18517.5805100203)(2000101    27782.256234306)(2000111    12018.4885914901)(2000201    17563.7027642463)(2000102    31904.8480839363)(2000121    8969.37264043499)(2000202    35996.9455899715)(2000221    19373.9695079286)
5 7      - (2000201    38263.1753353731)(2000002    56417.1352450914)(2000221    31406.9121719489)(2000101    41042.9883854261)(2000102    43484.1305626159)(2000211    43299.1426364976)(2000022    37970.3719807584)(2000121    33147.9040964045)(2000111    47112.2475001275)(1000000    39874.7727766976)(2000012    36721.6149036722)(2000202    42242.069744129)
4 9      - (1000000    36786.3317211322)(2000202    15427.4009143716)(2000111    12677.2079661356)(2000102    14640.5607367289)(2000211    8496.06407777198)(2000121    10887.4799244146)(2000201    2910.67243980221)(2000101    7362.62379053306)(2000012    9321.83616329179)(2000100    7580.86407256343)(2000200    7666.08210023711)
13 5      - (2000111    5103.17537116642)(2000201    18121.298253505)(2000202    4233.63582072759)(2000101    4281.43700616825)(2000102    11058.1717862826)(2000022    7318.75963071036)(2000221    8514.86131334356)(2000121    8010.03621519407)
14 4      - (2000211    22707.7698770032)(2000221    8312.5054745622)(2000102    6480.02103521444)(1000000    8109.55020700668)(2000012    6352.60983241924)(2000111    9041.95804933676)
5 9      - (1000000    24010.4872175288)(2000202    20029.0570207122)(2000121    4714.6533503163)(2000111    6596.47949166391)(2000022    14347.3187542053)(2000102    2077.74937989538)(2000101    36524.6047820177)(2000201    16304.7937426112)(2000012    18380.142400172)(2000002    20041.1870499454)(2000211    6010.03893521234)(2000221    8907.83381119615)
9 13      - (2000102    25861.7609321334)(2000012    9616.40093140532)(1000000    17524.8028010961)(2000221    9909.36419107209)(2000101    16214.5397669277)(2000111    13314.8695881521)(2000121    12957.7963231648)(2000201    15573.7477014992)(2000002    6313.0019789588)(2000202    6615.0555784634)
10 13      - (2000221    7838.81691019046)(2000201    14428.2093728107)(2000102    1552.62275761698)(2000111    7860.79531414032)(2000101    38075.053766686)(2000202    16356.8116261315)(1000000    8625.44408528809)(2000211    5475.4600697981)(2000002    9510.62013217516)(2000022    6339.5730626099)(2000121    6451.73230464405)(2000012    7131.51217519)
4 7      - (2000111    960.808579501333)(2000201    29376.9511464521)(2000002    8862.71497292349)(1000000    1743.26982489563)(2000012    6391.28498758368)(2000101    1593.09863373174)(2000202    1675.60411561849)(2000102    9298.18000365848)(2000022    5483.72497753824)(2000221    5089.09246977625)(2000211    7502.59183226728)
13 12      - (2000101    38637.7256333602)(2000221    12569.8747077741)(2000201    21975.7749671623)(2000202    24982.7150323311)(1000000    24402.8122032136)(2000002    19106.9273278451)(2000111    19783.676017375)(2000012    26098.7838806753)(2000022    17503.4762764738)(2000102    24610.6942642294)(2000211    14452.1157782568)(2000121    13233.8231599788)
3 13      - (2000002    7253.82222705069)(2000012    52101.3128454964)(2000121    9552.62674081083)(2000201    8841.8169546971)(2000101    8840.37601848501)(2000200    5303.75088881435)(2000211    8979.96829237761)(2000100    10818.6852578653)
12 9      - (2000101    21266.3743335821)(2000012    28942.9515350988)(2000202    18511.2058659394)(1000000    11122.1574874826)(2000102    20510.4955281024)(2000002    20792.8827325162)(2000201    13428.5144416674)(2000022    7878.78597290376)(2000121    13316.6403318962)(2000211    12850.0910595574)(2000111    11566.3622998547)
14 9      - (2000022    11896.6650173702)(2000012    2594.29839059883)(1000000    15604.5768116495)(2000211    11906.9871768814)(2000201    8173.07268316918)
6 3      - (1000000    21190.2463659311)(2000012    46109.9071136084)(2000121    12985.5571619316)(2000202    41221.5386774996)(2000221    8602.03590586191)(2000001    9910.19842745618)(2000100    23983.3647090127)(2000201    28128.7932741229)(2000102    21625.7036660175)(2000200    24686.1515206199)(2000002    10640.0259373953)(2000101    12269.7263241954)(2000111    6726.53898719307)
5 6      - (1000000    20006.8601379307)(2000102    20381.6646617586)(2000002    55805.1085057541)(2000101    22801.9880539687)(2000201    14534.5472050076)(2000202    23883.9350181207)(2000121    15923.9784339834)(2000022    16197.1779545074)(2000221    8712.67487192612)(2000211    24292.0929575898)(2000111    31319.1546474613)(2000012    27441.4598460157)
13 7      - (1000000    963.674806560293)(2000002    4982.38985600351)(2000201    7678.56035361223)(2000012    18502.0128636532)(2000100    4847.26596579998)(2000022    11618.7146484095)(2000221    6376.68336493251)
13 9      - (1000000    11171.3720957064)(2000201    31553.7856595088)(2000012    7880.17484270296)(2000002    13870.7417045832)(2000221    3020.28652817907)(2000101    11917.5273479864)(2000022    11769.0155973097)(2000102    9420.42604812084)(2000111    10054.6875994716)(2000211    12376.1156055689)(2000202    11611.3989199209)(2000121    7817.35921786049)
2 14      - (2000002    48034.5592482706)(2000012    13609.455395351)(2000201    13631.226808098)(2000221    8494.28153354717)(2000102    15264.2254696092)(2000101    11377.6138647106)(2000022    14455.5623568908)(1000000    17865.051216534)(2000121    17964.4125159297)
4 14      - (1000000    13588.9337561772)(2000101    26586.3140683075)(2000002    7604.19498288872)(2000201    6289.22752022913)
3 14      - (2000101    24977.2671149514)(1000000    23210.1824540859)(2000002    25704.0886661439)(2000202    4289.18522772572)(2000201    22731.1611533369)(2000012    51820.219282627)(2000121    17532.7222358905)(2000102    27908.4052057766)(2000100    10400.5444278935)(2000211    21334.4066154422)(2000111    20919.3528284521)(2000022    27628.499539071)(2000221    13289.4357411193)(2000200    8212.29344931655)
13 6      - (2000201    41117.252838528)(2000012    1575.85633563093)(2000202    3977.36026995735)(2000102    4912.5143128601)(2000002    6645.69293653041)(2000221    8519.66076084632)(2000101    5787.30224818206)(1000000    6667.35512308633)
2 12      - (2000022    10154.949280012)(2000211    51865.7226900395)(2000002    23006.9588399216)(2000201    2893.7108707871)(2000101    14532.7938920637)(2000012    20539.4633701415)(2000202    19864.4388358392)(1000000    8303.63782471017)(2000102    17192.5284842716)(2000100    17922.4163672248)(2000200    20083.3519045655)(2000121    29176.5553781415)(2000221    20687.5736224259)
12 7      - (2000121    11010.9836701032)(2000102    7955.32604666725)(2000211    34560.5694347773)(2000221    6730.56881799093)(2000101    14253.3681141913)(2000002    14556.4885580953)(2000202    15464.8598952914)(2000022    2823.38760227731)(2000111    10864.2669254525)(2000201    13172.7022714803)
7 6      - (2000111    32103.458222673)(2000012    47316.0744152764)(2000002    49074.2210394526)(2000201    56516.0372186952)(2000102    41044.4273389745)(1000000    48155.7162462682)(2000121    7327.94821993867)(2000101    46092.9254836288)(2000022    20615.8293699747)(2000202    39087.9976469162)(2000211    37172.030321316)
14 13      - (2000002    23285.1594557976)(2000022    1837.57737008534)(2000211    11080.8562956259)(2000111    5588.74942804603)(2000101    4562.03160356047)(1000000    10012.8174765867)(2000201    8058.7173293295)
14 6      - (2000101    20133.0794478052)(2000121    5952.97894780923)(2000201    6044.36816164046)(2000111    9025.39975508268)
12 3      - (2000002    39946.4334010538)(2000202    8902.98203924638)(2000121    7780.05556897283)(2000012    17585.2934998008)
6 14      - (2000012    19593.5533898218)(2000002    1498.4103459298)(2000202    9002.05563548046)(2000022    7887.87262247464)(2000121    3974.23157204279)(2000102    11728.1835490398)
4 4      - (2000100    13674.2029574679)(2000201    8998.13272303792)(2000200    8236.43472744877)(2000102    14858.3138114815)(2000002    9017.39032214177)(2000001    4737.41396267676)(2000202    8994.86550705517)(2000221    3954.8564405115)(2000121    10376.7513074985)(2000211    7763.76475058553)(1000000    8202.10027928194)
4 13      - (2000102    361.878904003603)(2000012    35733.4705474234)(2000202    9961.541890812)(2000002    10498.2795923342)(1000000    8756.09465010593)(2000022    7011.36807792155)
0 13      - (2000202    47617.9231279869)(2000002    48155.5830044608)(2000111    49945.8370797936)(2000101    45332.9429433438)(2000100    22963.1471830256)(2000121    49288.1844463715)(2000102    45837.4143020567)(2000012    46100.3876837323)(2000211    51641.7851479348)(1000000    49250.0485478902)(2000022    56387.7221915814)(2000221    50310.0437241956)(2000201    50219.8011497066)(2000200    20754.6415976146)
12 14      - (2000211    326.34091689186)(2000202    16107.2683805026)(2000201    22487.641614735)(2000012    24904.2354836605)(1000000    11255.2771873577)(2000102    12650.6602729274)(2000111    7240.04642003996)(2000002    6494.9370610005)
5 12      - (2000012    29931.4996676321)(1000000    10286.3726622225)(2000121    7390.65085910763)(2000102    13485.0639811807)(2000221    1626.31077275625)(2000101    9486.19030042156)(2000002    4757.43866412618)(2000201    10685.9879160395)
13 4      - (1000000    25100.1267640842)(2000202    4221.0428976182)(2000121    15712.1095078565)(2000201    14831.5618880332)(2000221    10483.7455124614)(2000211    8002.42599173944)(2000200    9147.04743473135)(2000012    6873.69098378982)(2000101    14911.3508468446)
7 4      - (2000121    1542.46177012341)(2000012    17975.30125295)(1000000    7337.24289306362)(2000101    11070.4309814508)(2000022    8485.31195813158)(2000002    8319.75850370702)
10 4      - (2000211    12307.6687005885)(2000121    4519.75634036563)(2000201    21370.2260098497)(2000002    9437.07764808247)(2000101    7567.51601604388)(2000202    5808.35176334742)(2000102    12695.5775683817)(2000111    4802.25280475998)(2000221    5370.51548566304)
10 3      - (2000202    19741.1702301458)(2000002    48372.8394973818)(2000101    20874.1007942038)(2000012    8929.48656019832)(2000022    8993.20393494636)(2000100    15012.6305742061)(1000000    4849.36376137768)(2000200    17940.0914676883)
13 14      - (2000121    651.017455082854)(2000102    1323.06903903892)(2000201    22480.2109293331)(2000002    3255.1373370947)(1000000    11028.2796992781)(2000202    4518.27774207408)(2000101    5972.43235367535)
11 2      - (2000102    51203.0406899238)(2000221    26572.5473090202)(2000022    20753.5282066418)(1000000    14912.3095234575)(2000201    16341.2656404666)(2000002    22784.545370078)(2000121    23162.7561974955)(2000211    16514.311868734)(2000012    18748.3548884929)(2000202    14093.03845205)(2000101    12500.0483383331)(2000200    25086.5535751379)(2000100    11051.0621513568)(2000111    11978.6774254949)
14 0      - (2000012    28749.8811770635)(2000202    36981.1008943314)(2000102    37336.1332029489)(2000022    22498.2741211851)(2000002    54779.0173273934)(2000101    31660.6197147932)(2000201    24907.333208283)(1000000    25185.7188448861)(2000221    29233.7800004425)(2000121    22819.2376097771)(2000111    30914.6096692101)(2000211    25516.1361027039)(2000100    8976.1225800295)
12 5      - (2000201    11698.6142869082)(1000000    9375.43806150736)(2000012    17992.3747872059)(2000102    12060.3350216992)(2000002    13523.7896607535)(2000202    5289.98522772573)(2000022    5179.15580236443)(2000121    8418.78785106439)(2000111    13111.4269448332)
8 14      - (2000101    16139.6828785344)(2000111    6074.75956826875)(1000000    13071.6854022989)(2000012    7009.53398869527)(2000211    8381.53282214405)(2000201    8897.45083069665)
1 14      - (2000111    24659.4370196687)(2000002    47107.2917911579)(2000102    28821.6227302475)(2000202    29998.4570933327)(2000012    30942.4204706305)(2000101    28924.7892742777)(2000201    18970.8385806251)(1000000    31620.1566925624)(2000221    21084.1777455677)(2000211    25939.921668735)(2000022    23382.953528834)(2000121    23972.9466161608)(2000100    14267.499169007)(2000200    8891.54605822453)
14 1      - (2000012    16497.3628570835)(2000201    51079.8299252448)(2000202    23437.686354569)(2000111    30629.5356581093)(2000102    30516.1098972545)(1000000    21923.1685042413)(2000211    22494.6519051604)(2000101    25323.5404897195)(2000022    29310.4423730873)(2000221    21646.9121408076)(2000002    16264.6521229301)(2000100    15817.2280047046)(2000121    18140.4851219754)(2000200    7309.56970960625)
14 12      - (2000201    18166.7798960553)(2000022    6219.52203167569)(2000202    8232.25644577603)(2000002    6100.42987887523)(2000102    6018.87014765439)(1000000    7451.4147241976)
3 8      - (2000211    8590.03075167395)(2000002    31511.3215035487)(1000000    25963.5571390182)(2000101    3950.03741448337)(2000201    10865.9309923157)(2000111    12964.381303466)(2000100    11456.7883380765)(2000200    6550.27210150372)(2000202    12217.8374095)
14 10      - (2000101    28072.1171110371)(1000000    3201.5874758708)(2000111    7927.11289288594)(2000012    7094.70684804898)
5 14      - (2000111    2509.19781455939)(2000101    15382.3450819274)(2000201    11555.2338782652)(2000002    6311.28589920652)(2000211    7036.17729742965)(2000012    6979.80313076908)(2000022    8610.51173534911)
11 14      - (1000000    30479.4472603071)(2000101    18571.550405568)(2000201    6619.73071257299)(2000211    6831.76801419383)(2000221    7722.42606780235)(2000002    7492.98288408175)
14 3      - (2000211    12558.4615579527)(2000002    49629.4221022363)(2000101    13539.8960118273)(2000012    13284.0026735384)(2000202    11601.1531331172)(1000000    12241.0780498459)(2000102    13073.0865565976)(2000111    6901.44443875917)(2000121    8097.55396592345)(2000221    6343.38029704009)(2000201    14606.2356667659)
14 7      - (2000211    16446.0816981376)(2000012    5662.85699661514)(2000101    3159.50421543989)(1000000    12421.8215774676)(2000121    3804.96550545583)(2000111    6874.22387686037)(2000221    8464.61299637808)(2000202    8109.28799669332)
14 14      - (2000202    12944.2106390436)(2000111    6680.27676814214)
14 5      - (2000102    16563.2146635062)(2000111    7658.83078341424)(2000211    12453.9215115715)
14 2      - (2000022    53688.0340533126)(2000201    12161.4797449051)(2000012    11604.8526144538)(2000202    14904.4439380896)(2000101    6180.01777163849)(2000221    6276.04330112672)(2000102    10038.4582164181)(2000211    24036.7962374749)(2000121    7117.50094579258)(2000002    14613.5361744339)(2000100    19277.4678412351)(2000111    11593.8171879959)

