211
0 0      - (2000200    11119.7549928511)(2000202    11053.1747313276)(1000000    11178.3987672609)(2000100    10398.2705953542)(2000001    11111.0579350319)(2000201    11110.3352850784)(2000002    10975.2814881168)(2000102    11026.7907715154)(2000101    9487.2229707382)(2000012    12202.0588385839)(2000111    4126.4122526306)(2000211    4210.85810349238)
2 0      - (2000001    3702.18484826182)(2000100    5150.66401199667)(1000000    5656.10475089315)(2000200    11130.9259005436)(2000102    6937.98481479505)(2000201    4989.54320870392)(2000202    5247.10311661822)(2000101    5189.54526719028)(2000002    4789.28121256091)(2000012    1249.72173233801)(2000211    2313.11231522359)(2000111    873.884442548794)
1 1      - (1000000    11221.3458595499)(2000002    9299.62457439259)(2000201    10014.9676434515)(2000102    9644.03989514359)(2000101    10253.9736587885)(2000100    8818.75211955998)(2000200    10362.8774746117)(2000202    9793.83001621673)(2000001    9137.14577876)(2000012    12592.8715676959)(2000211    -1361.41251181123)
2 2      - (1000000    6507.57936138413)(2000001    7753.79921111631)(2000102    6473.33740949026)(2000002    4609.79825106557)(2000100    5855.47600168385)(2000101    11834.5249744949)(2000200    8431.80358766287)(2000201    7827.97930587533)(2000202    6149.41413757253)(2000012    2336.80734713148)
0 3      - (2000102    5338.34996740274)(1000000    4812.04687979782)(2000201    7056.20501333168)(2000101    3608.93652777836)(2000002    83.5748720124539)(2000100    2582.88940435659)(2000001    -1597.53951370847)(2000202    5362.94408361882)(2000200    9746.86998462889)(2000012    2252.89283539397)(2000111    3224.84304225984)(2000211    2052.10855876461)
3 2      - (2000102    10097.7025106083)(2000200    11186.1284867653)(1000000    10992.950803226)(2000001    9010.98034248261)(2000201    10140.5609746509)(2000101    9487.79330714154)(2000100    8621.55510130465)(2000002    9538.40979335409)(2000202    10887.205081096)(2000012    9495.05903039088)(2000211    -500)
0 1      - (2000202    7987.58008490874)(2000200    11208.3986618558)(2000101    8141.94386050563)(1000000    5929.24048668472)(2000201    8983.01240637143)(2000102    9864.20208831251)(2000012    5667.94067709998)(2000002    7094.41263324347)(2000100    8242.15639365642)(2000001    8287.36547089352)(2000211    -2234.36500317754)(2000111    -57.8800600301867)
3 0      - (2000102    6872.67517928314)(2000201    8976.54853798018)(1000000    8702.217075384)(2000200    11486.1742256717)(2000202    7397.55141731191)(2000001    8113.66859597814)(2000101    7932.41162186484)(2000002    6056.74128873795)(2000100    6705.37024165186)(2000012    9757.63031620451)
0 2      - (1000000    5226.19295728334)(2000002    5469.01273384171)(2000001    4841.89927408993)(2000202    1787.58980013622)(2000101    7686.47825911557)(2000200    11475.3680546185)(2000201    5624.92300123432)(2000100    5102.46270053207)(2000102    4811.78912072068)(2000012    3597.64116134711)(2000111    -857.092424347203)
1 3      - (2000101    -2078.10247255532)(2000002    5081.30110934522)(2000202    -2236.19695062132)(2000102    6678.94703530473)(2000200    2749.86668950646)(2000100    1644.72300614635)(2000201    -2246.92458508765)(2000001    -2264.17529060871)(1000000    -639.171427189065)(2000012    -1736.91554123776)(2000211    -1518.34630389466)
1 0      - (1000000    8160.26045596609)(2000002    8497.40815550791)(2000100    7671.9415534368)(2000101    6958.67617186095)(2000202    7226.25184461054)(2000001    6673.66050085115)(2000200    11409.6120637822)(2000102    8356.18602579283)(2000201    7631.20930936497)(2000111    -1003.53127252515)(2000012    -423.661452175561)(2000211    -1152.63383246171)
2 1      - (2000202    9692.84019258986)(2000102    8279.5185762833)(2000002    7224.95531594885)(2000201    8624.19011155091)(1000000    8825.06691849333)(2000200    8851.8446836217)(2000100    7570.64311810065)(2000101    8875.68691749661)(2000001    9355.22872917987)(2000211    -2075.23835129307)(2000012    10148.3510115175)(2000111    140.119657848707)
1 2      - (2000101    8824.35168248984)(2000002    6943.45802666394)(2000001    7618.96204384959)(2000200    11386.241091515)(2000202    10398.0900088226)(1000000    9064.45316180881)(2000012    10242.4174240483)(2000100    7676.64474898275)(2000201    9229.03416159848)(2000102    8386.01006306361)
3 1      - (2000201    8787.71188507328)(2000101    10349.1101790666)(1000000    8891.02213901077)(2000202    7387.16471036305)(2000100    8439.4351984622)(2000001    7782.64179865145)(2000200    11414.0529372617)(2000002    7457.95457857622)(2000102    7611.03693454014)(2000012    4696.43089083692)(2000111    -531.34891826878)(2000211    -1000)
4 0      - (2000002    -1461.88160727033)(1000000    -1873.10778749077)(2000100    1628.68605109343)(2000200    -2387.02100567548)(2000201    -2510.20209366556)(2000101    1020.31085035979)(2000202    -1944.95999934735)(2000001    -1113.77449657682)(2000102    -1612.80765913125)
0 6      - (2000201    -723.315880089141)(1000000    -1097.48987410217)(2000102    -1161.61082570619)(2000001    -670.214659617974)(2000101    -999.554275454495)(2000200    -1210.72830604959)(2000202    -1569.0302951814)(2000100    -690.987803548453)
0 4      - (2000100    -533.662634816721)(1000000    -931.274708832502)(2000002    -1995.29772328475)(2000202    -1799.25140820655)(2000200    -876.327120998398)(2000102    -1575.35996691663)(2000001    -1245.25699396124)(2000101    -778.125257950198)(2000201    -528.546967611853)(2000111    -936.300307297932)
5 1      - (2000002    -1394.47797248223)(1000000    -1637.16311925656)(2000200    -862.062581598974)(2000101    -1260.10000892226)(2000102    -1391.80221345173)(2000100    -1100.98004889195)(2000202    -1784.12575571351)(2000001    -1733.15802325967)(2000201    -911.31749772321)
4 3      - (2000001    -1351.49556379609)(1000000    -750.479339331269)(2000100    -1192.01362423612)(2000101    -1066.08843998372)(2000102    -2314.49797683933)(2000201    -1574.87307168858)(2000002    -1164.6822553394)(2000200    -1405.36003508694)(2000202    -1911.86507778278)
1 4      - (1000000    -1861.46730114669)(2000100    1246.5790977309)(2000202    1163.69939621039)(2000201    -1885.77528603856)(2000101    -1857.95518097495)(2000102    56.6656547025962)(2000200    11590.0031810068)(2000002    -2065.0169678921)(2000001    -1913.64186948916)(2000211    -1346.65453027156)(2000012    952.777344714768)
0 5      - (2000001    -1811.21211038332)(2000202    -1730.46312191776)(1000000    -1258.36685367044)(2000101    -1550.16893594677)(2000100    -1800.43003494182)(2000002    -1948.42173696574)(2000201    -1611.98797446934)(2000200    1620.21373634537)
6 2      - (2000200    -564.171053018189)(2000002    -374.07471686957)
6 0      - (1000000    -420.147858600869)(2000202    -217.442148952457)(2000102    -233.961707191924)(2000201    -229.462178186999)(2000101    -232.822964589151)(2000001    -1400.49119184403)
6 3      - (1000000    -570.51370145195)(2000101    -459.418950300843)(2000102    9.31135972634066)(2000001    -152.662483089476)
4 1      - (2000201    -829.195136763264)(2000101    -833.970070384457)(2000002    -1627.66480915375)(2000200    -873.582830695147)(2000100    -1558.1586869408)(1000000    -883.453042514502)(2000202    -1536.65281718201)(2000102    -1161.79687050538)(2000001    -1253.24630952629)(2000012    -562.474180872736)
4 2      - (2000002    -1458.50306956369)(2000200    -1675.21014342353)(2000001    -2253.37606047292)(2000102    -2029.23634760123)(2000201    -1981.64463972305)(2000100    -1210.8529579666)(2000202    -2337.42491602168)(1000000    -1788.76513377099)(2000101    -791.077980300814)
1 5      - (2000102    -1120.63085328606)(2000202    -905.247357146176)(2000200    -992.437814214165)(2000201    -752.031153552322)(2000111    -0.9864)(2000100    -848.573089983042)(2000001    -1131.02707543607)(1000000    -1611.80044847203)(2000002    -937.709114082697)(2000101    34.0097748694806)(2000012    -1346.31719889102)
8 0      - (1000000    -1122.01021159381)(2000102    63.605073517159)(2000101    -714.527719081892)(2000100    -988.582523869148)(2000201    -357.168347021432)(2000202    -1057.7406849059)(2000002    -182.7838413559)(2000001    -260.981538835193)(2000200    -728.10257817117)
8 1      - (2000100    -966.0211424571)(2000101    -593.476620335722)(1000000    822.399107296806)(2000202    -725.189369752272)(2000102    -762.097949021825)(2000001    -1097.14934289398)(2000002    -1409.62020142899)(2000201    -735.648850703892)(2000200    -841.368517343591)
2 3      - (2000202    3864.93059198141)(2000200    11348.4420826443)(2000201    7383.88583881044)(1000000    4615.3099051097)(2000100    3778.08972173406)(2000001    5329.95353964838)(2000102    6345.04055007511)(2000002    6059.76143314647)(2000012    -2146.26351286471)(2000101    7113.72346112162)
0 11      - (1000000    -252.368751009025)(2000202    -311.858491070318)
0 8      - (2000102    -323.294065367974)(1000000    -316.606920217898)(2000200    -276.380377792657)(2000201    -252.196247959304)(2000101    -243.325718161261)(2000001    -255.738573029779)(2000100    -254.437415581031)(2000002    -290.780180352042)(2000202    -225.687456451243)
0 10      - (2000101    10770.5689371556)(2000200    12201.8469660778)(2000100    11938.5829836363)(2000202    11909.8702732094)(2000001    11136.3744780924)(1000000    11021.0286553917)(2000102    11567.7652336429)(2000201    12099.8429785412)(2000002    10729.774020154)
2 4      - (2000001    -1058.4409739947)(2000201    -1749.56993850634)(2000102    -1812.78887996535)(2000101    11732.7675156326)(1000000    -2176.98133207455)(2000002    -1711.03672809804)(2000100    255.096431140993)(2000200    -1385.35779671159)
5 4      - (2000002    -308.633548896753)(1000000    -365.097913312078)(2000101    -280.7750274006)
1 9      - (1000000    -1436.3900575951)(2000202    -417.517447401991)(2000101    -206.244895394248)(2000001    -89.5274605211641)(2000100    -307.9438975429)(2000002    -1057.98756108921)(2000200    -252.957724274808)(2000201    -246.02329719884)(2000102    -1034.3444221244)
5 5      - (2000102    -393.676240516089)(2000100    -674.713491266311)(2000202    -461.187493125267)(2000201    -981.851710495441)(2000001    -886.171176311541)(2000002    -927.579619701008)(2000200    -923.726541987261)(1000000    -1009.12204415554)(2000101    -923.177254354672)(2000012    -104.914511513608)
6 5      - (2000100    91.553712132778)(2000101    -592.70106306378)(1000000    -226.363014127999)(2000200    -231.990741506083)(2000202    82.5388747302652)(2000102    -1156.95616936183)(2000001    25.8289139876784)(2000002    -655.315097746498)
5 3      - (2000012    -74.2511089387286)(1000000    -1480.68561289193)(2000200    -2001.48390221794)(2000101    -666.246180643654)(2000202    -1465.30581651184)(2000211    -1047.07471125339)
3 3      - (2000102    5767.63276065012)(2000201    7942.47494158801)(2000202    8108.05209354933)(2000101    6890.75607194221)(2000100    7993.63657425824)(1000000    10986.3470116488)(2000200    7808.64058275191)(2000002    6630.20530378574)(2000001    7041.2235957746)(2000012    12145.647630278)
4 7      - (2000002    -276.877835741251)(1000000    -463.010748735366)(2000101    -904.405424338153)(2000100    -1133.08547299091)(2000001    390.139870701273)(2000201    -182.703725414545)(2000202    533.385034641254)(2000102    -958.099321695654)(2000200    -612.177133733817)
3 4      - (1000000    -1326.13463383794)(2000201    -2135.0002989425)(2000001    -1394.8457902739)(2000002    -1559.96360233842)(2000101    -1121.23203712926)(2000202    -1991.07002211951)(2000102    -1875.97570623532)(2000100    -377.489021677475)(2000200    -1438.58136335443)
10 0      - (2000202    -2201.6723751947)(2000101    -1469.89874850057)(1000000    -78.3990387247427)(2000001    -1167.12834976213)(2000200    348.151490919939)(2000201    907.940410951232)(2000002    -458.881689662757)(2000100    -918.636632631546)(2000102    -2640.08548286649)
0 7      - (1000000    -529.685185691372)(2000200    -316.582289268391)(2000102    -318.213630901924)(2000100    -285.140029643542)(2000001    -321.70162449357)(2000201    -287.498676082559)(2000202    -745.376650361513)(2000002    -332.419369140906)(2000101    -316.929495076109)
1 8      - (2000100    -257.062665706794)(1000000    -276.981652770499)(2000200    -347.12293338202)(2000102    -291.847233680222)(2000201    -328.943951990966)(2000202    -284.227002242241)(2000101    -312.430879242488)(2000001    -287.544995072993)(2000002    -279.203880659428)
11 1      - (1000000    -486.129780510658)(2000100    -479.354304856368)(2000002    -730.102127096134)(2000102    -1230.38403399943)(2000200    -1391.61911937962)(2000101    -625.074881404761)(2000001    -770.765569688882)(2000202    -660.660876454626)(2000201    -788.158191579987)
5 0      - (2000101    -837.506364791533)(2000102    -1205.85710916181)(2000002    -1043.19484581794)(2000100    -911.714366715971)(1000000    -449.865749366136)(2000001    -798.428593081219)(2000202    -1118.45777061888)(2000200    1910.44290788555)(2000201    1472.94290788555)
6 6      - (1000000    -443.990051363933)(2000201    -1376.26453293412)(2000102    -1287.6211531618)(2000100    -460.368327219527)(2000001    -499.381760853689)(2000200    -317.387391891973)(2000101    -485.850857521134)(2000202    -559.198659752886)(2000002    -732.187127587011)(2000012    651.074031375528)
11 0      - (1000000    127.539992586329)(2000002    -730.696901504178)(2000100    -793.649442101946)(2000200    -978.043255045471)(2000001    -639.955004981447)(2000101    -636.803508159583)
10 1      - (1000000    -66.4823225271621)(2000102    -1187.07411975464)(2000001    -513.345174631294)(2000101    -556.664948224161)(2000201    -1109.16049342448)(2000202    -520.298687832377)(2000200    -1097.48095736689)(2000100    -583.853912215892)(2000002    -495.472530603699)
9 0      - (2000001    -1206.09081561883)(2000200    -1109.39948308319)(1000000    -268.615394372392)(2000102    -1382.95138162203)(2000201    -842.257872527765)(2000002    -780.805052051806)(2000100    -1228.93789540779)(2000101    -855.202821668385)(2000202    30.1728384733945)
9 1      - (2000102    -1062.89030844565)(2000001    -710.022239521793)(1000000    -322.000913142944)(2000002    -844.727350881158)(2000202    -1072.1823967563)(2000201    -1055.14431698177)(2000200    -833.506088921359)(2000100    -724.726628357972)(2000101    -994.204689916421)
5 2      - (2000100    -1718.91811206436)(1000000    -1642.09210043826)(2000202    -2295.03346731298)(2000012    -1000)
1 6      - (2000200    -224.507822338161)(2000100    -237.06668730414)(2000001    -944.003836666868)(2000201    -240.451371503279)(2000102    -239.42315041265)(1000000    -1269.71775456904)(2000101    -229.591651747185)(2000202    -1146.81003484326)
1 7      - (1000000    -160.792513251846)(2000100    -277.027811437615)(2000102    -357.311628254013)(2000200    -96.4161442959346)(2000202    -267.747346203202)(2000002    -285.480608950958)(2000201    -298.318737469057)(2000101    -345.742104960548)(2000001    -313.162824986484)
4 6      - (2000102    -1679.99337910115)
2 6      - (2000100    -138.086891928146)(1000000    -913.087268721804)(2000102    -204.605169606981)(2000101    -192.328376990951)
0 9      - (2000001    -6.48515)(1000000    -208.437754103216)
5 6      - (2000201    -516.961636348844)(2000202    -241.823015966422)(2000100    693.149090786183)(2000102    -871.249481727765)(2000101    -1104.18885471183)(1000000    -651.256965482855)(2000002    -770.342398808987)(2000001    -723.773840582564)
1 10      - (1000000    -605.200372685959)(2000202    -1734.77728471355)(2000002    -1245.83165224106)(2000101    -1016.20328289534)(2000201    -762.451274404063)(2000100    -364.136499940601)(2000001    -929.841307923147)(2000200    -972.640443297105)(2000102    -915.630548854612)
2 7      - (2000201    -307.982619629138)(2000100    -463.716508633805)(2000200    -271.896237946074)(2000002    -369.610524845259)(2000001    -286.37769667914)(2000202    -393.003326245848)(1000000    -280.804165476138)(2000102    -403.524730060276)(2000101    -297.329450597288)
5 8      - (2000200    9360.21059500588)(1000000    8806.97259293997)(2000002    10158.0578097065)(2000001    9498.63139757679)(2000101    12426.3545684769)(2000202    6703.69697642251)(2000100    8709.59650358819)(2000201    8598.67447399632)(2000102    7669.84725156526)
2 5      - (2000101    -858.888075638029)(2000100    -1731.4917888062)(2000102    -769.43945591197)(2000001    -1050.43528740962)(1000000    -1401.72589957583)(2000200    -1364.67990465794)(2000201    -1722.29142431437)(2000002    -1090.07757514083)(2000202    -777.864240317334)
3 7      - (2000201    -394.373040782173)(1000000    -392.793578989084)(2000102    -345.29434352811)(2000202    -373.666856488866)(2000002    -315.668837292243)(2000200    -299.284856204756)(2000100    -349.851068790849)(2000001    -333.163474493178)(2000101    -275.13100966529)
2 8      - (2000100    -347.379380825366)(2000101    -244.457024559275)(1000000    -699.953179459916)(2000201    -243.892869121354)(2000002    -280.155595632617)(2000102    -202.875138490266)(2000202    -226.490619434138)(2000001    545.687968196285)(2000200    -645.144734068957)
4 8      - (1000000    4402.97183234)(2000002    2420.73802363583)(2000202    12331.053614121)(2000101    10849.5223499747)(2000200    3637.37599416181)(2000201    2730.57515528868)(2000100    4578.48694820569)(2000001    5350.43693419525)(2000102    6419.93972559866)
4 9      - (2000001    828.746859835571)(2000002    -1169.10528248144)(2000100    -1082.418403899)(2000201    -1041.72511511929)(2000202    -524.188574383225)(2000102    -392.847255643641)(2000101    -1238.2671794004)(1000000    -1185.63561035848)(2000200    -1246.49045521299)
8 3      - (2000100    -1274.70638497341)(2000201    -1183.29946484048)(2000102    -440.424829217446)(2000202    -487.833823569124)(2000001    -1231.70153389822)(2000002    -49.838343568241)(1000000    -1141.97937187035)
8 2      - (2000201    -620.954311243038)(2000001    -322.032507727047)(2000202    -613.768227975361)(2000200    -344.371992934747)(1000000    -333.140170854454)(2000101    -178.983615016778)(2000102    -165.20251421745)(2000002    -948.169264318549)(2000100    -866.251654922083)
6 1      - (2000002    -46.1189701651327)(2000201    -1100.86477776497)(2000012    -500)(1000000    -872.565343917777)
7 0      - (2000202    -159.204966545754)(1000000    -117.900079050045)(2000101    -102.577252339671)(2000200    -154.034178509507)(2000002    -91.9709495199511)
5 7      - (1000000    4021.24716268462)(2000201    10657.5059983027)(2000200    -618.211730802845)(2000102    3432.82697918793)(2000202    -713.774672486694)(2000001    1700.95207105594)(2000101    -843.747321636688)(2000002    -1197.43155240339)(2000100    -289.021597396687)(2000012    804.287290941365)
3 8      - (2000200    -627.189454430811)(2000202    -441.369684618075)(1000000    -1010.5851018356)(2000001    -242.312919748363)(2000201    -687.143325955402)(2000100    -965.680993051396)(2000101    -1116.22741603042)(2000002    7177.46684368807)
9 2      - (2000001    -1053.79547170896)(2000002    -900.645163034526)(2000100    -525.943334081596)(2000101    -314.196417137244)(1000000    -1190.67639143052)(2000200    -875.371563725676)(2000102    -1275.46485160766)(2000201    -1305.8698285329)(2000202    -854.383110333887)
9 3      - (1000000    -224.860740964305)
4 5      - (2000102    -474.584026030684)(2000001    -511.606159678285)(2000201    -613.113840782415)(2000101    -636.274885248845)
4 4      - (2000101    -994.35092187431)(2000002    -1031.9139181976)(1000000    -979.193232644056)(2000200    -979.450768250688)(2000012    -18.9046515713537)(2000100    -1098.13469338503)
7 4      - (2000101    -1063.64495801038)(2000201    -537.465214367283)(2000001    -454.73816996735)(2000012    -575.880380068865)(2000102    -167.980774115564)(2000200    -10.4491355278558)(2000202    317.970946382316)(1000000    -577.664212932992)
7 6      - (2000001    12179.3985873422)(2000002    12179.4091583189)(2000100    12179.4130091744)(2000200    12179.3906687764)(2000101    12179.397960813)(2000201    11182.7903745848)(2000102    11565.3007089743)(1000000    12179.3957302334)(2000202    12202.8385044439)
8 8      - (2000201    1815.74957937785)(2000001    -313.980433850011)(2000101    11105.6623010186)(2000202    -22.0575425468714)(2000102    -307.717749310917)(1000000    -108.256121351571)(2000002    2263.78836149031)(2000200    4378.99604296765)(2000100    4093.33874066796)
8 6      - (2000200    12112.5360955684)(2000201    12094.5332183004)(2000101    12201.7923057116)(2000001    10788.4493543082)(2000100    10837.5287494958)(2000202    11134.3270727911)(2000002    11755.3370267488)(1000000    10199.5814260923)(2000102    10877.7132907553)(2000012    1816.35316389052)
8 9      - (1000000    -139.85983696699)(2000100    -165.090179462829)(2000200    1760.27860569311)(2000201    -90.2051492923289)(2000102    589.715210866174)(2000001    -202.777794127944)(2000202    -95.2393389902897)(2000101    -216.644996536069)(2000002    -214.944012686235)
6 7      - (2000002    7084.38600128424)(2000201    4976.08389839142)(1000000    9217.5169291224)(2000100    8528.38478603761)(2000001    3370.19197809588)(2000202    7957.10696612827)(2000200    5519.57877779525)(2000012    2530.07004373455)(2000101    12311.5085065836)(2000102    6413.51342415365)
10 10      - (2000200    -501.790929114949)(2000201    -484.721064633768)(2000100    1880.18516151524)(2000001    1052.94655466538)(1000000    -147.260682951962)(2000101    -210.224027490172)(2000002    1249.1354630832)(2000102    -610.172039145349)(2000202    -526.69794441248)
6 8      - (1000000    12148.5318649165)(2000201    12148.4915306457)(2000101    12148.5353007338)(2000001    12148.4485145291)(2000002    12148.5168248116)(2000202    12148.5248732572)(2000102    12202.8327443427)(2000100    12148.5353911827)(2000200    12148.5358373999)(2000012    1691.15316758923)
9 5      - (1000000    6971.30095269737)(2000200    2113.44197495097)(2000202    3197.02590062278)(2000101    9942.22509695372)(2000100    2883.51023310712)(2000001    2555.25774822256)(2000102    4780.79693574012)(2000201    3978.54634418733)(2000002    3763.93287530598)(2000012    1327.4201239124)
9 10      - (2000201    8304.68751353138)(2000001    13384.172649034)(2000100    5276.32301067883)(2000202    -1162.38763360271)(2000200    8311.05538384279)(2000101    2497.09090089952)(2000002    6614.74725285869)(2000102    -879.501123063717)(1000000    6513.50825184619)
7 3      - (2000100    -681.694570527264)(2000201    196.503295197035)
7 7      - (2000101    8233.29096110107)(2000202    8541.42318950861)(2000001    9168.09966067152)(2000102    12246.0323188487)(1000000    9384.59955991603)(2000002    4488.43630035288)(2000201    9378.22795367569)(2000200    6980.58120525786)(2000100    10792.0649975429)(2000012    1913.0768619262)
5 9      - (2000102    -931.604584041265)(2000100    -154.130001089504)(2000002    -66.3019294885396)(2000101    12421.8488657251)(2000202    -23.9329419141133)(2000001    1814.1659250155)(1000000    -356.865726712057)(2000201    -74.3413037338167)(2000200    3437.03104018301)
7 5      - (2000101    9783.230831224)(2000100    12402.6473304997)(2000201    9523.57914203193)(2000002    9577.86295027576)(2000202    10926.8022668238)(2000001    6771.98945770258)(1000000    7706.83803356295)(2000102    10297.2951212211)(2000200    10471.1262998195)(2000012    4973.86743787083)
9 11      - (2000102    -471.021360141774)(2000101    -906.521978586708)(2000001    1959.72203639575)(2000200    -915.697876738097)(1000000    -1052.45396703976)(2000002    -607.089583660306)(2000100    -821.010710013542)(2000202    -129.53937829746)(2000201    -860.579251070065)
12 7      - (2000002    -1302.52307803258)(2000102    -1062.29734205566)(2000202    -757.899334234749)(2000201    3388.48347112862)(2000101    -998.051046601028)(2000200    -979.981160580295)(2000100    -862.947467911024)(1000000    -1013.89206583901)(2000001    -944.056979219905)
12 8      - (2000200    -1443.25266030121)(2000201    -618.043274990837)(2000001    -1291.43569296308)(2000100    -1237.44635307258)(2000002    -1442.55493258363)(2000101    -1298.49556492721)(2000102    -822.099569926222)(2000202    -1154.70488934789)(1000000    -1304.93755042961)
11 9      - (2000200    -802.267347248713)(2000201    -977.913803424287)(2000001    9505.79128788058)(2000002    -346.056528220268)(2000100    -602.410922872851)(1000000    -332.296778181947)(2000101    -908.860674798966)(2000202    -1141.24099890934)(2000102    -1141.56726887655)
13 9      - (2000100    -1257.86561659276)(2000202    -1087.44892156446)(2000002    -1278.42109521708)(2000001    -1208.68999222249)(1000000    -1453.41339714967)(2000200    2009.63295607908)(2000102    -604.15371620944)(2000101    -1223.5270916623)(2000201    -1382.3989328746)
10 13      - (2000201    -723.706132945992)(2000002    -636.825942280786)(2000202    -467.681900187062)(2000100    4328.14213556251)(2000101    -1291.47301222542)(2000001    -927.699481127928)(2000200    -939.785474137404)(1000000    -867.513033884999)(2000102    -207.949202564277)
13 8      - (1000000    -79.1272454991159)(2000001    -621.670389011757)(2000101    -975.873775526798)(2000201    -875.810710342317)(2000202    -757.692048151497)(2000002    -1115.66145552192)(2000100    -920.689309647595)
7 12      - (2000002    -1063.27592210651)(1000000    1039.98411470005)(2000101    731.099653038532)(2000102    -383.973966617176)(2000202    -759.954779530827)(2000201    -1258.13916680364)(2000100    -963.462996919862)(2000200    4306.00711060039)(2000001    -1028.92049588498)
8 13      - (2000012    -584.434148839256)(2000202    -361.205285352933)(2000101    -1404.03150447861)(1000000    -1161.05646911901)(2000001    416.05735897544)(2000100    -631.409306447159)(2000201    2740.13309631517)
9 9      - (2000002    5469.15322112872)(2000201    -670.452443135816)(2000200    -654.60428309472)(2000001    60.294750618269)(1000000    -105.057006016073)(2000202    -173.007777406672)(2000101    -32.6312982117641)(2000100    130.605466885159)(2000102    -972.591523863346)(2000012    -743.459229510636)
13 6      - (2000200    -1307.35364585027)(2000002    -863.490167066439)(2000101    -1266.85399246834)(2000001    -1282.81344370318)(1000000    4396.71349374341)(2000100    -744.638047077518)(2000102    -957.628959816924)
5 10      - (2000001    -866.295110815541)(2000201    -1052.46108953774)(2000101    -923.243078786539)(2000200    3390.73576351838)(2000102    -964.295936700032)(2000202    -928.934990959989)(1000000    -665.781231659592)(2000100    -842.422769722265)(2000002    -799.358041425253)
11 5      - (2000002    2049.25517050521)(2000202    -728.185111164075)(2000102    -476.272273765541)(1000000    765.106125245071)(2000100    -851.350998034362)(2000200    -1250.85948836873)(2000201    -1107.40384088285)(2000101    -979.309846297818)(2000001    -1266.05716787691)(2000012    -768.854926406578)
11 6      - (1000000    -1146.8171784025)(2000200    -840.208722194359)(2000100    -1328.01511920819)(2000001    4501.28326967069)(2000101    2548.90332210206)(2000002    -838.091570651877)(2000202    -99.9248587720842)(2000201    -907.473448690776)(2000102    -854.912523278297)
11 12      - (1000000    4631.37148623936)(2000001    11551.7435769598)(2000200    3179.92911037686)(2000002    -921.326676060638)(2000101    -932.368235344499)(2000201    -1104.68878758526)(2000102    -612.411487351682)(2000202    -545.092296928871)(2000100    3127.23562674887)
13 12      - (2000001    13831.8341442826)(2000201    -1503.94153609075)(1000000    10161.6217380789)(2000100    8840.15269213381)(2000101    -890.595839120762)(2000200    9303.1557871627)
7 9      - (2000202    -78.7667240546205)(2000001    -152.666397084845)(2000101    -99.1743212447507)(2000200    -81.6367689918256)(2000201    -134.51154504063)(2000100    -92.1373696850011)(2000102    -146.240008555993)(1000000    -162.189224120899)(2000012    -319.992545828446)(2000002    5186.03297215935)
10 11      - (2000001    1750.97025472038)(1000000    8024.00710666567)(2000200    348.938406176797)(2000100    -799.373968560525)(2000201    -643.314856153769)(2000012    -1074.71947860338)(2000101    -938.089159358668)(2000202    -748.408344487075)(2000102    -637.01642239392)(2000002    -871.230470636624)
11 7      - (2000101    -1003.74127887098)(1000000    -1074.11582073873)(2000202    -713.18499356147)(2000100    -1153.96751533073)(2000201    -1173.26667887871)(2000001    -1099.53742204953)(2000102    -843.450585998062)(2000002    5233.24535654208)(2000200    -819.259787871658)
12 5      - (2000200    -1179.98918867863)(2000100    -1156.93809165055)(2000002    -1011.13469902424)(1000000    -1134.69599083013)(2000102    -652.761051853361)(2000001    -1177.3028154038)(2000101    -1465.32011841005)(2000202    -873.853226395316)(2000201    -1112.43540873107)(2000012    -828.590922688782)
13 5      - (2000102    -632.785601958253)(2000001    -1161.95801706571)(2000202    -865.406857908258)(2000002    -936.315777997516)(2000101    -1454.32447988405)(2000100    -1035.34365716238)(1000000    -1166.48719903674)(2000201    -750)(2000200    -1116.94893882626)
11 11      - (2000002    -1670.67350368209)(2000200    13773.7384738579)(1000000    6293.50129935377)(2000001    8015.78339368043)(2000101    -790.264330876248)(2000201    -798.916372222055)(2000102    -596.229336347855)(2000100    9886.36681312708)(2000202    -860.86499959412)
7 11      - (2000001    -1074.36604064831)(2000201    1212.78518782916)(2000200    1522.33503581984)(2000100    612.866538003519)(2000002    6474.71156615379)(2000102    -888.601539506855)(2000101    -1010.17581390923)(1000000    -929.516819942089)(2000202    -948.698095773755)
12 13      - (2000001    7940.50062243438)(2000101    -428.777718432592)(2000201    -622.236938346244)(2000202    -375.89939501036)(2000102    -213.386144542254)(1000000    14055.4385226228)(2000200    6928.83540304345)(2000100    8513.10915788027)
10 6      - (2000201    11293.9905525064)(1000000    -1007.5891709884)(2000100    -25.7179808370752)(2000202    -683.397433976634)(2000200    -457.733802126389)(2000101    -470.722295260573)(2000001    -517.133099431976)(2000102    -759.248423251734)(2000002    3572.39779457127)
10 8      - (2000102    -88.5530288053805)(2000101    212.89807675388)(2000001    -369.822652271887)(1000000    -825.371159618637)(2000002    -274.261161450967)(2000201    -230.733573680958)(2000200    -197.469169406223)(2000100    215.284715699413)(2000202    -416.004121548437)
4 10      - (2000102    -486.352954094031)(2000202    -599.300327209092)(2000001    -993.635891365508)(2000101    -1110.73534438347)(2000002    -1124.98313242895)(2000200    -1058.72134355067)(1000000    6913.15847355711)(2000201    264.818423258285)(2000100    -1114.70820467023)
8 7      - (2000100    -397.756362907278)(2000002    -286.244281399659)(2000001    -606.385988869872)(2000202    811.311818954567)(1000000    11766.4677753209)(2000200    -483.252181141088)(2000102    681.575349426651)(2000101    2752.14997892466)(2000201    267.188138556164)
10 7      - (2000101    -598.730716221094)(2000100    -392.928534421521)(1000000    -341.720207957205)(2000201    374.054134806276)(2000102    -725.283161127209)(2000001    3575.42365332804)(2000202    -449.373647605004)(2000002    -387.26945648402)(2000200    -818.442186584661)(2000012    805.371183813175)
10 12      - (1000000    2465.52366505381)(2000001    -146.35531879972)(2000102    -258.774587595336)(2000200    -256.885500514328)(2000100    10143.1855912968)(2000202    -177.119381075636)(2000201    -762.291081608304)(2000002    -603.668302896057)(2000101    -441.484993803506)
11 8      - (2000101    -534.474003669484)(2000202    -317.116744869719)(2000201    -536.123265413173)(2000002    3006.29356799221)(2000200    -320.549540779597)(2000100    -362.245378237362)(1000000    -367.760580831053)(2000001    -329.383547423204)(2000102    -354.031961916913)
10 9      - (2000200    10204.8286572189)(2000201    9983.31256168639)(1000000    8762.21609544707)(2000001    14689.2187756659)(2000102    -625.208518603949)(2000100    8795.59935151104)(2000101    9400.9767278031)(2000002    11016.4583881714)(2000202    -148.361041859848)
11 10      - (2000002    -931.859198145228)(2000100    4946.82460721251)(2000101    -678.463037437362)(1000000    1855.71667117627)(2000200    6129.50258260031)(2000102    -701.231461198256)(2000202    -308.373260520044)(2000001    11908.2388806802)(2000201    -331.781351010971)(2000012    80.6275008028559)
3 14      - (2000201    -294.208350333582)(2000001    -1209.719513193)(2000002    2375.43533122315)
7 8      - (2000002    11816.6680055671)(2000201    10447.7340297275)(2000001    12167.3540111206)(2000101    12167.3290794615)(2000102    11644.1713070747)(1000000    12202.8465496716)(2000202    12167.340064897)(2000100    12167.3416150269)(2000012    -732.75022916114)(2000200    11739.9714385892)
6 14      - (2000202    -360.72710753408)(2000200    -308.012258956535)(1000000    -421.017025486077)(2000101    -482.813504888918)(2000100    -718.981442330212)(2000001    -425.966227200718)
4 12      - (2000102    -1302.43137138317)(2000200    -1073.26140608802)(2000002    2107.87121420511)(2000202    -826.482704345421)(2000101    -1294.01244449809)(1000000    -757.77715090903)(2000201    -1596.45452725749)(2000100    -938.1371673707)(2000001    -1104.61202964117)
12 10      - (2000102    -1185.50943232054)(2000002    994.021632659792)(1000000    8894.35349201329)(2000200    13644.3088504687)(2000201    -1406.32666670555)(2000101    -1583.01366147294)(2000001    4811.11369842934)(2000202    -1291.33065941652)(2000100    7419.3365016275)
9 14      - (2000200    -1213.88112303201)(1000000    -989.75183617355)(2000101    -1486.33516457702)(2000001    -1233.81115217193)(2000202    -508.198610465901)(2000102    -514.608125347644)(2000201    -1466.75891708927)(2000002    -1236.34466457141)(2000100    -964.941349672073)
12 9      - (2000101    -1147.58220731915)(1000000    -1499.73816791005)(2000001    -1465.25781865424)(2000202    -1063.06800763614)(2000002    -398.278386606319)(2000200    -1079.24481984892)(2000201    -1239.96930740787)(2000102    -1159.46877329231)(2000100    -1067.10003423712)
12 6      - (2000100    -940.068850617912)(2000002    -1181.89660935778)(2000101    -1262.71094872339)(2000102    -923.265792957957)(2000200    -1079.66805737374)(2000001    -937.631202994565)(2000202    -765.353891459216)(2000201    -1033.38279527439)(1000000    -1164.75517386832)
10 4      - (2000002    2543.03302213202)(2000202    -621.844625882763)(2000101    995.17392634423)(1000000    10692.7766781916)(2000100    -1010.80247991996)(2000201    2797.28267178833)(2000200    4767.63019058954)(2000001    655.641001678594)(2000102    -603.662521125741)
5 12      - (2000102    -950.574391962257)(2000001    -1129.10844797018)(2000002    -1098.7328175172)(2000100    -1018.69652902979)(2000201    -1036.94415697887)(1000000    -1210.52613120984)(2000200    -1236.52217526593)(2000202    -872.56767952592)(2000101    -593.652672757015)
7 13      - (1000000    -1275.47035105188)(2000102    -785.607505930465)(2000001    -1483.82589313316)(2000200    -898.559022462331)(2000201    -1390.20053459256)(2000002    -819.055273825011)(2000202    -540.858071143553)(2000100    -920.46074222213)(2000101    126.301400471313)
13 4      - (1000000    0.988719736519869)(2000102    -359.578812649403)(2000200    -478.072208929168)(2000002    -401.749325620038)(2000202    -372.376269002909)(2000201    -913.171396400262)(2000100    13809.5974905052)(2000101    3492.05993445206)
12 3      - (2000002    -1145.39954575757)(1000000    -1113.56312873878)(2000202    -865.764824558116)(2000001    3769.2385267694)(2000201    1933.47163563724)(2000102    -477.066874205573)(2000101    -516.989411742355)(2000200    928.702254056638)(2000100    -1249.39802890636)
5 11      - (2000201    -933.547350504442)(2000202    -1032.89422816058)(2000002    3724.9416080969)(2000100    1275.54789142378)(2000001    -970.993561626502)(2000102    -505.798243698701)(1000000    -1453.18365954395)(2000200    -1074.68271892121)(2000101    -942.060709548309)
4 11      - (2000101    -1338.68751028449)(2000001    -680.856572766365)(2000201    1744.33613217547)(2000102    -143.389278895387)(2000100    -1261.15814416985)(2000202    -131.667988905244)(2000002    -701.315700978024)(2000200    -1091.41976941715)(1000000    -1314.2905655099)
13 3      - (2000102    -424.836126451403)(2000201    -488.894904386161)(2000200    -458.907787109212)(2000101    540.508201392725)(2000002    -728.255107067856)(2000202    -581.572874570732)(2000001    4206.60303886965)(2000100    -253.085584254565)
7 14      - (2000201    -737.524512327038)(2000100    -770.892312078016)(2000002    -695.309991215463)(2000102    -138.122828177613)(2000001    -648.678190768671)(2000202    195.919238545633)(2000200    2965.89694243538)
12 12      - (2000002    -1235.82309970495)(2000200    1178.71353937133)(2000001    13959.5667281956)(2000101    -1344.9672481946)(2000202    -1067.52075479816)(2000012    797.071275425254)(1000000    6932.6917409757)(2000100    6505.23210697306)
9 6      - (2000201    9284.58225583327)(2000101    8948.23330767319)(1000000    9707.64095383882)(2000202    9615.85638768043)(2000001    9199.37113464178)(2000100    8548.53855814624)(2000200    12391.5591575398)(2000102    8327.71242857979)(2000002    8987.53436033009)(2000012    -482.060392998439)
4 13      - (1000000    -1172.80999355705)(2000001    -1017.0232462589)(2000102    -575.786598940353)(2000100    -1151.5096156717)(2000002    -1046.60331100328)(2000101    -973.254856143126)(2000012    458.927609260161)(2000201    -1002.80086683124)
9 8      - (2000002    -518.09115128396)(2000200    15.617176687969)(2000001    -149.171821413867)(2000201    -21.5246707519874)(1000000    -68.4550338331984)(2000101    -473.228666371)(2000202    129.728968756824)(2000012    -608.320324381125)(2000100    -628.416949393738)(2000102    169.355001223796)
14 4      - (2000002    -284.721188196731)(2000202    -455.154505638532)(2000200    -335.206069181878)(2000102    -259.784621846314)(2000101    -325.143200936213)(1000000    1196.68710265788)
6 9      - (2000002    7156.00818575702)(2000102    6897.24388394687)(2000101    5325.51586200845)(2000200    1694.55185366489)(2000001    6303.7772404719)(1000000    4196.11300961985)(2000201    6217.47272971185)(2000100    4962.67668730992)(2000202    11005.6933408463)
13 10      - (2000101    -1328.45096225293)(2000002    -990.104884507882)(2000100    -1259.38386102582)(2000201    -1047.81620620441)(2000202    -812.533014153654)(2000001    -892.460569485563)(2000102    -34.8573254143762)(1000000    5908.51394143438)(2000200    12799.8743124707)
10 14      - (1000000    2269.54857270482)(2000001    -608.177809503021)(2000002    -929.857505392277)(2000102    -295.576098241037)(2000200    7480.23469372922)(2000100    2370.54123185724)(2000201    -746.488165394234)(2000101    -739.77618319475)(2000202    -307.305642751691)
10 5      - (2000102    -673.838314612717)(2000200    8929.30071316104)(2000201    7608.19514270205)(2000101    -1216.44133287736)(2000001    -1169.12253752388)(1000000    -1183.9766764035)(2000002    -899.667531900191)(2000202    -980.313928509975)(2000100    1095.61440130232)
6 10      - (2000002    10563.9855669252)(2000001    1991.90871188494)(2000102    -777.075528202057)(2000202    4164.8461394853)(2000100    2605.92728171762)(2000101    1860.09041605612)(1000000    1011.27336880877)(2000200    2148.11223518316)(2000201    -486.093812526023)(2000012    -709.062849317393)
3 13      - (2000100    -574.834750286944)(2000201    -496.88209813499)(2000001    -781.509483271823)(2000102    -354.639062530563)(2000002    8075.29870930665)(2000202    -306.286667268902)(2000101    -683.262244274492)
4 14      - (2000100    490.913283498577)(2000202    776.298017106894)(2000102    -467.766322945643)(2000002    458.070216577918)(2000101    380.129518864573)
8 4      - (2000001    -1115.56472112815)(1000000    5587.06481173239)(2000101    -1301.78534843096)(2000100    2445.88935095341)(2000102    -675.919723148945)(2000200    -1145.58822078496)(2000002    11142.6933890627)(2000201    5340.32897297487)(2000202    2691.31731635195)
8 5      - (2000202    3040.27043549987)(2000101    3989.47723877467)(2000102    12775.6559293183)(2000201    8776.33524754143)(2000002    6616.27949735958)(2000001    5462.18293642265)(1000000    9166.61528636057)(2000200    2669.41071607849)(2000100    1369.55876686628)(2000012    3504.30021384708)
11 4      - (2000101    -1249.0616203031)(1000000    799.097989566412)(2000201    -1280.0364562376)(2000102    -556.773304744024)(2000100    -793.13701300968)(2000002    -330.107878943815)(2000001    11397.9046247461)(2000200    2165.41352475)(2000202    -621.99538045712)(2000012    182.792166025569)
3 9      - (1000000    -1436.16462308137)(2000002    -1313.27947686579)(2000100    -1166.43613194812)(2000200    1664.04379344617)(2000101    8559.88790822376)(2000001    947.747947631354)
9 4      - (2000201    -1011.4511992094)(2000101    -818.375542736709)(2000002    1304.06417135725)(2000102    1295.46186297047)(2000202    118.5220295168)(2000001    5220.77524252868)(2000100    2519.50502854528)(1000000    12011.3016090975)(2000200    1376.13609000909)
12 11      - (1000000    6337.63454985559)(2000001    9261.8870471173)(2000002    465.301494515125)(2000100    7175.30292749043)(2000201    -1046.06331875171)(2000101    -917.515011085224)(2000200    13997.8694854904)(2000102    -292.517658542917)(2000202    -244.926242997546)
12 4      - (2000001    4948.79543644595)(2000101    -1440.1018127065)(2000002    -1426.53980379832)(2000202    -1335.10796435919)(2000100    -1459.48769601377)(2000201    -1699.89565535247)(2000200    2037.58852407649)(1000000    -1544.0427524077)
8 10      - (2000101    -684.072916035147)(2000202    -703.872368757623)(2000001    -1114.80569460584)(2000200    -1250.42490441819)(1000000    -311.499851729635)(2000102    -351.363604062329)(2000201    -419.695247166379)(2000002    -1029.33598473241)(2000100    4676.71749782821)
3 11      - (2000100    -1219.12314855497)(2000201    2208.41426549488)(2000002    5404.27377311579)(2000101    -1063.45060496108)(2000200    -985.303437515582)(2000001    -764.683709385743)(2000102    -238.945611215083)(1000000    -864.512255716041)(2000202    70.9541256796149)
2 9      - (2000002    -1469.65366623931)(2000101    -1244.00636032455)(2000100    10743.9606214835)
3 12      - (2000101    4216.09804447206)(1000000    466.658741945093)(2000202    -796.18832485305)(2000100    1358.25878934283)(2000201    1025.38861770813)(2000102    -761.283100021433)(2000200    1765.97148652314)(2000001    10319.5530480305)(2000002    -1012.86118204114)
3 10      - (2000001    807.617839939869)(2000202    -321.807860023392)(2000002    3278.03288538516)(2000100    4972.3744858759)(2000101    -1021.50587703431)(1000000    9902.12162861264)(2000102    -264.881093294425)(2000201    642.45303692327)
5 14      - (2000101    -1627.75752590374)(2000001    -1247.93431640391)(2000002    -1486.41785055129)(1000000    -1427.6637191432)
14 2      - (1000000    6502.80485649504)(2000100    1824.68609648915)
11 13      - (1000000    29.448284001481)(2000100    4895.99035348465)(2000200    783.020135166621)(2000102    -781.636313282489)(2000101    -818.41431385423)(2000002    624.08603846316)(2000001    661.314285087521)
5 13      - (2000001    -922.609324922257)(2000002    -414.515423558942)(2000101    131.349633132508)(2000100    -625.319062356178)(2000202    -555.386893186112)(2000102    -1107.00226892503)(2000200    -641.476520565171)(1000000    -881.001907394332)(2000201    -1211.15058826599)
7 10      - (2000201    -355.497998514412)(2000100    500.689974425964)(2000001    363.261069270405)(2000202    388.328398362439)(2000101    196.07596317597)(2000200    647.534521723335)(1000000    5692.76251102801)(2000002    1222.87627236538)(2000102    -248.422619759353)(2000012    -1388.03024120457)
9 7      - (2000100    -29.1597505430447)(2000201    -364.674685705501)(2000200    111.603517497155)(2000101    26.477109026107)(2000102    626.77668814307)(2000002    101.794687417944)(1000000    6227.26714650015)(2000001    -61.3011251434953)(2000202    1585.55432341892)
2 10      - (2000202    -381.634625148138)(1000000    4800.57392692383)(2000201    1810.17279825352)(2000002    11333.3546667319)(2000001    5552.79523457629)(2000101    2772.5436142215)(2000100    2467.90915455864)(2000200    4902.91250728609)
6 12      - (2000002    383.737247584945)(2000201    -1203.5794551244)(2000100    -973.068444157771)(2000200    -1156.66223125773)(2000102    -808.444560473829)(2000101    1333.81171774564)(2000202    -1141.88646276956)(1000000    5603.03026362549)(2000001    -367.969052711429)
8 11      - (2000200    10988.3768786721)(2000100    2027.46106666668)(1000000    -1251.59709873812)(2000002    -1635.36118464935)(2000001    4998.38784624582)(2000201    344.639860570678)(2000102    -834.463507937328)(2000202    -1204.2463222389)(2000101    2277.70478191051)
6 11      - (2000002    8027.28780487734)(2000100    -291.934106878331)(2000200    -835.876145355912)(1000000    -849.935065506005)(2000201    -636.509181354632)(2000001    -900.677069758332)(2000101    -893.986347779214)(2000202    -845.722053405641)(2000102    -543.227498796209)(2000012    -767.878072699667)
12 1      - (1000000    -579.470031822954)
13 7      - (2000200    -933.050859217886)(2000002    -886.569586078792)(1000000    -773.110852888501)(2000202    -899.347126204245)(2000201    848.210593879906)(2000102    -603.579147531505)(2000001    -1015.8706472028)(2000101    -1146.10773537868)(2000100    -914.238301257267)
8 12      - (2000002    -1245.38133069502)(2000100    -548.680002457161)(1000000    -1354.63356345343)(2000200    -1241.74062051688)(2000001    -1271.56440757554)(2000201    -1377.98769164804)(2000202    -491.343940793856)(2000101    -1326.98577045209)(2000102    -49.7454448513255)
2 12      - (2000201    9012.86938308631)(2000200    371.933629624652)(2000102    -253.980598407158)(2000001    3678.75826407955)(2000100    1572.92914603468)(2000002    3832.45814741715)(2000101    -510.503171236989)(1000000    -225.021863539737)
2 13      - (2000200    -235.781960172461)(2000100    -183.513644204582)(2000201    -269.154115767039)(2000101    5079.30379092776)(2000102    -202.379211300766)(1000000    1310.73568404742)
9 13      - (2000001    -989.91089022197)(1000000    -599.390696058769)(2000002    -734.209986283797)(2000202    -676.544259310931)(2000100    798.716933102042)(2000101    -863.54873974937)(2000201    -921.338285151865)(2000200    -990.043136132909)(2000102    299.616837204884)
14 10      - (1000000    8449.80835407597)(2000200    -1266.5838635779)(2000100    -1260.8832575432)(2000102    -44.22897025815)(2000101    -850.358087193835)(2000202    -845.966239781817)(2000001    -1072.33089618469)(2000002    -1306.32359080077)
10 2      - (1000000    -95.2575401457009)(2000100    -855.972191254359)(2000200    -884.778891309071)(2000201    -1125.81149726931)(2000002    -981.498848748538)(2000102    -884.104797044293)(2000202    -478.381261518921)(2000001    -1024.37362873363)(2000101    -307.542159437389)
14 13      - (1000000    1434.52756205864)(2000001    729.986704479573)
13 11      - (2000100    7679.25203508137)(2000201    -1357.89608019011)(2000001    6252.28853099959)(2000101    -1405.97321088661)(2000102    -862.146289157969)(2000200    8047.65000052427)(1000000    13645.610164175)
11 2      - (1000000    -337.756477907016)(2000200    -1153.84236832535)(2000201    -1151.71005324499)(2000102    -1266.44273688454)(2000202    -1135.04150959633)(2000100    -1362.84323113479)(2000002    -550.054254152917)
14 11      - (1000000    -88.0920172147944)(2000100    4662.01553367209)(2000200    637.820155108104)(2000001    9807.24491584334)
6 13      - (2000100    -1054.67426760162)(2000200    -1348.58166439783)(2000201    -1201.38520163496)(2000101    -1071.17174015943)(2000202    -654.148939022086)(2000102    -1190.8428568918)(2000001    -1114.24119722591)(1000000    844.464227764089)(2000002    2210.42139734317)
9 12      - (2000101    -1268.10423042274)(2000002    -1144.19896310362)(1000000    -1290.16729271958)(2000001    -1051.92203958512)(2000201    -1091.3455946187)(2000202    -610.623654626602)(2000200    -1131.52006706102)(2000100    -1116.53764608692)(2000102    -509.643719105563)
11 14      - (2000002    -289.630480127398)(1000000    8139.13992870728)(2000201    -1057.929007557)(2000001    2489.94750000978)
3 5      - (2000002    -832.463791419947)(2000001    -1512.68111737607)(1000000    -1531.53596289794)
14 9      - (2000002    -1266.2576615338)(1000000    -1318.70049263623)(2000202    -534.085156568001)(2000102    -502.281872994437)(2000001    320.37599022262)(2000201    -1317.67530572178)(2000200    -1548.15099396778)
12 14      - (2000101    -901.300869710261)(1000000    4357.70733863003)(2000100    12071.9856449186)(2000200    4664.36684022848)(2000001    1604.46579138077)
12 2      - (2000102    -920.396369075754)(2000101    -781.191678241523)(2000201    -907.379547113313)(1000000    -144.050696958465)
13 13      - (2000200    2673.66477584316)(2000001    12181.4582476797)(2000102    -600.18553861012)(2000201    -793.568148118019)(1000000    3111.01399710175)(2000202    -535.054104962012)(2000100    5812.0813298065)
14 1      - (2000201    -654.032095048549)(2000101    799.257641702589)(2000102    -853.397163947147)(2000002    -663.983514778893)(1000000    -577.052274561097)
14 12      - (2000001    12823.3523240568)(1000000    4674.36844461831)(2000200    5043.99389666442)
1 11      - (2000101    -737.377066152429)(2000100    -1111.41976438103)(1000000    -721.488747836021)(2000202    -857.434810127192)(2000201    -1702.16763213323)(2000102    -697.402029687051)(2000200    -973.716563508033)(2000001    -897.841667239137)(2000002    -1102.09013489706)
14 8      - (2000002    2640.55705297341)(2000100    -1107.81760355413)
14 7      - (2000002    -1442.90026721424)
14 6      - (2000100    -1158.04930400507)(2000001    -1529.31214363059)(2000101    10026.3511776562)
13 1      - (2000200    5064.27535566643)(2000202    -410.744276759294)(2000002    1626.06094494974)(2000201    2117.61940080413)
14 5      - (2000002    10588.0416590732)(2000100    578.041213769601)(2000200    1640.06556792123)(2000102    3287.51032976111)(2000001    2758.71232662344)
6 4      - (1000000    575.275755255642)(2000100    434.03570330841)
2 14      - (2000201    4860.12548094102)(1000000    10281.4167201568)(2000001    4092.49076371205)(2000200    2407.83392733115)(2000202    4950.68002625875)
2 11      - (2000001    4012.28190611947)(2000201    2963.54645679097)(2000200    11899.0182420565)(2000002    3119.67206580797)(1000000    4799.84590854497)(2000100    6518.67390801371)
12 0      - (1000000    -430.4156364714)
14 14      - (2000200    529.830680869555)(1000000    985.342804607132)
13 14      - (2000100    1145.92589906202)
13 2      - (2000100    7930.11070509164)(2000101    1934.77367089221)
1 12      - (2000201    1055.30195333172)

