225
0 0      - (2000101    12766.2360923087)(2000002    12732.5634021599)(2000201    12800.2012289572)(2000221    -2363.83596068893)(2000121    -2097.35037275171)(2000012    12378.246847261)(1000000    13250.938956154)(2000211    12448.734382896)(2000111    13259.8976374292)
2 0      - (2000121    -779.202457997656)(2000002    12036.6129024864)(2000201    10973.8757742002)(1000000    12931.2260036118)(2000101    12088.6752102359)(2000211    8514.93664224148)(2000111    11536.9185575763)(2000012    8435.78213813297)
1 1      - (2000201    12043.8916853841)(1000000    13270.6724751393)(2000101    11203.5699398463)(2000002    11753.3115336292)(2000111    13290.4518204296)(2000211    8793.91682652426)(2000012    9335.38396727079)
3 0      - (2000012    10944.5505590749)(2000101    11547.823768401)(1000000    12929.7907998281)(2000002    12360.9351856985)(2000201    12095.33770205)(2000111    11079.7714096712)(2000211    10813.8655985384)
1 2      - (2000211    5156.41294627959)(2000201    6091.19730713982)(2000012    4501.41897939514)(2000121    -500)(1000000    7113.17796118657)(2000002    5737.56148271685)(2000101    6531.60203142916)(2000111    7365.33951144092)
0 1      - (2000002    9148.84171890976)(2000201    11182.4267484816)(1000000    12855.6461027977)(2000012    5475.28920410403)(2000101    10419.5668484709)(2000211    6264.16861689922)(2000111    7458.00998946378)
0 2      - (1000000    6566.45131939823)(2000101    6840.51252806045)(2000002    6324.93653131749)(2000201    6257.58196372619)(2000211    5427.17262274569)(2000111    6709.99607486933)(2000012    5787.48089551357)
2 1      - (2000201    11509.3337553454)(1000000    12943.9458883365)(2000101    10481.6248708048)(2000211    8701.26526665716)(2000002    12218.8634373135)(2000012    9177.77654892777)(2000111    12834.0804798353)
1 0      - (1000000    13304.8049224696)(2000002    12514.4683859343)(2000101    12431.3430302894)(2000201    11756.8765550814)(2000111    13313.7633859865)(2000211    11912.5318611719)(2000012    10995.9406583874)
1 3      - (2000002    5572.81081631619)(2000101    5985.44303077079)(1000000    6396.73683870265)(2000012    3464.61392213948)(2000111    3578.21972481263)(2000201    5912.36299371408)(2000211    448.016953573495)
2 3      - (2000201    6220.50535458341)(2000002    6326.609357286)(2000101    7535.9906398813)(1000000    12725.754440677)(2000012    3516.3572951155)(2000111    7497.41327055675)(2000211    4692.83739750019)
3 2      - (2000101    12214.1661216019)(2000002    11613.2625944147)(2000201    11976.1066673154)(1000000    13300.8614061181)(2000111    13338.4628384471)(2000012    11559.2976637437)(2000211    10577.6639721433)
3 5      - (2000002    -790.431849575544)(2000101    -989.890388707624)(2000111    -708.178032480293)(1000000    4140.5185532622)
3 1      - (2000022    -904.888871844872)(2000221    -1102.75924789658)(1000000    13094.4930197194)(2000101    9552.88959080258)(2000201    9382.97259059471)(2000012    6727.61409589261)(2000002    11357.211112831)(2000211    8167.67629372961)(2000111    13345.2603071513)
1 6      - (2000201    4073.44703642371)(2000101    5116.11165634663)(2000002    5678.10398593156)(1000000    12088.1798860174)(2000221    -732.601020794211)(2000012    4575.04218854923)(2000211    5201.87532988793)(2000121    -745.713764682687)(2000111    1626.27328035564)(2000022    -141.343476100116)
8 1      - (2000221    -959.79450108023)(2000211    10901.0190935691)(2000121    1278.18945531293)(1000000    13174.7912264621)(2000012    10406.8860990493)(2000101    11143.9092978109)(2000201    12827.3219243786)(2000111    10058.9091097442)(2000002    11115.9963574912)(2000022    120.52007323735)
2 2      - (2000211    6902.40665379789)(1000000    12844.7463433929)(2000002    10790.6338289568)(2000201    11249.7803867288)(2000101    8555.4178211022)(2000111    10965.162280019)(2000012    8317.10776170907)
0 11      - (2000012    7168.40527466911)(2000111    6461.80356619322)(2000101    6507.41286410202)(2000002    6337.24586365725)(2000201    6282.48256860252)(1000000    6425.24805165033)(2000211    6375.98526483526)(2000121    6426.93720701314)(2000022    7575.46282292126)(2000221    6701.82977293571)
0 4      - (2000002    5466.62996206094)(1000000    7011.74251972724)(2000012    2889.98675483354)(2000111    3049.19438627876)(2000101    5379.92250345514)(2000201    3423.65235568671)
7 0      - (2000002    8552.345652862)(1000000    13287.7467849098)(2000012    6758.67426377011)(2000221    -925.038324303415)(2000022    131.271535576503)(2000121    -948.238040842344)(2000211    9202.48676558795)(2000111    7861.98172642543)(2000201    11131.6803265426)(2000101    8937.68004281261)
1 8      - (2000101    2290.46454777743)(2000022    30.169344259758)(2000221    -1039.4371179097)(2000002    6443.70884584628)(2000201    2193.35692736056)(2000211    3947.96686420205)(1000000    12321.0681444985)(2000121    -1004.60737894693)(2000111    4926.89252797806)(2000012    4256.4664457406)
8 0      - (2000211    9290.38591641664)(2000111    9659.14017674545)(2000121    121.969331402298)(2000012    10580.0892704806)(1000000    13119.674147363)(2000101    10576.6486799714)(2000002    12617.0745203303)(2000201    10588.6397997975)(2000022    2462.9429494092)(2000221    407.182683669022)
0 9      - (1000000    8767.93463532422)(2000012    2884.01039464171)(2000201    -922.203298143906)(2000101    32.6748255665634)(2000022    240.954554752686)(2000002    661.266894442568)(2000221    -925.311224426111)(2000121    -918.883648004125)(2000211    581.04120676648)(2000111    -531.131200822474)
10 0      - (2000111    12440.9387028133)(2000022    12655.6698461083)(1000000    12784.184990553)(2000201    12252.4435938595)(2000221    12388.412461244)(2000211    12483.1823201665)(2000002    12440.5078857424)(2000101    12457.5080387119)(2000121    12441.3628335056)(2000012    13272.6893995865)
9 0      - (1000000    12930.01473502)(2000121    -892.01981929316)(2000101    6060.52037593665)(2000221    -927.122078931592)(2000002    4583.48778512153)(2000201    4247.19590455339)(2000111    -615.381965025947)(2000022    1169.07903271753)(2000012    4636.67313238907)(2000211    3901.12548597348)
0 10      - (2000201    5128.69370645464)(2000022    4156.25863647514)(2000221    4894.37436983968)(1000000    12724.9039632585)(2000121    4924.207623881)(2000211    3582.35346937539)(2000002    3823.98511590937)(2000101    3269.11995414751)(2000111    4533.01598862695)(2000012    9644.97653571189)
6 2      - (1000000    1116.59478105768)(2000201    4473.39769348261)(2000101    1980.64099935661)(2000012    -901.673008441195)(2000002    6452.72987497434)(2000211    1803.07705807755)(2000111    -1024.12407544297)(2000221    -908.704223289156)
7 2      - (1000000    13554.7137063174)(2000101    7218.02340131315)(2000111    6663.67038359248)(2000121    -817.655385393446)(2000002    11225.9780470858)(2000201    6512.62254274383)(2000012    7021.39975378325)(2000022    19.5363743583153)(2000211    6720.18653725236)(2000221    -442.655385393446)
11 2      - (1000000    5371.61468168829)(2000012    6179.17567198561)(2000211    4942.25452797959)(2000201    5491.30287032545)(2000002    6334.46827125855)(2000111    5993.83064446544)(2000121    5441.82042555227)(2000022    7664.07614106255)(2000101    5588.76398301181)(2000221    6443.04670834089)
0 8      - (1000000    10134.9919895342)(2000012    5649.01383038251)(2000111    -968.681189317507)(2000002    11916.6247830613)(2000201    3938.43407199894)(2000221    -847.619029015299)(2000211    7442.30794674314)(2000022    110.489298905739)(2000121    -855.093910740962)(2000101    3995.244067949)
0 3      - (1000000    6448.85270792175)(2000101    6767.52218146384)(2000111    7365.10026738655)(2000012    3348.79380736755)(2000002    4508.39482067423)(2000201    6665.69348815783)(2000211    3252.52415166306)
3 10      - (2000101    -1019.10385496073)(1000000    1427.70223443718)(2000211    -1060.42503506332)
1 4      - (2000002    5581.75846948299)(2000101    4078.60686361887)(1000000    6458.25518518738)(2000012    392.231735140358)(2000111    4702.14154016359)(2000201    6819.47932473527)
7 1      - (1000000    13236.3935789741)(2000111    6752.96692396523)(2000012    6914.12947981017)(2000002    7526.61882189374)(2000201    10656.0152617577)(2000121    -878.424189989731)(2000101    8811.6220922098)(2000211    8828.549267581)(2000022    -439.803018120669)(2000221    -661.236158430484)
1 7      - (1000000    13404.3276871054)(2000221    -887.764340917144)(2000022    -13.4533018977304)(2000101    13176.8183565755)(2000012    12850.6889839704)(2000002    13404.1773946634)(2000201    13123.6385042361)(2000211    12943.0221977229)(2000111    12344.7479395745)(2000121    -771.083173469752)
3 11      - (1000000    758.460767921133)(2000022    -44.1031503264203)(2000101    -649.614700906713)
4 1      - (2000002    11055.2623084716)(1000000    13131.4512060159)(2000111    6972.99517132154)(2000211    8007.67807762322)(2000201    12757.7635572157)(2000012    6411.58564188739)(2000101    11325.4512241926)
11 1      - (2000002    6444.38610361448)(1000000    6503.07942536051)(2000201    6500.35620375329)(2000101    6547.73439120528)(2000111    6358.09657567584)(2000211    6514.83867274388)(2000022    5417.8473943725)(2000012    7519.2665251134)(2000121    6333.03499316695)(2000221    6420.90577925592)
0 7      - (2000201    13135.1788370798)(2000211    13111.5871448428)(2000101    12973.8131788793)(2000121    -949.162206656944)(2000221    -970.462266866625)(1000000    13310.5592645611)(2000012    13136.9801703303)(2000002    13320.8455747341)(2000111    12752.5147963659)(2000022    51.7759141915897)
8 5      - (2000201    -983.694139218176)(2000002    548.139040352292)(2000121    -906.975484179969)(2000221    -1058.13806487663)(1000000    1220.36626655785)(2000111    1430.59802817732)
2 7      - (2000012    7219.52283991967)(2000201    7032.64032269485)(2000111    9816.51526027335)(1000000    12789.4297628006)(2000221    -856.781440955126)(2000211    7563.77869510423)(2000121    -880.70614190299)(2000101    7560.45968308494)(2000002    7250.2079897183)(2000022    -295.336281398981)
1 10      - (1000000    -527.835295273335)(2000002    691.062044716168)(2000012    269.852648081329)(2000211    -1218.61252409094)(2000121    -781.418563152833)(2000221    -985.672731288846)(2000101    -866.528224198735)(2000022    136.051489735388)(2000201    -646.598248744917)
10 1      - (1000000    9989.7314172537)(2000111    2169.16256381449)(2000211    3310.21679652202)(2000221    1988.25548020581)(2000201    2593.97219529787)(2000121    1902.46475316475)(2000012    3764.14788176992)(2000002    2111.26937729899)(2000101    2919.97689685842)(2000022    4192.74177272003)
1 11      - (1000000    6866.5084837755)(2000002    6578.55852551743)(2000101    5850.34913849564)(2000201    6481.45370663573)(2000121    6738.85296396365)(2000012    7583.01861906548)(2000022    7052.79438633026)(2000111    6656.67669897326)(2000211    6586.53874083644)(2000221    6208.47842655844)
4 9      - (1000000    2058.59778011806)(2000201    998.645430548095)(2000002    1004.41127586148)
3 6      - (2000101    4283.48125885528)(2000201    2636.75215951901)(1000000    3433.63388834933)(2000211    933.288525633584)(2000111    2426.98265689267)(2000121    -981.747469393163)(2000002    4363.46237779783)(2000012    3164.68411732116)(2000221    -491.59664568303)
11 0      - (1000000    5791.13782074914)(2000201    6501.28447153937)(2000002    6400.30558173357)(2000012    7368.91997256283)(2000111    6583.95817669769)(2000221    6407.83096515379)(2000211    6440.39461021236)(2000101    6318.30161578252)(2000022    7603.94057702808)(2000121    6509.18188166886)
2 8      - (2000012    13183.671920198)(2000211    12877.2463229271)(1000000    13209.1389076488)(2000101    12800.1392082227)(2000002    12790.1194417694)(2000022    -151.646473051417)(2000201    13170.3183158253)(2000121    -961.983534994852)(2000111    12097.0021352827)(2000221    -826.781109289725)
6 1      - (1000000    6058.60599242875)(2000201    5536.63673395862)(2000101    5530.98702733553)(2000002    5408.99853908273)(2000111    6800.01126526769)(2000211    5816.9060471435)(2000012    5112.4939119933)
4 11      - (1000000    822.962191150591)(2000101    914.612138501825)(2000022    1923.66157249299)(2000012    1968.25192321863)(2000111    842.966565689095)(2000201    857.902492790985)(2000211    400.577639838175)(2000002    813.14724641285)(2000121    561.992344181911)(2000221    821.94836762328)
9 1      - (2000211    13038.1613973858)(2000101    13002.0992838577)(2000201    13037.9428729012)(2000111    13152.4566988668)(2000022    -31.1410697704028)(1000000    12733.4933624243)(2000002    12881.7535575936)(2000012    12735.1165073064)(2000121    467.326941643095)
3 8      - (1000000    13112.6830256373)(2000201    11477.5617714118)(2000211    10570.977638109)(2000012    10337.0994294265)(2000101    12589.7546277229)(2000002    11134.6085626076)(2000111    10459.2552201016)
0 6      - (1000000    12752.2062940804)(2000201    7588.99623239352)(2000111    7558.22836632929)(2000211    9590.85373334444)(2000002    6723.16213755525)(2000101    7768.85072190125)(2000012    7406.47994794892)(2000221    -1035.93272384135)(2000022    -61.8659225758586)(2000121    -808.171747836987)
6 0      - (1000000    5303.53602610931)(2000002    5277.43240875212)(2000201    5631.27788784027)(2000211    7159.38466032346)(2000101    5478.66775498164)(2000111    3047.95967737926)(2000022    54.0306993599871)(2000121    -899.285270122455)(2000012    4502.51260195842)(2000221    -794.514903636756)
12 1      - (2000002    5711.46053366397)(1000000    2957.79976058031)(2000101    5164.66964949657)(2000201    5688.0992981014)(2000012    5515.80463962923)(2000211    -629.140393737326)(2000111    4540.90981097194)(2000022    3814.95467938171)(2000121    3924.84138557366)(2000221    6172.04699980411)
13 1      - (2000101    -892.922939724537)(1000000    -1102.44274665941)(2000201    -448.318004560635)(2000002    224.904046202785)(2000121    -1267.76614180409)(2000022    -301.572624024799)(2000211    -229.851883075375)(2000012    -535.669142551865)
5 0      - (1000000    1058.51941185958)(2000002    -241.789782156783)(2000201    -210.930730064672)(2000101    -624.953579695169)(2000111    -751.968467841657)(2000022    -51.8080373529056)(2000211    96.5504620153131)(2000012    67.6502490422659)(2000121    -712.295556315153)(2000221    -713.741111002627)
1 12      - (2000201    5939.34372398667)(1000000    6014.80941531929)(2000101    3978.81479097261)(2000012    7482.66720886586)(2000111    5005.7368428563)(2000002    5300.60521898545)(2000211    6680.15851986053)(2000121    5442.10928383023)(2000022    6529.14754551031)(2000221    4250.81334149476)
13 0      - (2000002    6690.77547824111)(2000201    -649.569229195403)(1000000    2781.60456988206)(2000012    5595.78270676649)(2000101    -716.014760220318)(2000111    5051.51208635843)(2000211    4909.73757212669)(2000121    5803.31880470194)(2000221    5006.13551733209)(2000022    5632.978290423)
0 13      - (2000101    -627.605202047669)(2000211    -898.596661161071)(2000002    6177.66151444609)(2000121    -1000)(1000000    -1184.22001923573)(2000022    165.29308989065)(2000111    -530.453509988991)(2000201    -673.0356565547)(2000221    -766.905327738137)
0 14      - (1000000    -867.151266034985)(2000101    -1186.17371028231)(2000111    -878.871362060257)(2000012    -129.621362060257)(2000002    5182.44024840208)(2000201    3437.67156841587)(2000221    3709.98281707177)
2 12      - (2000101    3591.31194909219)(2000002    2968.84987782117)(2000201    4721.35925045127)(2000211    -165.950435452841)(1000000    -796.246136820721)(2000012    96.666906172439)(2000022    7302.04976295416)(2000121    2920.95743345718)
2 6      - (1000000    4194.07118382398)(2000002    4418.15455928722)(2000201    5031.54960848971)(2000101    4933.16414779627)(2000211    6497.94804871797)(2000022    -109.402322028738)(2000012    4859.65403132803)(2000111    5072.65931376025)
12 0      - (2000101    6344.94548766754)(2000002    6512.18843588592)(1000000    6263.91373952253)(2000221    5521.42673823192)(2000211    5984.92518134644)(2000111    6361.37393066076)(2000201    6723.90940909578)(2000012    7578.07504869238)(2000022    6007.54988502309)(2000121    5086.27332953259)
3 7      - (2000121    -1096.64905065163)(2000002    7155.31227234192)(2000022    -364.407088142316)(2000101    7019.84465473953)(1000000    6684.24963409459)(2000012    7045.41572828303)(2000201    7196.23645510846)(2000221    -518.483069364963)(2000211    7462.06118848922)(2000111    7127.66729086234)
6 5      - (2000221    -1133.23681050999)(2000101    1458.2051879408)(2000111    1162.96527102235)(2000002    1436.46235704339)(1000000    2502.05520860447)(2000211    1485.98587188374)(2000012    1680.6759562343)(2000201    1831.72805430659)
0 12      - (2000201    6303.14868089)(1000000    6688.40705361104)(2000002    6338.7057305363)(2000101    6610.58561375694)(2000022    6782.1592520379)(2000111    6463.6543231176)(2000211    5263.34343408432)(2000012    6961.59055363269)(2000221    6159.82834793369)(2000121    5541.66221864055)
1 9      - (2000211    -591.194590889772)(1000000    1849.79428305786)(2000101    1055.13620269282)(2000002    3630.4472121776)(2000201    428.374563733607)(2000022    995.518145522664)(2000111    -735.331957848293)(2000121    -814.981382703545)(2000012    2207.79985259309)(2000221    -420.686599071519)
1 5      - (1000000    5747.46692231696)(2000211    -796.555118365341)(2000111    -438.403918442374)(2000012    179.014055467226)(2000201    688.1396727523)(2000002    219.63166605054)(2000101    827.985600576505)(2000121    -778.751516611528)(2000022    75.8017335076121)
0 5      - (1000000    717.465348966541)(2000012    26.676520856151)(2000111    -626.391321619074)(2000211    100.832115529207)(2000101    -624.104425069023)(2000201    67.0660201464208)(2000221    -968.403302143649)(2000121    -743.405758106507)(2000002    13.5434840942534)
5 1      - (2000111    80.1599925045698)(2000101    -1028.24598857456)(2000002    291.875978972735)(1000000    1160.16191121145)(2000201    -343.885919344812)(2000211    -597.238103388699)(2000121    -1118.83410621171)(2000012    33.7163715406845)(2000221    -884.560135145851)(2000022    81.5377433418982)
1 14      - (1000000    -897.022593775623)(2000221    -867.247215417813)(2000002    33.6062376404934)(2000211    -500)(2000111    -240.287564579914)(2000101    -925.386815606106)(2000201    -774.412192755966)
14 1      - (2000002    -1739.56109256093)(2000201    2668.30229663606)(2000211    6462.87519930094)(2000101    -882.805516060409)(1000000    3021.79065848373)
2 5      - (2000012    298.691768842902)(2000111    -753.818628980641)(1000000    1299.35215721382)(2000002    534.204056958927)(2000221    -750)(2000201    -27.5855916589865)(2000211    -669.560880669299)(2000101    -415.557448966543)
13 2      - (2000101    -526.192248747783)(1000000    -712.50387692717)(2000211    -220.260470818782)(2000201    -1211.99733600534)(2000002    6.91745481748516)(2000111    -250.5)(2000012    5.1089951493112)
3 12      - (2000002    -60.6948900559315)(2000201    -895.121829996302)(1000000    818.265124011709)(2000111    -533.643419969666)(2000101    -92.2254089665401)(2000012    12.3148855581827)(2000211    -82.3327482082027)
3 13      - (2000101    -425.117352600383)(1000000    -142.645015346022)(2000002    61.9312692104531)(2000201    -124.431104397047)(2000211    -19.9860044214725)(2000111    -627.568492076244)
5 2      - (1000000    4388.64608763368)(2000211    -874.237244909105)(2000201    -911.663247342138)(2000002    -664.807893100539)(2000101    -957.915677996268)(2000012    53.596780489)(2000221    -814.518933054645)
14 3      - (2000002    1638.06933683056)(2000101    -712.711595881413)(1000000    2152.28648129595)(2000201    -259.015149361926)(2000211    1313.73409283671)
7 3      - (1000000    10298.0887732068)(2000002    546.277554418876)(2000221    -1156.67787805874)(2000111    -994.614699146312)(2000201    4613.94083586606)(2000012    2040.00045477826)(2000211    1165.02953927972)(2000101    3700.05672832142)
5 5      - (2000201    1570.73876601716)(2000101    1428.26220399912)(2000022    -386.736534741481)(2000211    1924.36301406512)(1000000    2427.4836759963)(2000121    -644.511539957374)(2000002    1939.22661623483)(2000111    1788.28329449037)(2000012    2027.85702955773)
2 4      - (2000002    7243.24618704519)(1000000    13391.3355791241)(2000101    3780.19133595301)(2000201    9479.01192935338)(2000012    4675.50012116799)(2000211    5394.28712253739)(2000111    2625.7365975372)
2 14      - (2000101    -1739.46480011076)(2000002    4549.58284221641)(2000201    1996.60157299291)(1000000    764.717273738635)
4 0      - (2000201    3617.70769006853)(2000002    6290.43296676701)(2000101    5994.41094251417)(1000000    13360.2455070541)(2000012    4185.40627520684)(2000111    1589.47782721517)(2000211    411.010560227056)
14 4      - (1000000    -1474.86149209619)(2000201    -813.044968303787)(2000101    1344.28634775731)(2000002    737.590047388231)
6 3      - (2000002    -627.066110752653)(2000111    1246.86102046577)(2000012    2306.86907069345)(1000000    5518.74022773593)(2000201    1542.21288261833)(2000101    1878.41335759564)(2000211    1572.05230821351)(2000221    -459.231128329051)(2000121    -465.697361883432)(2000022    425.193633998317)
7 4      - (2000012    2129.24958707856)(1000000    3105.98803221713)(2000101    1953.33054104277)(2000111    1326.20355401827)(2000121    -631.10144186442)(2000022    66.7058671149673)(2000211    1050.96004158392)(2000002    1122.73689826984)(2000201    1221.71165358313)
9 2      - (2000211    6571.49059236327)(1000000    12717.8148886934)(2000121    -1041.5968569447)(2000221    -773.418951731565)(2000101    1825.36198683565)(2000022    130.04604295123)(2000111    2753.76630239591)(2000201    4347.04181882402)
10 2      - (2000012    -139.97099824357)(2000002    -451.136024996589)(1000000    1019.58013656566)(2000201    -705.346966845805)(2000101    -698.129709585269)
2 9      - (2000121    -919.749757920404)(2000101    -40.0805572276388)(2000012    -275.177777754649)(1000000    1053.91009595414)(2000221    -654.925403750747)(2000002    -793.651933142657)(2000111    -906.707798040742)(2000211    -786.891932559743)
2 13      - (2000211    -780.842476448473)(2000121    -1085.76108369588)(1000000    -782.40829866706)(2000201    -857.008530751756)(2000002    6435.49811277241)(2000101    -743.80054241851)(2000111    -141.754937735028)
14 2      - (2000012    -149.504211607572)(1000000    -43.5156978898904)(2000201    -54.8411982481107)(2000111    -571.235800370216)(2000002    578.91360783044)
1 13      - (2000201    3506.51430850759)(2000101    2298.32471084027)(1000000    4329.93565207024)(2000002    2331.74803117322)(2000211    4988.98928086696)(2000012    6768.89980943019)(2000111    3983.00092773813)(2000022    5412.72767346598)(2000121    2767.85173779375)(2000221    3374.06050196217)
8 2      - (1000000    12820.6018257629)(2000101    6721.96477854233)(2000221    -759.829287962079)(2000002    6970.70364369393)(2000111    1165.18000137539)(2000211    4789.92536539734)(2000121    -1033.62041276836)(2000022    -105.544772049091)(2000201    7781.79142002921)(2000012    3977.84889202778)
14 0      - (1000000    -785.116237066929)(2000002    3320.68889847617)(2000012    7461.39878073342)
2 10      - (2000121    -911.623546711983)(2000002    -36.1212789930656)(1000000    -64.4879152298809)
2 11      - (2000022    -465.833447191354)(2000221    -832.818045430597)(2000002    3328.04617045506)(2000211    3089.03361728544)(2000201    2687.81279368919)(2000101    286.484869937734)(1000000    6363.81277242948)(2000111    3375.12079775376)
12 3      - (1000000    -527.278450713066)(2000201    -757.468419564721)(2000101    538.462071226397)
11 3      - (2000111    -1250)(2000101    -1066.40967942908)(2000211    -617.455627995295)(1000000    -737.555754435234)(2000002    41.9642441623246)
5 3      - (2000002    -1093.31866726292)(1000000    1941.34183400655)(2000111    -1064.85923217013)(2000211    -426.725138582083)
6 4      - (2000002    1882.57040931086)(2000201    2543.43916013454)(2000101    1554.8614002511)(2000121    -604.650322786646)(1000000    2952.68549039263)(2000012    1524.35752243303)(2000211    2097.78264973796)(2000111    1428.01792617333)
10 3      - (2000101    -1640.87713032172)(2000211    -923.052356016064)(1000000    665.239093294959)(2000111    -1040.55371767525)(2000201    -982.366951502525)(2000221    -963.119246181284)(2000012    -237.878958946722)
3 9      - (2000211    -861.194318184761)(1000000    7624.21618772563)(2000002    -742.08694105984)(2000201    951.0034355359)(2000101    3640.18222663399)
9 3      - (2000012    195.038268893609)(2000201    -1022.7305374985)(2000211    -794.810309487501)(2000101    -765.290583822767)(1000000    1944.81649277842)
10 4      - (1000000    1670.02801271334)
9 4      - (1000000    1572.84570021828)(2000022    72.9921490476903)(2000201    -458.434024157458)
4 10      - (2000201    -285.932357733868)(2000002    -488.581085909302)(1000000    1325.64455904183)(2000111    318.450912530046)
8 3      - (2000101    1712.1317335544)(1000000    12614.3236521847)(2000221    -573.783865119485)(2000201    -725.594229060648)(2000111    1142.51416195744)(2000211    4472.42982160579)(2000022    96.0693395241593)(2000002    2533.21879819677)(2000121    -429.388644830801)(2000012    2686.88067227636)
12 4      - (2000002    650.252780683429)(2000211    683.681452992015)(2000201    608.614606625491)(2000101    332.376840189935)(1000000    1088.77935067614)(2000012    401.892097322487)(2000111    411.208456463817)
12 5      - (1000000    4613.35463610972)(2000211    921.118280092846)(2000012    1811.63751408127)(2000201    3680.53610582677)(2000002    5562.91217663925)(2000111    853.42836723727)(2000101    4143.11204176015)(2000121    376.677404623471)
3 4      - (1000000    12762.3480333998)(2000002    8966.75523402506)(2000211    7331.14679970585)(2000201    10172.5856138188)(2000101    7386.12173767826)(2000012    6118.3746676463)(2000111    2419.48638213095)
4 8      - (2000201    147.055404555043)(1000000    2725.54851385436)(2000002    2164.80780556306)(2000221    -684.803404667948)(2000101    1329.33214573553)(2000111    945.035120181005)
3 3      - (2000012    5587.29368682366)(2000101    5057.54334830165)(2000201    9819.18075483902)(1000000    12865.235626209)(2000111    10478.7503198954)(2000002    10377.5647967751)(2000211    6596.86473398908)
9 5      - (2000221    -534.558530883565)(1000000    1597.01525756894)(2000002    1005.85694328728)
12 2      - (1000000    3135.94938454519)(2000101    1688.63888055792)(2000002    3638.43907416241)(2000201    3984.31696631603)(2000012    4973.7605591514)(2000211    2909.36648716237)(2000111    3484.0051403392)(2000121    3458.29606992052)(2000022    5803.36964621608)(2000221    3002.62643112903)
4 7      - (2000101    -187.857439991123)(1000000    3812.09902998089)(2000002    1799.71699927282)(2000211    1779.30346847188)(2000012    2082.2087686919)(2000201    1236.956577178)(2000111    2354.85583625909)
6 6      - (2000201    3798.74195415458)(1000000    6274.29780070481)(2000221    -657.76133765157)(2000121    -1012.5117591844)(2000211    1547.67397167791)(2000012    2250.00826807973)(2000002    7122.86175854424)(2000111    649.554752655554)(2000101    4197.83758934674)
11 4      - (1000000    -470.711646241756)(2000002    89.1415236348593)(2000101    1255.43369465829)
4 6      - (2000121    -1070.37598511922)(2000211    2472.09238731709)(2000221    -949.206907008783)(1000000    2968.37441060789)(2000002    2057.23544772425)(2000012    1772.65741697945)(2000101    1782.1678863114)(2000111    1681.10014195049)(2000201    1321.18958201727)
3 14      - (2000201    650.928096231402)(2000002    1856.15199220843)(1000000    1849.23003612589)(2000111    1170.78743628067)(2000211    1629.41267593209)
5 4      - (1000000    13135.3546236836)(2000201    2093.46231552151)(2000221    -813.774848929321)(2000002    1353.0570160928)(2000012    897.802196349164)(2000111    1219.37026720327)(2000101    1878.30421165506)
13 3      - (2000111    -96.1883481169835)(2000002    208.165548279584)(1000000    -660.916657040114)(2000101    -573.203034446783)(2000201    -214.504268952677)
13 4      - (2000101    -286.878986956517)(2000002    774.515499293907)(1000000    237.219997856989)(2000012    774.68504315475)(2000201    318.840709791552)
8 4      - (1000000    1999.13618532621)(2000012    377.888085906902)(2000101    -428.657109926612)(2000002    -451.888792642854)
4 13      - (1000000    1265.0532004662)(2000111    38.6049684310752)(2000002    485.03859119656)(2000012    436.757564640337)(2000201    739.482624980965)
4 3      - (2000101    6655.01887445991)(2000111    3580.00714648617)(1000000    12764.3339974526)(2000201    5081.99890235127)(2000012    4635.96574137829)(2000002    5160.76646870198)(2000211    3025.19728021956)
4 2      - (2000101    12276.2470243456)(2000201    11281.3705861079)(2000012    9011.59907687605)(1000000    13305.0237550751)(2000111    13341.9050795447)(2000211    10171.2623771423)(2000002    11795.2288635472)
4 4      - (2000101    1727.16525755225)(2000002    3719.18067861797)(2000111    5668.99780719963)(1000000    12563.2798691398)(2000012    3542.91934564271)(2000201    6213.2386252789)(2000211    1579.95836695304)
4 5      - (2000201    5342.93304465596)(2000211    1776.98553799745)(2000012    -436.473585153512)(1000000    12874.48878348)(2000022    258.446512789776)(2000002    3270.05545250355)
7 5      - (2000201    1990.26776413343)(1000000    2297.93324221515)(2000012    1817.08776462098)(2000101    1732.42129338158)(2000211    1721.77043738432)(2000111    1760.75980748814)(2000002    2286.01122643765)
14 5      - (2000211    -503.284802708604)(1000000    13046.4394204245)(2000201    441.838524974912)(2000002    1472.98251566846)(2000101    240.978171200136)(2000012    652.111896101596)
5 14      - (1000000    13939.5561764009)(2000201    524.332760780033)(2000111    127.487560220119)(2000002    3497.37977760726)(2000101    5382.25789699634)
5 13      - (2000211    632.601034678727)(2000002    1156.82920459308)(1000000    13353.0827212809)(2000012    1068.71738965277)(2000201    840.307652675739)(2000101    983.027702621995)(2000111    63.2207843063061)
4 14      - (2000012    451.179354573146)(2000002    2877.72426431111)(1000000    14169.2817381443)(2000111    635.003492466825)(2000201    2537.40299683913)
5 7      - (2000121    -633.815862396669)(2000211    1630.9101586143)(2000111    1190.80755027101)(2000012    2028.16344485516)(1000000    5492.98051429616)(2000201    2225.14318769444)(2000101    4192.20451758835)(2000002    6862.66616292836)
8 8      - (2000101    12165.1032300253)(2000201    12185.1789524283)(2000002    13282.1754481043)(2000121    -976.071227362105)(2000022    30.3801370765037)(2000111    -40.410747043572)(1000000    12070.7190812052)(2000211    969.397070553529)(2000012    752.130348989221)
10 10      - (2000101    4576.41818426012)(2000211    178.474431529597)(2000221    -932.220268907518)(2000002    5375.54737718587)(2000012    359.535123200796)(1000000    6062.54451558268)(2000111    -624.748980501621)(2000201    2210.98225145732)(2000121    118.140762666825)(2000022    1784.77639765444)
9 8      - (2000121    -296.398673957)(2000012    495.224242400338)(2000022    2371.06546972803)(2000111    -274.51236532687)(2000002    13285.1788122777)(1000000    12001.0166599796)(2000221    61.7714645303714)(2000201    12179.759917179)(2000211    241.361777321271)(2000101    12179.8979000934)
9 9      - (2000101    12343.3271401263)(2000002    13280.4177858645)(2000211    468.330656464381)(2000201    12189.9606390991)(2000121    284.173477150681)(2000221    133.737408862016)(2000022    431.745799178461)(1000000    12353.2300610237)(2000111    544.328302848964)(2000012    1834.85413863927)
10 11      - (2000022    1077.55928692829)(2000201    6755.34573342798)(2000101    9012.13786805244)(2000211    -26.1443557251362)(1000000    13773.5067741863)(2000121    -37.7919262002096)(2000012    1470.70774627335)(2000002    7765.91128325923)(2000221    -159.235859158082)(2000111    -548.387448738638)
8 9      - (2000201    12248.290887008)(2000111    -45.8279617404469)(2000121    -741.096707043993)(2000022    481.509726274591)(2000101    12340.7671534389)(2000012    2109.56418677172)(1000000    12255.8960210954)(2000002    13280.7251604799)(2000211    680.078139418171)(2000221    476.290517165196)
8 11      - (2000121    -846.903519745953)(2000012    1883.08868761128)(2000211    360.621960495309)(2000022    860.981125370249)(2000201    470.848837142164)(1000000    4284.28655737468)(2000111    334.681306945642)(2000002    606.204840500195)(2000101    2120.59468948646)
13 10      - (2000211    -622.86621323204)(2000201    5567.20395892219)(1000000    13346.4036073894)(2000012    25.1849148580906)(2000101    2695.44069113464)(2000002    4275.64352919324)
13 6      - (2000012    1732.15379232888)(1000000    14026.6896817583)(2000201    3755.90092181333)(2000002    7784.70634707164)(2000111    -44.2049449701686)(2000211    518.06941786695)(2000101    3355.80182994538)(2000221    155.454351577036)
8 10      - (2000121    -903.191678053665)(2000111    -831.697953387863)(2000201    12216.5337911615)(1000000    12208.4362581411)(2000012    1745.05923559062)(2000101    12129.7868827013)(2000211    663.098367079309)(2000002    13279.6005883931)(2000221    603.038184347475)
13 11      - (1000000    13469.765937051)(2000101    6116.54591607775)(2000111    -227.304571756433)(2000002    4364.28713812329)(2000201    2438.98663354493)(2000211    -265.273318446927)(2000121    -526.23794743999)(2000012    1696.36940231942)(2000221    399.052742357112)
12 13      - (1000000    13852.4966608886)(2000211    34.0567448413065)(2000002    183.827251852204)(2000012    165.273788903961)(2000111    248.797911082817)(2000201    5441.47341512091)(2000101    4285.9666362295)
11 11      - (2000101    12173.8556856533)(1000000    14076.4079337)(2000002    7522.85416698054)(2000201    10906.7803276194)(2000111    -120.442394900189)(2000211    247.760977144629)(2000121    432.543446852029)(2000221    355.402066249781)(2000012    1741.51065538291)(2000022    925.719302500628)
9 7      - (2000002    7388.53978198236)(2000111    -945.48217734443)(2000101    6380.22610126607)(2000211    -940.112406443185)(2000121    -822.891291913302)(2000221    -832.473088096833)(2000201    6346.23697667317)(1000000    6463.85579527967)
14 10      - (2000201    6182.06357681938)(1000000    14209.5978060707)(2000111    316.660345189754)(2000101    2792.5309523499)(2000002    2967.58268047347)
12 11      - (1000000    14114.6177288668)(2000201    5022.41811671178)(2000002    9705.37828262315)(2000111    147.876772459684)(2000211    427.590243479346)(2000221    102.110035521066)(2000121    310.725624975353)(2000022    1081.24009837416)(2000012    864.19218839365)(2000101    9171.42255670031)
7 8      - (1000000    6438.16679520734)(2000111    -758.712559305385)(2000101    6534.85361579967)(2000002    7640.84357037232)(2000201    6502.06941960516)
10 8      - (2000211    -810.99834775436)(2000002    13285.8616639464)(2000022    318.780380967519)(2000121    -788.35624654837)(2000111    -605.355641804865)(1000000    12154.185341036)(2000221    -178.509697074216)(2000201    12184.4751208368)(2000101    12189.0706014445)(2000012    2408.82300275679)
12 12      - (2000201    2984.85218063965)(1000000    13963.8966802589)(2000002    6412.09835592983)(2000101    5840.58042701284)(2000111    72.3804822373801)(2000012    1184.3223801864)(2000121    34.922363938122)(2000022    428.478000514663)(2000221    -138.89157731105)(2000211    377.940161257287)
10 7      - (2000201    6615.49256456414)(2000121    645.968931987904)(2000111    484.258994606773)(2000221    371.324235111948)(2000101    6469.40447921814)(2000012    2038.32325335772)(2000211    -25.8908448142204)(1000000    6553.0606462881)(2000002    7281.25140593374)(2000022    1259.87060279366)
7 9      - (1000000    9132.33102141881)(2000201    9720.95892457739)(2000121    -100.033611890852)(2000002    13319.6093573221)(2000101    11093.333453602)(2000111    -970.410038160272)(2000211    -548.897167645131)(2000022    369.400089799824)
7 11      - (1000000    3716.77386975317)(2000111    222.502664102306)(2000211    728.185801085036)(2000022    1217.64848343044)(2000002    1038.67669079519)(2000201    1077.59038231506)(2000101    466.185733141318)(2000012    1941.07537320074)(2000121    342.605191513367)
9 10      - (2000002    13278.990595159)(2000221    -256.207178356477)(2000201    12320.1900460433)(1000000    11562.7902296799)(2000101    12314.4038622793)(2000111    134.879294738709)(2000012    1622.20482066783)(2000211    -71.6798275203199)(2000121    -578.45683226908)(2000022    714.767913515165)
12 14      - (1000000    14136.961164951)(2000002    2792.36082728843)(2000101    7626.8055510324)(2000201    1565.87070862389)(2000022    1019.32071486595)(2000211    9.3019380657841)
11 13      - (1000000    14007.7639931608)(2000101    8809.59766230775)(2000121    -1471.16820384792)(2000201    3221.71519550833)(2000211    -361.402421177894)(2000002    6820.24906512025)
11 8      - (2000111    312.803760204676)(2000201    12221.6349023457)(2000221    -843.976236459239)(2000121    303.876122783443)(2000012    336.925151526379)(2000101    12145.932581179)(1000000    12215.8142173931)(2000002    13283.6629917164)(2000211    404.636694779422)(2000022    1540.08342916368)
10 9      - (2000002    13282.7595740192)(2000201    12109.0876831436)(2000012    1484.03248519682)(1000000    12194.121619632)(2000211    -555.680012236503)(2000121    -620.410836720507)(2000111    572.967523003405)(2000022    770.423926179132)(2000221    -482.831881882633)(2000101    12088.4471815431)
12 10      - (2000101    -641.855528929)(1000000    14111.7335699039)(2000201    1616.71905272254)(2000221    -385.513505047084)(2000111    439.806793924272)(2000211    -159.932563314216)(2000002    -478.816885264581)(2000012    1291.08190546589)
13 13      - (2000101    -221.258784408572)(2000012    824.675866521845)(1000000    14076.1154705002)(2000111    -91.018168980564)(2000201    3271.15991913724)(2000002    2537.40299683913)
14 11      - (1000000    13888.5071957841)(2000012    30.1841345917144)(2000002    3909.30792851824)(2000211    170.169646049938)(2000201    1827.35671038328)(2000221    -733.690105227181)(2000101    -440.401686519792)
8 7      - (2000201    6479.65850309812)(2000121    -875)(2000012    227.833227714201)(1000000    6421.34803504763)(2000002    7484.66238690305)(2000211    -457.124643309354)(2000221    -500)(2000101    6351.40219029323)
7 10      - (2000012    2317.29259814594)(1000000    10100.6163707244)(2000121    345.295354140826)(2000221    685.499074227567)(2000201    10017.2782900095)(2000111    289.237727602407)(2000211    317.047669743599)(2000002    13342.1379097436)(2000101    11106.9679988771)(2000022    916.362595941587)
13 12      - (2000012    1372.54022943342)(1000000    13747.2604894019)(2000111    279.911245719604)(2000201    56.2773625939307)(2000002    3361.63231542736)(2000211    223.378692900942)(2000022    622.233254044586)(2000121    130.775368863259)(2000101    3199.72525705469)(2000221    -112.657478422625)
6 9      - (2000221    -725.152692326629)(2000012    272.335208255914)(2000101    8931.60288020584)(2000002    13315.2591596168)(1000000    10676.5601754154)(2000201    8857.95010842525)
11 12      - (2000211    180.392974998542)(2000002    10082.2483885308)(1000000    14090.0715055151)(2000111    1077.9785070115)(2000012    1079.97359447881)(2000201    6308.44714318495)(2000101    10746.2466910492)(2000221    233.399889648447)(2000022    1287.9286032276)(2000121    95.0383135027314)
7 7      - (2000022    229.107418306464)(2000111    380.576230730595)(1000000    6570.55594240884)(2000101    6278.61460306377)(2000211    871.428165471394)(2000002    7531.05054378047)(2000121    -396.236198324741)(2000012    1582.01760658689)(2000201    5605.64749010799)
11 7      - (2000221    582.560374982301)(2000101    365.779231713301)(2000002    2938.42859907162)(2000022    1262.53605236758)(2000201    416.997159928351)(1000000    3467.45085158805)(2000111    662.806213447029)(2000211    698.767062269856)(2000012    1846.76937848139)(2000121    569.694669882203)
14 12      - (2000201    2561.0824598696)(1000000    14300.920166647)(2000211    451.96782015913)(2000002    2823.29998105389)(2000101    3567.81818709534)
6 10      - (2000121    -182.432008006549)(2000002    13320.8986068585)(2000111    -613.07775533528)(2000022    1694.05406249728)(1000000    10564.3311048828)(2000012    2412.03460655517)(2000211    729.732802084318)(2000221    626.530824439421)(2000101    9074.16235224229)(2000201    8039.83307553606)
11 10      - (1000000    13149.8280489464)(2000211    17.6995909037535)(2000101    5174.76709946049)(2000201    3859.22186986791)(2000002    225.596247303191)(2000012    631.208103700264)(2000111    -603.228345485116)(2000121    595.511486754164)(2000022    2196.27931190321)(2000221    396.399490314197)
9 6      - (2000012    164.062780230093)(2000121    -787.531497005671)(1000000    6321.42973308771)(2000002    7117.15815346307)(2000201    6437.47771562219)(2000101    6247.90172214616)
13 14      - (2000101    -388.517820767175)(2000201    -351.016513651782)(1000000    14122.0278224047)(2000211    67.880983884631)
10 13      - (1000000    13802.6145722686)(2000002    9872.37520972218)(2000101    11380.9795982533)(2000012    1143.76901100529)(2000221    -310.362875440977)(2000121    200.420796710722)(2000022    531.966577767036)(2000211    254.518553094368)(2000111    226.46742545557)(2000201    11758.7353681521)
6 8      - (1000000    6503.68254546514)(2000022    -62.1148611414033)(2000012    1472.20909215326)(2000002    7652.88714368113)(2000201    6473.37865890885)(2000211    802.734479546469)(2000101    6533.13297634101)
8 6      - (2000111    -857.108706205039)(2000002    7443.35072095318)(2000022    86.7901080516373)(1000000    6355.60685332742)(2000101    6189.13049418114)(2000012    631.593246981397)(2000201    5694.78132948488)
10 14      - (2000101    8211.21877655262)(2000201    71.4624277772427)(1000000    14146.544964832)(2000002    5527.6739513128)(2000012    1116.80150294345)(2000211    576.98682543425)
11 14      - (2000201    5842.68478086936)(1000000    13950.2889095539)(2000101    9649.1810017646)(2000012    835.392104370116)(2000211    315.348262084139)(2000022    426.669398271059)
14 14      - (1000000    14110.8891270687)(2000201    2537.40299683913)
7 12      - (2000012    1204.84032139987)(1000000    5453.10249687731)(2000211    710.365935161326)(2000101    1836.96384259343)(2000002    461.811302590568)(2000201    455.492427340012)(2000111    612.647752767032)(2000221    329.11732526953)(2000121    279.614824247609)(2000022    1629.63216248562)
14 9      - (1000000    14147.0420657839)(2000101    5185.4626781097)(2000111    -63.5525878141711)(2000201    -601.666700771941)(2000022    1948.98877407666)(2000002    3252.92111696463)
10 6      - (2000211    532.6720811599)(1000000    6483.95965783609)(2000111    1131.36379176018)(2000221    706.159915665681)(2000012    2265.04560758608)(2000101    6428.50915862898)(2000002    7724.44969031554)(2000121    811.095803078796)(2000201    6445.16007674512)(2000022    2073.88585750248)
11 6      - (2000221    423.139778214497)(2000201    6519.74042260492)(1000000    6105.3228804723)(2000002    7399.91874553874)(2000012    1167.85200916278)(2000211    480.529198567618)(2000101    5967.57262308282)(2000111    270.334286437044)(2000022    2072.98044124121)(2000121    369.985891436487)
14 13      - (1000000    14167.5694019698)(2000012    24.7116230073792)(2000002    3031.64417976466)
6 7      - (2000111    1168.52060630469)(1000000    6185.93655799365)(2000201    5917.74847847658)(2000211    1186.01066837898)(2000012    2103.38816449239)(2000002    7683.72560437197)(2000101    6251.01715334628)
5 9      - (1000000    6342.28684980489)(2000002    6541.37482267187)(2000101    6357.55593550016)(2000201    6453.19296287066)
10 12      - (1000000    14090.620872443)(2000012    1415.2786755806)(2000211    28.7229276990042)(2000201    5305.77142999392)(2000221    -407.179617774817)(2000022    1112.65067094151)(2000002    8425.53978752509)(2000111    799.359659433823)(2000101    6487.96241449935)(2000121    327.322569953924)
7 6      - (2000201    6442.7440338657)(2000022    251.65175822021)(1000000    6385.73210287859)(2000002    7495.63742028823)(2000101    6453.38183848635)(2000211    1250.39662092196)(2000111    611.427853958335)(2000012    951.0034355359)
5 8      - (2000002    7232.6093255448)(2000101    3041.17231488798)(2000211    -622.166031704214)(1000000    4544.98677237404)(2000201    4551.25967710648)
14 8      - (1000000    13417.3574719017)(2000002    2836.4904076816)(2000012    177.722854654723)(2000111    115.447962290957)(2000211    103.898879795993)(2000201    -661.85313091443)(2000101    21.7809448182828)
12 7      - (1000000    8039.72861182156)(2000022    1829.62146102307)(2000111    400.497148766317)(2000201    5871.26516048218)(2000211    115.591321431262)(2000012    769.581793787088)(2000002    473.442674195446)(2000101    531.258629914021)(2000221    223.893049778403)(2000121    153.734292098637)
13 7      - (2000012    1722.37358256724)(2000201    11337.6382181339)(1000000    14061.9381204801)(2000101    12600.2716677598)(2000111    197.145463078916)(2000002    12976.4264303649)(2000211    518.703309866353)
12 9      - (1000000    13899.950017747)(2000012    1548.26299292853)(2000002    9376.23001722443)(2000111    68.3203298348192)(2000201    5661.29184606013)(2000101    2562.99650607237)
6 11      - (2000101    5519.91723553328)(2000012    2511.91683557082)(2000201    5550.18299626193)(2000211    744.415618420946)(2000002    6404.99591665439)(1000000    5510.76232922584)(2000111    1207.88884812248)(2000022    1383.88467110073)(2000121    917.002263388992)(2000221    803.373345949125)
8 14      - (2000201    11289.5445694289)(1000000    13995.4171508546)(2000101    11827.4237602905)(2000002    14146.6607327721)(2000211    236.645308453238)(2000012    1357.64742394423)
8 13      - (1000000    9957.4563597542)(2000101    39.1568586881763)(2000211    -109.735722901742)(2000111    -251.749184640312)(2000012    503.366055221295)(2000201    101.714675715549)(2000002    3470.94773870101)
9 14      - (2000111    -236.64486251642)(1000000    14158.4064195193)(2000002    6449.92122520543)(2000012    186.37615140773)(2000201    9735.75142129178)(2000101    7908.44587163756)
9 12      - (2000211    212.123812238272)(1000000    13623.572499342)(2000111    608.794874581863)(2000101    5135.01822964402)(2000201    1863.15516807648)(2000002    2819.28640943325)
7 13      - (1000000    9967.38878247767)(2000101    370.638955249488)(2000012    515.131962176471)(2000211    1006.82516462777)(2000002    1197.72381743145)(2000201    752.943436344865)(2000111    1036.40032569379)
11 9      - (2000221    48.4731353421802)(2000211    -0.806192431587078)(1000000    13469.9886949965)(2000002    5946.58812337478)(2000111    255.904708871726)(2000012    1559.69969011007)(2000101    5376.90415882414)(2000201    6641.04935147697)(2000121    909.798592800061)
13 9      - (1000000    14084.5618881075)(2000201    4249.45021001087)(2000002    5824.35734210235)(2000101    7255.62654271158)
13 8      - (2000111    -821.939306663563)(1000000    14117.604322279)(2000101    5.05753198844508)(2000201    2119.81574250003)(2000002    5627.10900196376)(2000121    -237.055259306475)(2000012    140.858727896668)
8 12      - (2000111    -24.3033862106097)(1000000    8388.54467133746)(2000002    248.384416456432)(2000012    679.12270388433)(2000201    3338.38737904102)(2000221    83.3919044861376)(2000121    155.454351577036)
12 8      - (1000000    9303.68766916944)(2000002    5015.56503661489)(2000211    -161.105547630978)(2000101    5938.91539691766)(2000201    2457.10526140188)
14 7      - (2000012    218.884091775443)(1000000    14094.059739212)(2000201    11009.5303507831)(2000101    8738.10361773507)(2000002    7303.8674384838)
9 13      - (2000012    140.051595470747)(2000211    428.828482323196)(1000000    13975.3291151272)(2000101    1722.33832748265)(2000201    2736.10222947232)
12 6      - (1000000    4468.22959603902)(2000111    -218.875126907365)(2000002    6435.36245473429)(2000101    2420.46058698101)(2000211    716.351330289148)(2000012    426.772995419549)(2000201    4970.42402608333)(2000121    305.799308827042)(2000022    1755.91671269664)(2000221    712.525430415286)
6 12      - (2000211    681.887253685307)(2000002    557.071172514823)(2000101    3171.81393427129)(2000201    484.83553481115)(1000000    6251.49373093214)(2000012    1872.31211689523)(2000111    372.205430550968)(2000022    1538.57603650872)(2000121    224.10915518578)(2000221    557.682236926481)
7 14      - (1000000    13971.5240337196)(2000201    6867.0378241421)(2000002    5332.33802148049)(2000012    1092.51153378758)(2000101    7360.91935702143)(2000111    911.737454388847)
6 13      - (2000201    794.662563848623)(2000101    1072.70689650664)(1000000    13169.3225461301)(2000111    -479.801742325503)(2000002    3853.78666871919)(2000211    897.198023110118)(2000012    1265.95582062271)(2000022    1982.40856527796)(2000221    603.752654624908)
6 14      - (2000111    428.116561214389)(2000201    555.745770455793)(2000211    161.310119275286)(1000000    13924.4890185128)(2000002    3113.90888604744)(2000101    595.635625728712)
10 5      - (1000000    127.404502424378)(2000121    1343.92605489502)(2000002    792.568185919917)(2000201    699.930838431773)(2000211    831.398378402982)(2000111    1041.98176803096)(2000012    2746.27967548868)(2000221    898.106786694828)(2000101    939.403464364425)(2000022    1468.45764939626)
11 5      - (2000101    4120.23887779432)(1000000    4622.67385371594)(2000002    6376.39912766637)(2000211    565.458033611354)(2000111    594.012933552839)(2000022    1707.21418025912)(2000012    895.54779980389)(2000121    223.56150450161)(2000201    5010.88173322851)(2000221    674.043362665564)
5 12      - (2000111    914.91088748806)(2000002    588.980188453466)(1000000    7167.63726713532)(2000012    2279.32967708043)(2000101    571.729791616348)(2000211    1226.53004263231)(2000201    187.15955121621)(2000121    412.752207651801)
5 6      - (1000000    2615.81316460843)(2000101    1809.62918458795)(2000201    1292.83328577706)(2000111    1279.16643764671)(2000002    2165.09530221223)(2000012    1456.09381320429)(2000211    1833.96266035084)
5 11      - (2000211    436.833847502432)(2000002    6869.92610320305)(1000000    5636.59579984917)(2000201    5482.86658698909)(2000012    2540.18696534978)(2000111    695.88762808138)(2000101    5379.71339984528)(2000121    940.095863673482)(2000022    1500.02145825636)(2000221    653.986057689567)
13 5      - (2000201    281.022098487345)(2000101    1133.49965039545)(2000111    -376.213148081402)(1000000    5123.70811255146)(2000002    1315.17151049157)(2000211    426.071695871704)
4 12      - (1000000    722.936908808369)(2000111    759.505929960347)(2000012    1326.39341467036)(2000002    451.558595952217)(2000101    1243.54812117343)(2000201    1237.36093154953)(2000211    653.456552878775)
14 6      - (2000111    -28.2556684921505)(2000101    3333.18839162955)(1000000    14173.0525921877)(2000002    6803.57069110795)(2000201    561.880163014884)(2000211    477.032292733316)
9 11      - (1000000    10190.0838282121)(2000211    265.575438466864)(2000002    4388.50577809957)(2000012    1426.32432054261)(2000101    170.599564868647)(2000201    4392.00379643111)
5 10      - (1000000    6554.52697346504)(2000221    163.346341333329)(2000101    5686.92190796053)(2000111    348.998906083724)(2000002    7592.3354681682)(2000201    6108.61779992517)

