225
0 0      - (2000201    60104.7036375744)(2000100    60961.8401398921)(2000200    61066.3686764983)(1000000    61066.3686764975)(2000102    60396.3917267895)(2000111    55191.2105454091)(2000022    58190.3114443786)(2000012    56949.3710572806)(2000101    60771.9865684505)(2000211    60147.5658570293)(2000002    59909.7585965321)(2000202    60475.1260133643)(2000121    62066.3686764977)(2000001    62065.9686764975)(2000221    50838.5262285766)
1 0      - (2000101    61513.848849314)(2000002    58450.3199426261)(2000100    61595.6150338128)(2000202    61510.9584199393)(2000221    17338.6112157711)(2000102    61024.8265702365)(1000000    61474.1731467978)(2000200    56666.1473198351)(2000001    61526.2004685361)(2000211    18480.9297073295)(2000022    18687.1574695218)(2000201    62066.9451280182)(2000012    17843.1984337241)(2000111    17697.0253904956)(2000121    18141.0277539392)
1 3      - (1000000    17844.284275839)(2000102    17627.9866425476)(2000012    16939.6318661612)(2000101    19644.4650805563)(2000221    14133.7983354919)(2000111    18275.7595929099)(2000202    16950.0627920715)(2000201    18439.1038799588)(2000002    17318.0139000085)(2000200    17384.5793193688)(2000100    15463.083682312)(2000211    16464.7390372848)(2000022    11347.4290432021)(2000001    15725.6525327878)(2000121    17619.1461507709)
2 1      - (2000201    61272.6342967076)(2000101    61576.7433782384)(1000000    61239.1095462768)(2000001    62065.9686764975)(2000002    61405.8152128398)(2000200    61345.8573900328)(2000012    15902.6954964502)(2000102    60769.2023610204)(2000202    61106.5718531524)(2000211    16927.9891321948)(2000100    61664.1278457953)(2000121    16055.7381019716)(2000111    20239.5481350469)(2000221    16311.9959308177)(2000022    17168.3590988349)
1 1      - (2000002    56487.1192201866)(2000201    62066.5075201708)(1000000    54109.9804664985)(2000102    55238.1397870046)(2000001    58804.7963200119)(2000101    54183.8656345346)(2000111    18686.8361864453)(2000012    17477.6760784904)(2000200    52223.8661372728)(2000121    14706.5279245689)(2000022    16967.382994432)(2000100    61064.0499103319)(2000202    56725.0769685751)(2000211    17709.7300327981)(2000221    18904.2540357584)
2 0      - (2000100    62065.7018212785)(2000200    61146.8884246235)(2000012    17845.9338565046)(2000201    58304.1135574886)(2000101    61442.7135398787)(2000202    60900.8464569837)(2000121    17130.7135525799)(2000002    60763.5517674321)(2000022    16192.7060769563)(2000102    55522.9648152469)(1000000    59935.0544226157)(2000211    16531.6018167427)(2000001    61202.0416031767)(2000221    15514.1281958187)(2000111    17771.8189190849)
3 4      - (2000202    12032.0917263628)(2000102    8559.29371096392)(2000111    12847.7435945657)(2000100    11195.6449658617)(2000221    13673.4508684626)(1000000    17893.8986973968)(2000101    19023.0174401711)(2000002    16193.159571659)(2000201    10852.6892299342)(2000200    15978.8874912875)(2000211    11152.815665894)(2000121    8713.41530147323)(2000001    5479.78038177083)
2 2      - (2000202    50273.4686395929)(1000000    49497.278727231)(2000002    52810.0158345826)(2000111    16946.3492758194)(2000100    62055.5008725038)(2000102    45359.0102941026)(2000201    55688.3808390717)(2000001    55677.6666519409)(2000200    43082.0645006429)(2000022    10679.5391735524)(2000101    52127.5913473746)(2000211    15410.1404660252)(2000012    15664.675459814)(2000221    17703.4220286277)(2000121    13699.1604968409)
3 2      - (2000221    4739.92590117474)(2000200    17525.0442044533)(2000002    17309.5252514043)(1000000    18273.5818067085)(2000001    14210.3992868881)(2000111    16652.2831143514)(2000100    18471.6585210038)(2000102    17207.9796699131)(2000101    19974.7067851731)(2000211    12821.0911061761)(2000012    16281.4175568421)(2000202    17706.2732940638)(2000201    18672.5044710052)(2000022    10910.0664673026)(2000121    14099.1273192938)
0 4      - (2000211    14065.2203070874)(2000111    13136.3243716768)(2000201    17431.475757982)(2000100    18044.9757799377)(1000000    18468.7063572763)(2000101    18228.7336241865)(2000012    17427.9389108198)(2000200    15784.0675935562)(2000121    12362.2629694393)(2000001    14382.2832788594)(2000202    17838.8389964351)(2000022    14506.005790613)(2000102    19152.8937835957)(2000002    17526.8040243247)(2000221    13850.1286680948)
3 0      - (2000101    18047.8773752571)(2000200    17789.1756098787)(1000000    17930.8474430567)(2000002    18035.0846149409)(2000100    18749.6499663955)(2000201    18149.7455377968)(2000012    16493.9295288777)(2000202    17468.2399182682)(2000211    19776.8224997901)(2000111    17267.2368246639)(2000102    17456.3146853872)(2000221    17173.100645061)(2000001    18431.9435220847)(2000022    16844.197002042)(2000121    16096.7601888652)
1 2      - (2000100    61652.0772723723)(2000202    61256.2566151178)(1000000    60918.9423588705)(2000221    15808.56309296)(2000002    61445.4641937141)(2000001    61743.2328900412)(2000201    62066.968366746)(2000102    60993.3747123482)(2000200    61319.2657189526)(2000111    18278.3367591826)(2000012    18067.6648438594)(2000101    61548.7782128278)(2000022    17127.5938985462)(2000211    17871.0254515987)(2000121    17509.8284709173)
0 1      - (1000000    55052.3791409522)(2000101    55962.1866870376)(2000102    59770.3998179751)(2000202    51768.1263155895)(2000201    54030.6762746007)(2000002    57861.6156187137)(2000012    18139.5089639229)(2000211    18095.2550888577)(2000001    49452.3782458394)(2000121    18674.6861152074)(2000111    19530.7569319624)(2000200    57590.0339541435)(2000100    62063.1125116016)(2000022    17707.8182028611)(2000221    17253.1126953244)
3 1      - (2000102    17666.6165513131)(2000100    18677.8945743873)(1000000    17846.6649634821)(2000200    16881.3734273859)(2000002    18300.900691218)(2000111    17370.6510048018)(2000012    14513.3975773359)(2000221    13946.2486333643)(2000121    12322.4731597123)(2000211    17955.6143263932)(2000022    13139.3162405809)(2000101    18467.8145615725)(2000201    17093.471642221)(2000202    18393.3239234674)(2000001    17126.1913831418)
0 3      - (2000002    19012.2421585361)(2000221    15446.5551555093)(2000101    19558.6170445087)(2000111    16937.7764084231)(2000102    18039.4428146731)(1000000    18221.6719757749)(2000200    17945.7783228539)(2000201    17847.9371560089)(2000100    18446.8421035833)(2000012    17676.0475066123)(2000211    17606.2764494523)(2000202    18055.5063982968)(2000001    15829.6511789649)(2000121    16076.3823852049)(2000022    15635.7703009758)
0 2      - (2000121    18193.3298687094)(2000001    54874.6277771758)(2000200    46490.6048982059)(2000002    45314.7332117011)(2000202    52392.9531159015)(1000000    45983.1015084722)(2000012    18419.9701181311)(2000211    17957.2905390958)(2000201    48258.1516728276)(2000022    17786.466203616)(2000101    62232.6678175181)(2000100    51611.206707032)(2000102    52379.2780456663)(2000111    19413.1807436301)(2000221    19274.0001259589)
2 3      - (2000201    18985.6394306896)(2000100    19268.3886765821)(1000000    17624.3414243182)(2000001    18129.8328887726)(2000102    17816.7603864031)(2000200    17706.3355400054)(2000101    19856.0225628532)(2000002    18440.6502893245)(2000202    17525.720063467)(2000221    14056.0121996635)(2000211    15135.2681030631)(2000111    18448.8011593877)(2000121    2312.50001883943)(2000022    9316.32500525314)(2000012    16169.2494936117)
3 3      - (2000201    17676.0537988342)(2000200    16877.8592128339)(2000102    17628.2243817659)(2000101    17080.5541017227)(2000012    12500.8663299634)(2000002    16730.4736034967)(2000100    19309.1784604853)(2000121    1981.8736889284)(2000211    14474.9030210247)(2000202    16556.7354000501)(1000000    17648.2108491417)(2000001    13137.9143761409)(2000221    12385.2585048522)(2000022    5163.48931479752)(2000111    8022.93810718559)
4 2      - (2000200    12409.9173941981)(2000002    17616.091250364)(2000022    6569.61112458345)(2000102    15911.2589513477)(2000001    12013.4225144083)(2000101    11715.5476391109)(2000221    2398.71994425956)(1000000    15123.0976438793)(2000202    14758.8830224959)(2000121    5579.50366928848)(2000201    14390.9166839989)(2000111    4817.92511195649)(2000100    7991.8446202486)(2000211    9557.328140779)
4 1      - (2000201    16882.4425257561)(2000100    18912.2751660981)(1000000    18275.0677344988)(2000221    7305.31835743978)(2000200    17318.3972092219)(2000102    17503.5690935896)(2000002    16720.0848361107)(2000001    18993.2632635607)(2000202    15143.8438175155)(2000111    9477.16892147972)(2000211    14522.6448227555)(2000101    18095.1393456954)(2000121    11095.3297820388)(2000012    16898.9840613037)(2000022    5055.78832307434)
4 0      - (2000201    18503.7123876068)(2000002    16868.2779591392)(1000000    17052.4133988174)(2000221    7312.51291200989)(2000102    15384.6543783384)(2000211    17534.6477071676)(2000200    18225.9367219375)(2000202    17002.242527505)(2000022    3713.0724778064)(2000101    18071.3004280075)(2000100    18609.1999675409)(2000001    17541.1305604826)(2000111    14317.113906494)(2000012    13186.0894018946)(2000121    13965.1706088267)
2 4      - (2000101    15195.1033624761)(2000111    9985.72512444577)(2000002    19536.8323601247)(1000000    16761.5119603856)(2000202    17647.1419930153)(2000102    13561.1025713461)(2000211    10702.7421499825)(2000200    15404.0981957674)(2000201    16383.9824399862)(2000100    17539.5651575775)(2000001    15092.8850245648)(2000121    3415.42282388942)(2000221    4806.57110064884)(2000022    5572.91245212959)(2000012    9253.99340127955)
1 4      - (2000202    14019.8362791657)(2000100    17355.7560192516)(2000111    13109.1534061007)(2000221    9685.94238543278)(2000201    16750.0581244931)(2000002    17893.0618197437)(1000000    18569.9615227714)(2000102    15256.9966253204)(2000200    17120.3725047931)(2000101    17892.8299349726)(2000012    17305.412132565)(2000211    18663.4301013036)(2000001    14844.7298145749)(2000022    14539.0222884266)(2000121    14716.3456185644)
3 5      - (2000102    878.742039079382)(2000101    3255.87439768409)(2000201    17458.3076481248)(2000202    3384.02093870489)(2000100    6145.88206560749)(1000000    6857.74561122883)(2000121    7015.29371184413)(2000111    8580.08823924234)(2000221    14381.0620310622)
3 6      - (2000100    -0.636133333333333)(2000012    8949.9095643164)(2000202    946.673493838295)(2000101    1198.85316810654)(2000002    3364.62480173284)
5 0      - (2000022    8282.61915561414)(1000000    9806.54599757193)(2000211    979.456794680111)(2000102    16828.3570554084)(2000100    1319.89556895035)(2000200    8593.94930861209)(2000201    5614.12560238974)(2000111    10523.1839981037)(2000221    2290.18000769905)(2000002    12955.6502696288)(2000202    3033.84661755742)(2000121    5934.45713237365)
1 5      - (2000102    7911.05068189764)(2000121    432.716497863938)(2000201    10390.6463710918)(2000202    2082.43312961296)(2000101    17078.421170891)(1000000    4069.04640186005)(2000200    9056.70858341683)(2000100    4639.86240990341)(2000001    1517.50061832271)(2000221    7745.99061027001)(2000002    2847.86684055762)(2000022    9401.58120991531)(2000012    6880.08468648058)(2000211    6128.26239484938)(2000111    13276.6717450659)
0 5      - (2000102    8477.17354750676)(2000111    8908.3105363671)(2000211    9233.75781375031)(2000201    17631.099783785)(1000000    5515.04194480155)(2000012    3574.41559738902)(2000002    2789.58595641915)(2000200    1433.83938079775)(2000221    13777.6718940292)(2000100    5789.3372399315)(2000101    11607.7616627642)(2000202    6088.38035878631)
2 7      - (2000201    11841.7446663931)(2000211    -98.3082348108659)(2000111    14508.233492797)(2000101    52377.7922349883)(1000000    14456.3139905518)(2000012    14579.2369687462)(2000002    8777.44492705417)(2000102    14874.4451606529)(2000221    3360.68499557346)(2000202    4110.47079377642)(2000121    17836.801474497)(2000022    5582.50673887007)
5 1      - (2000102    9155.90899691172)(2000211    10214.4163774018)(2000121    3966.99758910977)(2000101    18309.7380849851)(2000200    8133.43523217466)(2000201    4667.84332345765)(2000002    9615.67853249471)(1000000    7727.75993977004)(2000012    3294.74082054876)(2000202    8664.73168903245)(2000022    6667.34901148578)
8 0      - (2000101    32266.4954620403)(2000211    21060.7634209281)(2000202    34138.6607509743)(2000201    61962.1029792178)(1000000    61188.3325165516)(2000002    32198.5220785444)(2000022    10053.8431392682)(2000012    36495.1929675539)(2000221    4723.8985809206)(2000102    25013.4303916869)(2000111    20279.942372487)(2000121    7683.26923007217)
9 1      - (2000101    27957.0667972315)(2000111    16718.7103484676)(2000102    7925.85381361511)(2000202    30580.7087484648)(2000211    18615.1847075216)(2000201    22111.9848219142)(2000002    6522.75160907266)(2000121    9590.90876061047)(1000000    61307.094539287)(2000022    18379.3442857709)(2000012    23654.7507019067)(2000221    11005.1915442161)
1 11      - (2000002    8669.7763060585)(2000201    27350.643097084)(2000012    63720.7808594761)(1000000    18269.2629735292)(2000211    34440.5121453798)(2000102    23147.2635869121)(2000111    25570.2570893645)(2000202    25342.3396792249)(2000221    15951.4134873002)(2000101    23806.7676150858)(2000022    20110.9550798578)(2000121    22496.4911259531)
10 0      - (2000012    37213.8423220466)(2000211    40783.80665096)(1000000    35913.4977181544)(2000201    24729.8815923946)(2000101    24777.5405030512)(2000121    33278.9606752248)(2000022    39600.2443241075)(2000202    37951.7311512151)(2000102    37148.2098927815)(2000002    64323.2818986138)(2000111    22352.0099504558)(2000200    214.631644590648)(2000221    17124.7015301462)
0 11      - (2000012    49255.9196126588)(2000211    41700.2002231495)(2000221    48005.7012636468)(2000101    40822.3925014116)(2000111    48350.1223767148)(2000121    37382.3248497404)(2000002    62706.6665252715)(2000202    36938.0215706895)(2000102    43297.0704908363)(1000000    54553.3428398441)(2000201    43428.7711500386)(2000022    45122.577170926)
0 8      - (1000000    36704.7713601785)(2000111    17569.1820291021)(2000201    23103.275288916)(2000101    23383.219771015)(2000211    11750.6287275293)(2000121    3256.06284636302)(2000002    59761.992834989)(2000202    14788.2995744035)(2000221    13709.8961623932)(2000012    30449.4275404264)(2000102    24299.9699018007)(2000022    11655.6275290095)
11 0      - (1000000    28727.6529074095)(2000101    20434.6984253371)(2000221    29858.4045674103)(2000012    23863.299357299)(2000211    43265.041883819)(2000201    24500.7528584779)(2000121    20657.593751429)(2000002    63584.740924121)(2000111    33663.6989000709)(2000202    19703.097409787)(2000102    31045.6705491506)(2000022    31499.0836877335)
9 4      - (2000022    2427.33590483443)(2000202    7818.75963302935)(2000111    19459.9904376446)(2000002    56606.0245511961)(2000211    13645.4936267388)(2000102    10626.545512745)(2000012    7329.39059384688)(1000000    9413.44856789913)(2000221    11292.6181365209)
0 9      - (2000221    12925.2829936178)(2000022    16132.418049658)(2000202    20298.3716355292)(2000111    25220.5700031393)(2000012    27967.4962454602)(2000101    64551.7088294449)(1000000    43351.2564257614)(2000002    38002.4404528647)(2000211    23926.6817573768)(2000201    34092.3335047726)(2000102    18231.6758794434)(2000121    13437.8162296559)
2 6      - (2000202    -0.75)(2000022    8407.86516071257)(2000201    1175.04437909765)(2000121    962.274266064663)(2000221    6295.42474851571)(2000211    772.823793462517)(2000101    13444.5986433491)(2000111    4977.71691969183)
0 7      - (2000111    25897.012154962)(2000101    20445.2962665454)(2000202    15041.342751958)(2000102    17629.6071519954)(2000012    18416.5636912746)(2000221    4979.64939557365)(1000000    33594.261449303)(2000201    13018.7967700988)(2000022    14669.3697186214)(2000211    18895.6002657552)(2000002    56525.0846434067)(2000121    4732.39602519402)
3 9      - (2000002    17115.8356979356)(2000201    4719.24145017736)(2000101    22001.7956426758)(2000100    699.148473961982)(2000202    11479.7889253649)(2000022    10313.6297695547)(2000211    12834.8172199055)(2000102    15576.0893771993)(2000221    11876.6340504501)(1000000    11422.9848397393)(2000111    6281.58096304408)(2000121    7014.55326971765)
1 6      - (2000211    1986.87309733659)(2000121    885.505959247937)(2000201    7270.91157669436)(2000102    13944.3121842302)(2000111    6746.75360438609)(2000022    2006.98933092601)(2000202    665.953145517087)(2000221    930.726662583796)(2000002    1364.96420106693)(1000000    2117.58148305877)
8 1      - (2000201    59010.8777540383)(1000000    23867.5555329742)(2000111    24185.2700080922)(2000022    16483.7857565076)(2000012    10983.9969820685)(2000102    20664.1325734458)(2000211    24646.3601231703)(2000101    25024.7665101438)(2000202    17119.1516112727)(2000221    14817.1360073226)(2000002    18681.3003481966)(2000121    13975.9822628174)
1 10      - (2000221    25318.4036498055)(2000211    5873.72718700536)(2000102    25587.0355554522)(2000101    17848.700998899)(2000202    19658.0644124178)(2000012    63475.4100269349)(1000000    25585.2366122839)(2000022    30392.0277335038)(2000111    29812.3396998779)(2000002    26876.8102108956)(2000201    39506.5496229192)(2000121    17532.2783438743)
6 0      - (1000000    16178.0384121055)(2000012    20482.3477233764)(2000201    10218.4730861611)(2000102    10382.8134907895)(2000211    10714.928333455)(2000022    5073.35375778176)(2000002    16595.2564737261)(2000200    1170.88050340976)(2000001    1675.90792128005)(2000221    3428.35076025011)(2000111    10030.3630428766)(2000101    8238.8778524518)
1 8      - (2000022    15872.1740460686)(1000000    32564.7790194643)(2000201    23295.8151596849)(2000002    61267.5237774028)(2000012    21284.7263592032)(2000221    13869.0137857614)(2000111    31957.0586114915)(2000202    19808.7594146101)(2000102    15026.5179127292)(2000211    8153.05854800242)(2000121    11824.1999706248)(2000101    33213.9311595541)
0 10      - (2000202    58425.7551319455)(2000121    25661.1670161524)(2000111    56273.2890129352)(2000102    61787.8037489272)(2000012    62766.5500547822)(2000201    61800.609122246)(2000002    62161.3961720057)(1000000    62170.6580742876)(2000101    61805.6811552527)(2000022    53089.0463489608)(2000211    60625.1118772594)(2000221    35013.1660140195)
13 2      - (2000002    7596.33265246569)(2000201    29081.8243458816)(2000202    4621.33187428577)(2000012    5567.8322462667)(2000111    7883.98702432909)
0 13      - (2000101    2304.67099634996)(2000221    9615.68574024087)(2000202    7480.73151584008)(1000000    55763.9371983149)(2000102    746.344879687338)(2000022    3067.33565258479)(2000201    2374.63070971424)(2000121    12071.5016374961)(2000211    9576.29287469989)(2000012    7864.93685111531)
1 14      - (2000111    3410.35568057733)(2000101    8465.59686553586)(2000202    4615.85271426348)(2000102    44420.2455248809)(2000201    5762.10365229817)(2000012    7271.09360440067)
5 5      - (2000101    3879.07966885057)(2000201    3594.35884043267)
13 3      - (2000002    28540.9117612511)(2000111    3670.54395666588)(2000102    8003.40001913915)(2000202    8091.04201969799)
12 2      - (2000111    54972.7913512165)(2000202    19753.2386134784)(2000201    11235.2982243379)(2000211    20273.5167896216)(2000012    13406.0605250075)(2000102    21513.2723825727)(2000121    15104.8677009799)(2000221    16624.9043580915)(1000000    12617.7297007848)
10 3      - (2000102    6121.45269276871)(2000101    13750.7885539717)(2000202    61856.4434040797)(2000111    5552.24879963459)(2000121    2943.66927011278)(2000201    13047.0842464369)(2000211    3589.13184170516)(2000022    14936.8577358438)(2000221    13774.2004645852)(1000000    7165.43038854978)(2000012    9826.22762735943)
2 12      - (1000000    29950.4490187773)(2000201    10407.3540355517)(2000202    690.755648470195)(2000102    11855.3342224109)(2000101    18702.9494889876)(2000012    11276.6666281706)(2000121    10221.7167324249)(2000221    9131.02813567131)(2000211    10632.3132613105)
4 3      - (2000200    18820.2610591319)(2000001    14963.4764759891)(2000201    9248.41074796956)(2000221    599.181431630468)(2000111    8590.65411711095)(1000000    14135.2488418721)(2000102    10586.8540536767)(2000202    8510.45979852282)(2000002    12943.4763878443)(2000100    10696.3890047944)(2000101    17092.5657659552)(2000022    2869.79739330324)
10 1      - (2000111    29169.8044661628)(2000202    49429.1041869004)(2000012    63934.5169876383)(1000000    37145.7377106601)(2000211    37921.3492226013)(2000101    33822.1155721635)(2000022    41340.3279231182)(2000102    27900.2698630781)(2000221    29753.9137610331)(2000201    40792.354803253)(2000002    37182.1437764732)(2000121    21305.5479756396)
10 2      - (2000201    62592.4370096634)(2000101    23966.7229869838)(2000202    20902.2020751257)(2000221    25424.0734280667)(2000111    16170.7710730304)(2000022    25062.586299378)(1000000    9868.94553384154)(2000012    28271.543857038)(2000211    18310.064260436)(2000102    25182.7353766816)(2000121    9744.02132477254)(2000002    11140.0248952673)
12 0      - (2000111    14730.1099302102)(2000202    7050.87742196157)(2000102    11155.3252812752)(2000211    21835.0606999417)(2000012    15150.8605646483)(2000201    19714.948689202)(2000101    13336.6610838865)(1000000    16658.6435839491)(2000022    13610.2407586195)(2000221    2029.7782159827)(2000002    61517.3861534252)(2000121    9757.10910244125)(2000100    7710.62312823446)
11 1      - (2000012    63500.3289761752)(2000101    14535.5165095287)(2000211    40705.9829284331)(2000221    19093.7378382761)(2000102    28996.1571900328)(2000022    34624.6917063967)(2000202    24367.699885597)(2000201    29219.7334519242)(2000002    25851.5025212763)(2000121    15748.5595375279)(2000111    22974.3642531266)(1000000    38436.2161155667)
1 9      - (2000221    11716.8772974317)(2000101    17010.0444668493)(2000022    16163.2437485932)(2000201    53659.2987893471)(1000000    9529.77008369831)(2000202    12569.7329002621)(2000102    11167.0942682738)(2000111    8158.67935491398)(2000211    18522.052724063)(2000012    14582.4293533183)(2000002    7395.2173226267)(2000121    8082.80431954976)
6 1      - (2000102    3928.6645325252)(2000202    18034.6531502217)(2000022    940.769386249651)(2000211    644.413546805714)(2000221    1203.45257468301)(2000012    1006.98203279353)(2000111    5319.16093364632)(2000101    1520.75938458906)(2000121    2621.06310409)(2000002    9020.18837890126)(2000201    10031.5157227268)
1 7      - (2000202    16773.7712956609)(2000201    11008.3491152049)(2000221    1479.61782618297)(2000121    2330.93803704001)(2000100    560.26159204178)(2000022    9931.56631933941)(2000102    7081.69108015751)(2000211    17712.8914811052)(2000101    56001.7832249972)(2000111    6135.23151043797)(1000000    23120.096659971)(2000002    13045.9379793316)(2000012    14396.9558522947)
7 2      - (2000002    63584.1058871481)(2000102    28226.0112552666)(1000000    25510.7079601547)(2000211    36563.2497170917)(2000201    33191.4599694508)(2000111    47993.2609194322)(2000101    31644.2969326615)(2000012    34423.5232319067)(2000202    28878.0255572338)(2000022    26831.3042414412)(2000121    13871.4633642808)(2000221    23764.4800082408)
10 5      - (1000000    47225.644628727)(2000221    8844.89648818866)
2 10      - (2000121    11482.4310754207)(2000101    12917.448186046)(2000102    11299.8641421456)(2000211    17334.8144653386)(2000202    6948.49540805533)(2000201    41688.0330925395)(2000012    11994.6726486813)(2000002    16618.6717518367)(2000111    13114.3566945446)(1000000    12191.7210106644)(2000022    16004.3108560862)(2000221    14195.531984038)
12 3      - (1000000    50077.904865861)(2000221    181.138073515814)(2000022    6172.40900560242)(2000002    12727.0926276495)(2000202    12990.610640936)
3 10      - (2000102    15382.7595930052)(2000121    4907.56271048302)(1000000    24778.4614524286)(2000211    37819.9727012559)(2000111    3952.43305992008)(2000022    12345.2912236621)(2000201    9532.48750310729)(2000221    10314.8176986692)(2000202    13385.8744232977)
9 0      - (2000201    21757.1723054797)(2000202    12789.7676818857)(2000211    23760.7333451581)(2000101    28330.5873625236)(2000002    63385.5430052108)(2000221    12211.1697797007)(2000111    9741.06597508648)(2000121    1948.81407704325)(2000102    27392.8862855667)(1000000    22065.4121064282)(2000022    10452.1619882895)(2000012    22316.0747985981)
7 5      - (2000012    7613.8833001331)(2000211    37224.1443128999)(2000002    2814.18777271188)(1000000    3204.34729034958)(2000111    8851.87884026616)
13 1      - (2000111    689.709021095096)(2000211    5890.59420728855)(1000000    31845.9054792393)(2000002    8191.83645518771)(2000201    17938.9196497937)(2000012    3856.65669636919)(2000121    3992.31284369746)(2000202    4430.59016955784)(2000101    5357.52368214718)(2000221    8959.65863458209)
3 13      - (2000201    6728.83122800793)(2000012    26873.8048132071)(2000102    9686.54626103737)(1000000    5355.27184526257)
14 2      - (2000022    2660.33938345759)(1000000    15653.3318073291)(2000202    3156.30406790514)(2000201    6756.92306219833)
2 8      - (2000202    16072.0567133171)(2000201    59341.9013176197)(2000022    18260.8941656392)(2000102    5575.39171054406)(2000211    15415.6827035824)(2000012    16071.9416526576)(1000000    23315.5031395073)(2000121    10428.4415190539)(2000111    16549.5798422089)(2000002    19493.6945952337)(2000221    6707.00744443842)(2000101    7263.40075308238)
7 0      - (2000102    18061.1771199986)(2000012    16312.3951514671)(2000101    23398.4814545878)(1000000    57532.3465230308)(2000202    26275.2674992495)(2000201    28312.3807759212)(2000221    9603.61049861897)(2000211    16820.8016367965)(2000111    13446.2658705382)(2000002    22447.8622515796)(2000022    6270.08421594235)
2 5      - (2000002    -145.163453019394)(2000211    6929.35564016385)(1000000    10622.4859758711)(2000202    16114.206011602)(2000001    1434.75367876906)(2000200    1434.77024539365)(2000100    1421.7974616799)(2000101    13009.7156488441)(2000201    4614.3260537909)(2000102    3806.41673482123)(2000221    8259.87601184778)
0 6      - (2000012    1467.65090006145)(2000201    17726.79386117)(2000022    1590.55581794729)(2000101    1020.23269295803)(2000121    1718.2329285114)(2000211    7315.28995170352)(2000111    5109.52574708534)(2000102    1717.30193519509)(2000221    1936.67071295894)(2000002    2096.53827276389)(2000202    5564.41350614887)(1000000    6042.94484541877)
4 10      - (2000202    33522.266363292)(1000000    15318.7514811206)
2 14      - (1000000    3723.52093674875)(2000101    3019.41392410285)(2000102    1005.09284017719)(2000202    3175.52979331995)(2000012    15282.8652939061)(2000121    8741.23307357532)
8 2      - (2000101    63961.1274213884)(2000012    23436.2397082779)(2000102    18697.0914493124)(2000111    19350.878104449)(2000211    16486.9968935422)(2000201    7947.09991130857)(2000202    22823.8592090948)(2000221    24030.0825916019)(1000000    34408.677939399)(2000121    20627.8168680763)(2000002    13821.5758570943)(2000022    20657.851135285)
1 13      - (2000211    -73.0819418257068)(2000111    -329.890774078416)(1000000    694.505059047565)(2000202    5523.93744266781)(2000101    35588.5437616396)(2000012    11419.0872921104)(2000102    3552.26660574839)(2000002    8627.57610186573)(2000221    4360.1759099672)
5 3      - (2000012    -229.66844809073)(2000022    14915.6566995766)(2000001    3011.4276114806)(2000102    15570.1174543593)(2000121    8149.97804707673)(2000111    8187.19472352088)(2000200    8031.57123388437)
12 1      - (2000102    4935.42374971074)(2000101    -285.045481875018)(2000201    26503.2181835801)(2000022    13600.0393622357)(1000000    49446.4479166172)(2000002    9586.98117447195)(2000202    7329.9370476328)(2000121    15590.0474735839)(2000111    13870.5047731372)(2000211    6426.84470053976)(2000012    14577.7957081451)(2000221    7506.05964167485)
2 9      - (1000000    10714.1260259158)(2000002    18066.2350494718)(2000221    14583.4949312122)(2000102    1544.05220048516)(2000012    40859.1002008507)(2000202    14400.9777127857)(2000201    4432.35714527075)(2000211    16229.8784433555)(2000101    13207.2224764914)(2000111    12498.5267257047)(2000022    9768.57222040708)
11 3      - (2000201    55698.8815034773)(2000012    21617.1338351658)(2000111    16453.3609365101)(2000022    7194.58865025172)(1000000    6726.55057435435)(2000101    12667.9695240059)(2000202    8650.69733001108)(2000102    15584.9153434495)(2000221    15647.1700961582)
2 13      - (2000012    5837.24575692548)(2000102    -40.2478209188816)(2000201    23333.5990024124)(2000111    2465.86736554801)(2000101    11508.2073459851)(2000002    5589.54712743307)(2000022    6736.68592760071)
3 7      - (2000121    1106.33466379677)(2000202    9920.78377094771)(1000000    26957.6957149845)(2000022    10432.4458287282)(2000002    10222.5739749774)(2000102    11013.2556327837)(2000221    9487.65618815299)
8 3      - (2000201    61964.4949252092)(2000211    7871.85658004672)(2000121    11779.9765488597)(2000221    26030.1137725277)(2000111    6915.99936908919)(2000101    8130.90913510956)(2000202    11037.6909017994)(2000102    5593.52659110986)(1000000    16652.8575165088)(2000022    11838.4435692914)(2000002    26735.6378278874)(2000012    8701.64887413525)
3 8      - (2000101    42560.360136159)(2000102    2031.44570238778)(2000111    9064.34588319892)(1000000    21589.839437073)(2000221    12318.7572366399)(2000002    5603.48806004963)(2000012    13188.9158610995)(2000121    8867.73736601901)(2000202    7351.95039303116)
9 2      - (2000002    17367.3906772986)(2000012    62644.8918576832)(2000202    4340.44036159785)(2000211    2134.55091780609)(1000000    11874.1142933948)(2000022    34876.7670461353)(2000101    11506.3891925761)(2000121    20321.729641074)(2000201    6285.59592705956)(2000221    18858.7002794818)(2000102    7423.10758501556)(2000111    35081.5294585878)
1 12      - (2000221    1259.72337970609)(2000102    22435.8343535428)(2000012    57540.5073693103)(2000002    11102.2843013683)(2000211    14592.7070754497)(2000201    18622.121950368)(2000101    8697.1569833836)(2000121    12653.8774302093)(2000022    6479.31351690713)(2000202    12072.4415893702)(2000111    16161.5691644852)
4 7      - (1000000    17672.5123481572)(2000200    3860.69338800389)(2000101    9971.57552921536)
0 12      - (2000111    18495.7264752729)(2000201    28715.6393679167)(2000102    23318.4277987075)(2000022    3164.20554201763)(2000211    36535.3244684283)(2000101    29858.2768153278)(2000202    21782.5535237898)(2000002    36439.0125992481)(1000000    61577.7619920495)(2000012    13614.5101484476)(2000121    15073.5302231405)(2000221    31735.4088573453)
9 3      - (2000002    59534.4351291365)(2000211    15005.4029810818)(2000202    21569.8421135833)(2000012    20782.5252598554)(2000102    18433.1115652002)(2000101    11114.3680116975)(2000022    5952.97571169939)(2000201    5154.04404590207)(1000000    5296.0429745252)(2000121    21122.8808500795)(2000221    9581.85496959851)
6 3      - (2000012    15418.641911167)(2000201    184.423223229562)(2000202    1107.24249084587)(2000211    11472.9242948218)(2000111    4993.99687293808)
4 8      - (2000012    1109.87863773978)(2000002    53141.5782340683)(1000000    12812.3751089401)(2000102    3987.32778906871)(2000211    3732.61178037134)(2000101    17445.1936494451)(2000121    9117.3824622732)
6 2      - (2000101    1225.1252007423)(2000022    2195.27294505808)(2000202    1335.145515225)(2000102    1325.51430055815)(2000002    15300.1865921386)(2000111    737.855091920943)(1000000    1454.42800084204)(2000211    8264.46818799005)(2000012    8851.76480062495)
7 1      - (2000211    18945.7743804729)(2000202    20217.5482493462)(2000121    5837.25998884361)(2000201    22445.4170183566)(2000111    21887.6462314461)(2000102    13824.359078187)(2000002    62985.1664357686)(2000022    3297.80993724301)(2000012    25403.2643610871)(2000221    11434.2962556594)(2000101    34257.3663896572)(1000000    49573.2746720101)
8 4      - (2000022    2273.10949986441)(2000202    43598.0138142371)(2000111    9202.62344168505)(2000221    27222.3826380558)(1000000    7651.61188495265)(2000101    13702.7314459789)(2000201    8061.90318188669)(2000211    19100.6116936966)(2000002    19293.3220144378)(2000012    7123.89423528738)
7 3      - (2000111    5793.60040232797)(2000022    10030.2479945569)(2000221    15991.1088732761)(1000000    59048.655245709)(2000012    3412.93383546198)(2000202    19712.8534742457)(2000121    4706.24374788191)(2000101    7797.3709730271)(2000211    5590.53152590346)(2000201    18479.9118956335)
8 5      - (2000201    32841.3096005774)(2000022    51667.5892015855)(2000012    5148.70830030999)(2000211    9834.27754547815)(2000101    9277.87955770494)(2000221    12199.4008296405)
2 11      - (2000221    13946.7580707027)(2000002    50399.5837075222)(2000101    5725.90180408065)(2000012    14898.2008142479)(2000102    1782.10289963823)(1000000    16216.3888033764)(2000202    3781.28740719349)(2000211    22077.918565366)(2000121    5113.6055247439)(2000201    15645.2174565266)
13 0      - (2000012    7798.67565265992)(2000221    419.824712314442)(1000000    6306.94885806244)(2000201    42123.4937122801)(2000101    10660.167784882)(2000102    10242.8543595245)(2000002    15137.9507624196)(2000211    13949.8445078006)(2000022    6586.20704477788)(2000111    10367.5811060949)(2000202    8812.7518324824)(2000121    7707.89040614665)
14 0      - (2000101    2423.5778051476)(2000202    -108.081897244404)(2000211    2170.91538487807)(2000201    5553.39318048657)(2000002    24479.0498478815)(1000000    8177.21039700455)
0 14      - (2000111    8955.01260638771)(2000201    11812.0777626935)(2000012    2637.66109494256)(2000022    4689.86662111026)(2000002    2138.30259089557)(1000000    56070.4298292924)(2000121    3119.53893638932)(2000101    7471.43777385702)(2000202    8911.89255219664)
4 4      - (1000000    14362.5457519973)(2000200    2857.31719516959)(2000100    11286.8923859797)(2000202    5455.29912629969)(2000201    832.683984744834)(2000101    17869.3025281378)(2000012    2257.16056225315)(2000102    8132.56037100395)(2000002    7745.28909842237)(2000022    2925.42070001142)(2000111    3814.54443744007)(2000211    7283.61396293416)
14 1      - (2000111    17852.3354048916)(2000211    1618.88840804153)(2000012    2086.67870390811)(1000000    2086.67870390811)(2000101    8787.17836311517)
7 4      - (2000202    22892.2901885106)(2000102    2510.04180557584)(2000022    7432.86279842114)(2000002    42136.8032946125)(2000211    9072.01587788352)
5 2      - (2000201    16710.7253675599)(2000101    4207.02706197235)(1000000    9910.46231242414)(2000202    1643.43224490003)(2000012    2191.68120956305)(2000221    2098.75229485791)(2000022    1938.97857054021)(2000102    3086.39066476575)(2000002    12010.8347555173)(2000211    7249.31328962123)(2000200    7664.81598854978)
3 12      - (1000000    -551.977792863735)(2000002    1698.30924224474)(2000012    3034.81616597562)(2000202    42245.0603042679)(2000221    1171.92439751317)(2000102    2257.33025873122)(2000101    2139.3442178004)(2000111    16227.0063204878)(2000201    2415.13500679084)(2000211    3802.93297892602)(2000121    11457.1846957906)
5 4      - (1000000    372.926496418573)(2000202    326.019586134329)(2000101    1334.93400429145)(2000022    9171.21855863613)(2000002    14158.0323248831)
4 6      - (2000012    2956.51651254966)(2000201    5476.67473438809)
11 2      - (2000002    61826.2148980842)(2000201    12264.7795118959)(2000102    23786.1269173152)(2000202    19283.9962056754)(1000000    10737.7732821723)(2000012    19739.9135574033)(2000101    38666.9991170885)(2000221    17599.701119086)(2000100    3420.94523181803)(2000211    6365.28206750729)(2000111    25591.2207807581)(2000022    14285.3770997347)(2000121    10091.4414494745)
3 11      - (2000202    11847.289236837)(2000002    48992.3196069763)(2000211    12598.2691773439)(2000012    18960.1097237923)(2000102    4839.1045097276)(2000111    13935.9626515927)(2000201    12882.652076512)(1000000    7297.95037532886)(2000022    11513.0504794032)
11 5      - (2000211    1007.02079973508)(1000000    -500)(2000201    1875.68689224717)(2000012    4913.42743112583)(2000101    20531.6436492714)(2000121    1465.46793346794)(2000002    6375.64318129626)(2000111    8191.95528927759)
4 5      - (2000001    1769.33675258217)(2000202    17215.2946295557)(2000102    8821.32668798098)
4 9      - (2000111    31318.8119393597)(2000002    2506.7872753563)(2000012    8432.02715354615)(2000101    7742.38804605906)(2000022    10267.866613012)(1000000    8655.5649571754)
5 9      - (2000102    710.57709034851)(2000111    2837.92501798052)(2000202    38553.1133536269)(2000211    2335.40024046163)(2000201    9932.67594387242)(2000101    12999.0227779144)
14 3      - (2000201    3534.68939666651)(2000022    1611.24631088261)(2000221    2355.60055916508)(2000002    16800.2873682765)
4 12      - (2000221    7911.40199372737)(2000201    -0.5)(2000101    1189.08503716417)(2000012    2911.34974661301)(2000022    6742.29265006091)(2000002    15528.5761751651)
10 7      - (2000202    9275.917791913)(2000201    8215.14055050648)(2000121    6025.97467645496)(2000101    13587.6406164471)(2000002    18152.1731966548)(2000221    2932.1334573298)(2000102    9750.9101336447)(2000111    7311.81703898118)(2000012    10396.7432344858)(2000022    6402.31136552521)
6 4      - (2000121    3804.58251548451)(2000002    7897.85116098037)
10 8      - (2000121    27588.3464160723)(2000202    10315.9278159332)(2000002    15992.9649460836)(1000000    41709.0268026041)(2000012    59949.3461355104)(2000111    23466.8349532554)(2000201    6671.3857037822)(2000022    29260.4594650812)(2000101    4115.22171779058)(2000211    28757.1061067264)(2000221    15875.0631429138)(2000100    8927.46881096328)(2000200    5422.59673887402)(2000102    7048.9175295137)
7 11      - (2000002    45874.2695404478)(1000000    18560.556277623)(2000101    19024.9361395393)(2000102    14772.4349292361)(2000201    26892.9452353613)(2000221    17592.6875414662)(2000211    19080.434663492)(2000121    3985.40760038639)(2000022    7832.06981844194)(2000100    4097.20157135436)(2000111    13377.9078795409)(2000012    25100.6580031682)(2000202    7871.35856655795)
9 10      - (2000102    15237.5044366056)(2000202    24763.0453952924)(2000101    16537.435415815)(2000002    31335.8921388594)(2000012    63869.742257418)(2000121    29596.5565752603)(2000211    12280.2382253892)(2000111    26626.8556381435)(1000000    22343.1579400231)(2000100    3918.93745851354)(2000201    15895.8071698449)(2000221    24906.1247784978)(2000200    6993.85688879653)(2000022    30048.5735735036)
12 6      - (2000221    4034.35644162573)(1000000    3191.02278343066)(2000012    -0.74544)(2000022    9838.7195121694)(2000211    11257.7180739717)(2000201    1142.06680944148)(2000121    1194.70017866437)(2000002    4552.94343914847)(2000101    6467.60270890212)(2000111    3660.71976267988)
9 5      - (2000002    56229.2422291022)(2000201    1928.03827077094)(2000022    2525.45009906554)(2000111    18806.612627202)(2000101    10253.1340336564)
11 12      - (2000101    15034.4693009105)(2000012    4250.65166428521)(2000102    45100.541049774)(2000121    12410.0597542835)(2000221    12832.963788038)(1000000    20583.4954821651)(2000200    434.375834480332)(2000211    20865.1296356781)(2000022    13583.9209005547)(2000111    17235.0606752363)(2000002    16128.0346883494)(2000202    16380.576820648)(2000201    14506.8568220822)
6 9      - (2000202    6290.72725365129)(2000012    5627.55269005456)(2000022    2346.22311330622)(2000201    5570.74114248293)(2000002    8057.15503723081)(2000121    3442.55485770099)(2000101    12735.0970644077)(1000000    3935.04811597866)(2000102    2564.41617240149)
9 6      - (2000202    4239.5790325151)(2000022    5156.20408715018)(2000121    2454.60588387495)(2000102    14014.3312036738)(2000002    2546.82568160406)(2000101    9027.32648061492)(2000211    3096.97473140185)(1000000    3479.59772218494)
8 6      - (2000012    15868.0194767863)(1000000    5620.49234010536)(2000201    1461.90801868422)(2000002    4057.25623228961)(2000101    3485.05023790442)(2000121    4531.18198499667)(2000202    5977.63194751818)
11 11      - (2000111    20714.4918461223)(1000000    36658.2421121861)(2000002    16170.2407559939)(2000211    23790.2064765369)(2000022    15908.7158243307)(2000101    16683.4770578914)(2000221    48497.4987924111)(2000102    17237.5460895049)(2000201    16600.3562975424)(2000012    17441.5681850508)(2000202    23696.6671152709)(2000200    7932.36418701533)(2000121    16092.6915356692)(2000100    4235.37442177232)
8 8      - (2000201    59732.1824360194)(2000121    53544.4254202901)(2000111    61662.8993695253)(2000002    59914.3812885973)(2000101    61880.2346382785)(1000000    58598.1218518348)(2000221    56575.6633122325)(2000102    57843.3050718748)(2000202    60796.7307406531)(2000012    61569.70779524)(2000022    56365.4307500605)(2000211    61399.9549100505)
13 8      - (1000000    49580.9470522487)(2000111    8481.49089910817)(2000102    1651.24722016391)(2000101    5407.3748331011)(2000211    8387.92223413289)(2000002    5250.6018982786)(2000221    11358.967172889)(2000121    9765.56645459698)(2000200    11512.3867943605)(2000012    6702.25863110199)
6 12      - (2000111    5508.84972811466)(2000022    13400.710043345)(1000000    1214.16762060968)(2000201    3916.62661677236)(2000211    2192.00880080513)(2000100    1073.95016995434)(2000121    6301.70714362903)(2000102    4904.17608148632)(2000101    7398.44213814692)(2000002    7380.94719006847)(2000221    4638.9790407769)
7 7      - (2000111    15863.8741990002)(2000201    8957.70787496317)(2000002    8450.36113866665)(1000000    14781.6987479572)(2000202    13800.3941396932)(2000102    12249.496782145)(2000022    7848.07386335554)(2000012    17885.1562179485)(2000221    2187.96912042563)(2000101    13579.7504107936)(2000211    13912.7982473946)(2000121    10904.6594345583)
6 13      - (1000000    8513.33331691007)(2000111    3199.93583793341)(2000221    4455.18402651823)(2000202    5576.5241680332)(2000022    1424.46754095821)(2000012    1943.40691950332)(2000211    4790.5580045517)(2000101    10446.3255983338)(2000201    7516.67548261144)(2000121    3693.82780280552)(2000002    4133.21987052084)(2000102    4446.6280220888)
9 13      - (2000002    5043.77466126755)(2000202    14499.3819868061)(2000221    12607.6636442398)(2000111    19293.6886914545)(2000121    44997.3587542104)(2000022    3687.8805887632)(2000101    10353.6991502107)(2000211    4206.75643589629)(2000102    3634.61670887659)(2000201    9153.1741343883)(2000012    13676.9612724721)(2000100    12140.8610875159)
11 8      - (2000101    15279.3426983305)(2000002    16727.4574639747)(1000000    32430.8655167726)(2000211    13692.7259191564)(2000121    26792.959416984)(2000201    18865.458131573)(2000022    58695.2346365464)(2000012    40374.3855808561)(2000102    23757.3204557131)(2000111    24638.0519536814)(2000202    18694.3595788344)(2000221    19898.3837108575)(2000100    8810.64800517741)(2000200    9806.24103793899)
5 10      - (1000000    32121.3694333587)(2000012    13219.0076640174)
10 12      - (2000022    15148.3660256521)(2000211    13400.4549542031)(2000012    33946.7421597139)(2000102    8107.74975158014)(2000100    8600.0765881529)(2000121    13252.2303341962)(1000000    13216.1983655223)(2000002    13950.8419439858)(2000221    4409.54473392318)(2000111    8139.67589813499)(2000201    2896.37484916493)(2000101    10946.5296528586)
11 10      - (2000022    51481.4274699662)(1000000    13978.4544854708)(2000002    55107.8647142082)(2000202    22698.9828441035)(2000111    22855.3770618661)(2000101    22842.477876014)(2000221    18678.1076629759)(2000100    7241.59576773475)(2000211    25770.5812125221)(2000201    14941.0469162337)(2000012    20881.5170036689)(2000102    28144.9863026864)(2000121    13842.5865481686)
13 6      - (2000012    12233.3756032113)(2000202    4891.81057719449)(2000121    3191.31171926383)(2000102    2197.73749326843)(2000002    3974.60109622018)(2000111    6304.03955023815)(1000000    7969.87364232256)(2000101    5460.75109870948)(2000211    5438.85954913056)
11 7      - (2000221    5970.08154106802)(2000201    7102.42274894395)(2000102    7577.53646912278)(2000111    5714.45850935462)(2000101    4502.06811379253)(2000022    4494.07844854627)(2000002    1971.07414910487)(2000202    11411.4290120627)(2000100    8336.72934489692)(2000121    10602.5697483384)(2000012    17673.3459172787)(2000211    10533.9246357211)(1000000    3950.95712370243)
11 9      - (2000012    38831.7370668114)(1000000    16723.3050535749)(2000102    29234.3444302628)(2000101    23516.782105746)(2000121    28879.4270555414)(2000201    16718.9588529789)(2000202    14543.040172793)(2000111    25572.6148369222)(2000211    31314.2245023056)(2000221    23488.5528151158)(2000002    25203.8557740627)(2000100    25517.255980385)(2000022    60334.2627057822)(2000200    17387.3218595633)
6 14      - (2000002    6449.34857665845)(2000102    5916.61463757584)(2000202    6509.13978803515)(2000121    4054.28092448726)(2000012    14765.510136273)(2000022    4366.86594923538)(2000111    3906.64124232904)(1000000    7406.76493343205)
5 11      - (2000002    2634.23769686529)(2000102    16484.5069938822)(2000201    637.427255431892)(2000121    1228.21855920234)(2000111    2395.68151236102)(2000101    10082.6377091335)(2000211    3607.25008715348)(2000202    8956.88749389124)
11 6      - (2000221    2703.2316390917)(2000200    -500)(2000121    2130.93432359326)(2000201    1289.66226468831)(1000000    5174.9877479474)(2000002    13159.7891705634)(2000012    4780.48431345672)(2000022    2494.3317208389)(2000102    1925.2670219247)(2000211    3998.60555386682)(2000202    3473.48113703251)
9 8      - (2000102    35835.0386835662)(2000111    40020.4529561239)(2000002    63178.3047226981)(2000211    42562.2045102464)(2000101    31085.6609951884)(2000221    31147.5479899437)(2000022    34863.4368335242)(2000201    42209.2733872469)(1000000    29926.6555726043)(2000012    42662.3490407318)(2000202    34661.7360981012)(2000121    30676.2546587758)
6 11      - (2000012    12979.7544897371)(1000000    4436.73729229204)(2000221    682.216713554109)(2000022    3592.09332446882)(2000201    10483.4065957401)(2000121    1481.38844334577)(2000102    1278.54541015364)(2000100    3396.72919886832)(2000002    3756.69277880604)
10 4      - (2000022    45147.8671635962)(2000201    12681.2082284034)(2000102    7179.55757844033)(1000000    8253.55894802903)(2000002    9514.14916567531)(2000101    10530.0118788601)
8 9      - (2000202    30550.3549072436)(2000012    64512.4508695398)(2000002    23126.4867793726)(2000111    28374.4774082474)(2000101    20140.8137346521)(1000000    16225.0486176317)(2000221    18468.3884788174)(2000121    16819.657662463)(2000211    39697.2201564499)(2000022    33557.4585211059)(2000201    15268.3515266646)(2000102    17638.7761367143)
5 13      - (2000102    105.662771449015)(2000202    1186.66252611676)(2000012    2021.58967784803)(2000022    8728.28443093394)(2000201    3702.4519920683)(2000121    3955.4090388697)
12 7      - (1000000    4508.0003830377)(2000111    4093.13108560068)(2000121    8641.1687858717)(2000012    13211.8563550029)(2000202    10775.6134724737)(2000022    19457.4771307861)(2000002    10663.897545745)(2000101    18653.2334689781)(2000201    12445.3905381981)(2000102    2697.23749326843)(2000221    3023.78647692592)(2000200    14584.1136356576)(2000100    7490.36351072576)
13 5      - (2000111    3928.08349717056)(2000201    5406.09091179527)(2000221    662.653347585347)(2000202    4421.10922198428)(2000012    3109.18165792138)(2000102    7787.96728848694)
8 10      - (2000211    13844.5155511118)(2000002    32555.4793947877)(2000101    46459.7847075754)(2000201    24830.8828483773)(2000111    21102.2895883141)(2000221    26006.6149504658)(2000202    23082.8748684138)(2000012    39292.2428333346)(2000022    60492.5429116391)(2000102    21627.1966702598)(1000000    15763.7799509745)(2000100    7828.23628366434)(2000200    8674.26119149229)(2000121    10926.4685099981)
8 7      - (2000201    9115.69251181342)(2000101    8614.34481250046)(1000000    4300.89740241644)(2000111    2289.45675877376)(2000022    14657.5253387251)(2000211    10939.7158162004)(2000002    19512.4790201935)(2000102    10410.3878021714)(2000012    12881.3672182914)(2000121    3924.34027224159)(2000202    10601.2449528647)
7 12      - (2000102    21301.4962436223)(1000000    2699.30478684789)(2000202    11831.525173859)(2000121    17390.0030505603)(2000201    19163.9783544617)(2000002    18290.5205082364)(2000022    29243.582890531)(2000012    52013.5456032035)(2000111    14316.7451938115)(2000211    11808.7887668728)(2000221    25647.4300797505)(2000200    9358.80928950309)
9 9      - (2000211    36155.3206119012)(2000012    63874.4004203424)(2000102    29643.3559305766)(1000000    24060.0092484612)(2000002    32348.9599655492)(2000121    42183.6977944274)(2000111    37402.7637956659)(2000101    50198.2835107987)(2000202    28679.897548498)(2000221    32962.0463004163)(2000201    48973.3820700866)(2000022    46189.1112149199)
12 4      - (2000211    23627.4161401742)(2000002    622.23862676462)(2000100    1044.72565691407)
5 12      - (2000121    715.342888632143)(2000102    13289.861337823)(2000012    507.406604357881)(2000201    468.124347357687)(2000202    1517.75474745749)(2000101    1000.61165578798)(1000000    3608.04015645403)
9 7      - (2000201    12712.3980422153)(2000101    11397.7573667778)(2000022    16389.8955755837)(2000211    10031.3767521597)(2000102    10450.5520728319)(2000012    6574.28393047032)(2000221    8832.79725853992)(2000111    13324.4727932024)(2000202    3254.13086808612)(2000121    8463.13762980375)(2000002    18745.7610475932)(1000000    11221.1343115642)
6 5      - (2000102    2429.33495420386)(2000201    5945.01295184097)(2000002    2881.69881319819)
13 4      - (2000101    301.109890730856)(2000201    636.020963655181)(2000211    -500)(2000202    10927.867072096)(1000000    1224.37071304026)(2000102    1129.45948328948)
14 5      - (1000000    991.790574500143)(2000100    504.77364395848)(2000102    6405.74090043089)(2000002    3541.44938546897)
10 10      - (1000000    13565.1572794399)(2000101    13992.7523312566)(2000102    16932.3174462501)(2000221    9710.0784592465)(2000012    63245.5543527161)(2000211    16068.333800596)(2000022    17464.8039434485)(2000201    24756.3432020103)(2000202    21663.9652944331)(2000002    15798.799615666)(2000121    16688.2674977839)(2000100    5719.21542288146)(2000111    25218.4018567965)
12 5      - (2000111    -500.25)(2000201    4312.23433941245)(2000012    -0.5)(2000202    1868.75166896066)(2000221    1116.26645146523)(2000102    13591.7493228825)(2000121    632.944033471312)(2000211    1875.46136457076)
12 11      - (2000221    28666.8880035231)(2000002    26897.1560043749)(2000201    22191.0771757473)(2000111    17311.0879764387)(1000000    21824.8346567603)(2000121    18865.9714003285)(2000012    59259.07346132)(2000022    13661.5979167108)(2000202    24321.8260238979)(2000211    18595.380331949)(2000100    3762.47572157481)(2000101    34469.8579932465)(2000102    5815.28577767611)
7 13      - (2000121    6616.92937590318)(2000111    10794.0963866689)(2000211    19720.0007498424)(2000102    10363.0222883819)(1000000    14657.2806818372)(2000022    5219.8465982974)(2000221    15876.7061736915)(2000002    49627.1865992025)(2000101    13329.2431092023)(2000012    23203.4298755009)(2000202    19609.6497411248)
14 6      - (2000101    6684.25676743662)(2000102    14250.5542219622)(2000022    3507.16373485953)(2000002    4529.9319581319)
7 8      - (2000221    13515.4604722219)(2000211    17060.3980372232)(2000101    14672.8244561557)(2000002    27207.9261509965)(1000000    25781.1033428286)(2000102    21586.5211975344)(2000111    18463.4445659663)(2000202    16723.1290069204)(2000121    13358.5697621074)(2000201    21233.4874691303)(2000022    23399.7201786564)(2000012    63646.8615654115)
10 11      - (2000202    25721.0185395747)(2000121    24996.7488595174)(2000201    11844.0303519044)(2000221    21701.0798241914)(2000200    8237.89982492309)(2000022    19363.6052911914)(2000111    21131.5343663427)(1000000    15427.9681110525)(2000211    19226.2729523795)(2000101    15469.3367104399)(2000012    57935.1677778284)(2000100    2842.51831173752)(2000102    23146.3607529465)(2000002    21550.0021628276)
5 14      - (2000002    2710.72163453132)(2000012    8944.1083729262)(2000102    3846.47135888193)(2000221    4266.95583894205)
13 7      - (1000000    8240.45119002116)(2000121    6417.95629720036)(2000101    611.384249757257)(2000012    4552.34411425031)(2000022    12549.3426931723)(2000201    9361.23284134864)(2000202    5929.66155811672)(2000221    25525.910919757)(2000002    9633.0683866086)(2000211    11920.5714776772)(2000200    5742.20383114115)(2000102    17064.9104475056)(2000111    10051.8605986547)
12 8      - (2000201    15177.1474112726)(2000101    10635.640344318)(2000102    12071.7402505139)(2000202    12549.3415615469)(2000121    44980.3744616051)(2000002    28571.1093649629)(2000012    8665.0604672607)(2000111    12772.4076755772)(1000000    19835.1022648237)(2000221    21369.5686744603)(2000022    9153.5003661223)(2000100    11938.4221167886)(2000211    15859.9413016973)
9 11      - (2000201    19948.2098318368)(1000000    16365.1513091522)(2000111    15645.6142974036)(2000102    11108.769633721)(2000221    19468.5751832766)(2000002    20134.649883541)(2000012    52217.5766021027)(2000022    20994.4969268749)(2000202    13559.1208855862)(2000121    19434.9516002175)(2000200    4418.6923672999)(2000101    9820.93218776827)(2000100    8950.35544833784)
8 12      - (2000202    15067.3372869788)(2000002    38989.1089283043)(2000022    14369.9115848614)(2000221    24725.7401379653)(2000101    21606.6570234653)(2000012    12457.6585818526)(2000102    12391.0301922234)(2000111    12428.2149458286)(2000211    21309.9074761635)(2000121    20244.471278081)(1000000    5824.61417875497)
5 8      - (2000211    966.892822829237)(2000002    19217.4037662555)(2000022    2113.6962646611)(2000221    2045.95896448948)(2000012    1861.26046837437)
6 8      - (2000101    10406.1613321698)(2000121    6396.76684783624)(2000221    6669.6771098477)(1000000    4859.3968742001)(2000202    8659.68026961167)(2000012    6392.53150067823)(2000111    13899.2924775173)(2000102    5040.76609407248)
8 11      - (2000012    13002.7424561314)(2000121    18974.1728858683)(2000201    21803.0251151145)(2000202    43940.6713705724)(1000000    13753.7436728804)(2000111    25999.2570603352)(2000022    52649.9005829079)(2000102    16527.2242220557)(2000002    9449.18970176286)(2000211    12480.1653567932)(2000221    14446.0201294885)(2000101    13130.0348126816)(2000100    11238.2145596497)(2000200    11457.6228593109)
7 9      - (2000201    50807.7851222645)(2000101    62271.9657766282)(2000221    26301.6902581047)(1000000    38246.0764263301)(2000102    56077.7673321435)(2000022    37234.188553794)(2000121    33036.9606173576)(2000111    54737.7532109418)(2000211    49830.2548467734)(2000202    53067.0458831331)(2000012    38036.02199687)(2000002    49489.7644993941)
9 12      - (2000221    2011.18568035437)(2000022    1639.73519990934)(2000211    16473.0585210301)(2000101    12552.1814244175)(2000111    15036.1730068269)(2000002    11970.0343791904)(2000201    9513.77617997662)(2000121    34278.0449514346)(2000202    11147.4259017414)(1000000    12518.6135342476)(2000102    5774.23496136551)
7 6      - (2000102    6225.50571107952)(2000211    2897.60828729678)(2000221    4629.22534313239)(2000022    8695.44750832704)(2000101    15386.8649266908)(2000202    1448.30414364839)(1000000    7310.50310243168)(2000012    2582.2990868782)(2000121    3204.36241034958)(2000201    2980.03170240654)(2000111    9141.44234119348)(2000002    6227.78958548605)
6 6      - (2000201    6063.38048604979)(2000101    11158.0065323535)(2000002    14490.6566755276)(2000202    8428.55485031071)(2000102    5093.36120546101)(1000000    4367.08196992991)(2000012    18325.9484565677)(2000111    5899.99862674076)(2000211    8012.74289904781)(2000022    10116.7010084663)(2000121    10330.3717295014)
14 10      - (2000221    1961.29916015157)(2000002    11736.1741282543)(2000211    4263.25980071119)(2000200    2749.57283927155)(2000201    40147.3054391074)(2000102    5750.62660731388)(2000121    6874.87610866581)(2000202    9223.75171799004)(2000022    6862.50675640515)
10 9      - (2000121    16376.6924863919)(2000211    14185.8374391088)(2000202    13141.5980429196)(2000022    56964.6248068129)(2000012    20585.7107344551)(2000102    19253.8564753189)(2000101    15454.3727211541)(2000111    13119.0256944681)(2000221    24734.934696739)(2000201    13057.4581351568)(2000002    17272.6211683464)(2000100    10413.4809155634)(1000000    15463.0814786417)
13 10      - (2000202    53537.7892427681)(2000211    5595.96049179445)(2000200    10939.3635150904)(1000000    22126.7712035657)(2000201    18692.1350269072)(2000102    19268.1935034492)(2000012    5352.14352332606)(2000221    13425.9590805745)(2000121    14363.7235848014)(2000111    9804.53949767842)(2000101    17871.7588978595)(2000002    13080.2769405528)(2000022    19016.9294785179)
7 10      - (2000121    46485.5529305696)(2000201    22516.9618645212)(2000211    41664.5437141739)(2000012    28029.1326608592)(2000101    60728.3403712219)(2000111    7898.33490764312)(2000022    34721.7169849668)(2000002    8416.45569188762)(2000221    38516.9435630495)(2000202    28834.7212431854)(2000102    16905.2123021478)(1000000    22551.2994541549)
12 10      - (1000000    53453.5219869455)(2000201    10824.1925966712)(2000102    5597.87793363661)(2000121    17590.8334554469)(2000012    13971.6040864924)(2000101    9670.12449911933)(2000202    6507.89340914395)(2000002    13033.1181939572)(2000211    29602.3112364507)(2000200    9721.14197589094)(2000022    4486.46228306689)(2000111    10584.8749655522)(2000221    30309.1715973612)
10 6      - (2000111    9735.13022755503)(2000101    2369.97874677197)(2000121    1640.77033667864)(2000211    2536.37775889088)(2000022    6310.63302045439)(2000102    2786.95214181442)(1000000    4408.326506251)
6 10      - (2000202    6017.63417499753)(1000000    2845.29328972478)(2000201    3956.9917635342)(2000102    2985.55023790442)(2000211    3475.10109622018)(2000002    4373.99742687698)(2000012    4392.34936267822)
12 9      - (2000201    17055.1572157195)(2000002    44836.2192744445)(2000111    16722.8875849462)(2000121    20765.8807962496)(2000102    12515.5664824952)(2000101    16818.0847122433)(2000221    24504.0764832164)(2000211    17714.4723930947)(2000012    18762.5671266021)(1000000    20918.828341454)(2000202    12288.6160778179)(2000022    14853.1012073138)(2000100    7616.75869367688)
14 4      - (2000101    1443.16588833436)(2000102    1268.6439808416)(2000012    14717.4645800849)(2000201    8777.60579676901)
4 14      - (2000201    577.587139773889)(2000211    18607.8874260632)(2000022    1966.78283450495)
14 8      - (2000211    15377.9266618535)(2000022    8304.79248459263)(2000102    13206.0395029075)(2000002    11398.109541764)(2000221    6660.17880904327)(2000111    17736.9854358469)(1000000    15579.8909240617)(2000202    15836.0573738898)(2000101    15176.9696653947)(2000201    7466.79881193727)(2000121    8559.2493822861)
5 7      - (2000221    5080.77082421263)(2000002    5466.4074522899)(2000102    7784.69794285947)(2000022    18517.4244276018)
6 7      - (2000101    12673.5482705258)(2000201    14562.5660758269)(1000000    9971.09590589629)(2000002    14636.8409051077)(2000211    5577.93125413094)(2000111    11067.2083907725)(2000202    12931.5604283672)(2000012    15966.4794159279)(2000121    7100.85374553066)(2000221    5989.49236667566)(2000022    15006.2873053025)(2000102    8945.6061041866)
3 14      - (2000101    6343.33915634802)(2000022    3663.70935620762)(2000202    4631.23850629619)(2000211    6614.05325644014)
12 13      - (2000101    10707.7712089342)(2000202    10775.9285479327)(2000201    38170.8000868522)(2000211    8992.17438214457)(2000121    12035.0186545944)(2000111    6665.13861276993)(1000000    4059.21358244551)(2000002    9542.51179493635)(2000022    13720.6597377378)
8 13      - (2000202    25975.1827183288)(2000211    9526.02146459509)(2000101    11891.2545494277)(2000221    9326.48935028588)(2000102    13542.7434791643)(2000111    5517.04676996318)(2000012    49738.5988006867)(2000201    12286.8330303581)(2000121    16874.2323120911)(2000002    12460.1758921597)(1000000    15255.5835201873)
4 11      - (2000002    25424.7895982054)(1000000    1005.92802978477)(2000111    1951.69104677159)(2000202    5147.9905213394)(2000221    5668.058328343)(2000101    4897.95723711289)(2000201    8669.74490403837)(2000012    10172.5885857757)
12 12      - (2000102    11045.4122116525)(2000002    11059.6660991267)(2000101    26535.9872032247)(2000100    1647.81473123134)(2000111    18782.6480691363)(2000211    21098.7690727066)(2000012    12828.8003817227)(2000201    20752.7040746476)(2000121    10465.3487190478)(2000022    15874.463682466)(1000000    9277.78543498904)(2000202    45860.6463590234)(2000221    7260.3989850205)
10 13      - (2000022    10280.9114859185)(2000102    45725.4476334322)(2000002    11378.2224379422)(2000111    6554.11921824075)(2000101    11668.0007787036)(1000000    13735.9091063572)(2000211    9807.27570812061)(2000201    12536.0440811337)(2000012    8309.82188701577)(2000202    14236.9343066189)
13 12      - (2000012    55967.2754256864)(2000101    10420.2368761032)(2000022    11908.8568302792)(2000201    23859.0720193444)(2000111    21274.5671698427)(2000002    3511.39648822514)(2000121    23082.7240519089)(2000102    20013.5312686676)(2000211    4703.45802532694)(2000221    13079.8407209777)
12 14      - (2000022    4331.49483809634)(1000000    1605.75848456488)(2000002    10305.8241967713)(2000101    7219.87601575799)(2000211    26330.2591378681)(2000111    10170.6030815623)(2000202    2245.39488394053)(2000121    5892.10676516119)(2000012    9695.97977513542)
13 14      - (2000101    30317.8183645003)(2000121    6791.3431267182)(2000111    4474.79588934422)(2000211    10629.6042778372)(2000221    2514.59604810316)(2000102    12644.633819123)(2000002    8915.44874180062)(2000012    5569.93002723624)(2000022    12123.5336118639)
14 7      - (1000000    5022.23716318642)(2000101    1375.05709620338)(2000211    11443.4644201611)(2000002    5073.53573053973)(2000012    5693.53652929395)(2000111    2524.28647692592)(2000201    7506.93110228249)(2000202    28333.2709136109)(2000102    4119.42457020376)(2000100    8938.9761333751)
11 4      - (2000002    50303.2823606313)(1000000    1624.52587840097)(2000221    12325.796627128)(2000201    20596.5378436877)(2000211    5656.93373641804)(2000101    21711.5571514212)(2000202    7157.13644039853)
7 14      - (2000102    43869.0891971184)(2000111    15115.0649629912)(2000211    2386.39730096466)(2000022    3133.5611513804)(2000121    12415.8463481053)(2000221    7095.28858886169)(1000000    20832.8545485483)(2000101    4294.55118181796)(2000202    4766.55952764363)(2000200    7606.16766860042)(2000002    17883.2558323429)
11 13      - (2000101    38695.7741449291)(2000121    2766.35635853308)(2000100    4117.35371447933)(2000012    12992.6906709794)(2000102    14067.6493119867)(2000211    13463.904916722)(2000221    7935.45810224814)(2000200    3215.16972659141)(2000022    9275.61653952798)(2000111    10516.9546891661)(2000202    5375.23985237094)(2000201    11297.4332057578)(1000000    15692.2194615264)(2000002    8126.99419094323)
4 13      - (2000202    2191.92370135003)(2000121    17826.0639537388)
14 11      - (2000221    15945.633677668)(1000000    1650.17583013351)(2000201    38504.6723875926)(2000111    2664.65901357967)(2000002    5089.40442834803)(2000102    4573.32239709695)(2000022    7389.09331465284)
8 14      - (2000102    37547.1702516623)(2000002    10829.8944586549)(2000100    3051.90106720574)(2000012    11990.8947951753)(2000221    9929.96367167157)(2000211    6735.16185535638)(2000201    6366.98666153899)(2000121    20902.69789836)(2000022    14377.8446103776)(2000202    7212.26543353716)(2000101    4931.28986611065)
13 11      - (2000211    52426.67186363)(2000201    21726.571831404)(2000221    6556.91224770813)(2000102    20046.7424403459)(2000202    24458.5415467421)(2000121    15773.9322901539)(2000022    16440.0736886208)(2000002    29064.0195763365)(2000111    26750.6709909736)(2000012    7035.76689598765)(1000000    15042.1583488048)(2000101    23891.8619674275)
13 13      - (2000102    33082.1064693587)(2000202    2308.66629981246)(2000022    6612.14904654037)(2000101    9795.31349104737)(2000221    9398.01741759529)(2000211    8947.60745202656)(1000000    14255.0360390325)(2000111    2932.1247373298)(2000012    3902.28644232562)(2000121    4935.95736510724)(2000002    8218.04168780741)
14 12      - (2000200    1724.72536780983)(2000221    10281.5715450628)(2000202    24375.6861659029)(2000101    5091.52513738277)(2000121    12839.3116980782)(2000102    7944.88279220924)(1000000    6127.61629531051)(2000002    7952.41834233426)
14 13      - (2000201    38208.1494493734)(2000102    9660.67049951847)(1000000    9769.15265497782)(2000202    4801.96987202897)(2000221    7870.87443918967)(2000111    7906.17753744704)(2000002    6978.44044160492)
11 14      - (2000102    46314.7584643242)(2000002    15520.3581877602)(1000000    4349.70824647974)(2000022    5018.3784186988)(2000111    6139.8258542702)(2000121    7575.70699331001)(2000101    8866.50581767312)(2000012    5996.46620370945)(2000200    7989.02888344543)(2000202    22035.488275845)
10 14      - (1000000    37652.4065293997)(2000221    15764.3007179378)(2000102    2402.12671783815)(2000111    4729.76784893642)(2000101    20949.3567975688)(2000202    15271.7293509377)(2000201    13282.5355559169)(2000012    15735.9001912824)(2000022    9042.17204736385)
13 9      - (2000002    39330.0957909581)(2000201    18810.1854422718)(2000111    10506.9311141464)(2000012    1669.65532467899)(2000022    15388.8340279531)(2000211    2373.72729063671)(2000202    8906.97806538798)(2000121    2189.51920550492)(2000221    14573.3415157055)(2000100    10510.5331927654)(2000101    11761.2169159755)(2000102    9734.0617955111)
5 6      - (2000211    6958.55475110904)(2000202    2288.20581457209)(2000201    3814.46835833893)(2000102    3276.7780847053)
9 14      - (2000022    47495.0185920176)(2000002    13212.2100021371)(2000012    9276.93615729154)(2000202    8338.22593975594)(2000101    9744.72321110539)(2000211    16228.3223502825)(2000121    3351.67611540818)(2000102    21840.4774306654)(2000221    9038.58630380428)(2000201    7847.52338865505)(2000200    9431.09672002138)
14 9      - (2000012    2689.87365913156)(2000121    38455.0442873416)(2000202    5306.27469629556)(1000000    3537.55875255164)(2000101    13560.6129995479)(2000111    7060.56158637654)(2000211    7966.29881193727)(2000221    6038.76275734366)(2000022    16512.279868463)(2000002    9232.2410264132)
14 14      - (2000012    33810.9686517572)(2000201    3338.78212689375)(2000121    6514.5491082687)(2000202    6113.05108995699)(2000022    3416.80372272735)(2000101    8626.52448312248)

