214
0 0      - (1000000    2008.98614505089)(2000101    1564.15121503497)(2000002    2014.68944135869)(2000201    1188.09322148562)(2000221    1856.01624999763)(2000012    1620.68446151941)(2000111    1714.91833808121)(2000211    870.33677727131)(2000121    2025.03651104727)(2000022    1930.4775181027)
1 1      - (2000211    840.153237702759)(2000221    1256.41672689984)(2000002    2089.09348927554)(2000012    1027.07280551461)(1000000    2088.2801528881)(2000022    1075.60777228551)(2000101    1224.49111938285)(2000201    1203.18440313437)(2000111    1843.25536272647)(2000121    1120.03607961404)
2 0      - (1000000    1357.72048509668)(2000221    700.720188499814)(2000201    908.173439428348)(2000101    953.92461437441)(2000111    1035.05338846719)(2000002    2026.7864188258)(2000012    479.519789287583)(2000211    -104.767693244607)(2000022    965.375568895566)(2000121    1064.39553063956)
3 2      - (1000000    1179.44220662076)(2000101    973.716752704678)(2000211    -202.424437490385)(2000121    1113.92558922166)(2000002    1735.27051477341)(2000221    1141.8234490505)(2000012    612.642365550265)(2000201    741.317327754542)(2000111    1921.03277613061)(2000022    849.858582586105)
1 2      - (2000211    123.51638991175)(2000101    1990.39423273309)(1000000    2516.48143955095)(2000111    951.728131110347)(2000002    1819.65009277214)(2000201    1838.41066920974)(2000012    1006.62977712319)(2000221    1246.0624145972)(2000022    723.564978025351)(2000121    1295.22902664405)
1 0      - (2000121    966.314346613894)(2000211    528.156549120542)(2000002    2109.16731643388)(2000111    1614.13947792862)(1000000    2108.63973481815)(2000101    1018.54201309505)(2000201    998.786037541075)(2000022    1294.77333767587)(2000012    515.664708283817)(2000221    377.083799801969)
3 0      - (1000000    2078.64293021455)(2000101    954.017804641013)(2000211    152.10578644396)(2000201    994.885103993779)(2000002    2085.34311651626)(2000111    873.195425180763)(2000012    403.884786788172)(2000221    1175.73460880833)(2000022    899.102380638137)(2000121    1130.81377212719)
3 1      - (2000002    869.019773499083)(2000022    871.874498646604)(2000121    823.971652496561)(2000201    1239.77851681404)(1000000    1244.57286902094)(2000101    1467.86046427797)(2000211    -188.444423713336)(2000012    534.477743636793)(2000111    1714.6347136013)(2000221    1277.41167700754)
2 1      - (2000101    1548.77576480709)(1000000    1949.66742825002)(2000121    1136.76338917056)(2000201    950.946564058541)(2000211    491.251135587304)(2000002    1005.81851032968)(2000022    1059.92604108688)(2000111    1548.42847633329)(2000012    221.917432980937)(2000221    1251.79772248757)
0 1      - (2000002    2072.36730779068)(2000111    1373.9222305244)(2000101    1256.44861389675)(1000000    2063.64830923333)(2000012    1443.01803402246)(2000201    1284.73834489787)(2000211    1156.89737945509)(2000121    1122.94504679488)(2000221    1229.98864890206)(2000022    1172.13303075535)
1 3      - (2000101    658.068132829709)(1000000    2525.72601609017)(2000201    630.39839746505)(2000002    1080.34007699666)(2000111    909.670136627082)(2000012    209.473167070736)(2000022    826.066860291569)(2000211    157.879557335535)(2000221    1385.41507871075)(2000121    584.420276907886)
0 2      - (2000002    2124.65234678048)(2000101    1163.37307645082)(1000000    2114.65309312911)(2000201    1260.12132763747)(2000221    1203.60931335824)(2000022    792.214680729672)(2000111    860.774986048865)(2000012    899.487050749498)(2000211    89.3732067638796)(2000121    990.471579102713)
0 3      - (2000201    1367.9278145525)(2000101    1416.43842814079)(1000000    2332.75095367697)(2000111    1132.50288244948)(2000002    2248.45333121001)(2000121    936.876086800416)(2000012    697.738360141584)(2000221    1097.59432667603)(2000211    -245.717195532197)(2000022    1173.83362548238)
2 2      - (2000002    984.803989958641)(2000201    325.917063556244)(1000000    1914.16070019774)(2000111    659.661240869352)(2000121    1100.33561626903)(2000101    658.107385665435)(2000012    449.524426034357)(2000211    -363.947914065372)(2000022    992.226773163613)(2000221    424.95513872742)
2 3      - (2000201    716.194613154948)(1000000    1151.56541661708)(2000101    1321.7807015567)(2000002    1064.81643958257)(2000221    272.577969175005)(2000211    662.324980690245)(2000012    847.664438449508)(2000111    615.682943101415)(2000121    889.743383708225)(2000022    1245.45972150747)
0 4      - (2000101    681.303682632818)(2000211    -503.029209982031)(2000201    887.076755262914)(2000002    2011.94173660704)(1000000    999.435798636443)(2000111    531.567780183535)(2000012    471.504633220585)(2000022    631.662871856421)(2000221    130.351635415349)(2000121    1119.25862942564)
2 4      - (2000002    1710.83407433986)(1000000    399.003375147328)(2000022    1092.58635728582)(2000111    1981.03818855681)(2000012    427.805647053711)(2000201    491.397548183927)(2000121    666.814870674022)(2000101    865.858369836095)(2000211    247.091392178311)
1 4      - (1000000    911.011977453035)(2000201    356.859676892906)(2000022    349.23339260493)(2000211    162.679123435327)(2000002    815.98842179162)(2000121    433.882685306011)(2000111    736.685808149188)(2000101    452.102224120878)(2000012    405.601566041183)(2000221    986.381402504765)
4 5      - (1000000    -787.446818743992)(2000002    320.67197687796)(2000101    -370.011964691281)(2000121    244.675856472243)(2000111    343.188746766642)
5 1      - (2000201    1.60625779359577)(1000000    228.310578995001)(2000012    516.007041325448)(2000002    1940.96332777089)(2000101    -347.426661038824)(2000121    405.993672882558)(2000211    -455.195342673261)(2000111    82.9882329942933)
5 3      - (2000002    -292.006252269181)(2000211    -596.138801702321)(2000022    198.519946849687)(1000000    966.285507636002)
3 5      - (2000201    257.436248936968)(2000221    -229.010170780796)(1000000    397.740896675027)(2000012    59.7203575268263)
3 6      - (1000000    757.627504924462)
4 4      - (2000002    -491.554308687985)(2000101    -25.0749536337129)(2000201    -442.580081814275)(2000111    752.747443482299)(1000000    871.011198975265)(2000121    253.621504520139)(2000012    298.960040122083)(2000211    -296.737155566955)(2000022    298.529030302999)
2 6      - (1000000    671.280430839569)(2000101    -663.01559995404)(2000201    -443.478954168382)
4 0      - (2000012    -56.5858441799303)(2000111    1043.59737227485)(1000000    656.40676890471)(2000201    489.8747711806)(2000101    904.824382880998)(2000002    2030.38677127903)(2000211    -93.9942403728894)(2000221    1159.64476389766)(2000022    314.499429476574)(2000121    554.826797687147)
0 5      - (2000002    2033.09783727405)(2000201    699.281882773187)(2000211    0.35663795979813)(1000000    1311.5735821054)(2000111    371.925772923688)(2000012    186.126735917285)(2000101    780.106735035042)
1 5      - (1000000    1728.97295110612)(2000101    539.969285533742)(2000201    252.398446599668)(2000012    519.590087549788)(2000002    2028.95218143808)(2000022    512.599522208022)
2 5      - (2000101    -590.036062532284)(1000000    2068.89022264127)(2000002    -705.833660816825)(2000111    -571.069319703459)
3 3      - (2000121    1208.44502044815)(2000002    1629.62745620536)(2000101    699.882104584277)(1000000    605.527717928449)(2000012    450.026264136724)(2000211    -36.1780988071177)(2000201    275.611283456598)(2000022    678.875292249107)(2000111    1926.07913814613)(2000221    599.207311619519)
4 3      - (2000002    291.964444249262)(2000101    -318.629151595938)(1000000    1141.21522617248)(2000201    -367.93155390781)(2000022    1191.78014622817)(2000121    330.671528954885)(2000211    -351.250424549573)(2000111    728.172876902822)(2000012    297.962212816592)(2000221    723.898871326641)
3 4      - (2000002    482.471276318561)(2000022    701.82786165432)(1000000    465.121390164764)(2000221    2.96995330593306)(2000201    -70.4502014780816)(2000012    -517.417703488814)(2000101    145.58687319048)(2000211    36.0418850213363)(2000121    594.245570815006)(2000111    318.112784738689)
4 1      - (1000000    753.646030609147)(2000101    556.968836629758)(2000201    18.1479781829635)(2000002    780.09003238339)(2000221    1144.85715057475)(2000111    610.004400158499)(2000012    372.401398447506)(2000022    604.309253246597)(2000121    228.183295699833)(2000211    -162.980931968117)
4 2      - (2000201    353.611595933004)(2000012    -1037.99433193601)(2000211    -662.223547392991)(2000101    15.2661555422416)(1000000    164.645399510427)(2000221    1071.61765989858)(2000002    1173.6492113645)(2000121    648.993639919407)(2000111    1584.29433320761)
0 6      - (1000000    -578.629313711608)
1 8      - (2000101    1323.39529842544)(2000201    1324.18860104362)(2000022    -0.12531811867873)(1000000    1327.27500567024)(2000002    1254.77865407409)(2000012    1323.16640427045)(2000211    264.850607522606)(2000111    -26.4548622241027)
8 0      - (2000101    740.95216667704)(2000201    1022.72408676833)(1000000    786.035704312404)(2000002    1746.82263060296)(2000012    1103.01942372234)(2000111    -140.976465153352)(2000211    -224.049366367914)
0 10      - (1000000    2152.31169584392)(2000101    1284.79056805455)(2000002    1645.55404288399)(2000201    754.776607891586)(2000111    -407.28576159923)(2000211    -771.744941019276)(2000012    385.780833735066)
0 11      - (2000111    17.9100163074534)(1000000    2121.93758658952)(2000201    1775.30070486231)(2000002    1598.06814783737)(2000101    282.418677592296)(2000211    -154.047866724582)(2000221    -651.114025052782)
12 0      - (2000002    818.818533956204)(2000201    811.30232706606)(1000000    2035.77393500724)(2000101    153.49309389259)
10 0      - (2000101    183.924484398551)(2000201    795.314571745779)(2000002    557.971919350758)(1000000    1299.47128707315)(2000111    -296.835089583928)(2000022    78.7941519357386)(2000211    -489.886377474481)(2000012    347.256859989899)(2000221    -454.100225214458)(2000121    -676.908231766482)
13 0      - (1000000    2021.74624452689)(2000101    264.465518370413)(2000201    1111.9284809615)(2000002    456.37728866293)
10 1      - (1000000    546.411639366886)(2000012    135.545416840484)(2000201    363.03372502758)(2000002    -381.581112103735)(2000101    1030.29532704284)
0 9      - (2000111    -240.144371675127)(2000101    516.165835502734)(1000000    1324.6169673895)(2000201    971.307564026393)(2000002    1713.1188474519)(2000012    557.085077060261)(2000211    -378.409502361689)
2 8      - (2000101    1386.08948882813)(1000000    1888.68718302886)(2000002    1982.01285759932)(2000211    -180.650590279396)(2000201    1360.17868686438)(2000012    1245.21160259781)
9 0      - (1000000    1652.35139933107)(2000201    507.193308600639)(2000002    1645.55162773432)(2000101    558.115381688269)(2000012    838.905781655645)(2000111    336.577166436654)
7 1      - (2000211    537.879560447692)(2000101    928.982707704567)(1000000    1746.45997541091)(2000201    1299.75208122055)(2000002    1901.50529427762)(2000012    1149.55371844434)(2000111    473.661109788601)
1 9      - (1000000    1693.09776469111)(2000201    1176.07465058164)(2000002    928.552695062617)(2000111    -488.66645082665)(2000101    -152.013764234828)(2000211    -317.568041711445)
7 2      - (1000000    2040.28747553161)(2000201    1219.86508551628)(2000012    2118.7693979241)(2000111    962.357787087566)(2000101    1122.37573099709)(2000002    2114.34790788533)(2000211    655.048282905888)
7 0      - (2000101    968.310451654135)(1000000    1587.01901326538)(2000002    1884.21736062174)(2000211    -173.025449797442)(2000201    1200.70541069738)(2000012    1697.60258273351)(2000111    180.462413901365)
1 7      - (2000002    1956.34529198203)(1000000    1826.95460666056)(2000101    1035.78779190715)(2000201    -49.1316702003702)(2000211    -121.431409087332)
9 1      - (2000111    -728.68676222813)(2000002    1398.59766290974)(2000101    341.584958598138)(1000000    1485.40915056694)(2000201    1447.75956750752)(2000211    -591.206773364968)(2000012    486.331841824646)
0 7      - (2000111    -20.0340612685628)(1000000    1150.04242846543)(2000101    447.135437057238)(2000002    1357.43757491407)(2000201    658.985956795806)
2 7      - (2000101    838.037760903588)(1000000    1920.75799830269)(2000211    -437.095055614506)(2000002    1921.31129603138)(2000201    1111.94828407805)(2000111    171.948988094913)
1 10      - (2000211    -905.507102028821)(1000000    2146.05468715154)(2000022    297.600221041656)(2000101    219.161093800899)(2000201    219.909374785227)(2000002    911.624773834769)
8 3      - (2000101    936.770210179619)(2000002    2033.53084667851)(1000000    1610.88946100927)(2000201    1212.70765768531)(2000111    132.414818213005)(2000211    98.8292338286242)
10 4      - (2000111    -13.7290883752151)(2000201    254.395099561887)(1000000    999.649632713727)(2000101    186.143331356291)(2000002    163.303660555659)
2 10      - (2000012    297.212539889016)(1000000    1193.64711581157)(2000002    369.349551545379)
0 8      - (2000201    821.566910458582)(2000101    1413.0522718694)(1000000    1208.67514169913)(2000002    1016.58889161716)(2000012    1083.01124161097)(2000111    -283.076861643038)(2000211    7.72190313937462)
8 1      - (2000002    1930.64372983389)(2000012    1865.74793473744)(1000000    1489.14926398611)(2000022    23.1919495288303)(2000111    -218.677349325171)(2000101    938.672868693202)(2000201    959.693368706483)(2000211    -132.501602088491)
3 7      - (1000000    1926.20325947519)(2000201    376.185688153418)(2000002    -625.204359399619)(2000101    863.004337454832)(2000111    81.9192265916013)
1 13      - (2000002    354.420884094169)(2000101    -299.797474722057)(1000000    2114.68531600744)(2000201    687.573067747369)
2 11      - (2000002    462.470341822705)(2000111    31.4231818714619)(2000101    103.776800058707)(1000000    2030.16850808174)
11 0      - (1000000    2083.79450575408)(2000101    1151.59138303644)(2000002    1055.32809500216)(2000201    805.008796569295)(2000012    10.5693611560945)(2000211    -594.817663433538)(2000022    79.0773485260358)(2000111    -749.429260169348)
6 2      - (2000201    -398.156530270697)(1000000    -849.108168451481)
1 6      - (1000000    -381.849984857616)
7 3      - (1000000    2069.67285987965)(2000201    1143.19209027198)(2000111    843.219952450429)(2000002    2092.48168975809)(2000101    1553.58800429196)(2000211    819.37996991455)(2000012    2099.1536085331)
6 0      - (2000101    268.711458808621)
6 3      - (2000002    64.2665389183717)(2000101    -645.641531008366)(1000000    -300.818542853559)
5 2      - (2000101    -207.778622760111)(1000000    156.056471959597)(2000002    -305.293936369891)(2000211    -631.047312351034)(2000012    -156.540674734999)(2000201    -463.966833982604)
2 9      - (2000211    -435.134517786841)(2000002    -540.659962048777)(1000000    1039.56927928063)(2000201    20.1220578687518)(2000101    -550.618461917766)(2000111    135.854630559224)
6 1      - (2000201    -387.906668990569)(1000000    -277.412307073077)
0 14      - (2000002    61.7967192363615)(1000000    1990.13609501372)(2000201    604.124044627089)
0 12      - (2000201    -99.0338064316659)(2000002    400.540819151881)(2000101    609.143649097522)(1000000    1147.47311725321)(2000111    45.1353263217891)(2000012    68.0033134433697)(2000022    68.0033134433697)(2000211    37.7093700989662)
8 2      - (1000000    1759.0628786772)(2000002    1881.1130639312)(2000201    1145.81491801896)(2000101    1381.73886707748)(2000012    828.86471621754)(2000111    211.23624352851)
10 3      - (1000000    815.124485163776)(2000002    273.699696692002)(2000201    227.398970291346)
1 11      - (2000111    -719.611993207647)(1000000    2121.85455710342)(2000201    1746.48397718039)(2000002    1799.12663156619)(2000101    1912.23928353688)(2000012    139.366222193566)
10 2      - (2000121    -735.271072826727)(2000012    100.371234072223)(1000000    746.063065161146)(2000201    142.964371633642)(2000002    494.702953391002)(2000101    235.516911387764)
14 3      - (2000002    26.2613787616813)(2000201    -723.210621238319)(1000000    858.16432836813)
11 1      - (2000201    1094.19953844211)(2000002    1276.35449284409)(1000000    2139.84923033511)(2000221    51.0755971189984)(2000101    901.78277432031)(2000111    -329.330757074643)
4 6      - (1000000    98.6082907143966)
12 1      - (2000211    -440.311209708661)(2000101    190.864455885283)(2000002    -94.330467566776)(1000000    2095.89492304194)(2000201    677.836766117909)(2000012    58.4702567540314)
5 6      - (1000000    57.6192830423667)
1 12      - (2000211    -400.370484030876)(2000201    1215.2714116779)(1000000    2122.24984324466)(2000002    1649.69656500332)(2000101    1057.02206070673)
4 7      - (1000000    1982.63336786459)
12 2      - (2000002    558.731311485528)(2000101    201.855573121633)(2000012    39.8041085460746)(1000000    2020.58751563511)(2000201    169.690604619755)
3 8      - (1000000    1018.12741638962)(2000101    750.014190188574)(2000002    609.016520791954)(2000012    477.775394090306)(2000201    178.62059046868)
12 3      - (2000111    -588.043317470004)(1000000    2083.13477664136)(2000201    885.659913469419)(2000002    907.65294385244)
13 2      - (2000111    -172.838753947535)(2000012    -104.908980201197)(1000000    2258.61883369557)(2000201    267.382077368391)
11 2      - (2000012    142.90072766308)(2000111    43.9893526816019)(1000000    1904.19132527561)(2000201    39.3807609855753)(2000101    407.30463534515)(2000002    534.007412973722)
3 11      - (2000101    1355.14783528775)(1000000    2170.59163340325)
0 13      - (2000201    449.458925257615)(1000000    1564.71397333919)(2000101    86.3811771681405)(2000002    67.9042613827258)(2000211    -402.916360681155)
2 13      - (1000000    2192.57771040097)(2000002    824.14890828249)(2000101    576.118748621181)(2000201    975.507889729156)
3 12      - (2000111    -450.91555060281)(1000000    2132.69480459031)(2000201    1766.08302515891)(2000002    1891.81030675449)(2000101    1865.17371308619)
13 1      - (1000000    2138.64999456831)(2000101    784.685948327726)
3 13      - (2000012    22.9416204795353)(1000000    2134.48483696212)(2000101    1456.66928620934)(2000201    1739.42095818504)(2000002    917.531173634156)
1 14      - (1000000    2130.96448211998)(2000002    64.6353732600936)(2000101    508.078464602491)(2000201    1670.96736519685)
14 1      - (2000002    41.3385285348729)(1000000    566.623993994114)(2000101    668.407662926452)
11 3      - (1000000    1430.40834184211)(2000012    176.299462576466)(2000101    517.698160886949)
3 9      - (2000101    152.901874027048)(1000000    876.045024699171)(2000201    279.561687290726)
12 4      - (1000000    89.7337217485202)(2000201    132.857417657898)(2000111    115.470671867311)(2000101    73.8620998806885)
11 6      - (2000101    1362.26295683123)(2000002    1272.54125263701)(2000201    943.235932173454)(1000000    1949.33900710354)(2000012    1297.24533773373)(2000211    1250.51097516108)(2000221    43.0291314129501)(2000111    1432.10997164689)(2000121    362.640482505133)(2000022    821.825158000528)
9 2      - (1000000    1341.84118121607)(2000201    1065.8578945081)(2000002    1270.34647958754)(2000101    1334.15619900151)(2000111    220.733535830368)(2000012    493.168035025615)
6 11      - (2000201    1720.44643608558)(2000111    1647.15229619237)(1000000    1996.83458067973)(2000012    1801.39197614263)(2000101    1659.68789974209)(2000002    1566.83786099087)(2000211    1695.63726784921)(2000022    1665.6444222771)(2000121    1011.57313596985)(2000221    1045.79736310923)
8 11      - (2000201    1241.02387203622)(1000000    1051.07032650754)(2000211    1377.32775926182)(2000002    1382.68569773739)(2000012    1315.0834591428)(2000101    1315.73926973697)(2000022    844.300168329461)(2000111    1893.9915985728)(2000121    154.573807087317)(2000221    745.970376337143)
14 2      - (2000002    35.6273989779182)(2000221    -456.843643329432)(1000000    599.266015932777)
10 11      - (1000000    694.250836315594)(2000012    2002.15563900721)(2000211    634.368472707026)(2000201    186.691169523697)(2000002    1469.11477327869)(2000111    438.636222476862)(2000101    545.43488256523)
7 9      - (2000002    59.1620318229784)(2000111    31.3536752099789)(2000012    82.4751842959845)(2000211    67.7406596268931)(2000201    67.7406596268931)(1000000    -2.54643214110025)(2000101    271.148079360951)
10 10      - (2000201    484.834477690248)(2000012    612.689247507498)(1000000    509.242932185796)(2000111    812.489418126019)(2000211    224.942976384689)(2000101    623.874573297466)(2000221    -244.533597187343)(2000002    1851.85951672576)
8 10      - (2000012    573.925478396219)(2000221    -454.008229652255)(2000111    453.751800880238)(2000002    880.867465210579)(2000101    -312.579113088225)(1000000    384.641351508065)(2000201    666.777886011835)(2000211    278.386631331646)
5 10      - (2000002    446.201015754461)(1000000    372.852594808843)(2000211    244.658132982686)(2000201    350.565446837846)(2000101    382.660589650741)(2000221    145.295244091378)(2000012    288.156715131317)(2000121    171.677940737736)
10 12      - (2000201    188.987938916457)(2000002    1266.76180335631)(2000111    -326.413598126167)(2000211    -307.328259318142)(2000012    1930.12881780253)(1000000    107.196893058449)
8 8      - (2000101    493.288736846275)(2000002    1840.58974467696)(2000201    568.492462583955)(1000000    343.740331308284)(2000211    491.013664799619)(2000012    1563.2955329734)(2000111    480.913052481544)
8 7      - (2000012    1752.06160191719)(2000101    -104.345951364741)(2000211    309.603924077862)(2000002    1040.91232375704)(2000201    198.461697620352)(1000000    254.133249524209)(2000111    517.591256966823)
7 8      - (2000211    178.358631352819)(1000000    365.831205808879)(2000012    1420.52656852312)(2000201    468.552032870314)(2000101    274.93498980328)(2000002    1876.47007292236)(2000111    387.663553908418)
14 10      - (1000000    -431.49668655663)
12 11      - (2000111    842.007067509601)(2000002    2022.80272260342)(2000211    885.833873103103)(2000012    1936.35721268986)(2000101    823.863703234538)(1000000    835.411080361516)(2000201    866.956109919937)
6 10      - (1000000    544.100176998853)(2000211    442.642830920715)(2000002    514.494541460313)(2000101    568.007863323109)(2000012    584.147574805402)(2000111    366.968959699316)(2000201    1146.24196138818)(2000022    252.266588762063)
6 13      - (2000211    361.468473811158)(1000000    231.15084970636)(2000111    547.549064889703)(2000101    709.61273108372)(2000012    1837.41992037597)(2000201    942.50260675338)(2000002    576.890908236326)
10 6      - (2000012    724.054598844868)(2000201    467.059171498367)(2000111    341.877970324155)(1000000    698.895119969203)(2000101    368.899494641588)(2000002    596.807157132304)(2000211    369.045252572349)(2000221    433.649214166289)
10 5      - (2000201    135.642632822097)(2000012    130.742691561525)(2000211    143.826806222437)(1000000    156.293296039221)(2000111    130.619461983345)(2000101    92.2156140144574)(2000002    139.232544824968)(2000022    57.6980441954263)(2000121    52.6432519168245)
10 8      - (2000002    780.157288612312)(2000201    -356.223590344372)(2000101    -30.0261965307284)(2000012    284.438305534966)(2000111    98.5756376989001)(2000221    -402.765636965407)(2000121    -404.021583566326)(2000022    382.308626055083)(1000000    219.068439185025)(2000211    358.577514837155)
6 9      - (2000211    -157.463269535393)(2000201    38.7040495362736)(1000000    -401.803501011802)(2000002    404.153961205446)(2000101    119.272554486583)
7 7      - (2000012    1190.25574454536)(2000101    166.60945529493)(2000002    1841.88331347708)(2000211    29.2493008376804)(2000111    300.239895778579)(2000201    169.475470591759)(1000000    84.5289023074536)
7 12      - (2000211    655.949649507356)(1000000    256.438541602491)(2000201    81.39140130268)(2000022    1034.58161349434)(2000002    1541.69912021022)(2000111    1245.81511891155)(2000012    1698.90014875557)(2000221    452.265680083896)(2000121    119.682327588209)(2000101    859.933650111959)
6 12      - (2000121    110.323255737138)(2000201    1522.10832642092)(2000012    1677.60338420165)(2000101    1497.17093245056)(2000211    1377.1029637447)(2000022    816.187557537591)(1000000    1569.36205037245)(2000111    1746.94988023452)(2000002    1558.3404210259)(2000221    301.70321672029)
11 9      - (2000201    473.734491210463)(1000000    700.194050995926)(2000012    2020.90360743043)(2000101    367.506283752296)(2000211    353.724887444843)(2000022    75.1318788996239)(2000111    697.715333564302)(2000002    1647.82641390615)
12 8      - (2000111    710.164602406343)(2000211    -309.574431223501)(2000221    305.625661952157)(1000000    578.905748418252)(2000012    1952.67297702666)(2000201    644.414563119998)(2000121    93.8653621868113)(2000101    480.825485933012)(2000002    1175.56116709572)(2000022    1019.88814944248)
7 11      - (2000121    -426.432174924022)(1000000    1317.94931562962)(2000211    1816.86066198097)(2000111    1416.07743659255)(2000002    1088.28009893132)(2000201    1384.58000509069)(2000012    1503.11850346066)(2000221    512.893038451039)(2000101    1073.68826977993)(2000022    658.621332728825)
11 5      - (2000002    534.771028847523)(2000201    184.893023511343)(2000221    216.2784265606)(2000012    397.79133832512)(1000000    374.963054546574)(2000111    419.898071887083)(2000211    625.517738160631)(2000101    197.773684204263)
8 12      - (2000101    -69.1274968144422)(2000121    123.807845142653)(2000012    1181.66777803829)(2000211    89.8206288578806)(2000201    42.2616567411687)(2000002    1767.88887062748)(1000000    -358.16239278656)(2000111    74.6487714873401)(2000221    -276.186940773671)(2000022    462.760513269114)
6 7      - (2000221    -68.6330653319453)(2000012    1081.65860338254)(2000101    -301.682814041517)(2000201    263.042657552457)(2000111    -319.273183389946)(2000211    123.440344233326)(1000000    153.384688536166)(2000002    1776.88710195425)
9 11      - (2000012    1152.22326812499)(2000101    940.964788251048)(1000000    357.731089830702)(2000201    1025.45622502902)(2000211    422.77986205558)(2000002    1882.03528568242)(2000111    690.866349278487)(2000221    -164.670266738351)(2000022    434.489176908943)
11 8      - (1000000    984.978331088786)(2000002    1055.55172491886)(2000121    785.827731926015)(2000111    781.573214730274)(2000101    940.554342199399)(2000211    870.686633904996)(2000012    1957.71862751959)(2000221    451.586970308052)(2000201    806.730739730281)(2000022    1609.59539294707)
12 6      - (1000000    1096.4722383433)(2000101    1074.23825038625)(2000201    796.708198876632)(2000211    850.239067084375)(2000121    609.247444201882)(2000002    1258.85015884498)(2000022    115.391705389929)(2000012    1083.55203356849)(2000111    1096.275986817)(2000221    30.5892256301522)
5 0      - (1000000    1584.44309613384)(2000012    476.590674946841)(2000111    413.768690922829)(2000002    2003.64504622856)(2000201    590.556967162612)(2000101    641.461879759019)(2000211    -500.437716620965)
6 8      - (2000111    263.656470716669)(2000101    288.595631072274)(2000201    235.257459553206)(2000211    232.900670679786)(1000000    179.545127999899)(2000002    1815.43909883865)(2000012    1363.73752077157)
10 7      - (2000101    -71.5335652679907)(2000002    555.843546613065)(2000211    393.203408679108)(2000111    283.822141047959)(2000012    407.3375339434)(2000022    334.906930679955)(1000000    417.030592479328)(2000221    -256.199628294112)(2000201    338.18285753963)
11 10      - (2000002    2023.21405055826)(2000012    1842.4338803785)(2000111    825.024027568935)(2000201    845.45581625249)(2000101    920.293622873255)(1000000    881.966663755672)(2000211    899.410227583969)
8 6      - (2000111    -587.17163891669)(2000012    775.948081327384)(2000211    -698.485271675928)(1000000    -529.352710772422)(2000101    -531.670380996133)(2000201    -456.357272873894)
11 11      - (2000012    1941.55692901314)(2000101    976.72301021596)(2000211    948.743143722123)(2000201    954.684748793671)(2000002    2022.28724685963)(2000111    982.968627536778)(1000000    984.79897960558)
13 12      - (2000002    2021.17781674384)(2000012    1727.86377414364)(2000101    763.760228833456)(1000000    748.461791728207)(2000211    761.562468166278)(2000111    784.522654448773)(2000201    841.464939043285)
12 12      - (2000012    2043.2810909775)(2000111    961.240521721714)(2000002    1930.7657656737)(1000000    975.018940657542)(2000101    960.216595998714)(2000211    993.706240700225)(2000201    993.38479127102)
5 11      - (2000002    873.994972961772)(2000201    638.370905789633)(2000101    913.103848473906)(2000012    855.467373557175)(2000211    412.699287959548)(1000000    876.729122237434)(2000111    858.026279486385)(2000022    794.253108771153)(2000121    -81.3593042295926)(2000221    -23.0862936934718)
13 6      - (2000221    -469.962586525339)(2000002    984.959820152739)(2000111    -451.535361602991)(2000012    52.7672856506077)(2000211    -35.2626609737324)(2000101    678.870955960707)
12 5      - (2000201    472.284341558904)(2000012    424.481141813814)(2000111    242.048375023818)(2000221    -655.337895482731)(1000000    534.191030940791)(2000022    -94.7226750875063)(2000101    78.3592469723977)(2000002    477.285394069661)(2000211    415.763621155706)(2000121    -333.931332792208)
5 12      - (2000002    883.988114047895)(2000022    209.072253121832)(2000101    720.41582156051)(2000211    -114.577049109484)(2000111    799.741204021645)(2000201    822.639502549737)(1000000    435.523468344807)(2000012    883.435959191435)(2000221    -85.1155712729229)(2000121    -302.953152185929)
7 10      - (2000002    777.203956076243)(1000000    764.196768850346)(2000211    281.661928886209)(2000101    948.470012453325)(2000111    120.195693126011)(2000201    377.360080380431)(2000012    927.905758350074)
12 13      - (2000101    796.508202054388)(2000012    1894.07871799487)(2000002    2020.09336829026)(2000201    790.630351779655)(2000211    758.293431861309)(2000111    874.349619410933)(1000000    626.988626619439)
14 12      - (2000101    -687.805269517927)(1000000    -409.173497319325)(2000211    -644.292508189926)(2000111    -656.527187070222)(2000201    -382.265862404265)(2000012    1619.75016072671)(2000002    358.28227066073)
14 6      - (2000012    1652.19851697982)(2000111    22.3700706216357)(2000201    1064.95374905492)(2000101    482.151780779046)(2000121    190.063667025238)
9 10      - (2000002    1042.2096502859)(2000211    -150.639083763125)(2000101    648.759791910749)(2000201    100.773568396119)(1000000    310.3313807398)(2000012    567.484133015513)
12 9      - (2000012    1482.80561787668)(2000002    1954.9478684239)(2000211    -87.6100938815518)(2000111    164.884965648286)(1000000    568.851158647337)(2000201    486.416673202855)(2000101    440.901848857644)
5 13      - (2000201    336.768537626985)(1000000    305.35935520664)(2000022    84.6316483694566)(2000012    751.860929777839)(2000121    -355.675422788824)(2000211    91.9781028181881)(2000101    499.735748912096)(2000002    531.092015885619)(2000111    624.393727524027)
9 9      - (2000022    3.30787416538354)(2000211    751.034548716432)(2000101    176.299462576466)(2000002    202.017098695218)
9 6      - (2000211    326.796405448713)(1000000    170.769917186112)(2000111    174.789914431726)
13 13      - (2000201    347.218088743106)(2000012    1743.94058505924)(2000111    3.13371578001862)(1000000    89.5035155664996)(2000211    146.484965316184)(2000101    65.1189064993217)(2000002    927.147922165566)
11 12      - (2000002    2018.97275787786)(2000111    677.628533449299)(2000101    756.286781902061)(2000201    818.206288086423)(2000012    1840.4260233292)(1000000    785.09706310604)(2000211    767.327322779415)
11 14      - (1000000    -53.2667004784453)(2000101    65.084075316212)(2000012    2043.4556695754)(2000111    520.913875610557)(2000201    556.810590637423)(2000211    211.372351789354)
13 14      - (1000000    -108.7377519555)(2000002    828.287038018305)(2000111    -68.5724687324378)(2000201    -86.8253645559825)(2000012    1185.81187934779)(2000211    -2.67794159434067)(2000101    -195.740540815322)
11 7      - (2000022    1156.66818900565)(1000000    1607.79137445166)(2000101    1409.65910199005)(2000211    1677.15394065721)(2000012    2004.05842783213)(2000111    1602.18566912734)(2000201    1374.19247645474)(2000221    865.843071086333)(2000002    1581.71284193952)(2000121    283.172798351896)
13 8      - (2000211    -839.614510771619)(2000201    -386.950503335266)(2000002    1809.31013896723)(2000111    -493.53760825509)(2000022    950.884796028954)(2000221    181.348104360818)(2000121    204.827540273744)
4 12      - (2000121    -729.959693521954)(1000000    -651.556868645599)(2000211    24.6491184455287)(2000101    83.1486293679575)(2000002    170.708385436913)(2000012    45.8962616173717)(2000111    74.1245754761372)(2000221    -456.969237355275)(2000201    -187.249454642965)(2000022    83.5914385226279)
12 7      - (2000002    1306.99513395832)(2000211    1441.56214726376)(2000022    670.601374384403)(2000101    1072.28816259929)(2000201    1297.49922670793)(2000012    1907.64021132073)(2000111    1483.42771923204)(1000000    1434.61967934525)(2000121    104.831910121844)(2000221    288.417136712989)
8 13      - (2000111    -533.120864340492)(2000211    -436.900674341296)(2000121    -396.047661745979)(2000101    116.726513502695)
12 14      - (2000012    1526.7458335166)(2000101    443.355891488882)(2000211    321.553862526066)(2000111    506.334029815859)(2000201    410.609836346084)(2000002    2009.67725140224)(1000000    360.859566933865)
13 5      - (2000101    -30.4076186480778)(2000211    471.878972227002)(2000002    209.387530543166)(1000000    566.83498105463)
9 8      - (2000201    697.633646695781)(1000000    491.685788457481)(2000002    1934.40550409045)(2000111    535.991596397118)(2000211    497.781408606132)(2000012    1447.47727928854)(2000101    407.80853330938)
13 7      - (2000121    -133.13420910669)(2000012    1565.59450687986)(2000022    351.049036032869)(2000002    427.051120598482)(1000000    -70.4615963712378)(2000221    165.396580552206)(2000101    442.635364599937)
9 12      - (2000101    -839.772613482597)(1000000    72.2473243578587)(2000211    -460.973551714109)(2000111    -336.125958033691)(2000002    1677.35836176802)(2000201    139.103480262987)(2000012    803.858177931998)(2000022    578.265599504351)
9 3      - (1000000    1422.99388300092)(2000201    1120.53731393777)(2000101    1068.29077690543)(2000002    1763.04332797334)(2000012    560.218887980565)(2000111    364.747535268767)(2000211    170.999893938506)
10 9      - (2000201    181.356500185616)(2000211    -697.184020330773)(2000002    1083.77648631072)(1000000    -443.445130325204)(2000022    229.309581224933)(2000101    316.291141639058)
9 13      - (2000211    13.7623679297641)(2000201    174.461454152758)(2000101    -11.4670378483823)(1000000    374.290840525395)(2000012    1812.480024102)
11 13      - (2000201    567.879612914971)(2000101    466.960446875454)(2000012    2029.76803483206)(1000000    506.002516222672)(2000211    256.748276109415)(2000002    1274.71008872852)(2000111    525.30488677568)
13 11      - (2000111    -378.857622606375)(2000201    -164.508255582496)(2000211    -328.362726415048)(1000000    84.114184708347)(2000012    2051.60072672647)(2000002    442.171660975077)
8 14      - (2000121    -355.337551602674)(2000201    -491.53893370842)(1000000    226.838030512376)
12 10      - (2000201    -7.60588898029226)(1000000    -843.845783977638)(2000002    1927.83582539061)(2000012    589.958504389348)(2000111    105.327755749007)(2000211    431.533700652892)
14 14      - (1000000    -844.320721665127)(2000201    -581.830223612993)(2000101    -231.388301071381)(2000211    -226.465972128459)(2000012    1356.73428241987)(2000111    -335.832169564563)
5 4      - (2000101    69.442890398919)(1000000    1069.0434859095)(2000111    588.106412000962)(2000121    317.373157201541)
14 11      - (2000211    -318.69715196863)(2000012    949.615387193647)(2000201    -52.1448004726274)(2000101    -7.22061443356142)
13 4      - (2000201    -104.893186389154)(2000002    196.201617275936)(2000012    88.6879960265237)(1000000    138.433663106528)
14 13      - (2000012    1581.03304022715)(2000211    -141.775931148741)(2000201    -454.642434867523)(2000111    254.245672317517)(1000000    -83.7914100488156)(2000002    1030.27989595107)(2000101    213.302550301243)
2 12      - (1000000    2141.8496448555)(2000201    1512.53019027345)(2000101    642.317337487271)(2000002    831.074578422101)
14 5      - (2000221    -503.519597269889)(2000022    118.293242642348)(2000002    109.193460350818)(2000201    38.534425191367)(2000211    59.8669874402712)
14 4      - (2000002    134.83408142361)
4 13      - (2000002    333.829808400803)(2000012    42.3337547713214)(2000101    69.3231187850934)(2000201    161.895349547084)
7 6      - (2000101    -571.676102391353)(2000002    1440.01904328105)(2000111    -434.98637898931)(1000000    -510.359430200006)(2000211    -143.667372928234)(2000201    -298.388219141981)
4 14      - (2000201    -33.1743135241703)
14 8      - (1000000    -608.57170977245)(2000111    155.255730230345)
7 13      - (2000002    1772.45534270783)(2000101    -414.333507972314)(2000022    19.5040875420481)(2000201    116.402900278004)(2000211    60.5123673406827)(2000111    276.841284730422)(1000000    180.3323426173)(2000012    411.689428832101)
4 11      - (2000201    159.808496822359)(2000211    97.9277473529563)
5 7      - (2000211    -672.441626511878)
5 14      - (2000012    109.869289981294)
8 5      - (2000101    -603.256704061337)(2000111    -439.633012559729)
9 7      - (2000101    -170.13888656661)(2000022    48.9289427173535)(2000211    65.8291358991694)(2000002    1873.35453916078)(1000000    462.640926461162)(2000111    447.595951604904)(2000012    799.265423973477)
10 13      - (2000101    481.214325375621)
6 6      - (2000201    -487.95670003276)(1000000    -567.501852351478)(2000002    477.670960237272)
13 9      - (1000000    -277.814685923557)(2000201    -73.2952484441916)(2000012    1062.14295315456)(2000211    -81.8326245442002)(2000002    622.277860147213)
7 14      - (2000121    -362.765571526826)(2000111    -375.726079472808)(2000221    -359.759505715997)
3 10      - (1000000    1086.71968487965)(2000101    -244.073984114746)
5 8      - (2000012    185.729154247389)
14 0      - (1000000    1693.66503023699)
8 9      - (2000012    1501.39182003995)(2000111    607.268756064177)(2000201    538.388211963457)(1000000    382.949321423938)(2000101    608.549466740044)(2000002    1842.18441971117)(2000211    380.823795103148)
7 5      - (2000211    -468.65114657428)
2 14      - (1000000    2096.94630510041)(2000002    1088.1153930051)(2000101    895.632015924732)(2000201    902.520908127163)
13 10      - (1000000    273.481759401916)
14 7      - (1000000    869.984781111618)
4 8      - (2000002    -191.78333118298)(1000000    894.163780150799)
3 14      - (1000000    1734.68872795705)(2000201    448.791133851262)(2000101    607.427657028346)
13 3      - (1000000    2078.16805289473)(2000002    488.032962151618)
4 9      - (1000000    543.93696881405)(2000002    575.630256506614)(2000101    778.374223083037)
9 14      - (2000201    111.6886338703)(2000111    692.614254344148)
6 14      - (1000000    972.626990800216)(2000012    1832.56513508552)(2000101    837.87564238999)(2000111    617.892659576971)(2000211    532.935557218864)(2000201    460.739747828376)(2000002    460.739747828376)
10 14      - (2000211    10.0676784163157)

