222
0 0      - (2000101    13389.8487630101)(1000000    13387.4846146472)(2000012    5678.32390006514)(2000201    12354.1561052993)(2000002    12348.4345471206)(2000001    12232.2680402998)(2000111    10464.2865719038)(2000221    -500)(2000211    8007.56017536673)
1 3      - (2000111    3024.76918150064)(1000000    13379.662821607)(2000002    10779.4843168489)(2000201    9974.9902033633)(2000001    7883.20636463704)(2000101    10200.9088672613)(2000211    2866.71075371533)(2000012    2304.05732622022)
0 1      - (2000002    11466.426936218)(1000000    13375.6214453277)(2000101    13374.1910748992)(2000001    12429.4442325229)(2000201    12034.4295763355)(2000111    3128.06037877771)(2000211    5451.6112614899)(2000012    2852.97872520087)
1 1      - (2000101    13377.6394809149)(2000201    12593.7295055378)(2000001    12410.1980055187)(1000000    13264.2481413237)(2000211    5953.12072759959)(2000002    12664.8639734289)(2000111    1869.25420994671)
0 2      - (2000101    13226.8201032698)(1000000    13442.4293938809)(2000201    11598.8491449021)(2000012    -679.73978571839)(2000001    11392.8121143808)(2000002    11642.6078036787)(2000211    4466.12029772416)(2000111    7245.27904916398)
3 4      - (2000002    2661.86543174349)(2000101    7557.54457603538)(1000000    12138.7649742756)(2000201    6473.77717946012)(2000001    5712.11777875568)
1 0      - (2000002    13255.7647060297)(1000000    12769.471121295)(2000201    12617.6673245742)(2000101    11839.4464905897)(2000001    12201.4026108764)(2000111    3457.23116387025)(2000211    2709.41044153606)(2000012    159.590315006662)
3 2      - (1000000    12220.352957375)(2000002    10593.4907772396)(2000201    10708.8182989144)(2000001    10955.5994112904)(2000101    13388.0069392637)(2000111    6297.86289692924)(2000211    3771.37978521502)
2 0      - (2000101    11893.6774767592)(2000002    7029.57363226694)(1000000    13109.7052388146)(2000201    10328.0720250252)(2000001    9124.50001682658)(2000111    5105.92384950838)(2000211    60.3060019431569)(2000012    3238.93196937493)
3 1      - (2000211    8010.31280242928)(2000201    10665.0963573166)(2000111    10331.0935460881)(2000101    13413.0151170589)(1000000    13321.4053069501)(2000001    12028.8130181887)(2000002    11009.1005002438)(2000012    4551.34622606465)
2 3      - (2000101    13108.8356067194)(1000000    12451.675561903)(2000211    2205.08826243068)(2000002    10316.6162612561)(2000201    10321.2019510497)(2000001    9512.16429786358)(2000111    6658.68979536495)(2000012    4777.56875554789)
1 2      - (1000000    13564.7424252687)(2000002    11355.7808946077)(2000001    12048.1064212223)(2000201    12385.8913811899)(2000101    13509.5286856016)(2000211    4931.48810417666)(2000111    7022.5783880578)
2 4      - (1000000    12884.8855922606)(2000201    10517.4732574895)(2000002    8488.30352468064)(2000001    9255.62712274494)(2000101    9211.08543223982)
2 1      - (1000000    13234.6094189584)(2000101    11564.8984589572)(2000001    10586.3818637684)(2000002    11624.8369128075)(2000211    2917.4353325474)(2000201    10509.1832152152)(2000012    1882.38415589311)(2000111    4481.2217548889)
4 0      - (2000111    -875.09375)(2000121    -750.1875)(2000002    12175.1478337121)(2000101    13338.8611795992)(1000000    13657.5948858166)(2000201    12089.9915621159)(2000001    12518.4005688909)(2000211    -267.656787974729)
5 5      - (2000111    -500.25)(1000000    2377.18607268416)
2 2      - (2000101    13115.1247882597)(2000001    11493.1751317894)(1000000    13290.9922717451)(2000002    11458.2916441432)(2000201    11575.7135379432)(2000111    -416.14344181282)(2000012    2439.58129160213)(2000211    3811.65372679099)
0 4      - (1000000    12561.0302599001)(2000012    7233.73691160772)(2000201    11317.1256842865)(2000002    9378.22378194241)(2000001    6063.68292373821)(2000101    10318.8513005346)(2000211    2800.29373477539)(2000111    6628.1577913171)
3 0      - (2000101    13067.579477431)(2000001    11308.0446972711)(1000000    12919.1208326947)(2000201    11251.6812909712)(2000002    10272.9058589124)(2000211    5313.95154865249)(2000111    10407.4675931859)(2000012    7881.53288528915)
6 0      - (2000111    -581.524287385176)(2000101    -1406.5156575)(2000001    152.761362311882)(2000002    1740.95049804769)(1000000    11317.7887991067)(2000201    162.282804917886)
0 8      - (2000201    5478.40818125802)(2000101    6499.74328706902)(2000001    2879.24338271884)(1000000    11765.741338015)(2000211    4996.55501902642)(2000002    7041.97315767364)(2000111    6707.87081247362)(2000012    6157.67512419541)
8 1      - (2000111    9053.6351188849)(2000201    11965.8750273021)(2000001    12243.2374730679)(2000211    8257.31701054935)(2000101    12103.12066358)(2000002    13366.8630023148)(2000012    3290.54970632573)(1000000    13269.5345480725)
1 9      - (2000201    10570.5544918372)(2000111    10568.3638608103)(1000000    10834.2709414135)(2000001    9682.26528523193)(2000101    10028.8407434536)(2000002    12097.491583751)(2000012    12991.5115443868)(2000211    9741.90704888136)
11 1      - (2000012    5694.42338310125)(2000002    12049.1150686762)(2000211    6983.74809501593)(1000000    12600.8342690232)(2000111    8009.99650746516)(2000101    10400.5374875774)(2000201    11148.9982956069)(2000001    7808.86345517244)
11 0      - (2000002    12518.7915681662)(1000000    11007.8674449448)(2000211    8945.19855068462)(2000201    8396.99826827918)(2000012    3572.01218760848)(2000101    3356.46242675332)(2000111    5855.54776014929)(2000001    5397.69851814684)
9 0      - (2000211    1399.8482454279)(2000111    2233.47156015219)(2000201    5195.48505258311)(1000000    12689.6097536034)(2000101    7851.12053746196)(2000001    4874.67951794709)(2000012    3540.61694611098)(2000002    5112.60923410676)
1 6      - (2000002    42.5139877582561)(1000000    -190.724932910081)(2000101    -500)(2000012    -63.3776203369991)(2000111    -738.225989808842)(2000001    728.832002183584)
0 10      - (2000111    9687.06346101354)(2000002    12211.1615684473)(2000101    10344.795069744)(2000001    7245.01893656916)(1000000    10452.2916128389)(2000211    9818.35656453679)(2000201    9157.58602438938)(2000012    12699.6331203602)
10 0      - (2000001    9969.78984601524)(2000201    9153.31687533233)(2000101    9263.35114982332)(2000002    8641.53273742642)(2000111    7476.21934873649)(1000000    12456.7535786991)(2000012    3634.57820565652)(2000211    8730.99083923594)
9 1      - (2000002    12321.0087938672)(1000000    13162.2648491698)(2000101    12127.1605112014)(2000012    5853.13829828546)(2000211    11211.0087473751)(2000201    12314.1959814436)(2000001    13312.4768776521)(2000111    8684.63808195495)
0 11      - (2000101    3930.40537629106)(2000012    3061.19745501788)(2000211    2827.75277459359)(1000000    2957.03180531605)(2000201    3327.74308236757)(2000001    12231.2228682908)(2000002    4952.86964685191)(2000111    2471.53147022552)
1 8      - (2000002    1698.76777580535)(1000000    11094.6008074505)(2000211    3213.15939240507)(2000001    2907.21751415654)(2000012    1685.43419854605)(2000101    5299.41147530999)(2000201    2368.03982293312)(2000111    1958.91215232293)
1 7      - (2000201    2239.23119574126)(2000211    1996.02904538012)(2000012    1529.11169424326)(1000000    3046.71991319443)(2000101    2493.7248686563)(2000002    1737.99010716964)(2000111    1009.50178903086)(2000001    317.979743214816)
1 12      - (2000001    2396.33763167287)(2000111    1848.31443479839)(2000002    1993.12274187064)(1000000    2919.57908821142)(2000201    11767.3205642634)(2000101    2909.23387947655)(2000012    1471.43396137566)(2000211    3681.56891090511)
6 1      - (2000101    -536.567471117077)(2000002    204.315373397943)(2000211    49.2969588439043)(1000000    12117.673623377)
8 3      - (2000012    1978.98285934864)(2000111    10641.9050005077)(2000002    12110.396025275)(1000000    13410.8435482684)(2000101    12789.4468616432)(2000211    10575.7321180278)(2000201    12480.5577765199)(2000001    13425.5359232282)
1 13      - (2000002    11569.9936477931)(2000012    330.247675114151)(1000000    4288.60711914897)(2000001    2552.35039249871)(2000211    1543.08234886936)(2000201    3070.27634906793)(2000111    2016.7638232684)(2000101    2358.39619323184)
9 2      - (2000001    12353.4095310005)(2000002    12773.6208305816)(2000201    12093.4729997684)(1000000    13210.8985377931)(2000211    10465.799356343)(2000111    10530.0151751481)(2000101    12450.13458236)(2000012    1046.32893403243)
2 13      - (2000201    2249.72675002204)(2000002    2321.21633765952)(2000111    2056.90195597592)(1000000    4409.99409828408)(2000101    11214.059874939)(2000001    2025.81345473612)(2000211    881.061425403266)
0 3      - (2000001    10052.1651907315)(2000201    11396.7803233988)(2000002    11025.2684031201)(2000101    10329.5489594302)(1000000    13442.6406309613)(2000211    973.704050375922)(2000012    691.922590509598)(2000111    3453.73715316666)
2 8      - (2000211    630.645855663418)(2000111    1031.23086489395)(2000101    2603.64391389636)(2000002    11244.7914238532)(2000001    2451.32864470984)(2000201    4371.25914623299)(2000012    4156.84797100049)(1000000    11376.7453056001)
2 9      - (2000002    12793.1217616848)(2000111    2574.48006960511)(2000101    10311.6698733647)(2000201    5817.21028558226)(1000000    9778.14947364835)(2000211    2109.26559449995)(2000001    3956.30043746665)(2000012    2871.87643368419)
8 2      - (2000012    3167.45937323145)(2000001    12130.9331875846)(1000000    13152.908225573)(2000111    4019.4082264736)(2000201    11865.2755158356)(2000211    9705.05403744978)(2000002    12919.0594765994)(2000101    11825.6133514555)
7 0      - (2000211    1562.41072340234)(2000101    1649.32010309171)(2000111    1418.71420711706)(1000000    2344.66432289798)(2000201    1809.15148080473)(2000001    1238.27124174012)(2000002    2033.88291483584)(2000012    1631.82709634879)
0 12      - (2000101    2560.5936472169)(2000201    2653.68122029654)(1000000    5292.13029039832)(2000211    2741.81957179877)(2000111    3891.74317694377)(2000001    2351.67740219657)(2000002    9472.95860870762)(2000012    1900.91412211993)
0 7      - (2000012    2162.29246574683)(2000201    1948.49988176134)(2000111    1667.16280650803)(1000000    1869.42756613392)(2000101    1988.8926327005)(2000002    1816.30058126021)(2000211    1653.75828154442)(2000001    1522.61454499133)
7 1      - (2000101    1996.06041590451)(2000211    1296.65638087135)(2000012    1666.95388833053)(2000201    2248.77190120006)(1000000    2033.18953209703)(2000001    1717.09539731137)(2000002    2355.22930987465)(2000111    1220.90236075221)
1 11      - (2000201    9654.66949814561)(2000001    13182.8587291623)(2000111    7554.28012250691)(2000101    8207.19998579901)(1000000    10898.6458191587)(2000211    6668.71360870688)(2000002    7974.60794228578)(2000012    8887.11593833673)
1 5      - (1000000    13837.4338217598)(2000211    -750.933923789564)(2000002    9631.0286683935)(2000201    11253.0634951341)(2000101    12430.4021664039)(2000001    11296.3862286209)
6 2      - (2000012    -409.935571583599)(2000111    -500.573751415652)(2000201    2317.24837775084)(2000001    1329.44861011371)
8 0      - (2000211    5376.81721147006)(1000000    12851.9236557206)(2000201    9472.51022205765)(2000002    8285.07583394114)(2000012    8846.65547273697)(2000101    7585.46400307124)(2000111    7245.99167590013)(2000001    8885.57220486149)
12 0      - (2000002    12221.873836073)(2000101    7242.52167594162)(2000201    5502.45377338047)(2000001    6054.75806606073)(2000012    3027.84146174022)(1000000    10404.0990056782)(2000111    3162.69349704619)(2000211    2527.77762592387)
0 5      - (2000211    3580.65918324847)(1000000    13397.6483738318)(2000001    11842.6980217244)(2000101    12531.54641752)(2000002    11708.0215343266)(2000201    11475.6286371202)(2000111    5724.03412367308)
13 0      - (1000000    10183.9215927254)(2000002    12493.8915311869)(2000001    4764.03837904601)(2000101    8464.50695768468)(2000111    916.910795823748)(2000201    4831.35703216431)(2000211    2800.02972510517)
0 9      - (2000002    11544.3096553978)(1000000    3852.99655100419)(2000211    4702.84827628352)(2000201    4383.765704137)(2000101    5689.20688886927)(2000012    3586.63798626308)(2000111    4585.11811123931)(2000001    5335.28197828459)
13 2      - (2000211    3301.96314487086)(2000101    6556.57117938888)(1000000    5127.78534459426)(2000001    4575.99814917186)(2000201    4914.17802748553)(2000111    4494.13964291513)(2000002    12219.6877574616)
3 6      - (2000201    63.2783674713167)(2000101    -742.608933030798)
2 12      - (2000001    2440.86957283862)(2000211    2512.00278066797)(2000101    3464.29156338583)(2000002    2550.07217719834)(2000012    1193.9781803848)(2000201    4447.13716493096)(1000000    11080.2023865876)(2000111    1522.80480160751)
3 9      - (2000201    11834.7542144679)(2000101    11569.129095467)(2000211    11968.0753372904)(1000000    11805.7539149722)(2000002    13454.1976936054)(2000001    12473.0873724016)(2000111    11331.4004528601)(2000012    2187.19983667209)
3 3      - (2000002    7725.45699509371)(1000000    13723.9951887199)(2000101    9469.76244500551)(2000201    9979.23108755556)(2000001    7920.53368415703)
2 6      - (1000000    4472.75015401196)(2000201    309.727695868142)
7 2      - (2000002    2124.97709425863)(2000101    3010.03766138609)(2000111    2106.45585599774)(2000201    2123.04541183289)(1000000    1749.94393289214)(2000012    388.864177037784)(2000001    118.482159804981)(2000211    1781.86249246653)
12 2      - (2000211    2960.99912170337)(1000000    12004.7030749841)(2000002    3123.60634076971)(2000101    5611.59190600053)(2000001    2835.41234637752)(2000111    1255.32055585404)(2000012    2044.43385569502)(2000201    6822.77667991159)
0 6      - (2000002    63.1827907003055)(2000201    -431.90431238205)(2000001    -428.256878761268)(2000111    -1143.26947465589)(1000000    896.918478702232)
2 7      - (2000111    607.72542593146)(2000101    1656.25489306572)(1000000    2689.81442178317)(2000211    -650.06444477302)(2000001    1822.93707166079)(2000201    1407.239311469)(2000012    1766.05482210957)(2000002    2340.49558375373)
10 5      - (2000201    -1166.69944783733)(2000111    -1328.81066791079)(2000002    187.35717141421)(2000101    -711.529953220418)(2000001    116.79936865897)(2000012    271.582521110948)(1000000    489.43012488051)
14 0      - (2000001    2637.48761468892)(1000000    10651.593519282)(2000101    -856.446070897008)(2000201    841.114679306145)(2000111    734.353974396159)(2000211    -608.587797886644)(2000002    2798.49950236174)
0 13      - (2000001    3046.38413146694)(2000201    2501.95329391769)(1000000    8610.13593271896)(2000101    2401.65243487929)(2000211    940.986117798847)(2000111    1775.6487156831)(2000002    1871.93778804697)(2000012    2214.02355488625)
12 1      - (2000002    12518.6101573936)(1000000    9280.70123752228)(2000201    5697.07388661709)(2000101    6850.02776418081)(2000001    5172.79216977764)(2000211    4477.6567603058)(2000111    7270.61834542527)
3 11      - (1000000    11058.678797875)(2000101    6090.54508282004)(2000201    6840.51058544447)(2000002    13289.3301619975)(2000012    6509.43196483863)(2000111    8095.67490870582)(2000211    7435.52035071881)(2000001    7048.73192607018)
5 0      - (2000111    -500)(1000000    13964.2124480161)(2000001    12893.1141160753)(2000002    10049.4541564207)(2000201    11928.2447371166)(2000101    12029.7836349546)
7 3      - (2000211    303.876433120855)(2000101    -334.175194219083)(1000000    2196.30208634314)(2000001    1192.79217095348)(2000201    904.497345096586)(2000002    839.379872517998)
1 4      - (2000101    13319.6036051927)(2000002    9169.54702440574)(1000000    13017.5325128136)(2000201    9907.07134592001)(2000001    3328.21678657032)(2000111    1601.88801941632)(2000211    5891.75560013577)
5 9      - (2000111    -1711.09181923487)(1000000    -1500.0234375)(2000201    -1380.96306966867)(2000001    -629.64916453126)(2000211    -1109.68069588772)(2000002    -593.257574500836)(2000101    -818.247833131656)(2000012    670.670275363891)
6 4      - (2000211    -47.2072449202556)
9 8      - (2000012    11802.8674784754)(1000000    11001.4967360514)(2000002    13110.793666468)(2000211    11873.120940999)(2000001    11880.2457831798)(2000101    10148.2077425045)(2000201    10862.4755663311)(2000111    10891.7171120803)(2000221    -875.877316768741)(2000121    -510.388943863525)
11 3      - (1000000    13401.5024785966)(2000002    12190.6121606091)(2000201    12371.607726216)(2000101    11930.2284055656)(2000111    10124.9141299871)(2000211    10026.1446766824)(2000001    10813.8099630264)
8 10      - (2000012    11958.0654675441)(2000221    3003.07626033219)(2000101    1005.04291217086)(2000002    4164.08819612061)(2000001    6082.3117265223)(2000201    3976.11643438763)(2000211    4819.19824479211)(2000111    2589.87508203965)(1000000    1581.69590803985)(2000121    1286.12378972716)
10 1      - (2000101    11834.6545995761)(1000000    13072.1601971325)(2000002    12247.5828955397)(2000211    10937.9851046051)(2000012    9756.20138780196)(2000201    11824.6907674828)(2000111    12608.765294722)(2000001    13156.5236918705)
9 9      - (2000001    3181.30218656311)(2000211    4035.27778880127)(2000002    5153.74290395474)(2000221    1990.78802684503)(2000101    2865.36874714966)(2000111    3386.19703815018)(1000000    2799.13081227617)(2000201    3710.11052192139)(2000121    1608.66502926276)(2000012    11139.987261853)
11 7      - (2000101    3912.23002528235)(2000012    12112.7136861272)(2000002    3984.06919063645)(2000001    5344.87066452559)(2000201    4669.41389193688)(1000000    4863.78216424539)(2000211    3894.02880562648)(2000111    5292.41275358044)(2000221    -20.4746758604672)(2000121    1500.88602781481)
10 8      - (2000002    2588.7938171947)(2000221    -448.569937301459)(2000211    2265.91598650101)(2000012    12314.7345360397)(2000201    1375.27233427199)(1000000    4667.69573138707)(2000111    1760.56270430105)(2000121    1086.77439625879)(2000101    744.189241507453)(2000001    2136.33300679971)
10 11      - (2000101    8678.08832821404)(2000201    9720.47859742627)(2000012    13228.1017201809)(2000211    10245.3696889103)(2000111    8129.17593911703)(2000001    7846.68214515634)(2000002    9017.97927344037)(2000121    140.688418888323)(1000000    9537.96451418529)(2000221    1073.60050435984)
8 8      - (2000201    3097.17883333955)(2000211    2451.66180903083)(2000012    11662.2995581216)(2000101    1439.28155548625)(2000111    624.862015890732)(2000002    3054.82614064315)(2000001    1586.7393582725)(2000221    -884.647427218983)(1000000    1965.15982768209)
5 10      - (2000111    -1216.02382795097)(2000012    1463.76529419028)(2000201    -1463.3298054027)(2000211    -728.46741931894)(1000000    -973.151329461585)(2000001    -853.503341099152)(2000002    -875)(2000101    -737.18610420031)
7 8      - (2000002    2926.00015813705)(2000201    2755.09576315827)(1000000    1896.22380818751)(2000101    3303.34669262532)(2000001    4560.3117193451)(2000211    6183.08882682636)(2000012    12333.4892295046)(2000111    1266.50797385674)
12 7      - (2000201    2863.62916463026)(2000002    5968.03234976088)(2000211    3856.12773677415)(2000012    12163.5355435516)(2000101    4069.9685534402)(2000001    1455.51485135702)(1000000    3088.7215443298)(2000111    1599.31032327291)
11 9      - (2000221    1801.19349951406)(1000000    1566.09427870564)(2000201    1488.97603327342)(2000012    3441.62879140344)(2000002    2857.39665281912)(2000001    1715.01975081237)(2000211    1382.34107095799)(2000101    1190.63501936597)(2000111    870.483131660147)(2000121    2022.20966967278)
9 6      - (2000001    -955.242700865711)(2000012    3358.1368115925)(2000201    -1052.87840134047)(1000000    -1126.56906208847)(2000101    296.319010714213)(2000111    -737.82805652986)(2000221    -1064.63501981102)(2000211    873.558027242999)
11 10      - (2000101    2193.883730492)(2000211    7084.5213285939)(2000002    5072.39710510412)(2000111    5559.16391792154)(2000012    12857.839545785)(1000000    3401.24113291421)(2000201    5945.88371857663)(2000001    8504.24568717667)(2000221    -969.52445569541)(2000121    -811.628790320239)
11 11      - (1000000    10067.9331371957)(2000211    10663.1303689991)(2000111    9706.61698409506)(2000012    13316.4634383602)(2000001    10880.0903824625)(2000002    11837.1292376626)(2000201    10050.0279052965)(2000101    9650.77946937598)
10 10      - (2000012    13130.0637924123)(2000101    8493.88950909145)(2000002    10318.9269268355)(1000000    5020.88034663126)(2000211    8982.53342918625)(2000111    8617.23437424701)(2000201    8673.086664408)(2000001    7809.86385187073)(2000121    -1046.53675420676)(2000221    97.4155686215579)
5 11      - (2000012    1177.25203354381)(2000201    -1111.33866617473)(2000002    997.496768757552)(2000001    1378.7027884804)(2000101    -335.606668699828)(2000211    -779.347487825432)(2000111    -631.111400835601)(1000000    -436.827703612784)
10 7      - (2000012    11838.5386460886)(2000201    4636.86872907524)(2000111    3543.10278989833)(2000001    2505.4033261725)(1000000    554.914998292116)(2000101    2121.71851828831)(2000211    5574.67500801211)(2000221    -122.962891195045)(2000002    3320.28547290065)
5 1      - (2000101    12268.6539154028)(1000000    13724.6033880557)(2000201    11316.012623397)(2000001    11382.7092433841)(2000002    7152.87629841412)
4 10      - (2000211    1162.44317297076)(2000101    2963.14318391314)(2000012    1064.78320608462)(1000000    6181.91575825208)(2000111    920.950602844859)(2000201    2469.00894439272)
11 12      - (2000001    10511.9616397413)(1000000    9809.93015410128)(2000201    9934.3747307609)(2000002    11689.4978314685)(2000211    10279.9820307432)(2000111    9976.86855711518)(2000101    9771.99722785502)(2000012    13378.6884463821)(2000121    -1103.45042961696)
12 8      - (1000000    2244.86133097163)(2000001    2012.33728458025)(2000201    1056.82345257198)(2000111    2957.52363631119)(2000012    12432.621355244)(2000211    2125.19491657837)(2000002    5169.45066517812)(2000121    1831.74519525459)(2000221    1372.09542179913)(2000101    1383.13581470557)
8 12      - (2000111    2046.2929471729)(1000000    1094.23333126207)(2000101    1742.95792096047)(2000201    1472.56979342507)(2000001    1123.03695668419)(2000012    5038.05445016134)(2000211    1530.28303912104)(2000002    2878.09656179207)(2000221    1512.61560328343)(2000121    1041.75549484882)
7 7      - (2000201    7886.72683989519)(2000211    9607.93118658186)(2000012    10361.9822116401)(2000001    8838.91155945934)(2000111    8628.17305639267)(1000000    8461.25241258939)(2000101    7124.97096375469)(2000002    12892.4730786391)
4 4      - (2000001    1734.99150903311)(1000000    10225.5374866253)(2000101    3598.72404282102)(2000201    1623.53537848426)(2000002    1646.02880369635)
14 11      - (1000000    2428.3671696283)(2000002    3196.66310832793)(2000111    313.3984099389)(2000012    12207.2668517886)(2000211    1317.52210148838)(2000201    1060.13672518266)(2000001    823.675057154578)(2000101    877.976506792685)
4 3      - (2000101    8385.91756850115)(2000001    7653.42073880628)(1000000    13936.6702995704)(2000002    3023.76142990087)(2000111    74.07455885559)(2000211    95.47119380041)(2000201    7301.53264657253)
11 8      - (2000012    13242.1551681569)(2000101    9143.83744632659)(2000201    8765.41931018238)(2000001    6077.36303227781)(2000002    6976.80822469095)(2000211    8925.56441445705)(1000000    7794.56737926969)(2000111    6657.88967997121)(2000221    8325.9253230586)(2000121    7169.81362175072)
8 5      - (1000000    -1192.57850698524)(2000121    -656.809128806295)(2000002    905.698165092957)(2000101    -185.990297043017)(2000211    840.732134175514)(2000001    166.865208401232)(2000012    2340.94164298252)
2 11      - (1000000    11173.0695742347)(2000201    8595.06529631267)(2000002    13218.3689056182)(2000101    6950.48979340522)(2000211    6110.3710668225)(2000001    8810.35839367957)(2000111    9314.2867415911)(2000012    7351.53785582058)
11 2      - (2000001    12424.191724862)(2000111    11338.5002206665)(2000211    11389.7776636668)(2000002    13372.4305521488)(2000101    11531.6990612968)(1000000    13123.5666386342)(2000012    7877.37246309507)(2000201    11170.9697871429)
9 10      - (2000012    3069.15360328626)(2000002    3187.52448173238)(2000221    1409.15444155651)(2000211    2742.80056122131)(2000201    2003.26538696362)(2000101    2375.94377335221)(2000111    2328.57474317301)(1000000    1759.54395277241)(2000001    2820.85909610794)(2000121    1186.27463119692)
8 13      - (2000211    682.960437981153)(1000000    1056.76541681152)(2000111    -781.594618537995)(2000001    1049.75563603588)(2000201    869.483680125611)(2000101    1119.48140168552)(2000002    1245.46777148835)(2000012    2991.47815636828)(2000221    1256.95124030498)
9 5      - (2000012    1087.3851823162)(2000201    -624.470877646935)(2000111    -941.930654149785)(2000001    -322.713538179871)(2000211    -1276.46082807933)(1000000    -977.359697622784)(2000101    197.310394608132)
8 9      - (2000002    6892.764855085)(2000221    -1309.96638123187)(2000001    4870.96582518746)(2000211    9170.35926551028)(2000111    6800.28771961808)(1000000    9149.95555844133)(2000012    13253.2924557487)(2000101    7951.03227833958)(2000201    7786.53622157011)
10 2      - (2000211    11132.9057953783)(2000111    9746.72142309739)(1000000    13280.1345611131)(2000012    709.671598409342)(2000002    11166.4006133126)(2000001    10576.3140793688)(2000101    11947.8170800882)(2000201    11456.7930863264)
10 9      - (2000211    2734.36276803933)(2000101    1320.06594701305)(2000012    3247.13984000019)(2000002    2083.7280098231)(2000111    1537.90432524344)(2000001    2126.44757933195)(2000221    1255.47131344448)(2000121    1230.50010014809)(2000201    2165.29801534937)(1000000    1401.19207309454)
7 12      - (2000101    1263.21408064659)(1000000    4708.78224311285)(2000211    -697.643737262689)(2000002    1954.72163247874)(2000012    11801.8917136657)(2000111    2814.06669232625)(2000201    490.446451601293)(2000001    2912.45396049011)
8 7      - (2000002    4593.80908868916)(1000000    3517.0051359788)(2000211    2919.51935426178)(2000201    2495.12009897992)(2000101    1812.17497738777)(2000111    2622.18374541695)(2000012    11037.847358979)(2000001    2822.96193395457)(2000221    -365.270186157819)
10 6      - (2000001    1676.04554652401)(1000000    1195.93988048708)(2000012    3357.27237823351)(2000201    -2.4433214055833)(2000002    1198.12709523493)(2000211    1191.62849168387)(2000101    1102.77077519762)(2000111    541.225934433123)
12 11      - (1000000    9988.66349139559)(2000012    13289.7750314102)(2000201    9976.44605119172)(2000001    9200.54367261985)(2000211    10357.7501778837)(2000002    10414.7918543613)(2000111    9436.63210147906)(2000101    9828.33409569328)
12 12      - (2000001    10969.858321498)(1000000    10123.4697846654)(2000111    9979.88819523605)(2000002    12305.3184940547)(2000101    10318.9849165142)(2000201    10312.2238007433)(2000211    11306.5513156539)(2000012    13421.7676526494)(2000221    -500)
1 10      - (2000101    7990.15060921861)(2000201    5949.24218202507)(2000012    2349.64756764798)(2000001    9805.06714155067)(1000000    12339.9467673926)(2000111    2672.4282083227)(2000002    12994.478766317)(2000211    5583.88253959937)
4 7      - (2000111    -1682.99340545115)(2000201    -730.477777268431)(1000000    1695.47793537232)
12 10      - (1000000    1010.4048431617)(2000001    2313.96912674877)(2000002    2805.64079153522)(2000221    3.34219780615446)(2000201    3161.91100700102)(2000012    12402.4281148307)(2000211    779.1167215572)(2000101    666.695828065696)(2000111    1090.23111035856)
4 8      - (2000101    746.312976428791)(1000000    2844.89572954959)(2000001    1588.997660705)
13 8      - (2000201    536.961626449084)(2000001    858.246081233847)(2000101    548.292166090036)(2000111    740.609701398971)(2000012    3246.18413255256)(1000000    388.407604584281)(2000211    -286.505527604469)(2000002    984.275897225774)
7 4      - (2000211    -908.176265830786)
8 11      - (2000012    13303.5145530335)(2000201    10686.1084071889)(2000101    10003.4288734814)(1000000    10399.1438848569)(2000211    10179.666501002)(2000121    9322.23783907719)(2000001    10303.727234233)(2000002    10852.7129422243)(2000111    9948.00888767828)(2000221    10815.148367339)
5 7      - (2000101    296.294922654052)(2000002    -409.114447954304)(2000201    88.5125735126506)(1000000    -103.298863084007)(2000001    -441.159116566869)(2000111    -1125)(2000012    2165.61379482079)(2000211    560.145180783047)
3 10      - (2000201    6347.65674577745)(1000000    12172.7016806673)(2000101    6687.90406539762)(2000111    3756.53130489625)(2000001    8357.98719194299)(2000211    7624.01691442046)(2000002    13473.1897977582)
8 6      - (2000001    2072.97531115455)(2000111    647.748615928109)(2000201    734.610055543075)(2000121    -919.806373709093)(2000101    -58.1411017075948)(1000000    511.923389933807)(2000012    3413.37085272069)(2000002    927.705933620903)(2000211    -344.36543743057)
7 6      - (2000211    7048.17330172365)(2000012    12591.6595831096)(1000000    6564.6518915426)(2000001    7940.0913651005)(2000111    5150.23135845973)(2000002    6534.66717579484)(2000201    3551.23765939384)(2000101    4327.90799814049)
10 12      - (2000111    625.550971487241)(2000201    2689.04457734634)(2000002    -237.138684252291)(2000012    12884.8958198955)(2000001    647.989951880782)(2000211    1483.64282158194)(2000101    2000.16984784933)(1000000    6231.44643482323)
9 7      - (2000012    12568.759890918)(2000211    4236.21698942103)(2000101    229.799689743503)(2000002    2267.610217105)(1000000    3073.1253515408)(2000111    1562.74847886357)(2000001    3308.94868211859)(2000201    1244.99265021838)(2000221    -51.5407606488842)
4 2      - (2000101    8732.32920087991)(2000002    8314.52082472388)(1000000    13869.5762001382)(2000001    8961.274666295)(2000201    7889.92016392383)(2000111    1585.84281274954)
13 1      - (2000211    2482.96592143149)(2000001    7808.1064236624)(2000101    10667.6013931188)(2000002    12818.4159716416)(1000000    5908.88677691081)(2000012    789.835818317923)(2000201    7268.7807673949)(2000111    4951.45535653116)
7 5      - (2000002    -222.397709609548)(1000000    383.523369140739)(2000211    -633.535605526292)(2000201    -1256.19152593922)(2000101    139.78664385375)(2000001    1576.44399596893)(2000111    1316.45718303417)(2000012    1221.60610967187)
6 6      - (2000211    4079.81960028039)(1000000    1858.21493163144)(2000001    927.3154209271)(2000111    1290.74521592991)(2000012    11659.287097011)(2000201    2295.88537643326)(2000002    1737.87890172928)(2000101    595.364760184538)
7 13      - (2000201    240.372812749654)(2000002    662.59163102502)(2000001    2219.41721011304)(2000111    -507.502305153359)(2000012    7562.12243646175)(1000000    -443.773427737774)(2000211    -414.251984470655)(2000101    1385.37243231382)
2 10      - (2000001    10230.8270389747)(1000000    12105.3610190211)(2000012    7829.63914506755)(2000002    13125.9098579523)(2000211    5682.89316743492)(2000201    4353.99927853789)(2000101    8006.51619257046)(2000111    6678.91110361286)
13 7      - (2000101    3097.32261729387)(2000201    1052.54827195993)(1000000    613.391533752519)(2000001    1842.51176208855)(2000211    -371.689122289359)(2000002    8692.6254686975)(2000111    676.531153165588)(2000012    1588.18268997519)
14 12      - (2000101    -1411.96330125194)(2000002    1600.28872802981)(2000111    -1773.13813525854)(1000000    -621.966128165476)(2000201    751.991608396711)(2000211    677.189620307742)(2000001    2046.70366087718)(2000012    12187.7780051517)
5 6      - (2000101    -1065.86739656404)(2000201    -606.493064508285)(2000002    1918.31896089767)(2000211    -387.827740102506)(2000111    -814.952390001865)(2000001    -484.870724406406)(1000000    -295.843696218688)
6 10      - (1000000    417.616549308212)(2000211    930.168686539285)(2000012    4806.20746265952)(2000201    128.29333450829)(2000002    406.947226114038)(2000101    802.113985725101)(2000001    1990.50105927463)(2000111    632.6767966426)
7 10      - (2000211    3649.92980932947)(2000002    2277.53130826499)(2000111    478.776551210435)(2000001    4074.13936786698)(2000201    3564.2702080895)(1000000    3804.88647604624)(2000101    2188.72625349596)(2000221    -39.4244587791716)(2000012    11477.3760971121)
13 6      - (2000012    12582.3815159693)(2000002    5599.1725877005)(1000000    4558.3142949531)(2000001    2755.70637198609)(2000101    2627.05750105078)(2000111    6187.8486334621)(2000211    5966.20909357563)(2000201    3015.81016990171)
12 14      - (2000101    448.941547918351)(2000201    -242.124056410451)(2000001    2353.88596027113)(2000012    12810.8539622772)(2000002    2704.2088111097)(2000111    2758.00864616519)(1000000    714.544745566701)(2000211    5036.82667959322)
6 12      - (2000002    6033.19642228254)(2000012    12218.2244426958)(2000111    7937.76871360341)(2000101    3500.96773754872)(2000211    7897.25113364976)(2000001    3283.61204968034)(2000201    5553.40248007041)(1000000    5722.89578180237)
9 3      - (2000002    13551.347158506)(2000101    12642.5353262535)(1000000    13539.6504091014)(2000001    12941.9120675604)(2000201    13147.0184173614)(2000111    10635.4362501493)(2000211    9366.86079982015)
14 14      - (2000001    -557.232816345512)(2000002    177.427085694576)(1000000    -649.583026868574)(2000101    -563.2413130532)
6 8      - (2000002    2998.77936276589)(2000012    3321.1151947817)(2000101    1425.3333250221)(1000000    1609.3529894356)(2000111    1307.97598190884)(2000001    2394.11314148571)(2000211    2905.2811285155)(2000201    1642.71966593644)
14 1      - (1000000    12081.1019066196)(2000002    4173.56291933468)(2000201    1986.84818625521)(2000001    5047.75813706135)(2000111    1006.27198975719)(2000101    2521.96028395026)
7 11      - (2000001    1761.6881647307)(2000012    11504.2526596095)(2000101    2171.78863056779)(2000111    2766.02256814742)(2000002    6083.52358625765)(2000201    817.065457396991)(1000000    1454.69091159819)(2000121    -617.025186900362)(2000221    -198.371449660109)(2000211    2741.48352398101)
12 13      - (2000001    10064.9747714199)(2000201    7678.65673783496)(2000101    9950.46359239516)(1000000    6989.25095317496)(2000211    9349.72068772866)(2000111    8445.29212672303)(2000002    10541.7138983941)(2000012    13438.004441862)
12 6      - (2000211    8997.52329048274)(2000101    8774.19298474096)(2000111    4385.12298285133)(2000002    5799.2500527555)(2000012    12169.7788977646)(2000001    7029.25090492128)(1000000    7204.51676077325)(2000201    6533.41590706112)
11 14      - (2000001    2318.4292806109)(2000201    2703.28334708055)(2000012    12693.6134957552)(2000111    3231.10574710077)(1000000    1242.32758370683)(2000002    1245.52624382411)(2000211    817.591999406977)(2000101    1802.43230105774)
14 6      - (1000000    3415.30831406403)(2000111    3897.86599063328)(2000002    3564.48927066349)(2000101    2703.63949745862)(2000201    3039.68761063978)(2000012    11734.6958332133)(2000211    3736.26189651817)(2000001    1715.12663666503)
11 5      - (2000002    -576.2906415034)(1000000    -523.203900950868)(2000001    1516.8657676613)(2000012    3002.37693173185)(2000111    -819.820753758693)(2000211    -328.879469446094)(2000201    -246.104964248875)(2000101    -148.160273680705)
13 13      - (2000101    990.938758251648)(2000012    3402.04592767302)(2000002    2858.30279167413)(2000111    2077.00585746925)(2000201    7.76606001942423)(2000211    2323.24280896026)(1000000    216.271648755288)(2000001    2408.93592152429)
1 14      - (1000000    4648.10812364829)(2000001    3758.73756263047)(2000201    1840.91279111377)(2000101    5650.72304072473)(2000002    10599.8139479555)(2000111    1900.4593234976)(2000211    2708.95772446399)
2 14      - (2000002    11614.6652121856)(2000101    2366.81458884552)(1000000    6200.69349341898)(2000201    3362.01232319763)(2000111    1179.38754633893)(2000211    1772.13202269377)(2000001    3639.2264675097)
14 2      - (2000201    5097.14291892147)(2000002    5860.68238797593)(2000101    7683.68111567725)(2000211    3172.29597170301)(2000001    7257.94247017453)(1000000    11718.1936940583)(2000111    5345.5948621182)
5 2      - (2000201    2933.08874527675)(2000002    1055.41874644433)(2000101    2816.10233702388)(1000000    14197.9057880185)(2000211    25.7915758086672)(2000001    7830.63924683445)
9 11      - (2000012    3526.31583675365)(2000111    2189.10434852365)(2000101    769.087453660908)(2000001    1380.88799884553)(2000002    2198.78443371595)(2000211    2166.80084472915)(2000201    1908.2377767936)(1000000    1673.29337985394)(2000121    1643.59100619536)(2000221    1614.67292922234)
14 8      - (2000101    1057.79913268161)(2000111    542.827515332708)(2000012    3141.85389364918)(2000211    -113.75097528054)(2000002    1272.78206641826)(1000000    -333.854951507352)(2000201    -248.311104120425)(2000001    529.081368300631)
5 8      - (2000001    -439.274451396979)(2000002    -429.049834217221)(2000111    -826.859204817949)(2000012    2354.01772981051)(2000201    -417.538305690301)(1000000    -575.157533970035)
0 14      - (2000201    2251.9550331234)(1000000    8618.1835416634)(2000101    2711.39597547091)(2000001    2080.88648638746)(2000002    5350.54756519432)
5 12      - (2000101    -642.864877329454)(2000201    199.29169532862)(1000000    -459.649831687903)(2000002    940.013980900506)(2000211    -81.523687407057)(2000111    -561.97073152147)(2000012    3192.39380527029)(2000001    1276.20371766705)
11 6      - (2000111    1711.9445304836)(1000000    3214.23375570212)(2000101    3586.64588846728)(2000201    998.91564378716)(2000012    11781.9415564756)(2000001    1948.19958031111)(2000211    5833.25143319567)(2000002    2251.94666363782)
6 11      - (2000111    6034.47540406658)(2000001    4428.86651155901)(2000012    12148.9950735742)(2000002    7727.2477189577)(2000201    4681.63348740018)(2000101    4143.71643482128)(1000000    4530.46396263962)(2000211    5759.73008134675)
14 13      - (2000012    -38.272109484223)(2000002    2526.00108862635)(1000000    -71.050094567048)(2000201    51.5457292921235)(2000111    699.80676085635)(2000101    315.913548174394)
7 9      - (1000000    576.368416867278)(2000001    3528.98575676904)(2000002    -567.842376318803)(2000101    -1201.22030034228)(2000111    -149.945763241029)(2000201    1775.24325986204)(2000012    11471.8808004056)(2000211    1614.0585325007)
13 10      - (2000012    10059.5092390871)(2000111    1041.48777473738)(2000001    1040.2963103029)(1000000    2104.12215126937)(2000002    1724.69286405256)(2000211    3010.98768663663)(2000201    1890.44117503563)
13 11      - (2000201    48.0653678340399)(2000012    12453.8179388229)(1000000    641.854909872114)(2000111    2534.95378524795)(2000001    1136.55567920873)(2000101    3400.32703214871)(2000211    2269.46323508947)(2000002    2907.25374154176)
10 13      - (2000012    3789.06286548803)(2000002    442.990075120211)(2000211    -757.827170549506)(2000001    673.028442825077)(2000101    -175.939975159723)(2000201    1176.39761780546)(1000000    716.914651821657)
5 3      - (2000101    2611.12054356511)(1000000    13817.9194040967)(2000001    1483.07593618586)(2000201    1352.73687068912)
12 5      - (1000000    -763.466112613502)(2000001    -60.4076477791906)(2000201    353.609220605197)(2000211    -577.922654012713)(2000111    -924.381739305619)(2000012    2847.62527977313)
4 1      - (1000000    13500.5032158119)(2000002    11141.6563421701)(2000101    13407.459116432)(2000001    11912.093599276)(2000201    11826.4943432083)(2000211    795.553199822949)
6 7      - (2000002    12210.6289751586)(2000012    12970.8551539665)(2000101    9333.48939678975)(2000201    9764.21242232961)(2000001    9644.92497787552)(1000000    9298.69869597199)(2000211    9574.56961200581)(2000111    9426.44292840519)
6 9      - (2000211    131.263559742696)(1000000    -695.489073863882)(2000002    545.645507383666)(2000201    -662.741571005066)(2000221    -470.139862276154)(2000001    110.30445522766)(2000012    3674.18731480618)(2000111    247.68042583832)(2000101    315.913548174394)
6 13      - (2000111    3329.28604991616)(1000000    3689.40565186963)(2000002    5677.71697478982)(2000201    3909.92051187578)(2000012    11880.0447003302)(2000101    5647.02319599717)(2000001    2532.74080406948)(2000211    5030.60910181287)
6 5      - (2000001    -151.974535075011)(1000000    -942.702232226456)(2000002    -443.614587737199)(2000201    -775.203543886961)(2000101    -1062.5)(2000211    -623.919527158389)
9 13      - (2000012    3510.62362081038)(2000211    89.4098568675036)(2000111    531.201383475259)(2000001    1329.70564202159)(2000121    329.807474596044)(2000002    1297.40919332074)(1000000    894.377728716378)(2000221    257.080555443092)(2000201    1332.04661651375)(2000101    1258.47482301047)
9 12      - (2000111    1763.71207545073)(2000012    3392.5232863805)(2000211    784.617658527916)(1000000    1454.91722391916)(2000001    2103.42182941645)(2000201    830.425000556592)(2000002    2091.16364240758)(2000121    1796.63979058508)(2000221    1014.12921176064)
12 9      - (2000001    1196.60939600734)(2000211    1245.71195809301)(2000012    3255.78066668711)(2000221    1072.00171033242)(2000002    1682.25584497806)(1000000    159.201503492923)(2000101    1133.80419553638)(2000201    1477.27388277716)(2000111    870.847898648768)
14 5      - (2000211    -986.162920025651)(2000201    441.814034893756)(2000001    2894.48329846399)
3 12      - (2000002    3425.26217369243)(1000000    6587.07069729503)(2000001    12431.2256330151)(2000111    458.378121253298)(2000101    2747.63487028344)(2000211    2341.41745343048)(2000201    2962.47233286441)
11 13      - (2000201    1496.16298296219)(2000012    12721.3474802041)(2000101    2847.76448480901)(1000000    2157.4943793449)(2000002    2798.94982132585)(2000111    266.079568967526)(2000211    4276.90035849815)(2000001    1929.81169790041)
13 12      - (2000201    8208.05060701956)(1000000    9088.44063048147)(2000001    10434.0298445691)(2000002    11301.5225523503)(2000101    7725.8777187953)(2000012    13360.2879467868)(2000111    9444.82172871825)(2000211    10487.5798018678)
2 5      - (2000001    10615.1022558777)(1000000    13961.2727755103)(2000002    9611.12729905887)(2000101    11870.3061325131)(2000201    12090.939227407)
8 14      - (2000111    -20.0023030395868)(1000000    258.012715921201)(2000201    -436.023259513644)(2000012    -52.7039132440773)(2000001    -609.656748108417)(2000002    2537.15562796892)(2000101    199.421333926028)(2000211    102.713822043582)
7 14      - (1000000    -811.081036723423)(2000012    2751.90112663684)(2000111    -412.676123981516)(2000201    940.425674315592)(2000211    787.206217493654)(2000101    -334.876162442924)(2000002    513.456849276978)(2000001    50.6543821274436)
14 7      - (2000012    8790.51568725979)(2000111    -325.115527322109)(2000001    -271.289289383624)(2000101    1048.82674850754)(1000000    -707.704480659467)(2000211    334.587793428503)(2000201    1161.85356498148)
3 8      - (2000211    8196.44379318759)(2000101    10199.070032117)(2000201    10095.4230328421)(1000000    12419.5439791372)(2000002    13414.0742390046)(2000001    12677.0447754379)(2000012    307.428421005344)(2000111    10446.1872638097)
5 13      - (2000001    188.033010454459)(2000211    -1167.35432341623)(2000002    -192.195049171797)(1000000    -731.938057979493)(2000012    11386.1741010804)(2000101    -670.864352035133)(2000111    -926.030202244759)(2000201    1927.76613804191)
3 5      - (2000101    8689.58074330106)(1000000    11714.4195908487)(2000001    2633.10473577842)(2000201    4111.46832553529)(2000002    5074.19076408617)
14 10      - (2000201    299.077152364937)(2000101    1439.39736501991)(2000111    416.793288237804)(2000211    1254.79313728957)(2000012    11489.0445823721)(2000001    1413.30627064373)
13 14      - (2000001    1569.08538625055)
3 7      - (2000002    1971.43803959735)(2000111    976.406444466666)(1000000    1872.35145899205)(2000101    1635.60568472367)(2000211    1016.47939906375)(2000201    347.497445837478)(2000001    501.239556074269)
14 9      - (1000000    -50.3395501756978)(2000002    2873.22838382713)(2000211    -137.466004729617)(2000221    -297.757153358423)(2000012    3381.31735536309)(2000101    1394.69550705711)(2000201    1061.0943356054)(2000001    370.475249023845)(2000111    935.489440979881)
9 14      - (1000000    163.172646213214)(2000211    -465.384496373714)(2000101    602.87511084168)(2000002    179.613412418653)(2000012    3177.9163463091)(2000111    -233.913611418608)(2000001    1165.99663842198)(2000201    1801.74861619605)
3 13      - (2000002    1589.41704110166)(2000201    5730.36728341784)(1000000    2284.75572431992)(2000111    2199.20577433327)
13 9      - (2000201    796.474683724471)(2000111    -563.2413130532)(2000001    1262.03478917338)(2000002    2084.10702380281)(2000012    3314.54688413563)(1000000    823.188502495253)(2000211    555.469653537447)(2000221    547.815818260037)(2000101    1571.26836720656)
6 14      - (2000201    6194.35082176101)(2000211    5323.1555613703)(2000111    3314.96392484741)(2000101    2513.28632680993)(2000012    12314.1046930418)(1000000    2040.93923706381)(2000002    6012.905824093)(2000001    4325.79033965889)
9 4      - (2000111    5672.48466207998)(1000000    13235.8713301394)(2000001    12660.368790791)(2000101    12063.9772112354)(2000211    6138.64574009723)(2000201    11197.8813820741)(2000002    11326.4879690057)
10 4      - (2000101    5728.34564346873)(2000012    119.276561983426)(2000001    2163.55114069453)(2000201    2231.15228816805)(1000000    3275.80512418565)(2000002    2532.67076031555)
13 3      - (2000201    5977.58155515719)(1000000    11861.2357417581)(2000101    5379.60288271518)(2000211    4810.00981564321)(2000001    5668.629370583)(2000012    3140.7459372518)
12 3      - (2000211    11021.8812222508)(1000000    11957.7914061742)(2000111    11208.7239498762)(2000002    13357.7938378771)(2000001    11127.1702096616)(2000201    9677.15520325121)(2000101    11912.9036815675)(2000012    7522.40007474623)
10 3      - (2000002    13584.1157242593)(2000101    11828.1905901763)(2000001    13461.9332095982)(2000211    11446.6134649176)(1000000    12897.577337719)(2000012    310.098387169185)(2000201    11966.4122298173)(2000111    9872.46190292481)
4 5      - (1000000    9349.19080189237)(2000101    1888.44168086614)(2000001    2486.57952255452)(2000201    1973.2386888913)(2000002    3459.1393440911)
5 4      - (1000000    3470.20290905063)(2000101    8110.296464152)(2000001    1912.49944348918)
8 4      - (1000000    7956.09200326143)(2000101    2149.43857481904)(2000211    -153.867448970541)(2000001    1588.65318359039)(2000201    2682.23613399134)
4 11      - (2000211    -272.286778269206)(2000002    325.784511037323)(2000201    1832.31702130769)(1000000    3186.00132928122)
5 14      - (2000211    -995.02783102831)(2000012    925.72422059654)(1000000    -450.853128346649)(2000111    -596.597952203485)(2000002    184.252890751996)(2000101    -685.882829716822)(2000001    164.636917557076)
13 5      - (2000101    795.634624226944)(2000001    -184.848999761292)(2000111    1086.32048055425)(2000002    -25.8617658410006)(2000012    3628.0984900832)(1000000    -681.17092790523)(2000201    -426.079528019648)
4 13      - (2000101    -1239.03297740422)(2000211    -266.693647782222)(2000001    -3.08960133073741)
13 4      - (2000211    -616.35255228189)(2000012    667.578265398503)(2000001    342.623287235578)(2000201    -209.118094754072)(2000002    35.3594201491084)
4 12      - (2000201    -704.976591099788)(2000111    -643.947438595659)(2000002    -393.324383210871)(2000211    -464.381334639342)
4 14      - (2000012    684.04227158254)
12 4      - (2000201    -594.564255345904)(2000001    389.60895270137)(2000101    -455.390387775491)
11 4      - (2000001    673.142383952852)(2000101    3107.87877571438)(2000201    3052.24153746919)(1000000    3266.57296113925)(2000002    1224.18672700042)
10 14      - (2000201    2974.88685501558)(2000111    -175.219068996732)(1000000    507.812296913898)(2000211    1089.1665224355)
14 3      - (2000101    11213.139627757)(2000001    1353.3767421283)(2000201    1078.95256555218)(2000002    2008.1085065377)(1000000    5895.74175631352)
4 9      - (2000201    3765.72486823203)(1000000    11814.1486742849)(2000002    1588.00405645732)(2000101    5345.42150166885)(2000001    6455.47164807473)(2000111    2634.73911534985)(2000211    1802.74724304295)
3 14      - (1000000    10583.4296716648)(2000001    4024.82560543614)(2000002    3502.99151936614)(2000101    4178.48285761236)(2000111    1806.17349084294)(2000201    2002.27976997464)(2000211    3202.55215583039)

