221
0 0      - (2000101    908.579208567311)(2000002    1226.16280607616)(2000121    951.990947340408)(2000201    478.540930815747)(2000221    1490.92422559209)(1000000    745.322856734512)(2000022    1450.00810944708)(2000012    1213.87557557895)(2000211    702.562987005068)(2000111    1478.37737544896)
1 3      - (1000000    709.228263059764)(2000201    846.201806818584)(2000002    798.454487450549)(2000101    875.694007087968)(2000022    1479.75997049493)(2000012    1198.28975970157)(2000211    841.603275941168)(2000111    1287.12836043524)(2000121    1366.14075441848)(2000221    1455.85910890071)
2 3      - (2000002    1478.87996712618)(1000000    605.782028156997)(2000101    814.733221830156)(2000211    424.256714057766)(2000111    1422.06210524425)(2000221    1364.10947803458)(2000022    1481.94302839983)(2000201    672.803865469649)(2000121    1378.70862693733)(2000012    1081.15812584449)
2 4      - (2000101    1031.33511550786)(2000121    173.809478546807)(2000111    1036.67850269126)(2000211    148.084420342906)(2000002    1054.13363462294)(1000000    782.427069257047)(2000201    512.560458609454)(2000012    397.464422367939)(2000022    1486.01881992482)(2000221    963.392509635721)
3 0      - (2000211    887.445170069437)(1000000    396.963664356851)(2000101    747.15203431088)(2000201    462.517629553046)(2000012    1116.6990229836)(2000002    885.759063827795)(2000022    1482.64266087362)(2000121    1364.90643446081)(2000111    1427.12908803702)(2000221    1423.33949522991)
2 1      - (1000000    734.993523052984)(2000201    515.351563819333)(2000101    683.568908385893)(2000111    1446.75382908477)(2000012    1157.01223071913)(2000002    1491.58251078126)(2000211    685.816977032201)(2000221    1467.99005319719)(2000022    1483.71542851351)(2000121    1363.78377771587)
0 3      - (2000101    535.368485556964)(1000000    468.326318751582)(2000201    563.99157130994)(2000002    1192.79164232254)(2000012    1419.29961306983)(2000111    1458.50639817832)(2000022    1478.03953839437)(2000211    521.653942899484)(2000121    1110.28567541225)(2000221    910.049903072855)
1 2      - (2000101    1046.76932629744)(2000201    587.507341088917)(1000000    1144.65519166019)(2000121    1056.18425268438)(2000211    749.721661858984)(2000002    1491.56163740515)(2000012    1156.65415765678)(2000022    1399.61548057445)(2000221    1475.45885935422)(2000111    1381.53366952304)
1 1      - (2000101    901.300511499883)(2000002    1492.05115008881)(1000000    1012.26354900993)(2000111    1153.85005694494)(2000012    761.962279568516)(2000121    1417.24001784152)(2000201    472.690530504335)(2000211    641.64275001209)(2000022    1484.06565238287)(2000221    1480.43846948961)
0 1      - (2000111    1415.90884741288)(2000211    789.491990686112)(2000002    1491.89535641925)(1000000    772.228423140699)(2000101    646.473297403316)(2000201    671.110153332549)(2000121    1246.07092171087)(2000022    1396.27242260434)(2000012    1041.41462931231)(2000221    1477.89620409071)
0 2      - (2000101    710.762734070136)(2000201    423.814435599772)(2000002    1483.84815111311)(1000000    406.284909814434)(2000121    1240.96653905713)(2000211    829.251066398473)(2000012    1274.97333527977)(2000111    1447.71863736126)(2000022    1470.50658674546)(2000221    1365.49500521147)
4 0      - (1000000    563.252537757263)(2000101    667.047945757577)(2000201    688.987433876495)(2000012    675.81394898337)(2000211    475.63969725135)(2000111    1388.68988787958)(2000022    1451.12848642359)(2000002    921.645575005276)(2000221    1306.20005220744)(2000121    1054.74003168571)
2 0      - (2000101    545.224849163445)(2000201    627.059858580616)(2000211    695.560678240776)(2000221    1481.03409227318)(1000000    444.638799066467)(2000002    1428.41994257486)(2000012    1282.1306363187)(2000111    1382.69323632115)(2000121    1195.69138034708)(2000022    1459.85444620059)
1 0      - (2000101    912.168344419676)(1000000    1099.34904791121)(2000012    1256.17251860378)(2000211    764.257802011326)(2000002    1469.89328264376)(2000201    684.513051122807)(2000111    1226.23433028106)(2000022    1438.52920269978)(2000121    1333.31855809752)(2000221    1476.554082677)
2 2      - (2000111    1473.35565756927)(1000000    887.975862471783)(2000201    578.220079301199)(2000022    1481.01763061209)(2000002    1491.22943856748)(2000012    1139.02780316213)(2000101    928.076197231114)(2000121    1343.38433993539)(2000211    855.818569871473)(2000221    1360.95478231252)
3 2      - (1000000    941.720320000028)(2000002    1444.0986989214)(2000121    1119.09537320005)(2000022    1472.67365090741)(2000201    499.149753495145)(2000101    699.138486883595)(2000012    1260.67116817905)(2000111    1434.12138034085)(2000221    1015.26394861463)(2000211    680.244190608409)
3 1      - (2000201    761.113485798346)(2000002    1034.26749332186)(2000101    1065.23398499616)(2000111    1470.49699271585)(1000000    512.440463205495)(2000211    844.427557860648)(2000121    1075.70233350045)(2000022    1481.45701870667)(2000012    1023.15356014053)(2000221    1337.77274577098)
5 0      - (2000002    1100.97946094931)(2000201    219.609864614502)(2000211    652.688950946566)(2000012    1421.39692303748)(1000000    946.191419965024)(2000221    477.134294799077)(2000101    845.738114709211)(2000022    662.665469425922)(2000121    665.827489084679)
4 2      - (2000201    568.549183213492)(2000012    942.547222225763)(1000000    771.116723718017)(2000101    766.640834193445)(2000002    1409.07254286241)(2000022    1105.83709348238)(2000121    794.703123081779)(2000221    1481.50154693577)(2000211    402.435723896026)(2000111    1186.60858758661)
0 4      - (2000002    843.891431031189)(1000000    540.567597331337)(2000012    1383.06307899017)(2000201    518.351856884187)(2000221    1456.14058224508)(2000111    1017.76645651651)(2000101    604.316311371896)(2000211    823.251849008122)(2000121    775.912816350517)(2000022    1006.3858206349)
0 5      - (1000000    1277.71156323135)(2000211    -179.408566581502)(2000002    1380.66241251126)(2000201    315.410649539552)(2000022    1411.45611397913)(2000121    233.730234288313)(2000221    331.603813950812)(2000101    641.969337789509)(2000111    589.677693126428)(2000012    236.495495425606)
1 4      - (1000000    913.048023394556)(2000002    1296.6991666151)(2000211    737.159531219469)(2000101    1014.36938751083)(2000012    1244.40421391787)(2000201    775.44222870451)(2000221    997.115649647839)(2000111    1418.60937645846)(2000121    927.471314725185)(2000022    1478.00559274698)
1 5      - (2000211    -101.682562625862)(1000000    691.571218397267)(2000201    145.218505724204)(2000101    307.999310362139)(2000022    124.741373696782)(2000221    800.161392010713)(2000111    201.957609498575)(2000002    1464.24407412535)(2000121    1354.70094925975)
3 3      - (2000002    736.385220970584)(2000101    581.310314967492)(2000201    535.531167337111)(1000000    543.959259377156)(2000111    1066.39556774803)(2000221    -509.346048315243)(2000012    847.531880761926)(2000022    749.586398689869)(2000121    812.732049432599)(2000211    742.30797187622)
4 1      - (2000201    575.934471479305)(2000101    713.728170222649)(1000000    828.740808854396)(2000002    1022.38520216832)(2000221    1482.01205364104)(2000211    -24.6268563377578)(2000111    780.706095967259)(2000121    998.347998433478)(2000012    789.753431232815)(2000022    975.443505434234)
6 0      - (2000101    343.429346101635)(1000000    -274.403923269314)(2000012    197.596095849695)(2000201    -292.221517392974)(2000211    -832.129129592205)(2000022    38.5464643830547)(2000111    -445.74896397268)(2000121    -489.743373911354)(2000221    25.8535741435131)
1 9      - (1000000    945.182858485858)(2000201    1377.20503879475)(2000002    1062.99864752109)(2000101    955.904527705105)(2000221    -494.008186707504)(2000012    449.332405211827)(2000111    -162.119241276109)(2000211    -662.898096047287)
0 6      - (2000211    -969.109465475649)(2000111    -262.367321576154)(1000000    494.979728036348)(2000201    -194.498951094825)(2000002    47.6150911859929)(2000012    186.196954365847)(2000101    -428.909033032806)
0 9      - (2000002    1432.80848236185)(2000111    -194.485690586352)(1000000    1099.62288473908)(2000101    1052.34549684446)(2000201    1266.15058206024)(2000211    -129.680707807624)(2000012    114.086729571505)
1 8      - (1000000    487.51863348224)(2000101    1181.82449712295)(2000201    786.096742477437)(2000211    -565.002823867255)(2000012    34.5519233574526)(2000002    1465.16451044006)(2000111    68.831781552101)(2000121    -431.348231178278)(2000221    -389.540990745284)(2000022    77.1168548196363)
8 1      - (2000002    1485.33746820588)(2000012    440.271159822707)(2000111    -591.190641567548)(1000000    520.418530320632)(2000211    -63.1127938877812)(2000101    1168.54838364589)(2000201    1131.38417111534)(2000121    -689.70524108634)(2000022    45.0713670334234)
9 0      - (2000201    925.409314570698)(2000012    587.685066575871)(2000002    1252.69147489303)(1000000    1477.28632964515)(2000101    1098.45100705312)
8 0      - (1000000    1282.69350005195)(2000201    1166.67624719808)(2000022    22.0718394582582)(2000002    1484.53667244487)(2000101    1251.17993509034)(2000012    329.55045553701)(2000211    -722.06815548962)(2000111    -214.179590880632)(2000121    -434.565467613686)
9 1      - (2000201    1358.80116703044)(2000101    1045.78842944425)(2000211    -234.454664907858)(1000000    1390.73399517887)(2000111    -31.0021737416525)(2000022    -215.057041396281)(2000002    1192.12815420197)(2000012    774.803810474376)
10 0      - (2000201    1103.48091989587)(1000000    668.153678914005)(2000101    1036.6504621879)(2000002    1472.82595943891)(2000211    -462.83794643973)(2000221    -477.467255113959)(2000111    757.06886675953)(2000012    453.928396503114)
6 1      - (2000201    -24.5923855891924)(2000101    -339.899913151175)(2000111    -267.054940768218)(2000012    253.068096618309)(1000000    -472.117099226524)(2000211    48.9148513406457)(2000002    335.59522463297)
0 10      - (1000000    1444.72374058314)(2000201    954.673442638939)(2000002    1488.18662988167)(2000101    1164.19842093718)(2000111    667.833623026616)(2000211    -346.767135768461)(2000012    845.731083497722)(2000022    -201.672213919299)
11 0      - (2000111    -314.651673940112)(2000201    1065.40437703272)(1000000    605.470522402575)(2000002    1496.8227919329)(2000101    1217.63362377856)(2000022    1.48299363447135)(2000221    -561.439353704605)(2000211    -467.513694678931)(2000012    1050.95105316369)
0 8      - (2000101    1318.07493129233)(1000000    1067.73453430719)(2000002    1483.94269622712)(2000211    18.7118643353826)(2000012    815.806281012911)(2000121    -426.349140687543)(2000201    1054.7492979266)(2000111    -512.01624597389)(2000022    39.5397087085114)
0 7      - (2000101    -297.525883893072)(1000000    1477.28603574902)(2000201    216.80797307199)(2000002    1315.60376572673)(2000211    -86.2988071113734)(2000111    -445.493409415439)(2000012    184.187058261787)(2000221    15.9850325642305)(2000022    35.8393691533744)
2 10      - (1000000    1432.09689663775)(2000101    1391.74742352642)(2000211    308.788275597059)(2000012    -30.0220864516859)(2000002    1479.94924537579)(2000201    1125.46073917978)(2000111    172.12754046969)
2 12      - (2000111    -843.622774581629)(2000002    990.619590764201)(2000201    614.240757015836)(1000000    1419.77627370088)(2000101    595.986017512577)
12 1      - (2000002    1369.04799738644)(1000000    779.956584449217)(2000201    533.602554446696)(2000101    649.349433966527)
7 0      - (2000211    -746.239261407409)(2000111    -875.552624279854)(2000101    -105.559252877919)(1000000    1482.66503246262)(2000002    1485.46740470884)(2000201    -22.9569890429328)(2000221    -676.870875195227)(2000012    -34.771123510843)
7 1      - (2000012    54.0978225558182)(2000201    623.404742975657)(2000111    -494.806213191712)(1000000    1474.872421383)(2000002    1432.82302821794)(2000101    -43.3061475439255)(2000211    -698.441739728346)(2000121    -433.324341257012)
11 5      - (1000000    181.611546968701)(2000012    738.071624110826)(2000002    1154.51903765348)(2000111    851.365315197188)(2000022    451.437244794763)(2000211    920.192154319076)(2000101    453.597332837727)(2000201    513.96438795679)
9 5      - (2000002    69.3353667896684)(1000000    47.6440584922978)
10 5      - (1000000    1093.2796199574)(2000201    1377.34522185295)(2000101    554.38524959342)(2000002    410.989332668365)(2000012    546.25056435477)(2000211    641.632059598893)(2000022    273.992888445576)
10 3      - (2000111    -500.69003991375)(1000000    1470.21400789188)(2000201    1427.79262413266)(2000002    943.309239526426)(2000101    1489.73398485677)
4 8      - (2000211    -448.248474907749)(1000000    1029.16688765266)(2000002    48.4200492144868)(2000012    427.228146410138)(2000101    -447.430271993634)(2000201    123.251552923157)
1 7      - (2000012    192.728341821913)(2000002    558.907479799864)(1000000    1466.93963100299)(2000211    -73.9528864592103)(2000201    63.3540327620696)(2000101    102.238421953572)(2000221    -484.365029884765)(2000111    -135.960676991474)
3 9      - (1000000    1453.08087417897)(2000201    1236.124957856)(2000111    -204.832966020594)(2000101    1104.25208731539)(2000002    1136.68489287562)(2000211    485.378428806081)
9 4      - (2000201    340.353388333575)(1000000    972.985382247486)(2000012    18.860828410481)(2000101    1080.68746733078)(2000002    860.772252174893)
10 1      - (1000000    1481.45806560363)(2000111    -716.154764103514)(2000012    1077.40535916096)(2000101    1373.79529651051)(2000201    1350.36672042159)(2000002    1488.5974885287)
10 2      - (1000000    1248.24546925566)(2000111    -1058.67836321602)(2000101    1319.60424690787)(2000201    1356.11823087106)(2000002    1502.4825386349)(2000211    172.324805731488)
0 11      - (2000201    1135.02956585177)(2000002    1519.39176114757)(2000101    1240.70379095337)(1000000    541.173266166998)(2000012    1116.79015546251)(2000111    -713.685073521326)(2000211    -466.683084788512)
8 3      - (2000002    1453.53071016493)(1000000    1482.28968834443)(2000101    971.192093738225)(2000201    994.989293638852)(2000012    132.890446762004)(2000111    27.9647652814607)
7 2      - (1000000    1462.42716605848)(2000101    911.939040301989)(2000012    90.5745804646788)(2000201    991.360548315541)(2000002    1244.59293164791)(2000221    -439.119396046673)(2000211    -649.475696617163)(2000111    -615.464620642868)(2000121    -699.548852955078)
8 2      - (1000000    1337.23978308636)(2000121    -896.571399363759)(2000101    1053.23720555998)(2000201    976.337888986732)(2000002    1469.99756279294)(2000111    168.957977725683)
1 12      - (2000101    314.041927517686)(2000002    1321.03522897403)(1000000    1187.40869955533)(2000201    1359.89641207994)
12 0      - (2000002    1514.17375427213)(2000201    848.798271695549)(1000000    544.293724543651)(2000101    948.758265003147)(2000012    32.129147961874)
2 11      - (2000111    -788.136495440975)(2000101    972.399396827995)(1000000    1496.55601250087)(2000201    1367.27414020644)(2000002    1528.29154775168)
1 10      - (2000101    1429.40834006304)(2000201    1300.95651433334)(2000022    -44.3515520612157)(2000111    -447.916712210885)(1000000    1474.52757739936)(2000002    1483.58532482909)(2000211    -373.653495067876)
0 12      - (1000000    689.038679385647)(2000201    1451.03268809639)(2000101    609.797519186006)(2000002    827.542325532782)(2000111    -430.660500621748)
5 8      - (1000000    1042.62885003713)(2000101    -203.023044756295)(2000002    1152.60722445159)(2000201    -406.082490796693)(2000211    -14.4754717054108)
9 3      - (1000000    1043.39413241538)(2000211    296.606849613884)(2000002    1354.26258666986)(2000012    -24.1829159546693)(2000201    1136.02250771021)(2000101    1254.6610694151)(2000111    169.307313336515)
1 11      - (2000101    1254.12714659657)(1000000    1037.25923868092)(2000111    -365.826277512795)(2000022    36.8822158699433)(2000201    1494.55743543327)(2000002    1278.95313636322)(2000012    34.6931406140743)
4 7      - (2000002    58.1742368575939)(2000211    -473.336831471803)
2 9      - (1000000    1472.86836283103)(2000101    1224.5454498749)(2000022    -49.2465665910687)(2000002    1311.44677952042)(2000211    -921.117129043662)(2000201    1337.88345389375)(2000111    201.946381443519)
3 7      - (2000201    -825.257073679167)(2000111    -709.02301738973)(1000000    1482.2456241424)(2000211    -697.028453755016)(2000012    347.327449840413)
11 1      - (1000000    1068.53628741459)(2000002    1518.47135440199)(2000201    610.252720020472)(2000101    1216.55283270324)(2000211    -455.620880902293)(2000012    38.7411740388541)
2 7      - (1000000    1456.26164203481)(2000201    51.2657311773757)(2000002    1497.3154329577)(2000111    -181.019887509086)(2000101    -614.266554049149)(2000012    92.1976998207182)(2000022    54.733408572434)(2000211    -154.610855509038)
9 2      - (2000111    -533.200879259138)(2000101    841.703682185391)(2000002    1186.59936027859)(2000211    826.305147884791)(1000000    1469.2435852622)(2000201    950.899601728053)(2000012    519.408875335715)
6 2      - (2000002    66.7933520094134)(2000201    -193.829382043507)(2000111    -463.210510692201)(1000000    908.393327254613)
12 2      - (2000101    -972.578617580399)(1000000    1435.31891815813)(2000201    822.414658423831)(2000002    1091.24061402729)
4 3      - (2000101    684.30535066169)(2000002    1255.32107405161)(1000000    1051.12137865161)(2000121    919.494724156211)(2000022    1492.71461385013)(2000111    1434.61195780129)(2000211    -308.615468650449)(2000012    -223.502533320096)(2000201    542.99266783725)
5 1      - (1000000    687.377377439031)(2000002    1068.95272059988)(2000111    1353.72986247269)(2000201    593.716991339132)(2000121    -319.317568798428)(2000211    -391.814517174178)(2000012    380.460441971083)(2000101    786.679015824125)
14 0      - (2000201    -169.605723556475)(2000012    34.2701763014363)(1000000    1479.87763536614)
3 14      - (2000201    -621.665282917467)(1000000    1188.48459868723)
0 13      - (1000000    998.78937952594)(2000002    1059.73073284869)(2000101    -424.148655211741)(2000201    639.966819974411)
3 5      - (2000101    387.510045556946)(2000201    -1332.65940723466)(1000000    635.701871992679)(2000221    1509.17501162773)(2000012    1143.96611653973)
4 4      - (2000111    1440.06542848761)(1000000    500.688788016588)(2000121    198.000254479013)(2000101    59.3411967179125)(2000221    31.4332154546187)(2000201    295.033789536988)(2000022    573.433892218142)(2000012    760.823068350376)(2000002    1019.01942082472)
11 2      - (2000211    -804.035785518664)(2000201    1219.69014219111)(1000000    1511.9619334232)(2000002    1497.71896135842)(2000101    1348.68209804941)(2000012    270.939732436951)
3 12      - (2000211    -763.623283693861)(1000000    1500.75936418159)(2000101    472.88536297957)(2000201    860.578053054905)(2000002    904.479937051265)
3 10      - (1000000    1337.25202929571)(2000211    -516.944533618665)(2000002    1322.4145696563)(2000101    1177.40900202251)(2000201    1487.79660677012)(2000012    375.260914679623)(2000111    159.740562385248)
3 11      - (1000000    1376.70402616305)(2000012    763.27430023093)(2000101    1030.82807497291)(2000201    909.965339059499)(2000002    1560.94129154302)(2000211    261.746111515938)(2000111    189.747901842396)
10 4      - (2000111    -506.900356228697)(2000002    1365.59092263347)(1000000    1474.56151519767)(2000201    115.740814602613)
11 3      - (2000111    -4.79334660846907)(2000201    1168.33034511803)(2000012    1114.26812559423)(1000000    1516.83306929428)(2000002    1534.55726166587)(2000101    1320.6855010925)
12 3      - (2000002    578.069058103696)(1000000    1505.72200328295)(2000101    847.143217254836)(2000201    599.522182951382)(2000211    -136.948845845498)
13 0      - (1000000    538.52201620359)(2000101    371.451162281282)(2000002    265.341478914471)(2000201    1055.2572209368)(2000111    -664.914161054405)
2 13      - (1000000    1365.25043896451)(2000201    -785.279711176496)(2000002    1205.28286137314)(2000101    464.337931513724)
13 1      - (2000111    -748.277593387027)(1000000    543.473818495864)(2000201    76.5587667984624)(2000101    -344.47449307948)(2000002    1086.23058596848)
11 4      - (2000022    -0.878002929015481)(2000201    1028.04271362903)(1000000    1273.58291204791)(2000101    452.296460469298)
4 11      - (2000211    -521.691332920982)(2000111    -521.691332920982)(1000000    1462.20878512937)(2000002    831.283404043088)(2000101    484.309703681047)
3 8      - (2000201    1263.04821917626)(1000000    1400.80941422652)(2000002    1120.03460608969)(2000211    -478.882033304181)(2000111    -421.421733476354)(2000101    1275.45692573032)
0 14      - (2000201    16.3750284003617)(2000101    -119.344496865776)(1000000    695.828074813498)
2 8      - (2000211    -715.840106063353)(2000002    1168.97047852145)(2000221    -709.773610581839)(2000012    14.3806126696411)(2000111    -120.242737840052)(1000000    1076.22187684771)(2000101    1451.28631495572)(2000121    27.1713309807751)(2000201    1306.14758622183)
2 6      - (2000101    -123.724959411046)(2000201    577.143925439964)(1000000    290.151070715284)(2000002    720.511279115472)
6 3      - (2000012    40.6958161673378)(2000211    -492.969911819356)(2000101    -479.347888107548)(1000000    767.982224779765)
6 4      - (2000201    464.37343653029)
7 3      - (1000000    1480.31870724098)(2000012    216.79028690874)(2000101    402.602687656524)(2000111    -474.691132501595)(2000211    -368.303719139218)(2000201    382.104170673186)(2000002    378.486642647226)
8 4      - (2000201    1108.10695680683)(2000012    -18.1927552115084)(2000111    -632.937929181426)(2000022    -1.26519820683819)(1000000    1220.56951393821)(2000002    730.349465716053)(2000101    713.834521427154)
2 5      - (2000201    -329.372901898343)(2000111    426.128854832786)(2000002    1500.64994428527)(1000000    715.22526954361)(2000121    -0.926851244774113)(2000022    1500.81116774878)(2000012    95.6780138452513)(2000211    202.885381253848)(2000101    907.947968490636)
6 7      - (2000002    1398.13824973331)(2000211    369.706691581243)(2000201    454.860431448289)(2000101    497.206861531176)(2000012    1651.56780916288)(2000111    425.378646585827)(1000000    340.815411832629)(2000221    112.995988421549)
5 2      - (1000000    1253.25715303034)(2000111    1395.67549893765)(2000201    120.783308272466)(2000121    753.870542231919)(2000211    348.819042425487)(2000101    831.021027874444)(2000002    744.768905315134)(2000221    634.065319762435)(2000012    877.715178919981)
5 3      - (2000002    496.800937583943)(2000121    742.877240423961)(1000000    404.878007111899)(2000012    694.336136116939)(2000101    733.817921057067)(2000201    -810.832641458734)(2000022    1525.43735853159)
4 5      - (1000000    668.220954623945)(2000101    688.679029207493)(2000002    -402.914416919722)(2000201    337.239905840083)
3 4      - (2000211    -59.4296777145763)(2000101    652.357227788542)(2000201    508.529931105738)(2000012    953.241867884181)(2000022    1491.00570000046)(1000000    912.795971455012)(2000002    1464.3632154322)(2000221    942.686689654777)(2000111    1361.59448411869)
7 4      - (2000012    65.9806241128843)(2000101    -449.042096697203)
4 10      - (2000101    514.354875753147)(1000000    1176.64109074297)(2000211    205.081714512122)(2000201    587.737578609132)(2000002    441.545597467569)
1 13      - (1000000    1382.05753188944)(2000201    -100.839701752566)(2000002    585.964420278225)(2000012    84.269033178326)(2000101    1012.61662809901)
8 5      - (1000000    -658.215451011426)(2000211    -432.25720175241)(2000201    -682.388619217817)(2000012    705.932601216254)
1 6      - (2000002    1560.45131881473)(1000000    1203.20615295725)
13 2      - (1000000    596.964643980163)(2000201    -465.606273360215)(2000002    505.116792112844)
1 14      - (2000002    29.5035227960713)(1000000    740.655921871829)(2000201    527.046179316052)(2000101    459.7793639712)
3 13      - (1000000    1556.21323139728)(2000101    -99.2028101243489)
4 9      - (2000101    766.112917983777)(1000000    1092.66605182582)(2000002    719.067600365093)
7 5      - (2000101    -652.550360008345)(1000000    -694.307806352179)(2000012    574.510643592131)(2000002    295.345471104818)(2000211    -237.315287260401)(2000111    -256.143727198521)
5 4      - (2000111    1457.99563522958)(2000101    197.196380890437)(1000000    456.773321942898)(2000012    209.637436128191)(2000201    505.615386214617)(2000022    464.111420377245)
2 14      - (2000101    -81.981635329861)(1000000    987.063561226395)(2000002    89.3122214155577)
14 1      - (2000002    730.372781952747)(1000000    1362.49559271585)(2000101    193.467011683255)
13 3      - (1000000    1189.38167311221)(2000002    1285.11552049171)
9 8      - (1000000    498.309790803254)(2000201    503.113657333224)(2000211    497.615148237001)(2000111    477.81315101935)(2000101    493.318635264137)(2000121    -383.847577068623)(2000002    1490.95044228899)(2000012    1476.54013092709)
9 6      - (2000101    530.954811520836)(2000211    435.94950877468)(2000012    548.77506064494)(2000111    442.215792744631)(2000201    447.508514672592)(1000000    568.160766157512)(2000002    451.868680528161)
11 7      - (2000111    1499.97193317829)(2000022    1345.7026372325)(2000201    1494.09558730842)(2000101    1422.07867378421)(2000002    1496.20184158247)(2000211    1487.72216922222)(1000000    1483.27245583544)(2000221    813.429857475802)(2000121    408.873450004804)(2000012    1493.29055195101)
10 7      - (2000221    43.2507743858759)(2000002    1580.94668157926)(2000201    1520.64041932055)(2000211    1494.97439239937)(2000111    1558.64084591034)(2000012    1603.34330818614)(2000101    1539.80050274538)(2000121    -340.63024099429)(1000000    1525.96569165395)(2000022    1128.28264993492)
9 7      - (2000211    526.416134699059)(2000201    383.274198601055)(2000002    549.794822376957)(1000000    504.526813846622)(2000101    422.687407392211)(2000111    483.886876339685)(2000012    1553.58858666616)(2000121    -313.649674490395)
7 10      - (2000002    1510.42805822505)(2000211    1484.0827372944)(2000012    1510.59951656045)(2000111    1507.56372423672)(2000101    1509.21889558219)(2000121    259.399989681401)(2000221    -270.774815904069)(2000201    1508.89899178778)(1000000    1503.89841267819)(2000022    473.574178311675)
7 9      - (2000002    1269.11336362042)(2000012    1492.03568967453)(2000211    492.84837006922)(1000000    587.358032823504)(2000121    110.151435921885)(2000111    497.693144362042)(2000201    527.583783807464)(2000101    536.329843428824)(2000221    144.998841929089)
6 10      - (1000000    1471.91195906692)(2000002    1507.35950040582)(2000012    1541.93038640182)(2000101    1567.06341322371)(2000211    1450.98052060067)(2000111    1481.93240430926)(2000201    1558.44777754099)(2000121    -334.094439768041)(2000221    458.846651108655)(2000022    1001.08692804215)
6 9      - (2000022    -42.194271192497)(2000211    382.420717723524)(2000002    1279.73144868173)(1000000    881.119865162888)(2000201    457.23048084237)(2000101    474.3230036515)(2000111    449.941905801878)(2000012    364.222876677622)(2000121    259.758317392259)
8 11      - (2000012    1464.93253637392)(2000211    1521.38704707455)(2000111    1573.20478152072)(2000201    1521.65441612879)(2000221    131.749995291985)(1000000    1482.20816716878)(2000002    1516.95318629249)(2000121    519.130656921929)(2000022    1456.03472925922)(2000101    1490.53752892869)
10 9      - (2000101    -159.581218206254)(2000012    1346.07382700515)(2000201    -335.942078341093)(2000022    1151.71406031631)(2000111    -238.432405518837)(2000121    -389.789748146952)(2000002    1521.46677162219)(2000211    0.846064603359515)(2000221    -319.922650651068)(1000000    703.581642660915)
5 9      - (2000101    -938.033169185739)(1000000    -213.18953669025)(2000012    263.163590026054)(2000111    -534.49132146568)(2000201    140.03062162649)(2000002    12.5258886379648)
7 11      - (2000002    1477.96756860689)(2000201    1518.1742731573)(2000221    431.77521716901)(2000211    1516.18635328506)(2000111    1519.99287146121)(2000101    1510.6515793698)(2000012    1520.06090284952)(2000121    77.1934234591628)(1000000    1519.36001559776)
6 11      - (2000211    1547.66266163667)(2000002    1548.20182349498)(2000101    1567.44957031441)(1000000    1594.37772923656)(2000221    1080.3386509536)(2000012    1549.55703750892)(2000111    1531.10597014185)(2000201    1546.59182429406)(2000022    1153.09953715115)(2000121    813.910222262569)
5 10      - (2000012    1299.62892976866)(2000111    1220.96542525853)(2000211    1226.32572728918)(2000101    1036.65484121587)(2000201    1196.7649409043)(2000002    1278.18248948224)(1000000    1161.29189616266)(2000121    586.340807540316)
6 8      - (1000000    280.224396872804)(2000002    1582.3712415268)(2000211    271.386347251109)(2000012    488.339337523604)(2000111    242.836117543185)(2000201    6.55741691640877)(2000101    174.400424430482)(2000022    129.425959670985)
7 7      - (2000201    549.938997618707)(2000101    551.434522922476)(1000000    548.201758906733)(2000002    1517.8235341891)(2000012    1473.29258318514)(2000221    33.2928277745234)(2000211    549.802802834515)(2000111    534.499809963951)(2000022    156.610671111668)(2000121    -427.766252484977)
11 10      - (2000012    1459.4096316574)(2000211    714.074470789442)(2000002    1484.31744902863)(2000201    401.622928388865)(1000000    210.804262383136)(2000101    845.669040129285)(2000111    774.180381293457)(2000121    171.975898237164)
12 4      - (1000000    1469.34860657799)(2000201    451.368843604444)(2000101    457.158040721676)
8 12      - (2000101    1286.84759962994)(1000000    1242.49956258705)(2000211    1385.87497881454)(2000012    1468.74302097753)(2000111    1320.45294086263)(2000022    815.556144007862)(2000221    351.496748955037)(2000121    580.415322205093)(2000002    1299.61377376933)(2000201    1396.79718947323)
10 10      - (2000002    1509.60258566045)(2000111    1391.52803996739)(2000101    1341.91759748016)(1000000    1017.64507240984)(2000012    1501.40678507286)(2000211    737.825964202294)(2000201    648.920443736936)
11 8      - (2000012    1501.92666250279)(2000211    1509.0376171561)(1000000    1482.04874313209)(2000111    1459.42459969714)(2000022    1511.1428744613)(2000221    606.968647057216)(2000101    1500.08265753145)(2000201    1471.62266784242)(2000121    594.032202696537)(2000002    1473.06538036701)
10 11      - (2000002    1479.96603791774)(2000211    510.109674758367)(2000012    1455.84362221644)(2000101    487.20956222881)(2000111    756.002899729208)(2000201    1119.83895808547)(1000000    1116.12659257245)
6 13      - (2000002    1466.07094816626)(2000012    1479.50428561112)(2000211    1357.32142297473)(2000111    1359.14324089585)(2000101    1463.82588380864)(2000201    1389.82248661062)(1000000    1457.0517749985)(2000022    374.151110803525)(2000221    368.455493617088)
8 6      - (2000111    -88.8406541804486)(2000012    1192.83655387855)(1000000    -92.2740165511035)(2000002    122.748925486153)(2000022    430.657344423903)(2000201    163.359707868633)(2000211    106.41034419377)(2000101    -27.655970896111)
8 7      - (2000211    554.566649259076)(2000012    1431.07344947212)(1000000    570.824406154403)(2000002    1538.4940214204)(2000111    555.40023933614)(2000201    559.658023630379)(2000022    152.083065830474)(2000101    556.202392392847)
11 11      - (1000000    533.368442770091)(2000111    536.249082010582)(2000002    1480.57146889785)(2000201    544.82180795306)(2000101    528.503766201953)(2000211    552.60998282314)(2000012    1482.54438245117)
11 12      - (2000101    379.00644523113)(2000201    439.933109628396)(2000211    313.147626978211)(1000000    391.624856659542)(2000012    1375.25124614731)(2000111    438.622146014217)(2000002    785.353117526042)
7 12      - (2000101    1229.22212962758)(2000022    1351.35783717086)(2000002    1434.62875301152)(2000121    210.769770149473)(2000111    1227.10770401943)(2000211    1234.06298965816)(2000221    580.710983179056)(2000201    1233.02518773444)(2000012    1452.54423901788)(1000000    1463.92175775269)
13 11      - (2000101    -326.580365841491)(2000002    440.292321270227)(2000201    138.249986234784)(1000000    -169.449145457814)(2000012    1449.30717079487)(2000111    254.181456100535)
8 10      - (2000101    1420.38457778566)(2000211    1524.94311043149)(2000002    1450.76101925347)(2000201    1524.78673491699)(2000111    1294.23189556293)(2000121    -314.890489980507)(2000221    -332.031836137908)(1000000    1472.52446738187)(2000012    1540.14571817851)
13 7      - (2000002    1415.67734389219)(1000000    1322.27223808717)(2000101    1322.11700657024)(2000201    1431.8704294849)(2000211    1359.89627613434)(2000111    1444.90163701694)(2000012    1479.82205743428)
7 8      - (2000121    -786.394121541267)(2000012    1496.87331365974)(2000211    555.536369556951)(2000221    51.5616006458817)(2000002    1496.9763717001)(2000201    546.916402617821)(2000101    559.444090067927)(2000111    532.25886249623)(1000000    533.10426325543)
14 7      - (2000002    1480.91067026959)(1000000    420.773722441836)(2000012    487.554665476283)(2000201    385.326950579959)
10 6      - (2000201    698.766687614334)(1000000    891.776153506908)(2000012    1197.18716894131)(2000211    953.362139856356)(2000101    691.760934208774)(2000111    1433.03040260079)(2000002    1103.04915093685)(2000121    245.936004760346)(2000022    820.3017243423)(2000221    500.219604557507)
10 12      - (2000101    -420.446668311463)(2000201    132.485114987879)(2000002    1495.54703696358)(2000211    248.282175572917)(1000000    -51.4991526664636)(2000012    1079.56988812976)(2000111    -255.994818167099)
9 9      - (2000002    1139.46780864456)(2000111    -330.444552834435)(2000101    -605.434078918563)(2000221    439.65825151789)(2000201    119.740006460012)(2000012    1490.85185651511)(2000211    -636.057393114176)(1000000    -352.673427699314)(2000022    367.170907501403)
9 10      - (2000101    -243.177781696038)(2000201    -257.291070981686)(2000012    1559.72459491072)(1000000    412.126957617705)(2000221    -459.119551816693)(2000211    577.81685087938)(2000002    213.148364678638)(2000022    444.879914350274)(2000111    478.501967917492)
7 6      - (2000022    89.4863293574721)(2000211    348.88839362123)(2000012    1643.98751846454)(2000002    1403.16747196114)(2000101    498.513754430329)(2000201    403.258561571881)(1000000    589.612849137314)(2000111    416.333737174857)
9 12      - (2000211    -168.101493697985)(2000201    -15.5621258351789)(2000002    1477.61805572268)(2000012    1116.68015657898)(2000101    435.008307028681)(2000022    734.393530477879)(2000111    748.575887673234)(2000221    166.048735390693)(1000000    385.047979933642)
12 9      - (2000201    58.7426925907847)(2000211    -279.233618988636)(2000111    -111.050116740461)(2000101    -119.656331558737)(2000002    1499.1656906718)(2000012    657.786583072007)(1000000    694.809955583789)(2000022    470.464685000909)(2000221    126.602605247504)
12 11      - (2000101    548.991294201039)(2000111    358.537309109011)(2000211    417.169378743681)(2000201    318.76985004798)(2000012    1475.05638883867)(1000000    498.293872553214)(2000002    783.732151919492)
12 12      - (2000111    424.736400878727)(2000101    493.407952844321)(2000012    1052.11766955908)(1000000    352.964709923435)(2000002    1503.51146210866)(2000211    299.02096351403)(2000201    384.140528674136)
8 9      - (2000002    1374.9965230356)(2000111    485.430315176891)(2000012    1490.9812188438)(2000101    506.918198168647)(1000000    472.348002127266)(2000211    501.752253509808)(2000201    482.791797347559)(2000221    -29.573379640813)(2000022    708.681447071321)
11 9      - (2000002    1287.99253068689)(2000012    1507.67366966514)(2000211    1315.88564464818)(2000022    194.553748836446)(2000111    386.085885426738)(2000201    915.839078595868)(2000101    735.349136057748)(1000000    823.451721211952)(2000121    203.733078023631)(2000221    162.566010302015)
11 13      - (2000101    205.172386038048)(2000002    1517.6684419106)(2000111    190.713451268829)(2000201    178.764599100502)(2000012    974.876927440378)(2000211    154.487385998507)
14 10      - (2000002    874.329985047779)(2000201    -146.228631645082)(2000211    -378.175282119788)(2000111    124.534971319104)
12 10      - (1000000    -270.673551198552)(2000111    461.708239299263)(2000211    176.146105318096)(2000201    358.128688535894)(2000012    1506.00935213527)(2000101    313.370755218688)(2000002    1114.73175807558)
10 14      - (2000201    -492.161659790615)(1000000    384.175194727964)(2000111    129.060904411826)
12 13      - (1000000    -226.160725170584)(2000111    540.142226047642)(2000012    1512.58675180331)(2000101    418.846273188834)(2000211    335.168184025991)(2000201    301.616037878102)(2000002    465.677566930949)
14 12      - (2000012    1366.6651936811)(2000101    -59.0917321025351)(2000211    236.87496304131)(2000201    532.929664856825)(2000111    353.397115346874)
9 13      - (2000012    1508.90469894511)(2000211    -138.623551684923)(2000002    224.273148024874)(2000101    168.694470683622)
8 8      - (2000002    1491.03229689051)(2000201    500.871606363624)(2000221    -487.413818765838)(2000211    500.93691999734)(1000000    497.872425761556)(2000012    1468.05374387667)(2000101    515.774984038699)(2000111    506.374755468938)(2000121    -465.838901571877)
9 11      - (2000211    889.740821751816)(2000012    1501.90018828573)(2000201    1091.6736236078)(1000000    965.843124402889)(2000101    710.300536188151)(2000111    401.450729804389)(2000002    1502.74865227041)(2000221    326.171038710233)(2000121    286.508915782747)
9 14      - (2000211    -806.676377786376)(2000101    -57.5894435418252)(2000022    664.619430731989)
14 9      - (2000101    -552.656289831597)(2000002    1302.70825107996)
6 12      - (1000000    1465.37281891537)(2000211    1492.88126789921)(2000002    1475.1207944705)(2000012    1495.66822977109)(2000201    1434.2648739428)(2000101    1371.5613614389)(2000022    1112.32805044675)(2000121    -21.3495661599442)(2000221    444.214350272627)(2000111    1461.75559143468)
12 7      - (2000211    1478.4422635635)(1000000    1441.34564721994)(2000002    1475.17518961821)(2000111    1479.57272773344)(2000101    1471.97796063106)(2000221    237.068556196898)(2000201    1406.98503695161)(2000012    1475.7315617238)(2000022    756.315566768173)(2000121    247.728463531724)
11 14      - (2000111    -387.925143353731)(2000002    1521.00446519759)(2000101    232.96672240319)(2000012    462.93164194212)
14 14      - (1000000    -299.022451796611)(2000201    9.4421250114151)(2000101    485.53014533249)
11 6      - (2000101    1385.90303420864)(2000002    1329.74846565775)(2000012    1576.99598955041)(1000000    1189.02143539653)(2000211    1419.84704886583)(2000111    1368.41633739438)(2000201    1466.23599463394)(2000022    543.120114209177)(2000121    211.894275746259)
14 13      - (2000101    393.104515312005)(2000012    1124.91026397237)(2000002    1514.0147515095)(2000201    404.664896412438)(1000000    398.43639705804)(2000211    456.914396174861)
12 6      - (2000111    1484.81853639869)(2000101    1479.85386031501)(2000211    1445.993886779)(1000000    1480.02614931052)(2000002    1494.25851814122)(2000221    183.842584797338)(2000201    1489.12672049048)(2000022    508.935435612697)(2000012    1479.33344170059)
5 11      - (2000101    1118.47981864697)(2000201    910.767437926595)(2000111    457.054528554694)(2000012    1222.90459735732)(2000211    1194.45328723082)(1000000    1135.46278777297)(2000002    1259.46665816377)
13 14      - (1000000    330.706975434128)(2000101    404.052133237033)(2000211    440.290284600021)(2000002    1515.37897946239)(2000201    369.441526273838)(2000012    1270.36329599)(2000111    451.262061100216)
13 10      - (2000111    -386.58848921854)(2000101    135.248527829391)(2000211    464.840909897283)
14 11      - (1000000    350.38805145402)(2000201    -383.939197473309)(2000211    -28.830965254463)(2000101    546.855845594234)(2000012    1524.67622880977)
6 6      - (2000111    121.665689154413)(2000101    -435.726098213351)(2000211    225.428224526084)(2000201    -580.600339973239)(1000000    74.7103646021855)(2000002    1260.84317853133)(2000012    118.56349864276)
12 5      - (2000211    106.905648163081)(2000111    494.639248922723)
10 8      - (2000002    1389.24102326748)(2000121    -489.169470104996)(2000022    282.410637125533)(2000221    281.443222256628)(2000101    1105.01710994896)(2000012    1566.44573314242)(2000201    1047.95431406532)(2000111    1209.31728409611)(2000211    354.281424352986)(1000000    1180.03144934306)
5 12      - (2000111    -542.529357597955)
13 9      - (2000012    1497.49673324009)(2000111    -56.9424518126179)(1000000    -220.020982133114)(2000101    -63.9126771980804)(2000201    149.242793128325)(2000221    133.001093838601)(2000002    371.599156449562)
13 13      - (2000111    384.722527084132)(1000000    392.034148740064)(2000201    602.36790224036)(2000101    380.14839435292)(2000211    443.806190277648)(2000012    1495.62327383924)(2000002    1477.86025318869)
12 8      - (2000211    1009.8239129895)(2000002    1486.22129729743)(2000201    803.888746044341)(2000101    1116.32643632925)(2000012    1259.69395114327)(2000121    155.888272402495)(2000022    1035.23916670499)(2000111    976.20903466025)(1000000    766.602562427276)(2000221    286.463419718068)
13 8      - (2000211    -380.921712432859)(2000101    -79.2913500852112)(2000012    1499.19310061332)(2000022    505.888964337242)(2000121    76.6266534731169)(1000000    295.08202645987)
8 13      - (2000201    -359.797716437125)(2000012    1493.00528258468)(2000111    238.571800428207)(2000211    147.050836315114)(2000101    314.526389835617)
8 14      - (2000201    462.283893216309)(2000012    372.371748106849)
5 7      - (1000000    -512.577849569324)(2000111    -156.537827650818)(2000211    -79.0080078774839)(2000201    405.050727933947)(2000101    25.9630213447476)
14 3      - (1000000    553.71372618773)
14 8      - (2000211    476.968192849595)(2000201    208.55732460457)(2000101    123.537754411877)
7 14      - (2000211    -104.859522691661)(2000002    1492.04736083092)(2000022    839.618492262272)(2000201    28.794913557493)(2000111    475.615631272786)
10 13      - (2000201    179.020897104053)(1000000    507.912531945367)(2000101    167.721311069743)(2000012    379.772800351384)
13 12      - (2000111    80.9183391978208)(2000002    1532.33784835458)(2000012    940.981206904621)(1000000    384.886126848529)(2000101    179.621290378293)(2000201    436.441732399292)
14 2      - (1000000    1488.39230645282)
4 13      - (2000012    230.439689425829)(1000000    1366.28958599024)
13 5      - (2000111    -262.431986489635)
5 14      - (2000101    -275.859857313827)
12 14      - (1000000    -151.378025968938)(2000111    -73.961890146357)(2000201    503.784980478267)(2000101    193.002613392764)(2000211    308.79618639009)
7 13      - (2000211    689.65316925269)(2000221    136.020428666828)(2000121    81.6976232395391)(1000000    1180.80233577409)(2000022    483.162191667343)(2000201    1344.61163880668)(2000111    1104.62410484972)(2000002    395.965341509576)(2000101    916.486365885831)(2000012    854.97211673073)
13 6      - (2000002    1330.80223649838)(2000111    1310.69951279224)(2000012    1360.05024328972)(1000000    1354.10012589555)(2000211    1464.83993230456)(2000201    1317.67687353155)(2000101    1424.96939416649)(2000022    376.409521199459)
6 14      - (2000201    1431.97475718176)(2000211    726.952519549986)(2000111    453.388690503871)(1000000    374.241992206906)
4 14      - (1000000    707.523669706951)
5 5      - (2000002    523.014555857649)(2000012    476.743722783026)(2000111    450.486565208318)
4 6      - (2000101    153.394908518669)
14 6      - (2000211    455.53223453358)(2000111    1502.94859248321)
4 12      - (1000000    1473.2952986836)
13 4      - (1000000    1145.06482705179)
5 6      - (2000201    174.434518767631)
3 6      - (2000201    371.379061070321)

