225
0 0      - (2000101    9101.26542412446)(2000001    9124.28803147068)(2000211    8497.87627112401)(2000201    9117.23523353777)(1000000    9514.96232861421)(2000002    9390.90722127278)(2000012    9156.3539424269)(2000111    8902.6930098241)(2000221    -500)
1 2      - (2000201    8963.47995628332)(2000001    9073.10762767122)(2000002    8787.95156426389)(1000000    9639.50659887384)(2000101    8861.14425262653)(2000111    8827.7232334656)(2000211    8935.40253032219)(2000012    9229.33572807209)
1 3      - (2000002    8484.46268940078)(2000001    8941.79202490111)(2000211    8523.02092822435)(2000201    8766.80025189138)(2000012    8268.65523853908)(2000101    8980.20764627086)(1000000    9514.15050696961)(2000111    8996.20557547625)
3 2      - (2000002    9849.35080386798)(2000101    8429.71734347264)(1000000    9812.57391577951)(2000001    8062.17820700939)(2000201    9240.87378208838)(2000211    7826.26356384717)(2000111    7238.7439114861)(2000012    3799.004143064)
3 0      - (2000101    9145.28189838208)(2000002    9824.01412315117)(2000201    9133.56527687301)(2000001    9221.53759884487)(1000000    9801.11113508125)(2000012    7464.36239801525)(2000111    8445.99261272957)(2000211    6987.87486064636)
2 0      - (2000101    8846.17485335011)(2000001    9618.97713893311)(2000002    9633.11726610327)(1000000    9473.48589509859)(2000111    8654.72255507313)(2000012    8764.03118943174)(2000201    8913.9853177438)(2000211    8780.94573407509)
1 1      - (2000001    8949.81553597432)(2000002    9749.03948019578)(2000211    8372.76328900026)(1000000    9689.37960176477)(2000201    9026.37528782316)(2000101    9227.85087582109)(2000111    8618.32083523352)(2000012    8504.43848406712)
4 1      - (2000101    4514.78920791177)(2000012    4440.41882198506)(2000111    2749.69545929638)(2000201    9379.40643405331)(2000002    6447.75958096666)(1000000    9569.40578815959)(2000001    1571.45498480746)
0 1      - (2000002    9030.13133638765)(1000000    9545.08012093828)(2000101    9710.31160968865)(2000201    9135.52320201893)(2000211    8945.37393146841)(2000001    8750.38342974684)(2000111    8584.80122606871)(2000012    9178.54782997846)
3 1      - (2000001    10008.3259003823)(2000201    8853.08748502389)(2000111    8221.11274907555)(1000000    9815.90751555578)(2000101    9223.66474415034)(2000002    9954.93122253144)(2000012    7211.56064312809)(2000211    8708.89869432808)
4 0      - (2000211    7757.61732866719)(2000201    6145.8322111573)(2000002    8766.96512615866)(2000101    8666.90342209173)(1000000    9364.33895188357)(2000111    3954.08546939221)(2000001    7176.30684264638)(2000012    6226.05320836776)
1 0      - (2000002    8934.79224917421)(2000001    9436.9341617518)(2000201    8583.657912722)(2000111    9117.27321042774)(2000101    8616.81491778464)(1000000    9551.38368099655)(2000012    7912.419096339)(2000211    8631.41431821261)
2 1      - (2000001    9681.15022888563)(2000201    9002.7720794338)(2000002    9016.77213462284)(1000000    9720.93786895087)(2000101    9064.1479318397)(2000111    8649.18227157528)(2000012    8424.21018422525)(2000211    8605.22173756715)
2 2      - (2000101    9704.60154972049)(2000002    8958.29164910125)(2000001    9280.46313622644)(2000201    8871.50823733668)(1000000    9493.93147081294)(2000012    9426.21122794643)(2000211    8075.19593288385)(2000111    8657.57295250717)
0 2      - (2000002    8556.44876957814)(1000000    9006.55086973149)(2000101    9664.67201488185)(2000012    8107.43483394956)(2000121    -283.187613957296)(2000201    9068.2725442701)(2000001    8215.13598199647)(2000111    8626.55737210738)(2000211    8164.32691610661)
1 4      - (2000002    -116.781737071129)(2000101    9795.35421260289)(2000001    6484.25369448989)(1000000    8714.44372533368)(2000201    8184.84115249005)(2000012    2056.3074231824)(2000111    3121.48376971558)(2000211    5349.23034900471)
2 3      - (1000000    9477.04461165073)(2000101    8702.7256487163)(2000121    -598.644384612921)(2000111    8689.77873257941)(2000002    9819.03988223825)(2000001    9559.61014092634)(2000012    2958.3336691305)(2000201    8996.95790143857)(2000211    7713.22779551884)
0 3      - (2000101    8979.11165977642)(1000000    9682.21502823257)(2000111    9015.65992841798)(2000012    7291.10809210515)(2000001    8666.68413123036)(2000201    8878.89556222946)(2000002    9693.80080827415)(2000211    8246.3440104638)
2 4      - (2000101    -1053.40501559108)(2000201    1683.4554028348)(1000000    6566.84350067999)(2000001    8757.70959767598)(2000111    2821.85962000693)(2000002    2038.32617262636)
0 4      - (2000201    6329.31541302086)(1000000    9430.07298302351)(2000001    8834.14499970698)(2000101    7281.15735580022)(2000002    9082.57763161063)(2000111    5744.34600931174)(2000211    6812.18482836758)(2000012    6048.15226494139)
3 4      - (1000000    8375.27898486989)(2000101    8653.91622803546)(2000001    7880.98348786193)(2000201    8068.25206835094)(2000002    8260.32211481771)(2000012    2525.182232356)(2000111    2144.21209043961)
5 4      - (2000201    8500.12663950596)(2000101    8549.11777967537)(1000000    10441.1851410028)(2000001    8643.79199062315)(2000002    8641.40272145778)(2000012    2328.62256999407)(2000111    2142.55080397236)
3 3      - (2000002    6515.14726534158)(2000001    1446.77177159784)(2000201    5768.51759704936)(1000000    9530.94586412859)(2000012    2302.66908971906)
0 5      - (2000101    7189.10660513633)(2000002    9143.85644904018)(2000111    6524.36927783841)(1000000    8425.36183650172)(2000001    8343.07696689544)(2000201    6115.11202978894)(2000012    7308.81350197555)(2000211    5673.34628703086)
4 2      - (2000201    752.457341171642)(2000101    -116.871725776642)(2000012    1192.26751809026)(1000000    9416.39177171487)(2000002    4064.56095749363)
5 2      - (2000201    7314.91314177938)(2000101    7648.3489272383)(1000000    8139.65555744864)(2000001    8200.70535243219)(2000002    6945.9749581412)(2000211    3765.89925638827)
4 5      - (2000001    8522.29828407657)(1000000    9911.06547194522)(2000101    8688.3107861745)(2000201    8616.37075542047)(2000002    8784.17100815573)(2000211    4996.65002035017)(2000012    2464.04380370677)(2000111    2224.3511661887)
1 8      - (2000001    9413.39847766986)(2000002    9396.18526723473)(2000201    9274.40709240553)(1000000    10357.9383966001)(2000012    9372.17445707429)(2000101    8968.14961892463)(2000211    9265.98061388419)(2000111    8408.26430538883)
8 1      - (2000002    9283.05496750801)(1000000    10258.1685363003)(2000111    7689.52991681324)(2000201    9245.86683717964)(2000211    9253.46046763937)(2000101    9163.57696251969)(2000012    9345.27643505964)(2000001    9553.12323801951)(2000221    4191.93661293612)(2000121    2010.02337307838)
9 0      - (2000002    8799.14238185701)(2000101    8899.86916204406)(1000000    9979.66888722491)(2000001    9134.9040347473)(2000012    9236.26203415074)(2000211    9421.2604828496)(2000111    9060.86568557769)(2000201    8787.28610318274)(2000121    6056.90222595093)(2000221    3982.47077256602)
0 6      - (2000101    8550.83943608917)(2000001    8758.75032516969)(2000002    8745.26943485323)(1000000    8625.7529197713)(2000201    8269.5888497494)(2000211    7040.36999414364)(2000012    9509.41690043164)(2000111    8355.34666729604)(2000121    5011.89154530805)
10 0      - (2000001    9153.36011785695)(2000002    9040.26905053763)(1000000    8629.34882555549)(2000101    8289.41759158953)(2000201    8549.44206065303)(2000111    8476.52273331409)(2000211    8714.02232890661)(2000012    9748.46221234661)(2000121    6424.78524029836)(2000221    5981.37517384572)
1 11      - (2000101    9240.01730320748)(1000000    8690.76453350495)(2000002    8811.74874550077)(2000201    8605.67253236242)(2000001    9037.27469796503)(2000111    9371.70878521474)(2000211    8902.04555752031)(2000012    9640.0451768475)(2000121    299.674290537426)(2000221    4377.0106777443)
0 10      - (2000211    8749.24665563296)(2000001    8934.35414680166)(2000101    8650.67832689106)(2000002    9293.0626299797)(2000201    8628.48545113923)(1000000    8604.63503891746)(2000111    8462.71528110291)(2000012    9647.36782588336)(2000121    6902.69939857076)(2000221    6045.60304896013)
1 7      - (1000000    9536.26323166535)(2000002    9682.23800665927)(2000111    6344.81771929955)(2000211    7197.53734609574)(2000201    8680.87662860294)(2000101    9246.95442840724)(2000012    9508.24091755434)(2000001    9097.73188319594)
11 1      - (2000002    8682.87488244959)(1000000    8956.44973457318)(2000001    8507.34121913467)(2000201    8556.82709556122)(2000101    8747.61299286874)(2000211    9037.91010505768)(2000012    9535.4598002555)(2000111    9070.66980554076)(2000121    3282.54712381843)
6 0      - (1000000    8473.02632922942)(2000001    9020.46552864777)(2000012    7374.26291810469)(2000211    7912.16867212359)(2000111    7514.05717114902)(2000101    8340.29414021606)(2000201    8423.3137141154)(2000002    8158.68932052108)(2000221    2105.79793090852)
7 1      - (2000201    8691.3582134229)(2000101    8593.51395098972)(2000111    5931.28079478061)(1000000    8778.00169192679)(2000012    8508.45607329507)(2000002    9043.73629750089)(2000001    9319.73141258167)(2000211    3817.19851971348)
1 13      - (2000001    8408.97127799056)(2000201    7881.89469792393)(2000002    8311.24509573511)(1000000    7991.11412813055)(2000111    8524.39681266895)(2000211    9072.36581274247)(2000012    8278.74297820252)(2000101    7481.4837357682)
2 14      - (1000000    7702.50011846963)(2000201    6331.81089143759)(2000012    6784.89425498534)(2000101    6854.6377039146)(2000001    3765.64867200792)(2000002    8963.46889253434)(2000111    2103.19023894584)(2000211    5039.37040827711)
1 14      - (2000201    3617.26963193068)(1000000    8563.5471000256)(2000111    6717.34771359866)(2000101    7730.53271058643)(2000211    6693.72286386941)(2000001    6907.75326660872)(2000002    7593.92981813831)(2000012    9904.20804473039)
0 12      - (2000201    8534.57077431641)(1000000    8832.85074001834)(2000111    8881.46458924919)(2000012    9585.95526176056)(2000101    9102.79043701283)(2000001    8700.77566153102)(2000211    9037.64398578996)(2000002    8809.52929103861)(2000121    756.694579962334)(2000221    2458.10209475055)
3 10      - (2000101    9264.59832457188)(2000002    9175.27159822485)(1000000    8592.33968915442)(2000201    9632.1714643893)(2000001    7707.47337988181)(2000012    2426.96343387594)(2000211    3831.11944021862)(2000111    2179.07688030504)
11 0      - (1000000    8564.46246816927)(2000002    8802.62967247619)(2000101    8822.51282799759)(2000001    8714.07150660556)(2000201    8356.34798838858)(2000012    9585.14725501525)(2000211    8663.92156416583)(2000111    8716.42182176193)(2000221    5583.72634633108)(2000121    4197.88791792194)
1 10      - (1000000    9001.87297346568)(2000101    8626.19299614908)(2000111    5933.38567233247)(2000012    9319.8457460855)(2000002    8918.77099525924)(2000211    7013.75610056969)(2000001    9010.93292291541)(2000201    8766.06613966154)(2000121    4380.79536957985)(2000221    3430.22418812543)
2 10      - (2000002    8890.40545284534)(2000101    -750.484036959073)(2000001    5797.58434239975)(1000000    8603.20076361952)(2000201    3307.18576426476)(2000012    5522.64080032437)(2000211    8284.01927363858)(2000111    3089.10430790937)
0 9      - (2000002    9506.16814354414)(2000101    8988.17961942726)(1000000    9332.1081930221)(2000111    8775.67493055909)(2000012    9552.02536140624)(2000211    9229.34978708548)(2000201    9184.15760922253)(2000001    9508.81926622785)(2000221    591.827435954905)(2000121    3230.40433861676)
11 2      - (1000000    8235.80076572659)(2000201    5919.11087243085)(2000101    5940.09026671358)(2000211    4498.98996274996)(2000001    6614.5469392433)(2000012    7151.15213005816)(2000111    6444.3205695944)(2000002    8108.69074274331)
12 0      - (2000002    8725.6187544392)(1000000    8527.09804485938)(2000001    8807.93266750512)(2000201    8689.87621356564)(2000101    9019.20252944349)(2000111    9005.99152651608)(2000012    9510.3832495486)(2000211    9169.63455267574)(2000121    926.977566461757)
1 9      - (2000211    9251.24924563985)(1000000    9983.82424186247)(2000201    7776.89947735576)(2000002    9001.2586695861)(2000101    9379.82586836307)(2000001    9034.59678453331)(2000012    9545.22519898971)(2000111    8204.41462887818)(2000221    5483.29282652068)(2000121    3262.5474406655)
0 8      - (2000111    8033.65664321884)(1000000    8582.41591315632)(2000101    9248.26176736715)(2000001    9297.56310649935)(2000002    9269.55389195801)(2000201    8985.29821706754)(2000012    9333.08514743857)(2000211    8830.88157437668)(2000121    4161.07396517695)(2000221    2299.18475906825)
0 11      - (2000201    8558.30306869007)(2000001    9045.67767395025)(1000000    8650.53877421706)(2000101    8698.54582870259)(2000002    8703.84623903407)(2000111    8605.15762666045)(2000012    9508.63486167684)(2000211    9039.22405216296)(2000121    2152.38636911342)
7 0      - (2000001    8740.0038284989)(1000000    8708.27609161069)(2000111    8453.80967283422)(2000101    8629.57530211674)(2000201    8490.37702849084)(2000002    8976.38092447935)(2000211    8399.81803158514)(2000012    9462.73800078582)(2000121    2085.26096863335)
2 8      - (2000002    8982.1578339198)(2000211    -668.221016485324)(2000101    8742.88978609287)(2000111    3949.48571972041)(1000000    9465.76050641537)(2000201    9132.99498386548)(2000001    8950.94268873033)(2000012    4127.23686500287)
0 13      - (1000000    8664.25339303025)(2000211    8694.71937380672)(2000002    8701.64220093487)(2000111    8234.21463541078)(2000101    8501.33872632185)(2000001    8832.46505041186)(2000201    7766.75357934053)(2000012    9660.46012458788)
10 1      - (2000101    8748.17730786971)(2000012    9200.39376961828)(2000111    7709.72891016109)(2000221    2672.29709604846)(1000000    8769.8261023263)(2000001    8664.7020316532)(2000211    6961.54256740593)(2000002    8550.08658240585)(2000201    7877.10574276578)(2000121    3330.72813767402)
14 0      - (2000002    4092.67396417131)(1000000    5813.9376111755)(2000201    7599.10469058714)(2000001    8808.84998474628)(2000101    1995.32354951203)(2000121    2454.20772719833)(2000012    8346.60830928569)(2000211    5299.68479279968)(2000111    5861.77269003637)
8 0      - (1000000    8773.38759857803)(2000211    9198.50193226021)(2000002    9231.69382407622)(2000001    9732.16918325544)(2000111    7752.40179245807)(2000012    9498.37795401873)(2000101    9198.75205490854)(2000201    9290.12499078106)(2000221    3600.56985441566)
8 2      - (2000101    9266.79731572605)(2000002    7837.58367228566)(2000001    9096.79696182414)(2000221    486.466651049475)(2000201    4915.5941312245)(1000000    10148.5654360858)(2000012    3007.18386595692)(2000211    2955.69213815985)(2000111    2418.48218313381)
12 2      - (2000002    6086.11675771282)(2000201    8398.90157541477)(2000111    8263.99007014644)(2000101    4316.26059021975)(2000001    7004.1141244155)(2000211    9147.45038780701)(2000012    8277.00110104035)(1000000    7559.54975050847)
0 7      - (2000101    8852.84030856736)(2000002    9099.15840833122)(2000111    8829.02496979143)(2000012    9186.23158177464)(2000211    8794.18172745977)(2000201    8915.70250362389)(1000000    8686.37872853463)(2000001    8784.02398778154)(2000121    1386.72265137972)
7 2      - (1000000    9753.51102960439)(2000201    8228.94077846679)(2000101    8046.90003778182)(2000002    8252.98237673111)(2000001    9459.0387933807)(2000012    4722.68372414826)
6 1      - (2000101    8396.05058868081)(2000002    8475.95502277042)(2000001    9272.53634890632)(2000201    8455.66098295203)(2000111    6739.68647052144)(2000012    6374.35594876834)(2000211    5920.44210256747)(1000000    8357.74372312504)(2000121    2087.85626851308)
1 12      - (2000101    8461.52342337676)(1000000    9070.89453621052)(2000001    8694.42559311869)(2000201    8436.90092957795)(2000002    8759.88176596754)(2000211    8092.84734858724)(2000111    8809.54576223755)(2000012    9642.86266409508)(2000221    2646.96192954618)
4 12      - (1000000    8769.83612559248)(2000002    7662.01682101315)(2000201    6109.52453135348)(2000101    9586.02170563555)(2000001    8394.37575888044)(2000111    1716.33629761054)
9 1      - (2000201    8780.17357081491)(2000111    8523.76702591423)(2000101    9605.54323157998)(2000001    9170.78965159721)(2000012    9324.2811674511)(2000002    9201.92520383395)(1000000    9235.60874723288)(2000211    9170.12191485304)(2000121    4185.08374937619)(2000221    5295.905265963)
12 4      - (2000002    8314.31681290093)(2000201    7500.70719263586)(1000000    8596.04221857603)(2000001    7859.78808799192)(2000101    9519.46946161742)
11 4      - (2000001    8578.05648230869)(1000000    9808.91351743875)(2000101    9534.85209334921)(2000201    8852.20043758857)(2000002    8764.42885260358)(2000111    2941.36136856598)(2000211    2946.94118551969)
13 1      - (2000001    7222.89048210612)(1000000    6994.18037108302)(2000101    9527.54351745959)(2000201    8437.40326850243)(2000002    8462.53560472761)(2000111    7536.45170301895)(2000211    7811.32522784356)(2000012    10112.2530527486)
14 1      - (2000001    5917.07770769056)(2000002    9201.19519081062)(2000201    7689.27549880515)(1000000    3308.26571239355)(2000111    6348.17916168273)(2000012    5605.72944520814)(2000211    6327.91438198356)(2000221    2115.27692703645)(2000101    2224.47212462801)(2000121    2202.76169525431)
2 12      - (2000001    8542.466363855)(2000201    5361.8662123628)(2000101    3384.34271260742)(2000111    6515.78053137499)(2000012    9672.93342183948)(2000211    5452.69735315344)(1000000    6930.97839805566)(2000121    2433.44317852485)
2 9      - (1000000    9657.55338721298)(2000111    555.055176253881)(2000101    9159.84269017106)(2000211    7994.49015356161)(2000201    6361.58109935389)(2000002    4047.9454611346)(2000001    2203.34862656484)
12 3      - (2000201    6600.46310470656)(2000001    9214.93646791419)(2000002    7318.16061720063)(1000000    7914.87804407883)(2000101    2337.26442067124)(2000211    2246.53832199837)(2000012    2325.46423760866)
13 2      - (1000000    7158.80410818074)(2000201    8366.41701606308)(2000002    7912.27225986693)(2000101    4936.75877054962)(2000111    9098.81319829918)(2000012    5896.98448443503)(2000001    5827.82374370667)(2000221    2338.23582878825)
12 1      - (2000002    8511.49031486017)(2000201    8544.86170980726)(2000001    8752.92367416737)(1000000    8706.94813655692)(2000101    8556.72062347451)(2000012    9578.29684678967)(2000211    8772.14793289897)(2000111    8603.27766530004)
4 14      - (2000002    5119.60342721792)(2000101    8756.10266821348)(2000201    4158.23386476604)(2000001    4377.13696392217)(1000000    7152.80963333206)(2000211    2217.72296086469)(2000012    2468.63827095848)(2000111    2131.38346047238)
2 7      - (2000201    8768.26158599935)(2000002    9557.98111158954)(1000000    10067.3464424415)(2000001    8866.91734626674)(2000101    8793.58117753381)(2000111    7147.1414705912)(2000012    5738.122240633)(2000221    2207.49515201437)
6 2      - (2000101    8568.56908407198)(2000201    8582.25750208447)(2000001    8605.33940982714)(1000000    9722.28903754888)(2000002    9003.05833143444)(2000111    6298.40134495107)
2 11      - (2000001    6438.00679523696)(2000012    9633.93064757565)(1000000    8461.84073622131)(2000211    3634.04977835802)(2000111    4006.45989324763)(2000201    7111.61083641139)(2000101    5625.72060986841)(2000002    4901.05721245229)
11 3      - (2000101    8233.37468847257)(1000000    8632.94190278516)(2000001    9169.91982947303)(2000002    3831.67691233986)(2000201    6070.74404062003)
3 11      - (2000101    3135.4468105957)(2000002    8515.48397001035)(2000001    7037.99923536515)(2000201    7634.51246449187)(1000000    8406.05895016111)(2000111    2187.59728314568)(2000221    2187.59728314568)
5 9      - (2000101    8980.24485802178)(2000001    8632.29862500124)(2000002    9000.01015120883)(2000201    9066.07194081723)(1000000    9441.91472692988)(2000111    6734.081827833)(2000211    5054.75181581007)
4 9      - (2000001    8788.47196084645)(2000002    9019.65298004586)(1000000    9754.68398167646)(2000101    9487.9994526773)(2000201    9252.04926588388)(2000211    2226.53516509222)
3 12      - (2000201    7153.03506629158)(1000000    8278.89659288782)(2000001    7363.01015165031)(2000101    9138.02819987277)(2000002    5248.81501473556)(2000211    2187.59728314568)
4 11      - (2000101    9998.76268747042)(2000001    9266.68997282814)(2000201    7961.8274604108)(1000000    8880.55448052816)(2000002    8836.08012977194)(2000111    2556.59655183944)
13 0      - (2000101    9035.05934698114)(2000201    8366.06282016154)(2000001    8685.08544005597)(2000111    8120.52229037547)(2000012    10025.1802315675)(2000002    8829.75897465869)(1000000    8598.379355497)(2000211    8063.11640316538)
0 14      - (1000000    7410.84936361172)(2000201    6917.17721254333)(2000001    8739.0925284045)(2000012    10064.7570652918)(2000211    7489.99955758028)(2000111    7315.3307812943)(2000101    6169.56740288338)(2000002    5762.74144226929)
6 12      - (2000201    9187.33854363754)(2000002    9153.21773454925)(2000101    10261.1668987676)(1000000    8498.9484316518)(2000001    8578.7418279649)(2000211    177.710650138313)
11 9      - (1000000    9306.07126571621)(2000101    9607.09232043687)(2000002    9386.62844215176)(2000201    8802.4475853709)(2000001    8816.58526476507)(2000111    2328.21654868278)
10 8      - (2000201    8862.95137996452)(2000001    8904.97179309855)(2000002    8898.16869703632)(2000101    9477.50563967612)(1000000    9444.6326957502)(2000012    -623.279358055072)(2000111    9148.90655720174)(2000211    5907.13313498184)
10 4      - (2000101    9045.97826824744)(1000000    8883.12444358004)(2000201    8737.61019118885)(2000001    9744.04242293652)(2000002    9095.0599245597)(2000211    4614.74783777702)
10 6      - (1000000    10266.5841127437)(2000201    8874.56745721519)(2000101    9111.40521538166)(2000111    4017.02862671657)(2000001    8845.95165301888)(2000002    8862.07440921684)(2000211    6625.54433882081)(2000012    3330.68387434756)
9 10      - (2000101    9431.26128077436)(2000201    8432.17264525054)(2000001    8512.80965982616)(1000000    9535.55931549037)(2000002    8916.14376002706)(2000211    2520.65576293168)(2000111    1146.55696103336)
10 10      - (2000001    9113.88804613566)(2000002    8573.12514700558)(2000201    9153.6913511734)(1000000    9211.37880631947)(2000101    9590.40775102285)(2000211    99.8848936511541)(2000012    184.647988438728)
3 9      - (2000201    9073.3593093825)(1000000    10235.4969126897)(2000001    9727.56983924011)(2000101    10014.0609845061)(2000002    9814.43052888004)(2000211    4098.24879610828)
11 11      - (2000001    9407.09693733593)(1000000    8350.69710066872)(2000201    9420.60916041262)(2000101    9649.33245472253)(2000002    9240.74121905653)(2000211    1132.21826080405)
9 11      - (2000002    9205.35583655158)(2000001    9079.13979143025)(2000101    9551.91816415901)(2000201    8904.45065223939)(1000000    9513.93032228849)(2000211    2930.79024222812)
12 12      - (1000000    8403.64406874855)(2000001    9022.65880628896)(2000002    9220.67801601474)(2000101    9614.78747046519)(2000201    9325.74178046946)
9 12      - (2000002    8919.99153853484)(2000001    8922.70764823626)(1000000    8993.58157985157)(2000101    9568.34035356737)(2000201    8738.32507319839)
10 9      - (1000000    9934.26244775808)(2000201    9666.0106768484)(2000101    8497.33570323116)(2000002    8761.67606556287)(2000001    8627.20896890916)(2000211    1023.56776864218)(2000111    4984.02874931503)
9 9      - (2000002    8753.06967573001)(2000001    8281.65675085881)(2000201    9301.33253205862)(1000000    9899.84853168325)(2000101    9547.60659451664)(2000111    3397.57198305402)(2000211    6178.7277263086)
11 8      - (1000000    9568.39622443456)(2000002    8629.8663311101)(2000101    9663.51406660752)(2000201    8540.86642929689)(2000001    8530.06282803097)(2000012    1703.24961079911)(2000111    7355.80012630578)(2000211    1094.43236955097)
8 8      - (2000101    8969.47299749295)(2000002    8526.14312509032)(1000000    10399.5784590729)(2000001    8118.06015124023)(2000201    9251.62906688342)(2000211    6318.18694380385)(2000111    5407.36056181853)
6 10      - (1000000    9803.24687304389)(2000002    8671.42470320477)(2000001    8701.62891555982)(2000101    8732.76783843986)(2000201    8818.15843806198)(2000111    7434.96373194242)(2000211    6011.85281116926)(2000012    2756.1594743902)
11 7      - (2000101    8458.73155289951)(1000000    10301.6084091303)(2000201    8846.47420595901)(2000001    8497.19199355472)(2000002    9335.70172877784)(2000211    3837.05127217371)(2000012    2180.07970722775)(2000111    6687.91467267897)
2 6      - (2000001    8463.41656668392)(2000002    8711.05566319771)(2000111    1501.06534945183)(1000000    9034.6029451884)(2000201    8447.68279276544)(2000101    8616.10535955178)(2000211    5816.46247254289)(2000012    7016.10566600042)
7 8      - (2000002    8119.29423220833)(2000201    8429.54594733111)(2000101    9346.25468744795)(1000000    9625.31329126923)(2000001    8454.72877518005)(2000211    -321.654062974026)(2000111    2881.57744014592)
6 11      - (2000002    9053.81136069886)(2000001    8933.01780643949)(2000201    9062.89933250477)(1000000    10319.4117241922)(2000101    9393.91012330302)(2000111    3773.84404941552)(2000012    1111.1752353426)(2000211    5301.15365982261)
8 11      - (2000201    8992.0219476441)(2000002    8606.25969537617)(1000000    9126.7413362719)(2000101    9177.97129249591)(2000001    8570.14799507199)(2000211    -341.851409288905)(2000111    5892.63350859039)
12 6      - (2000002    8862.82134356906)(2000201    8945.07467059895)(2000101    9661.05146655636)(2000001    8977.76525359956)(1000000    8707.99694410722)
8 10      - (2000002    8852.96840736102)(2000101    9956.84682319123)(2000201    8528.83292119193)(2000001    8919.86568134183)(1000000    9131.68561410354)(2000211    4165.76876327948)(2000111    5298.31025838789)
8 7      - (2000101    9169.71514512636)(1000000    10342.1980506235)(2000001    8342.32445223813)(2000201    8106.70569827509)(2000002    9065.72953528605)(2000111    5635.32639651192)(2000211    5887.00146740024)
4 7      - (2000001    8991.0258775476)(2000101    9144.27165091044)(1000000    9547.13860642057)(2000201    9034.34152168882)(2000002    8307.21548600753)(2000211    2474.53741743717)
9 7      - (2000101    10156.0462790033)(2000002    8607.90345726259)(2000001    8027.11208083064)(2000201    8754.10416456371)(2000211    5629.42491716761)(2000111    7994.9252187427)(1000000    9883.51177638661)(2000012    495.215717940461)
11 6      - (1000000    10149.2985698063)(2000101    8948.1838405733)(2000002    9024.62594764954)(2000201    9031.61991569667)(2000001    8789.44605992613)(2000111    1237.01160546102)(2000211    5275.55273721373)
11 12      - (2000201    9229.86724938777)(2000001    9166.42330004795)(2000101    9624.05004291505)(1000000    8523.93789058194)(2000002    9094.2001220557)
12 9      - (2000201    8973.28582892668)(2000101    9508.69883354883)(1000000    8870.09151265262)(2000001    9068.2819765712)(2000002    9025.79020866769)
7 9      - (1000000    10289.2244677315)(2000002    8830.13755224547)(2000001    8943.51366604781)(2000101    9251.06991465282)(2000201    8795.21072623865)(2000211    6233.59459205886)(2000111    7918.45467697948)(2000012    3910.55166352411)
10 11      - (2000001    8710.55713767807)(2000101    9595.38408748498)(1000000    8373.21150625375)(2000002    8862.52401225844)(2000201    8933.58444205391)(2000012    131.223442207134)
11 13      - (2000001    9253.78801140816)(2000201    9270.45238326309)(2000101    9605.56231372399)(1000000    9112.97427799614)(2000002    8727.56166574784)
8 14      - (2000201    8744.19905751181)(2000001    8306.47679957118)(2000101    9476.61820255066)(1000000    8511.30030648983)(2000002    7907.23890885282)(2000012    2154.95287181361)
1 6      - (2000211    7392.802783948)(2000002    9317.08175993335)(2000012    6742.47947124948)(2000201    8375.52348856309)(1000000    8537.82167712782)(2000101    8485.64274378733)(2000111    5228.61831942053)(2000001    8476.88798172671)
7 6      - (2000201    8386.56281314349)(1000000    10276.4825721224)(2000002    8724.29040495433)(2000101    9399.61066030299)(2000001    8597.18424588611)
7 7      - (1000000    10326.1325497551)(2000201    8559.9907148416)(2000101    8941.20609872313)(2000002    8624.54171502755)(2000001    8501.52972108318)(2000111    2003.13947172693)(2000211    2750.8448401401)
12 8      - (1000000    9951.95975348235)(2000101    8770.45730120838)(2000001    8468.02443692229)(2000002    8856.06769680387)(2000201    8227.5082328445)(2000111    4153.47135873034)
8 13      - (2000201    8840.37425671449)(2000002    8756.23567416734)(1000000    8058.1882103491)(2000101    9701.94031031961)(2000001    8904.65071511963)
9 8      - (2000002    8844.4433565149)(1000000    10002.4341636887)(2000001    8817.93053833569)(2000211    4800.72829140633)(2000201    8847.05755512714)(2000101    10135.8127239548)(2000111    5701.01449130427)(2000012    1669.48844085903)
6 9      - (1000000    10122.331219337)(2000012    3022.81920019658)(2000211    3265.43768572881)(2000002    8753.81523748901)(2000001    8688.46451181945)(2000201    9104.18036075424)(2000101    9144.69675551108)(2000111    3934.50773497688)
7 12      - (1000000    9518.3079734603)(2000002    8981.95557992831)(2000001    8943.46462561363)(2000101    9668.07441393264)(2000201    8983.21719140855)(2000211    3536.76297631172)(2000111    2327.4654459473)
8 9      - (2000201    9034.61998810803)(1000000    10092.7992899926)(2000001    8956.94302421721)(2000002    9020.95330180069)(2000211    7135.39256912847)(2000101    9424.20231278913)(2000111    4556.32649944645)(2000012    3971.45041217741)
13 11      - (2000101    9637.40019090642)(2000201    8046.45573419223)(1000000    8766.640075929)(2000002    8245.40587633172)(2000001    8488.82091886576)
12 7      - (2000201    8361.42971641338)(2000002    8266.54583367968)(2000001    8263.55438454636)(2000101    9707.22467357582)(1000000    9267.75165082031)(2000111    2038.45434484873)
8 5      - (2000002    9112.87547899102)(2000201    9123.68957331231)(2000001    9599.11772374139)(1000000    10478.1189664902)(2000101    9161.82403608674)
11 10      - (1000000    8963.85098288886)(2000201    8769.06864538614)(2000001    8608.00420930861)(2000002    8758.99412847057)(2000101    9614.3604144148)(2000211    288.501582290749)
11 14      - (2000201    8710.95236034362)(2000101    9558.2058072094)(1000000    8820.21063188634)(2000001    9331.86801552001)(2000002    9043.16553731962)
7 13      - (2000101    9662.76424135341)(1000000    8465.71488205341)(2000002    8133.40304379158)(2000201    8327.11348273218)(2000001    8953.22818818391)
10 12      - (1000000    8564.77768300523)(2000201    8781.91631169093)(2000101    9576.27183326644)(2000001    8739.17072627695)(2000002    9052.71934321361)
1 5      - (2000101    8305.06724637227)(2000012    2506.73509015761)(1000000    6947.02608355577)(2000002    6297.49235389214)(2000201    3313.32780874692)(2000001    6139.59171203481)(2000211    5640.71793684274)(2000221    2170.47961361292)(2000111    2163.5924905709)
8 6      - (2000111    4458.28248964208)(1000000    10356.6672502827)(2000201    8862.33084662721)(2000101    9455.69856273346)(2000002    8285.95912896488)(2000001    9106.64875457601)(2000211    2628.21254404988)
6 5      - (1000000    9954.32453824805)(2000101    9171.7826540021)(2000001    8979.44461071651)(2000201    8678.18194867131)(2000002    8942.23955857562)(2000211    2192.7529300563)
5 7      - (2000001    8215.77249072092)(2000101    9513.02146766617)(1000000    9851.75762040416)(2000201    9364.66222501353)(2000002    8980.12259815798)
13 6      - (1000000    8962.29071096853)(2000001    7721.88450098897)(2000201    8608.06016606454)(2000002    6453.19043415494)(2000101    9680.94644792115)(2000012    2343.03131459119)
6 13      - (2000101    8725.10503057591)(2000002    8423.83102599383)(1000000    9844.73358904194)(2000201    8387.78020137913)(2000001    7908.4748312123)
13 7      - (2000001    8835.18865281098)(1000000    8849.80491935693)(2000101    9825.66668119681)(2000002    8932.20228135391)(2000201    8932.72500062577)
4 8      - (2000101    9587.53845949397)(2000001    9489.95896576621)(1000000    9536.31004003878)(2000201    9304.26901811196)(2000002    9548.21675969362)
14 8      - (2000101    7915.82858040525)(2000002    9004.99498435443)(1000000    8126.47290612658)(2000201    8494.50449886333)(2000001    8326.04891844657)
5 6      - (1000000    10186.7951439986)(2000201    9251.32900700684)(2000101    9201.42077722389)(2000211    4446.52075958445)(2000002    9366.88303647693)(2000001    8627.29311301968)(2000012    2407.47184587206)
5 5      - (2000101    8624.34613006636)(1000000    10178.3443889331)(2000002    9355.31169804099)(2000201    8542.81462458081)(2000001    8654.54741069658)(2000012    2339.89850424658)
12 11      - (2000101    9644.5796583071)(2000002    8649.96791987046)(2000201    9021.16541101211)(1000000    8717.85321813923)(2000001    8813.4629925529)(2000111    2387.40290720398)
5 0      - (2000001    3903.81935340778)(2000201    8018.92566438013)(2000012    4819.95192393811)(2000211    1726.42965228094)(2000002    5241.48271318751)(1000000    8343.03065420404)(2000101    5217.62828004807)(2000111    4996.8350908135)
4 6      - (1000000    9592.98097129132)(2000002    8604.69056593055)(2000001    8740.09350650517)(2000201    8330.40987401372)(2000101    8490.40696303384)(2000211    4051.81176646117)(2000111    2014.46480490113)
6 4      - (1000000    9951.38068863363)(2000001    8645.82232549671)(2000101    8630.9288827873)(2000201    8702.62513203223)(2000002    8256.08098333977)(2000111    2176.39436284688)(2000211    2420.31395708017)
10 5      - (2000101    9324.31853312127)(1000000    9696.62564897245)(2000201    9107.29854501699)(2000002    8966.17058968049)(2000001    9014.56227132503)(2000211    7062.86830217863)(2000111    4563.38506892784)
6 7      - (2000111    107.156575229937)(2000101    9289.99894710294)(1000000    10404.2127739682)(2000002    8441.99127329404)(2000201    8293.84351938617)(2000001    8928.07869752194)
5 11      - (2000201    8674.80400919534)(2000001    8743.92070097612)(2000101    9882.9240468742)(1000000    8595.48912044934)(2000002    8664.14249665228)(2000111    4986.46712162494)(2000012    2572.23922302667)(2000211    3753.61157752258)
12 10      - (2000201    8946.38033509857)(2000001    8876.4490151867)(2000101    9317.11646759356)(1000000    8843.86242695348)(2000002    8916.62917441158)
7 4      - (1000000    10129.3901788485)(2000001    9126.33076561687)(2000201    8648.98735436883)(2000101    9136.2077400431)(2000002    8062.21480261861)
7 5      - (2000101    9712.18669453681)(2000001    9427.32836079758)(2000002    8713.29093928392)(1000000    9830.17203795143)(2000201    9000.36004176384)
6 14      - (2000101    9490.59940025922)(1000000    9265.01547603133)(2000002    7028.14926992561)(2000201    7006.27106738751)(2000001    8000.29321988069)
6 6      - (1000000    10371.4029329568)(2000201    8303.93971115221)(2000101    9330.69023799367)(2000001    9067.75535231915)(2000002    8911.08562905808)
5 12      - (2000002    8921.68024415507)(2000201    9496.2146275117)(2000101    8030.30703031126)(1000000    8617.78319744123)(2000001    8794.54114647393)(2000111    257.869493925466)
5 8      - (2000001    8972.39448274957)(2000002    9103.71260424558)(1000000    10618.0950064844)(2000101    9042.85379931142)(2000201    9092.8651890588)
3 7      - (2000201    8922.80150176707)(1000000    10274.9458206233)(2000101    8565.28597169189)(2000001    7902.9465767445)(2000002    9376.87153270723)(2000012    4367.21258598519)(2000111    2160.53968392294)(2000211    2502.06525090289)
9 2      - (2000211    -1084.96780968922)(2000002    5251.60854159831)(2000001    3594.95351053816)(2000201    8495.76406400095)(2000101    7792.54542966009)(1000000    9120.20012092575)(2000012    2402.39145234166)
10 13      - (2000002    9175.47608201031)(2000001    8840.77428359166)(1000000    9337.0863092521)(2000201    8963.63594951607)(2000101    9550.12496583493)
4 4      - (1000000    8842.73655286361)(2000201    8751.15962553195)(2000002    8766.04674256784)(2000101    8677.73386347561)(2000001    9007.38804147717)(2000111    4926.03075066059)(2000012    2493.47424345376)
12 13      - (2000002    8733.73536127735)(2000101    8791.74047207316)(2000201    9445.01534753886)(2000001    8915.86459078546)(1000000    8662.11959086102)
13 12      - (2000201    9033.86026202775)(2000002    8952.99132488261)(2000001    9019.92694639908)(2000101    9613.94154186406)(1000000    8598.93365909437)
3 6      - (2000002    8653.74070079121)(1000000    9834.64142135229)(2000201    8689.16470699583)(2000101    8489.48744313054)(2000001    9091.12176214372)(2000111    5115.56980126985)(2000211    3639.72081778871)(2000012    2385.34498714647)
6 3      - (1000000    9876.78030253864)(2000101    10202.0037955184)(2000001    8818.81477082686)(2000002    9357.68673226173)(2000201    8720.49404734398)(2000211    5151.02324971494)(2000012    4199.19142890528)(2000111    2080.80615438951)
9 5      - (1000000    10147.3200146298)(2000101    8648.5622393883)(2000201    8815.0332719788)(2000001    8316.08310933842)(2000002    8572.93759029103)(2000211    4341.17588234462)
9 6      - (2000001    8614.21370240001)(2000201    8844.25421973153)(2000101    9239.46545383391)(1000000    10195.6629008812)(2000002    8519.35938743284)(2000211    2503.02980550849)(2000111    6804.86018933909)
13 8      - (2000101    9682.27867041586)(2000001    9147.50554124619)(1000000    9062.24426459256)(2000002    9133.34497481217)(2000201    8865.4719718674)
13 13      - (2000001    9245.5028009511)(1000000    9009.87325175601)(2000201    9152.03195290556)(2000101    9619.62919028516)(2000002    9397.84909873834)
5 13      - (2000201    7733.34993637022)(2000002    6916.26660630148)(2000101    9558.36287083049)(1000000    8696.84619984108)(2000001    6870.44072456436)(2000211    4168.01783397616)
4 10      - (1000000    9146.80024345646)(2000001    9198.47026250619)(2000201    9147.24551480425)(2000101    9754.19707362935)(2000002    9110.73106401342)
13 9      - (2000002    9020.60848649382)(1000000    8902.64976234786)(2000201    9018.46837269119)(2000101    9204.47051766308)(2000001    9187.6091950408)
14 6      - (2000101    7917.47440447251)(2000001    8572.81663092409)(1000000    8837.70956735463)(2000201    7619.76663828183)(2000002    8494.56829281402)(2000012    2159.06589109828)
3 5      - (1000000    8323.40909548492)(2000001    8342.04627060736)(2000201    7083.61371609024)(2000101    8147.37941347388)(2000002    8207.45444226647)(2000012    2457.24515201437)(2000111    2080.43233054322)(2000211    2036.17209827938)
13 5      - (2000101    9625.32811523481)(2000001    7509.55359807037)(2000002    7854.07268055521)(2000201    7727.89810386782)(1000000    8565.10559201728)
13 14      - (2000201    9324.94006558883)(2000002    9247.67783235982)(2000001    9352.29122123994)(1000000    8784.60148928686)(2000101    9649.44868347047)
10 2      - (2000211    2759.56093735623)(2000101    144.89860838631)(1000000    8955.21182205079)(2000111    3351.38620764405)(2000012    6546.00618719071)(2000001    8667.28351039425)(2000002    6897.10181607083)(2000201    5475.50794557928)
6 8      - (2000101    9979.05267128031)(1000000    10425.984663536)(2000001    8423.18978773884)(2000201    8247.71012145191)(2000002    8521.85810784311)(2000211    3294.75037795626)(2000111    6526.28910139882)
9 14      - (1000000    8111.24874430467)(2000001    8120.81213270858)(2000201    7707.55616266573)(2000101    9257.15826976995)(2000002    7837.5796079382)
14 7      - (2000001    6735.60532703371)(2000002    7418.17134521162)(2000201    7970.96777280734)(1000000    8936.40167137231)(2000101    9570.47257358915)
14 14      - (2000101    7973.10409167515)(2000001    8200.93550350958)(2000201    7712.58672198303)(2000002    9396.00558590433)(1000000    8495.58181176203)
12 5      - (2000201    9355.59072422442)(2000101    10063.7776233001)(1000000    9123.227017432)(2000001    8972.02421618685)(2000002    8999.93362743671)
7 11      - (2000001    8916.70556227476)(2000101    9003.9975810136)(2000201    9047.50576369264)(1000000    9833.32497265936)(2000002    9455.692247617)(2000211    3572.77408921066)(2000111    2325.37262116088)
5 14      - (2000201    4509.9905827914)(2000001    7822.73048662936)(2000101    9434.76735692048)(2000002    9209.89029816254)(1000000    8302.56511371957)
5 10      - (2000002    8853.0531799836)(2000001    7202.50899048394)(2000101    8694.91048410844)(1000000    9823.89033811543)(2000201    8769.72578448658)(2000111    4762.57685495592)(2000211    4127.54407185143)(2000012    2420.62174797626)
10 7      - (2000002    8663.48906050962)(1000000    9962.2539208275)(2000001    8698.26196730274)(2000201    8943.22605375214)(2000101    9187.61239521376)(2000211    6503.56913993406)(2000111    6254.66515890058)(2000012    2908.88460664986)
9 4      - (2000001    8753.10210668798)(2000201    9067.75091107174)(1000000    10065.675070422)(2000101    9714.42307943518)(2000002    9074.7031642831)
5 3      - (2000201    8781.20000917563)(2000001    8765.94029340356)(1000000    8753.52914103524)(2000101    8838.65457277425)(2000002    8854.76020088033)(2000111    3747.78399542063)
8 4      - (1000000    9774.50685540803)(2000101    9631.80323259015)(2000002    9530.09581154195)(2000201    8546.70638915066)(2000001    9085.20813324779)
7 3      - (1000000    9781.28303909646)(2000001    8885.79184397257)(2000211    17.1996523288537)(2000201    8874.4225370887)(2000101    9439.88685117322)(2000002    8987.39255934193)
4 3      - (2000201    5108.75526259442)(1000000    8318.72134385646)(2000002    6852.30881485339)(2000101    8136.19007928575)(2000001    5309.73266116668)
11 5      - (2000201    8785.06382096846)(2000002    8961.87875514485)(1000000    8854.77447867173)(2000001    8806.77471762614)(2000101    9952.8412227221)(2000211    4346.01562280098)
3 8      - (2000101    9051.37562396193)(1000000    10109.4009277942)(2000001    8874.88853873291)(2000201    8879.04898759933)(2000002    9511.44614199869)(2000221    2164.92567401139)(2000012    2394.8702010589)
7 10      - (2000001    8902.27620721664)(2000101    9458.37853411237)(2000002    8772.04812374147)(2000201    8492.51690382152)(1000000    10132.2788306016)(2000111    5760.98562959891)(2000211    5661.98578281736)(2000012    6036.58393070222)
2 13      - (2000201    5078.91035002875)(2000012    6619.00674581569)(2000001    3117.40713756366)(2000002    8850.72101969946)(1000000    8061.35097885965)(2000111    5825.91335024286)(2000211    5522.09355562029)(2000101    4494.65603282846)
8 12      - (2000201    8421.26184708854)(2000002    8391.48220066743)(2000101    9342.64844548243)(1000000    9635.44103252438)(2000001    8452.02503477629)
8 3      - (2000201    8829.35285566111)(1000000    10024.4242273327)(2000101    9043.39166159641)(2000001    9576.41910324832)(2000002    9052.43975840577)
14 9      - (2000002    8146.03299435146)(1000000    8778.71044505393)(2000201    6214.15866655522)(2000101    9480.05321738626)(2000001    8520.38954464155)
9 13      - (2000001    8401.27936382878)(2000201    8948.7635179343)(2000101    8735.66461284794)(1000000    8720.2379340959)(2000002    8289.00521516199)
14 5      - (2000002    8104.01823188661)(1000000    8612.38827275918)(2000101    8843.70792440586)(2000201    8177.37047928043)(2000001    9412.95075782868)
13 10      - (2000101    9102.54826256005)(2000002    8293.03654612022)(1000000    8959.82601416313)(2000001    8501.7832130219)(2000201    8922.53438335401)
12 14      - (2000201    9244.02327501011)(1000000    8812.34707878653)(2000001    9124.37998709675)(2000101    9641.05845491666)(2000002    9275.67699533534)
7 14      - (2000101    9556.02176618319)(1000000    8596.89505807593)(2000002    8678.57529321108)(2000001    8602.92538773542)(2000201    8571.19504934495)
14 13      - (2000001    8860.61736320084)(2000101    9093.45717548742)(2000002    9475.43032243737)(1000000    8438.50463379185)(2000201    8664.50809766325)
14 12      - (2000201    9493.75179904717)(2000002    9239.21369133009)(1000000    9039.96522278324)(2000101    8164.79798034441)(2000001    9181.30365065857)
14 11      - (2000001    9359.65361839619)(2000201    9419.66983667387)(2000002    9466.03692344293)(1000000    8985.02745780875)(2000101    9609.44411962066)
2 5      - (1000000    8495.2745900456)(2000101    8584.61975509309)(2000002    8910.37193417273)(2000201    7807.47459431259)(2000001    7377.58653201852)(2000211    2248.05209446931)
9 3      - (1000000    9926.02846802311)(2000101    9520.97439069675)(2000001    9245.55593112749)(2000201    9164.0273571411)(2000002    9560.65875958697)
4 13      - (2000201    6562.65530469834)(2000001    8014.65303014559)(1000000    7309.23961972037)(2000101    9074.62692874547)(2000002    5556.17209418334)
13 4      - (2000101    9534.10979309141)(1000000    8127.51242594697)(2000001    7866.97853506625)(2000201    8067.69638066706)(2000002    8266.14804062615)
14 10      - (1000000    8766.57954140664)(2000002    8936.93391533072)(2000001    8892.83251842154)(2000101    9425.52409797749)(2000201    8979.51999437655)
10 14      - (1000000    8682.37812860926)(2000201    6897.63443506631)(2000002    8173.52489338232)(2000001    5908.34574032865)(2000101    9469.37479906471)
3 14      - (1000000    2893.69283438389)(2000002    6318.47146691396)(2000001    9463.68225722933)(2000201    8479.83286251119)(2000101    2103.19023894584)(2000211    3812.91934389259)
3 13      - (2000201    7060.88466547763)(1000000    8457.63884529089)(2000101    7669.36080557211)(2000001    7642.71842628223)(2000002    7526.88073612121)(2000111    3863.40422570717)(2000211    6235.86674667889)(2000221    2196.90886699989)
14 4      - (1000000    6502.01212890366)(2000001    5648.75312751447)(2000101    8587.14220260851)(2000201    5496.1785159072)(2000002    7416.52670341348)(2000111    2206.11780064646)(2000211    2214.6464518033)
13 3      - (2000001    9651.83535068769)(2000002    5255.48397497185)(2000201    5149.67543625669)(2000101    8220.0229307436)(1000000    4375.3305857977)(2000211    5084.95541268578)(2000121    2278.1477529259)
10 3      - (1000000    8587.54724285369)(2000201    7856.37160946263)(2000001    9586.10884846238)(2000002    6395.54301277371)(2000111    4192.86811876566)(2000101    6533.85217292331)(2000012    2341.38961710163)
5 1      - (2000001    5057.84310064645)(2000201    8331.73876026463)(1000000    8337.68878539767)(2000101    7341.41648505413)(2000002    7785.88350023956)(2000012    4348.05628066836)(2000111    3709.96928740862)(2000211    2041.22257329172)
14 2      - (1000000    4835.24366715691)(2000002    9073.64281977231)(2000001    5203.21187966569)(2000012    4517.79111975425)(2000111    1843.44012687729)(2000201    3801.90674019041)(2000211    4289.32462728026)(2000101    3940.51802073433)
14 3      - (2000002    8939.98573711812)(2000201    2368.77263163835)(2000101    2415.57888146622)(2000001    4465.42480015098)(1000000    3905.0081509737)(2000111    2259.84884138131)(2000211    2240.92266667254)

