223
0 0      - (2000101    4918.75501823746)(1000000    5626.76024489716)(2000002    5967.10899683566)(2000221    -174.807804842098)(2000201    5286.03742811815)(2000121    -77.4531406120651)(2000012    768.02673298742)(2000111    -309.998788200629)(2000022    578.326155094209)(2000211    -133.220596705449)
1 3      - (2000101    1136.94662721056)(2000201    1062.83204033503)(2000002    2569.06082213021)(2000121    -214.574389006664)(1000000    5812.88659128027)(2000221    -377.624873690338)(2000022    -178.442524058862)(2000111    -613.186429678362)(2000012    908.195221310414)(2000211    -191.677796417746)
1 2      - (2000201    3467.41560422064)(2000002    2929.32584935866)(1000000    4702.56193942387)(2000101    3500.87531671002)(2000211    -902.727967417398)(2000111    -280.459271423544)(2000012    613.308161712376)(2000221    -288.9892821316)(2000121    -298.669770975933)(2000022    714.660937974963)
1 1      - (2000101    4547.71213677283)(1000000    4581.90123358303)(2000002    3777.64773334131)(2000012    627.344662814093)(2000211    -246.595461592281)(2000121    -304.956196744)(2000022    783.989215140049)(2000111    -305.108084866074)(2000201    4344.43633652987)(2000221    -407.724663476073)
3 3      - (1000000    6222.64110228529)(2000111    -435.941940803801)(2000201    1697.76631634242)(2000221    -538.681754628116)(2000002    398.607732177328)(2000101    4421.5272834828)(2000022    478.566730594318)
2 3      - (2000002    1811.99908496107)(1000000    4829.44883894991)(2000012    -108.01486726317)(2000101    2823.51859388096)(2000201    -565.68195296762)(2000221    -981.307966095034)(2000121    -894.877570191015)(2000022    704.449463777355)(2000111    -342.899820922172)
2 1      - (2000101    4572.44485016953)(1000000    4566.89545010633)(2000002    5086.11778505752)(2000201    1482.49515917549)(2000121    -322.360510937219)(2000022    792.345864980796)(2000211    -292.363072053981)(2000012    478.642610303664)(2000111    -200.558857981356)(2000221    -251.070215888346)
0 2      - (2000111    -320.182701602679)(1000000    6600.3932707125)(2000002    5358.48732536194)(2000201    4035.11958307934)(2000101    3942.31235980459)(2000012    793.53027834507)(2000211    -403.134547225137)(2000022    619.779963725525)(2000221    -190.292803623792)(2000121    -57.2794140623373)
2 0      - (2000201    4347.67784610006)(2000101    4689.72884282902)(2000211    -324.390914909088)(2000111    -339.07218461608)(1000000    6118.4631720152)(2000002    2875.18214963916)(2000022    607.800815468322)(2000121    -291.895703379595)(2000012    784.670795746112)(2000221    -211.506865930418)
0 3      - (1000000    6760.12881384979)(2000101    -589.668882529467)(2000002    16.327809927103)(2000221    -395.259612477765)(2000111    -483.893663173527)(2000211    -723.472367490513)(2000022    775.577195519697)(2000201    1829.87717136738)(2000121    -410.687735623135)(2000012    498.943124811233)
4 0      - (2000101    3137.26086479438)(2000201    1783.44702062977)(2000121    -791.449337554668)(2000002    3988.27856996103)(1000000    4431.12693654878)(2000111    1109.3898356037)(2000211    869.239589883771)(2000012    1005.61684578075)
1 0      - (2000101    5213.77475026625)(1000000    5483.29231983825)(2000002    5661.11218543423)(2000201    5345.7890935264)(2000022    425.584990277968)(2000111    -298.610982576128)(2000211    -335.429625971068)(2000012    661.382528625649)(2000121    -321.978512420627)(2000221    -246.996012851892)
3 1      - (2000002    2931.73744901708)(2000101    -389.673194948834)(2000111    -408.421786567419)(2000012    757.149091077294)(1000000    4550.60915643503)(2000201    -651.851585471327)(2000022    385.172955666813)(2000211    -664.225917726369)(2000221    -239.253479963179)(2000121    -454.084600870131)
4 2      - (1000000    4576.18807136525)(2000101    1845.77060359135)(2000002    2168.46146800192)(2000201    2749.31525958539)
0 1      - (1000000    5975.84075472636)(2000002    6100.50411126624)(2000221    -214.094004750742)(2000201    3166.39622316424)(2000101    6162.01606816774)(2000211    -294.404163967183)(2000022    740.904286193779)(2000111    -372.667908340812)(2000012    712.528933023834)(2000121    -322.721693272345)
2 2      - (1000000    5278.97246118277)(2000002    3613.61486140273)(2000201    3610.24037968805)(2000121    -503.274882176301)(2000111    -676.491953242511)(2000022    565.76667794502)(2000101    2604.83447971774)(2000211    -405.240631262877)(2000012    637.554154706897)(2000221    -586.05959409596)
0 4      - (2000221    -1000)(2000101    779.913693927434)(1000000    4892.58073354682)(2000111    118.407655865607)(2000002    2480.21461071566)(2000201    3106.63850787982)
1 5      - (2000012    2080.35171494448)(2000201    3898.52116054327)(1000000    4689.70984344489)(2000002    5455.33353324781)(2000101    4071.09671193309)(2000211    1901.49425818729)(2000111    3624.44970773538)
0 6      - (2000002    5690.9389000836)(2000012    3476.35114247052)(2000101    5380.50078497158)(2000201    5448.95382575481)(1000000    5294.63398233489)(2000211    4148.82760546545)(2000111    6437.20851408824)
8 0      - (2000012    5447.71102981837)(1000000    5034.09453893622)(2000002    5047.642332817)(2000211    5264.28886767974)(2000111    6481.06823391055)(2000221    -517.378295898438)(2000201    5060.78823248354)(2000022    -18.6326020181333)(2000121    -773.528702109809)(2000101    5048.27272723525)
6 2      - (2000002    5967.04925738271)(1000000    5287.99333301495)(2000012    3216.23731190845)(2000201    4091.2537471006)(2000101    4519.14460532912)(2000211    3593.40097925726)(2000111    6427.23985042171)
6 4      - (1000000    5640.89685371329)(2000201    2222.17217593042)(2000012    1678.86079905476)(2000101    3231.88462961511)(2000111    2009.54989392044)(2000002    2735.96532188312)(2000211    834.988708145851)
8 1      - (2000121    -1065.0160369873)(2000111    6227.33349488938)(2000101    4848.03170076452)(2000012    5446.98460867423)(2000221    -1190.2035369873)(2000211    5440.44629098317)(1000000    4936.39475356715)(2000201    4844.23037305345)(2000002    4900.38764166794)
0 10      - (2000121    -500)(2000012    1316.40412418628)(2000201    4698.67523899389)(2000221    -500)(1000000    4761.58271011471)(2000101    4683.83783601151)(2000211    3302.85510712911)(2000002    4593.91666455728)(2000111    5215.94959027675)
1 10      - (2000201    4758.21223853357)(2000022    -1.775546875)(2000221    -947.995425010526)(2000002    4979.1858721005)(1000000    4972.73932183954)(2000211    2094.19372707627)(2000012    1649.31848999075)(2000101    4883.24461258162)(2000111    -106.376162092126)
10 0      - (2000211    4051.50563934454)(1000000    4767.98490257919)(2000022    -153.727018512465)(2000101    4932.60572900558)(2000201    4712.43527547641)(2000121    -956.499150110721)(2000221    -526.067443847656)(2000002    4617.75539413362)(2000012    2425.33770571648)(2000111    4478.14968061458)
0 8      - (2000111    6185.86347584264)(2000101    4727.57241116845)(2000022    601.092860616929)(1000000    4955.98933715627)(2000012    5009.48213521261)(2000121    -500)(2000002    5359.99015731026)(2000201    4839.05695644568)(2000211    5247.68181594839)
6 1      - (2000012    2329.36275898562)(2000101    4888.70254365273)(2000002    5733.305076205)(1000000    5123.15899400816)(2000201    5169.52571720429)(2000111    6485.87249392661)(2000211    3212.59215884083)
1 9      - (2000002    5021.98026926928)(2000121    -889.766670337353)(2000201    5033.69081989692)(1000000    4899.1427370611)(2000211    4820.41605191302)(2000101    5043.09088451822)(2000111    5617.85050673871)(2000012    4785.74454265486)
1 4      - (2000101    2941.79024727553)(2000211    -500)(1000000    4747.76787831853)(2000022    -134.461730055516)(2000201    408.971630877877)(2000012    339.513398032087)(2000002    2263.76555179597)
0 11      - (2000101    4629.95049086045)(2000022    -11.5861808025831)(2000201    4899.5950744708)(2000211    -397.395952432361)(1000000    4684.67785561201)(2000111    -33.0598563578761)(2000012    -442.106855856456)(2000002    4705.82367452246)
12 0      - (2000201    4923.10323172943)(2000111    -1.212)(1000000    4865.14220073662)(2000101    4941.08011611481)(2000002    4744.40978583827)(2000012    1317.49730482382)
7 3      - (1000000    4878.49859170353)(2000221    -500)(2000002    4452.5772505759)(2000201    4227.07571230497)(2000101    4475.35858447218)(2000012    1075.08516735817)(2000211    2010.90176051245)(2000111    3247.56994733292)
1 11      - (1000000    5160.77773021335)(2000002    4654.73075201972)(2000101    4975.78220667647)(2000201    4968.88798076931)(2000111    1429.15264325673)
7 0      - (2000002    5131.72357858049)(2000111    6448.25945759319)(1000000    5134.34916047152)(2000221    -1021.66689590776)(2000101    5101.02107919853)(2000012    4412.43171996029)(2000211    3830.64491176814)(2000201    5052.33683893805)
7 1      - (1000000    4995.73681211912)(2000111    6227.81636023868)(2000221    -885.519749438421)(2000121    -826.48509947586)(2000022    -237.537192451301)(2000012    4449.14631284317)(2000211    4064.21906127816)(2000201    4531.22365005631)(2000101    5120.71693586962)(2000002    5415.14855427194)
11 1      - (1000000    4735.28209069226)(2000201    4847.81707351869)(2000111    -12.387621339086)(2000211    611.698823367636)(2000002    4928.97914193089)(2000101    4871.97748542492)(2000012    2282.67724186487)
10 1      - (1000000    4753.1302153592)(2000002    4403.25525349588)(2000101    4865.09495097978)(2000201    4821.2156645406)(2000012    2500.42747880088)(2000211    2349.5410888549)
1 6      - (1000000    4983.02774941945)(2000101    5113.87760709843)(2000012    3211.10248452885)(2000111    6318.77648423571)(2000201    4864.66096748396)(2000002    5508.67999186065)(2000211    3235.96125829718)
2 12      - (1000000    4400.1932834024)(2000002    5109.48637682336)(2000201    3618.65374136349)(2000101    4498.51425457645)
1 8      - (2000221    -820.574367105345)(1000000    4910.68247157268)(2000201    4770.55900147547)(2000002    4776.0999217623)(2000101    4776.24763508526)(2000211    5212.08308320117)(2000012    5296.05809972107)(2000111    6097.9867672194)
9 1      - (2000101    5107.09469251587)(2000012    5069.19097593212)(2000022    -51.9240886439253)(2000201    5027.36305896652)(1000000    4788.84766399515)(2000002    5124.79040405757)(2000121    -531.6875)(2000111    5974.60317022326)(2000211    4861.30810717239)
3 2      - (2000101    2673.3971667694)(1000000    6371.95019674061)(2000002    3161.57660374929)(2000201    4312.25292021706)(2000012    812.092022471223)(2000221    -306.819603394055)(2000111    -496.686291034457)(2000211    -411.749235280353)(2000121    19.6838193675842)(2000022    348.862222057456)
5 0      - (2000111    4591.40738248811)(2000201    4501.84461138907)(2000101    3418.13812285402)(2000012    2198.53171671393)(2000002    5454.24715818942)(1000000    4914.98261373966)(2000211    1887.39740789788)
4 7      - (2000201    1771.90906546556)(2000012    266.255711289386)(2000101    179.107719052071)(2000211    807.648341739701)(1000000    5556.98518039265)(2000111    3834.92793402451)(2000002    2769.52851277288)
3 0      - (2000101    4625.60032929952)(1000000    6129.23140845033)(2000111    -367.485612679693)(2000022    782.809324216666)(2000121    -748.479892348551)(2000012    588.221147198805)(2000002    2621.43474402278)(2000221    -152.199647189158)(2000211    -110.997970104162)(2000201    2007.13135362827)
2 6      - (2000211    2267.17283136533)(2000101    5038.62928699048)(1000000    5003.58202845137)(2000201    5099.09641769466)(2000002    5753.48462086947)(2000012    2693.52035911152)(2000111    6244.25607019475)
0 5      - (2000211    2362.54171657142)(2000002    4510.94884879766)(2000201    4523.99004140636)(1000000    4503.57871540185)(2000101    4167.72335997413)(2000012    2846.22019489431)(2000111    4968.69714381742)
2 7      - (2000211    3288.12019658175)(1000000    5195.09488633187)(2000012    4779.9750270914)(2000101    5085.65697436743)(2000121    -500)(2000002    5972.73307192523)(2000201    4949.01537868765)(2000111    6605.02887862079)
3 6      - (2000111    4110.90390732803)(1000000    5417.08768144782)(2000101    4975.85861466574)(2000201    3908.09420587168)(2000002    5781.32592373083)(2000211    3943.48129989195)(2000012    2969.24683025117)
2 5      - (1000000    4505.42077181116)(2000111    2613.54944638449)(2000002    5362.53886769316)(2000101    3741.11853006122)(2000201    4472.20807290305)(2000211    1587.28121648261)(2000012    1386.30664051666)
1 13      - (1000000    5219.32560718286)(2000002    5526.79697540805)(2000201    5156.12895569018)(2000101    4914.44830407094)
1 12      - (1000000    5262.39632601494)(2000002    5151.67822778869)(2000201    5031.70469542923)(2000101    5219.47935295229)(2000211    1310.61987958407)(2000111    1402.29085537447)
0 9      - (2000221    -1096.75972498891)(2000002    5702.23251925718)(1000000    5673.08594460133)(2000121    -985.971725234463)(2000111    5848.11288600343)(2000201    5364.51039146408)(2000101    5222.6772933986)(2000012    3932.77332981807)(2000211    4307.41375567522)
14 2      - (1000000    1849.60984367495)(2000101    2318.10606413604)(2000002    5435.47702506978)(2000201    2091.78765696437)
9 0      - (2000012    2843.51878175279)(2000221    -926.492210427739)(2000101    5122.64356724974)(2000201    5039.30177285756)(2000121    -878.490439660415)(1000000    5108.31883436612)(2000211    4466.57121060989)(2000111    5853.104972799)(2000002    5419.49229018751)
6 0      - (2000201    5258.66782473816)(2000002    5506.35341993739)(2000101    5085.02368636755)(1000000    5143.75685023507)(2000211    3673.81782248515)(2000111    6135.86287366536)(2000012    3685.75084324194)
2 14      - (1000000    4765.20425492972)(2000002    6332.50120904914)(2000101    4706.31059488126)(2000201    4373.30524589472)
3 7      - (2000012    2653.63111608628)(2000111    6366.9141214511)(1000000    4948.5253655626)(2000101    4776.59511145922)(2000201    4324.54518697771)(2000002    4694.49925043956)(2000211    3509.7143871989)
0 14      - (1000000    5178.0853637464)(2000002    5180.26300079739)(2000201    5040.62479558705)(2000101    5167.74573025324)
1 7      - (2000111    6610.56249455103)(2000012    4862.76834236333)(2000101    5251.43900664019)(1000000    5183.59410542311)(2000201    5129.44395871756)(2000002    5833.82205530387)(2000211    4950.76968969396)
3 14      - (1000000    2637.3700322433)(2000101    1788.49074037078)(2000002    5731.8648741864)(2000201    2950.39596673085)
2 13      - (1000000    3442.50841997256)(2000002    5800.72375132077)(2000201    4802.07512492864)(2000101    4778.24787835505)
4 8      - (2000012    1317.53635600799)(2000002    4547.30657083215)(2000111    6384.54559960091)(2000201    4151.84124353176)(2000101    2296.15299738134)(1000000    6030.89546523424)(2000211    3281.99803444478)
6 3      - (2000012    4168.60420115722)(2000101    4035.63301694967)(2000002    5546.32105712134)(1000000    5455.44046324091)(2000201    3534.42809831502)(2000111    5210.34365371551)(2000211    2173.12885023992)
7 5      - (2000111    -106.160356280377)(2000201    -825.044812675063)(2000002    564.918155792949)(2000101    587.482055280093)(1000000    5411.07081251373)(2000211    1058.43698137895)(2000012    789.161476929601)
2 8      - (1000000    5277.17779356001)(2000121    -500)(2000201    5257.60313739253)(2000012    5285.50316407998)(2000002    5462.20271120074)(2000101    5167.44729820535)(2000211    4570.93676940534)(2000111    5714.7261550049)
0 7      - (2000201    5099.80775457337)(2000121    -1137.9696942656)(2000002    5643.51464643536)(2000012    4880.75442921794)(1000000    5221.03186585296)(2000221    -467.474517822266)(2000101    5281.57649827461)(2000111    6568.28089854202)(2000211    3524.82795122506)
11 0      - (2000201    4757.87137432246)(1000000    4989.89062475892)(2000101    4709.55509099566)(2000002    4624.5563929304)(2000111    1360.58341359702)
3 12      - (1000000    4084.19810790859)(2000201    1852.62822275343)(2000101    3325.1185177256)(2000002    4861.17699750443)(2000111    1450.83941845454)
10 2      - (1000000    5685.36082865218)(2000012    3215.68484362204)(2000002    4566.05847190359)(2000101    3949.53027354949)(2000201    4783.14179206164)(2000111    3211.9474854126)
5 7      - (2000101    2579.92927625415)(2000002    359.792004216551)(2000211    -169.672354054313)(2000201    2380.76606367917)(1000000    5626.16809711391)(2000111    1288.88480066638)
13 1      - (1000000    5103.94901414609)(2000201    5187.84703670598)(2000002    5391.75920986224)(2000101    5285.98249497781)
12 1      - (1000000    4938.12512365549)(2000002    4770.24065741336)(2000201    4897.04413434088)(2000101    4893.1102529947)
7 6      - (1000000    2894.56734230998)
3 4      - (1000000    5038.49057782497)(2000101    1130.32992751453)(2000002    904.460499343856)(2000012    844.313592111832)
8 8      - (1000000    4747.56650073518)(2000211    4971.23972594942)(2000002    5289.88311675218)(2000101    5357.4739727086)(2000111    4990.97360622581)(2000012    5720.32309517886)(2000201    5002.85444551262)(2000221    5132.70514370847)(2000022    5961.15818108925)(2000121    4716.560422936)
6 6      - (2000111    102.2856335694)(2000211    -146.692257216589)(1000000    5466.4029336277)(2000002    -187.31075000676)(2000101    93.9116632548805)
9 11      - (2000002    920.017680502896)(2000111    884.76563056337)(2000012    -158.075350853767)(2000101    2817.27404980019)(1000000    6478.25322704204)(2000201    1386.17084320624)(2000211    914.944981613252)
10 10      - (2000201    2668.7386814984)(1000000    7226.17077198423)(2000111    2778.04713500606)(2000002    4230.20188725162)(2000101    1865.59284087024)(2000012    3617.78660482583)(2000211    3829.67058687555)
10 9      - (1000000    158.535703013548)(2000002    717.338013165632)(2000012    5056.31752704853)(2000201    -44.3527135903795)(2000211    471.770837068872)(2000111    1492.44504047249)(2000101    2446.12432762903)(2000121    1369.45429858169)(2000221    1418.27477669209)(2000022    1127.84616486813)
9 9      - (2000012    6262.28006920787)(2000201    5184.83636199714)(2000101    4457.41740537322)(2000002    5210.71357851756)(1000000    4895.27367171361)(2000211    5303.82134993864)(2000111    4661.78349512725)(2000121    5104.7088320797)(2000221    4696.71431228941)(2000022    6004.92903748854)
11 9      - (2000012    392.999061976809)(1000000    6278.58044870602)(2000002    1037.76040844138)(2000211    -237.891767632619)(2000111    -1333.35466890669)(2000201    745.81723835221)(2000101    387.837447590315)
8 3      - (2000022    17.3696144345505)(2000012    -29.195025026622)(1000000    4955.41651748236)(2000002    4603.16483895563)(2000201    3212.99169050276)(2000101    4453.84719149712)(2000211    2545.56303638294)(2000111    6177.61190394632)
6 8      - (1000000    102.459298862107)
9 10      - (1000000    -537.352578191283)(2000111    -1102.14676051436)(2000012    -180.883010703339)(2000002    639.613038368933)(2000201    -607.092517106945)(2000211    -452.418497777653)(2000101    -703.274413177335)
11 2      - (1000000    5534.75827365518)(2000101    4351.02056882358)(2000002    5500.11461767444)(2000201    1230.36628829315)(2000111    1469.63994538623)
8 11      - (2000211    978.591652505129)(2000002    -294.365627601822)(1000000    5997.27720233766)(2000111    1042.43895179748)(2000101    -431.254934896715)(2000201    1954.71611148803)(2000012    -469.208883622325)
9 8      - (1000000    4740.39754571171)(2000101    5035.0920488189)(2000012    5348.61629328093)(2000201    4999.24789926438)(2000002    5085.73390774055)(2000211    4600.8349137642)(2000111    4597.34218813696)(2000221    5075.81489800518)(2000121    5048.98237350037)(2000022    5999.53920016776)
11 10      - (1000000    5180.02363774267)(2000012    2900.86089753726)(2000002    4407.37249969232)(2000101    5186.93584271316)(2000211    4708.89383551195)(2000201    3907.45469092254)(2000111    5117.65499971981)
7 2      - (2000012    4629.99951880784)(2000201    4967.53295067182)(1000000    4979.19062001503)(2000002    5275.75307955031)(2000101    4268.48096582706)(2000111    6618.15444709718)(2000211    4053.35713148292)
10 8      - (1000000    3163.39500424557)(2000111    3359.57005366265)(2000201    2623.47026747008)(2000101    4533.13238240189)(2000002    2826.00527015606)(2000211    3294.05144256728)(2000012    5243.79054403148)(2000221    4184.15692428483)(2000022    6712.54720119739)(2000121    3805.88766743658)
10 7      - (1000000    1338.96631932271)(2000101    1702.93659688402)(2000012    2734.34844313804)(2000111    1859.79049994486)(2000022    5601.05906145853)(2000002    2083.6677719454)(2000121    419.894193790729)(2000211    1989.43038834372)(2000221    1326.72919355224)(2000201    2861.18344558852)
9 2      - (1000000    4891.42077120887)(2000201    5194.66585082361)(2000111    6061.35731351569)(2000012    3211.66176893217)(2000101    4907.82025365747)(2000002    3940.15258600379)(2000211    3648.74434506846)
10 11      - (1000000    5384.53609020543)(2000101    5403.31330086322)(2000211    3307.27067403096)(2000201    5038.56073320635)(2000002    5402.34382921898)(2000111    2863.71205895124)(2000012    3957.77114971869)
2 9      - (1000000    4850.02766601817)(2000002    4650.95018920164)(2000201    4875.73291497416)(2000101    4540.21028189703)(2000111    6036.33970401363)(2000211    4316.6588024442)(2000012    2791.69059722447)
12 5      - (1000000    3075.6144372005)(2000201    928.783778963115)
10 5      - (1000000    5058.95580802046)(2000101    -432.440929971289)(2000201    1185.43344963037)(2000002    1672.25499074284)
11 11      - (2000201    5043.99565955461)(1000000    5314.08963610246)(2000111    4971.18979061524)(2000101    5071.47523378794)(2000211    6202.17548683449)(2000002    5146.57370178628)(2000012    5246.52502600059)
8 9      - (2000201    4980.61776094348)(2000111    4651.64283803977)(2000002    4768.01546709598)(1000000    5008.23770548058)(2000012    5310.40068468998)(2000101    4961.79167588567)(2000211    5162.72299719685)(2000221    4896.02588930282)(2000121    4553.13891005826)(2000022    5987.60990329685)
3 8      - (1000000    4937.96562365602)(2000101    5071.91114973172)(2000211    4017.23928007506)(2000002    5641.26732662613)(2000201    4415.37187953242)(2000111    6793.8223787071)(2000012    3222.13451705606)
0 12      - (2000101    5152.51911396128)(1000000    5146.99649505978)(2000002    5137.56624892977)(2000201    5154.77839884676)
11 13      - (1000000    5687.55574946635)(2000101    5904.95463499283)(2000012    5651.59165588762)(2000211    5613.82200381605)(2000002    5576.30455356407)(2000201    5577.72561730714)(2000111    5669.7552855162)
8 10      - (2000201    2896.48263290071)(2000211    2973.25481572115)(1000000    3141.08001621046)(2000012    5528.26953701487)(2000101    3031.51692157659)(2000111    2946.32315270366)(2000002    3135.75025081361)(2000022    4010.33376336938)(2000221    2845.8711520292)(2000121    2713.37129308725)
11 8      - (2000002    663.103574878032)(1000000    705.804338191057)(2000201    740.127984404402)(2000111    732.271806379308)(2000101    738.515820467339)(2000012    699.965590256007)(2000211    751.782339211633)
0 13      - (1000000    5305.56296390549)(2000101    5304.07856173272)(2000201    5292.66942329198)(2000002    5305.70096585507)
13 2      - (1000000    4437.10237397018)(2000101    3810.87268036439)(2000201    3242.65459641022)(2000002    5241.63877964077)
2 11      - (2000101    2878.49974099765)(2000201    3204.37117551739)(1000000    5080.45957847704)(2000002    4801.1029601264)
2 10      - (2000201    2926.79453585327)(2000002    1482.93538575226)(2000111    3717.6540183981)(1000000    4758.20751316952)(2000101    1724.92751296097)(2000211    730.093098285462)(2000012    2330.09572956491)
12 3      - (1000000    3642.9198587504)(2000201    1802.98595736683)(2000101    2712.94833032917)(2000002    5460.12551202503)
10 3      - (2000111    2886.09400169426)(2000101    2672.37959580118)(2000002    3033.94620067062)(2000201    5498.40163679212)(1000000    5525.70988507351)(2000211    2843.39516754692)(2000012    2729.84016537016)
3 11      - (2000002    3148.9435596002)(2000201    1926.02109864347)(1000000    4978.95471806409)(2000101    3624.99467528284)(2000211    1448.94541016948)
7 10      - (2000012    5086.93444885491)(2000211    4515.81598949248)(2000201    3712.4987732134)(1000000    3636.37479754023)(2000101    2905.39561411773)(2000002    3257.21206485634)(2000111    4471.99120468182)(2000022    3087.40939827997)(2000121    4225.91469840782)(2000221    3994.58795886649)
7 11      - (2000012    -293.891679533152)(1000000    5998.82253405561)(2000201    -654.469019910093)(2000101    1181.7610977109)(2000211    1616.76198535632)(2000111    69.5863103769902)(2000002    2080.26134991665)
12 9      - (2000201    5101.5598131702)(1000000    5195.58345904431)(2000211    5082.78471420196)(2000002    5187.8629553393)(2000101    5193.96264059351)(2000111    4898.66214807536)(2000012    5191.96297785844)
7 9      - (2000201    4851.28094779951)(2000111    4474.49409368602)(2000101    4838.87754862589)(1000000    5088.31459995341)(2000211    4974.33905202514)(2000012    5873.80456817923)(2000002    4638.94219001787)(2000022    5964.92902359698)(2000121    5072.07753306528)(2000221    4844.90632014334)
5 2      - (2000002    4142.44353099758)(2000101    3517.15654502074)(1000000    4496.74276133317)(2000201    4048.17471978878)(2000211    2761.95629249259)(2000111    1944.86345860551)(2000012    2370.52063202541)
12 2      - (1000000    4406.66426339408)(2000111    0.509861608283929)(2000201    4845.60453198999)(2000002    4895.32588240362)(2000101    4547.4251745047)
13 0      - (1000000    4919.15712272921)(2000002    5155.58276135463)(2000201    4969.34008586045)(2000101    5078.33642671731)
4 11      - (1000000    5594.06369312534)(2000101    984.154463477843)(2000201    965.344463191271)(2000012    1020.41262514432)(2000211    1236.49674937588)(2000002    1246.52896382027)
3 10      - (1000000    4892.72627094211)(2000101    3665.81222298481)(2000201    3591.7665553641)(2000012    1627.67628363611)(2000002    4301.27006263385)(2000211    1808.06605925908)(2000111    2910.68074509343)
7 8      - (1000000    4134.8489275508)(2000101    3401.1097884628)(2000211    3251.96546408746)(2000221    3842.05504154308)(2000012    5455.01009347091)(2000022    5969.2003355146)(2000201    4399.30458874447)(2000121    3454.84374473331)(2000111    3854.10598035674)(2000002    3627.03302353194)
14 1      - (1000000    4579.01456924024)(2000002    5272.68283757388)(2000201    4786.2894196359)(2000101    3324.07772679773)
5 1      - (2000101    4676.94363544914)(2000201    4160.60259076649)(2000002    5782.09444419657)(1000000    4653.93697275843)(2000111    3546.91577981869)(2000012    1803.24771633311)(2000211    2178.35312613574)
3 9      - (2000002    4755.88011644582)(1000000    4870.80620141567)(2000201    4875.27270325152)(2000101    5002.09759324623)(2000111    6230.9230825679)(2000211    3770.6457619819)(2000012    3636.01532869625)
13 3      - (1000000    2469.00352223304)(2000002    4986.01656568769)(2000101    2726.87042075778)(2000201    3009.86532893172)
9 3      - (1000000    4993.61135914982)(2000201    1974.85873427764)(2000002    3318.72245093736)(2000111    4900.58074656302)(2000101    4059.77756348653)(2000211    3365.22675389022)(2000012    2902.7281466644)
3 5      - (1000000    4761.55207664701)(2000101    4557.12673012846)(2000002    4274.4424662513)(2000201    3720.77449397856)(2000111    1257.78898772995)
7 12      - (2000201    4812.69865671567)(2000012    4386.19397313724)(2000101    5399.5911844641)(1000000    5455.17836888754)(2000002    5344.27109382624)(2000111    4748.22284428081)(2000211    5268.02307620005)
7 7      - (1000000    1477.28561185183)(2000002    -376.136573767752)(2000201    2495.73033897931)(2000221    933.158465675974)(2000121    -147.19484523254)(2000211    -297.880092146626)(2000101    882.894328253812)(2000022    5789.98885707071)(2000012    1010.75997137928)
1 14      - (1000000    4872.2437598626)(2000201    4917.29639739293)(2000002    5904.71962994948)(2000101    5263.91335419172)
10 12      - (1000000    5239.56680963582)(2000002    5183.97978097444)(2000101    5165.34978329034)(2000012    5185.14443987454)(2000211    6126.38369510932)(2000201    5183.49784675648)(2000111    5159.20899952042)
8 7      - (2000012    2857.25359223042)(2000211    2723.45704990516)(2000101    2304.67607575406)(2000002    2690.85057503682)(1000000    2484.5666502703)(2000022    6040.05894095957)(2000201    1566.6587006403)(2000121    1830.16970626291)(2000111    3138.44027752061)(2000221    2163.95598572162)
12 8      - (1000000    5314.7132926471)(2000101    5173.18802078119)(2000012    5128.1682435566)(2000211    6141.27479491589)(2000002    5280.49382493194)(2000111    5286.33212589488)(2000201    4941.01554447561)
9 7      - (1000000    2008.01662368108)(2000211    2763.75384875074)(2000002    3281.91023247285)(2000101    3837.52245996735)(2000201    1128.16161952891)(2000012    4377.27182918253)(2000111    2696.66730288586)(2000221    2405.19140824957)(2000022    5959.36818875636)(2000121    2260.72469158514)
8 12      - (2000002    2845.73284671776)(2000201    3219.1467077749)(2000101    4995.61304747574)(1000000    5019.25295188855)(2000111    2366.46529342148)(2000012    2757.12699147098)(2000211    2125.19089126332)
12 7      - (1000000    5595.07315108458)(2000201    5347.85240936228)(2000012    4168.80104189896)(2000002    5538.38435641802)(2000211    6232.2524734245)(2000111    5480.5574505747)(2000101    5523.48044309373)
4 3      - (1000000    4500.54655921586)(2000101    943.374916359323)(2000012    -218.330594663782)(2000201    2145.79597348982)(2000002    1415.73875488575)
6 7      - (2000101    -1225.10633865422)(1000000    2317.14702277768)
12 11      - (2000111    5112.0183458753)(2000101    5086.14659080558)(2000002    5108.86020326684)(1000000    4964.6926619409)(2000211    4958.16996398511)(2000201    5095.75956495118)(2000012    4861.02266937746)
12 12      - (2000012    5505.82217033641)(2000101    5562.12387352888)(2000002    5296.85331489667)(1000000    5467.13414957721)(2000211    5542.71259345789)(2000201    5579.04539137725)(2000111    5448.42936810609)
11 7      - (2000201    505.469155293223)(1000000    681.180970147264)(2000101    4036.18801965993)(2000012    -396.611855269216)(2000111    -448.901884427634)(2000211    300.046430308465)
12 10      - (1000000    5128.38670837951)(2000211    6154.024367902)(2000002    5132.71376427226)(2000111    4763.9966417461)(2000201    5068.84863590563)(2000012    5112.63011279692)(2000101    5132.55556795459)
11 12      - (2000101    5068.83199919248)(1000000    5115.43498751031)(2000111    4786.1878043416)(2000002    5057.36873802715)(2000012    4813.82963059595)(2000201    5141.93012119888)(2000211    6111.98784343778)
8 2      - (2000211    4724.18408236147)(1000000    4987.56391928438)(2000201    4949.59297935231)(2000002    5406.11402897695)(2000101    4062.69771886475)(2000012    4025.9029653781)(2000111    6908.01214037586)
2 4      - (1000000    4964.49185323341)(2000002    50.5296727989921)(2000111    766.027318250489)(2000101    1203.35681747763)(2000012    1879.00913704611)(2000201    1244.95260006529)
4 4      - (1000000    5326.29395851506)(2000201    236.493020082376)(2000101    1638.10650432395)(2000111    1123.9985712744)(2000002    666.704288738801)
9 4      - (2000002    1076.22880956184)(1000000    5372.47048891874)(2000101    1632.90267227579)(2000201    1970.36810946391)(2000012    1378.96587531473)(2000111    3516.21735782761)(2000211    3095.37558207115)
14 0      - (2000201    4671.09255141856)(1000000    4506.45952777716)(2000101    5009.62144045725)(2000002    6207.83718462794)
3 13      - (2000201    1423.47058733723)(2000002    4814.07503016021)(1000000    2667.31458242407)(2000101    1417.26703642735)
4 5      - (1000000    5064.90409782948)(2000201    4172.40331627914)(2000211    1124.61760591782)(2000002    2745.54656164386)(2000101    3061.8901194047)(2000111    880.611031228798)(2000012    733.661352945946)
5 8      - (1000000    5975.57865081958)(2000101    653.248531167306)(2000211    2177.62236874852)(2000201    1793.2912760277)(2000012    1151.68914490493)(2000002    1428.58212013066)
4 1      - (1000000    4725.70526980382)(2000101    3164.49107943574)(2000201    3012.64798101635)(2000002    3243.69858247017)
8 4      - (1000000    4973.7014404008)(2000211    1345.82740024566)(2000002    2589.67120816333)(2000101    3536.40797291639)(2000111    4611.00422322993)(2000201    2254.71630985574)(2000012    2242.96569944904)
5 11      - (2000201    4480.83022595254)(1000000    2638.26241513081)
7 4      - (2000002    1267.38765173195)(2000101    3350.98883191784)(1000000    5206.54239567432)(2000211    2549.10330082133)(2000111    3050.24408647938)(2000201    1654.71731153968)(2000012    2633.16888507561)
4 6      - (1000000    5793.48806093367)(2000002    2811.73191456089)(2000101    4249.38365868682)(2000211    334.357123378293)(2000201    1903.38251652499)(2000111    3495.54671859702)
5 3      - (1000000    4557.49338848326)(2000101    4449.91362858267)(2000002    4183.11833270973)(2000012    879.957378556486)(2000201    3754.07275334757)(2000111    4908.92556366426)(2000211    2689.9846838362)
9 12      - (2000201    5420.90785525428)(1000000    5421.53402703579)(2000101    4008.79219296749)(2000012    2190.08020517154)(2000002    5250.93640724596)(2000111    2570.9313865185)(2000211    4654.37709635555)
13 8      - (1000000    5896.05216532602)(2000211    3631.08309690831)(2000101    5198.74427214501)(2000012    5303.49955929214)(2000002    5273.98498194415)(2000111    4337.48956712557)(2000201    4380.14261749141)
6 5      - (2000201    1003.42272685887)(2000101    1163.77910080782)(1000000    5733.73876934673)(2000002    1761.83378090934)
4 10      - (1000000    5470.06380365543)(2000211    1465.84180905121)(2000201    801.194521767389)(2000002    1738.59390107603)(2000111    2138.55447486704)(2000101    -168.9814521611)(2000012    1684.52745815723)
10 4      - (1000000    5208.92644024156)(2000111    3218.83699651153)(2000211    -494.211022240885)(2000101    1565.27861519351)(2000002    2226.22453670145)(2000201    1658.92092066543)
7 13      - (2000201    5063.29407668343)(1000000    5087.87960100899)(2000101    4534.62242775493)(2000002    5063.21403119693)(2000111    4553.24194363212)(2000012    5063.31291474504)(2000211    3997.12807576818)
5 4      - (1000000    4963.07929794973)(2000002    3302.42861336223)(2000201    1873.60084157294)(2000101    1341.77671972501)(2000211    634.148979627637)(2000012    1085.54961033652)(2000111    2688.56289192674)
5 6      - (2000101    411.688864369631)(2000111    2340.76175407457)(1000000    5355.43822425473)(2000211    1264.00750694414)(2000012    1118.8026601559)(2000002    1074.43192593054)
5 9      - (1000000    587.534447108329)(2000002    -632.6817616954)(2000211    1760.71290378305)(2000101    5601.96120824504)(2000201    1852.52825601758)(2000012    2103.03981734103)
5 10      - (2000012    -350.963450813577)(1000000    4598.94790727083)(2000101    958.121287354041)(2000002    1334.83592867266)
5 5      - (1000000    5040.30051082925)(2000002    763.808056848865)(2000201    4079.02055229534)(2000101    1526.07049106481)(2000211    657.949844781281)(2000111    2330.13069275087)
11 5      - (1000000    4440.51474310276)(2000201    1122.90377174795)(2000111    698.027432603174)(2000002    627.689447545264)
8 5      - (2000002    1206.93629725208)(2000201    1490.46463843476)(2000012    553.183373041522)(1000000    6267.82508004805)(2000101    1081.8894997794)(2000111    1023.4696120858)(2000211    707.038122349403)
4 9      - (2000211    1765.85325577217)(2000101    2171.74582112185)(1000000    5846.20769740412)(2000012    1867.19641233979)(2000201    1933.65179497874)(2000002    2053.19425163921)(2000111    3490.19320304422)
14 4      - (2000002    -67.8431906461406)(1000000    2223.11459902119)
11 3      - (2000002    5110.88160859216)(2000201    1321.19107208344)(1000000    5325.29510331096)(2000101    1406.94193621277)
4 13      - (2000201    -450.440295647853)(2000002    825.744847479939)(2000101    -450.440295647853)
9 5      - (1000000    5108.80796938465)(2000101    977.501268698005)(2000201    1152.49921450033)
4 14      - (2000002    4824.04555600981)(1000000    -222.280404281825)
6 9      - (2000201    -194.751498178039)
8 6      - (1000000    361.924774208958)
11 6      - (2000002    4234.76259995945)(1000000    453.597610655207)(2000012    1096.07154196361)
9 6      - (1000000    240.390926426316)
10 6      - (1000000    337.963664137283)
13 4      - (2000101    -210.074653801692)(2000201    -254.096777530595)(1000000    2578.14389470419)
8 14      - (2000002    5702.48331524145)(2000101    5256.22290820249)(2000012    5505.58145379997)(2000111    5333.76093962138)(2000211    5632.06125377216)(2000201    5684.57004058808)(1000000    6022.96113974442)
10 13      - (2000101    5403.65132916701)(2000012    4230.48959516413)(2000002    5529.59055324605)(1000000    5516.84948441799)(2000111    5435.70386015762)(2000201    5268.77816545997)(2000211    5853.25616824022)
10 14      - (1000000    6296.09246819317)(2000101    2809.45206187949)(2000211    4646.4750421397)(2000002    5254.14470632618)(2000201    5418.86912511495)(2000012    5011.8721144374)(2000111    4387.58033429164)
13 14      - (1000000    3098.48051283461)(2000012    1266.78974249745)(2000002    1092.35209424378)(2000101    2229.61659162592)(2000111    1694.4769858602)(2000201    1319.87791488772)
9 14      - (2000111    5251.33176032837)(2000012    4613.26908024295)(2000201    5743.27862361066)(2000002    5681.30922491299)(1000000    5539.08097682442)(2000101    5683.82282308076)(2000211    4396.31255371473)
9 13      - (1000000    5600.36339062074)(2000002    5468.52254446667)(2000101    5477.60572398463)(2000012    5034.29439799846)(2000201    5260.22680351384)(2000111    4036.8411995587)(2000211    6044.63631334797)
8 13      - (1000000    5140.40106398869)(2000101    5145.92009479307)(2000002    5125.4464021392)(2000201    5111.0148966177)(2000111    3760.86221762728)(2000211    6272.2295745756)(2000012    4145.5767231293)
12 14      - (2000101    1819.83575494672)(1000000    2930.90413005846)(2000111    360.011770778257)(2000002    2762.33364657966)(2000012    1713.53784359098)(2000211    1584.97043993707)(2000201    1443.75959262892)
13 13      - (2000101    1882.78129942276)(2000201    444.279872848928)(2000012    587.256855962501)(2000211    852.381031383183)(1000000    1211.88563599972)
14 13      - (1000000    418.758547483069)(2000111    871.494175137678)(2000002    306.997429456011)
7 14      - (2000101    5295.87656690797)(2000012    4052.94897956747)(2000002    6058.33385851166)(1000000    5836.05479716814)(2000211    5249.7927680179)(2000201    4188.75225269768)(2000111    4515.58757351255)
14 8      - (2000101    2901.55173951429)(1000000    6119.28334071471)(2000002    976.689330060679)(2000211    899.740692536241)(2000201    1721.65801346129)(2000012    1277.71378000414)
11 14      - (2000002    3092.46151129289)(1000000    6248.25251867882)(2000101    2570.63672505018)(2000111    3445.37717363053)(2000201    3047.39746427393)(2000211    3977.23944987428)(2000012    4057.84812142376)
6 12      - (1000000    6748.02813060776)(2000211    4085.11316848717)(2000111    5212.22387669239)(2000201    3764.43913833972)(2000101    3918.20702660709)(2000002    5739.90344379586)(2000012    3428.13403394955)
12 6      - (2000201    2948.00267586335)(2000111    2914.22138448645)(2000012    2703.7803242438)(2000101    2720.63248911654)(2000211    2464.24960844896)(2000002    6042.35760916524)(1000000    3423.92224042687)
13 7      - (2000002    5301.11950899902)(1000000    5301.59182947656)(2000101    5302.56772572288)(2000201    5303.80116887799)(2000211    4754.03644812741)(2000111    5302.13482975463)(2000012    5302.84142520872)
6 11      - (2000101    722.434713126198)(1000000    4538.96266646131)
6 13      - (2000201    4804.49251682009)(1000000    6267.73836978118)(2000111    4568.2659265831)(2000002    4970.76420726962)(2000101    3031.64458667117)(2000211    4590.91063361901)(2000012    5463.3854553355)
14 9      - (2000201    903.298969136998)(1000000    1040.05308911859)
13 6      - (2000111    3273.89235362448)(1000000    6113.67562085482)(2000201    4408.85171369961)(2000002    3286.95187881288)(2000012    4168.17140873484)(2000101    3849.75320054665)(2000211    4440.0119991877)
5 12      - (1000000    1352.21643484642)
12 13      - (1000000    5704.19075589006)(2000012    2850.38428862502)(2000211    3064.73424217923)(2000201    3193.2682200142)(2000111    4180.90895359389)(2000002    3262.30796474077)(2000101    3535.73184885172)
5 13      - (2000101    843.520166889418)(2000201    1890.0546368098)(1000000    3425.94282776894)(2000012    768.935890527697)(2000111    1424.62631396318)
14 12      - (1000000    1286.7361519899)
6 14      - (1000000    5769.05785872313)(2000211    5827.12337389431)(2000101    5532.9223233766)(2000111    4438.64661900856)(2000012    4580.4822457705)(2000201    4320.68791384426)(2000002    6045.81916362054)
14 11      - (2000002    1534.39994634753)
14 7      - (2000111    1376.82767005627)(2000101    1790.96613378811)(1000000    5996.50380262804)(2000201    936.631939302371)(2000012    1015.60756312084)(2000211    1047.54220537988)
14 14      - (2000201    1400.94663424789)
5 14      - (1000000    3586.12289721159)(2000002    1015.88017036332)(2000211    1489.42532573072)
11 4      - (2000101    2626.22675253879)(1000000    5160.84197293294)(2000002    775.227708342689)(2000111    1627.66246045147)(2000012    1394.64133882889)
13 11      - (2000012    3729.42659448779)(1000000    5449.56822313152)(2000111    4140.64489254526)(2000002    3569.30713384597)(2000201    4435.22351979354)(2000101    4157.181040016)(2000211    2582.61289308347)
13 10      - (2000201    5638.0795345421)(1000000    5863.70607267671)(2000101    5067.34957025605)(2000211    3888.28665452044)(2000002    4523.37640224965)(2000111    4280.29201304613)(2000012    3825.91601186639)
13 9      - (1000000    6757.61209940196)(2000201    4613.76735474757)(2000002    5100.83327745306)(2000012    4963.3730539639)(2000101    3232.24710735955)(2000111    4770.94408325529)(2000211    2909.98349028268)
13 12      - (2000002    2831.08771509338)(1000000    4400.31969500116)(2000101    1692.01201878905)(2000111    1112.79790347097)(2000201    1376.30568906285)
14 5      - (1000000    2255.93249396232)
13 5      - (2000111    2706.321082658)(2000101    930.794913506822)(1000000    2648.66698242782)
14 6      - (1000000    6143.79571231394)(2000101    1180.21639557306)(2000201    2840.49543104817)(2000111    1726.65437507234)
14 3      - (2000201    4662.5092268009)(2000101    1957.71641630165)(1000000    1945.68141283622)(2000002    3185.93927466235)
4 12      - (2000211    2022.68563619874)(2000201    5438.44511436311)(2000012    1217.11079912629)
12 4      - (2000012    2840.17561520519)(2000002    3557.58788055935)

