161
0 0      - (2000201    464.911524052317)(2000002    1281.51122390158)(2000101    803.4693445523)(1000000    1275.83565904059)(2000121    1242.24179007478)(2000012    879.863760579208)(2000211    486.004965985595)(2000111    1339.01725204797)(2000022    1340.76587104533)(2000221    1263.60261055124)
1 0      - (1000000    1216.66675396214)(2000201    742.728704555278)(2000002    1256.47282778956)(2000221    1025.30515939865)(2000101    748.722476081199)(2000211    325.085220624361)(2000012    396.81256476791)(2000111    1336.01367475872)(2000022    374.385425898503)(2000121    997.813247825933)
0 3      - (1000000    1214.92304746741)(2000111    718.829924673669)(2000101    330.150915452143)(2000201    549.484899332651)(2000002    1236.41238000593)(2000221    1213.36594840799)(2000121    901.468281014423)(2000012    1070.95327673119)(2000022    951.140862944013)(2000211    716.683400349789)
1 3      - (2000101    442.155625213813)(1000000    1405.60850784836)(2000201    1018.49819009683)(2000002    1362.55650703738)(2000111    956.823991140095)(2000022    1012.84943096869)(2000211    890.477114283473)(2000121    637.803095739949)(2000012    1245.27397646657)(2000221    788.380641938014)
2 2      - (1000000    1355.36587670357)(2000211    635.906066678574)(2000201    378.579188124473)(2000101    512.84924202527)(2000002    1362.70083887194)(2000012    1320.72581696052)(2000121    584.170133448918)(2000221    1010.73032768888)(2000111    727.784609254215)(2000022    1317.26792767442)
1 1      - (1000000    895.601760851463)(2000012    357.216709063245)(2000201    586.946677243955)(2000002    607.225714918686)(2000101    880.125526933201)(2000022    890.559230701595)(2000111    1074.59613056684)(2000221    344.925660953312)(2000211    232.409840650578)(2000121    726.169121145615)
1 2      - (2000221    659.880360552535)(2000012    774.930727474699)(2000211    645.603349393091)(2000002    1181.41886639881)(1000000    1129.03701550636)(2000101    668.066399570806)(2000111    1352.75278018635)(2000201    410.975138263962)(2000121    1086.11178833208)(2000022    1316.35817064986)
3 2      - (2000211    870.835897591478)(2000201    981.698155847133)(2000002    1323.71234322169)(1000000    1317.90196440706)(2000101    958.246745303119)(2000121    782.789390657529)(2000012    1332.696613001)(2000111    872.529183781144)(2000221    879.76432661808)(2000022    1281.26244503914)
2 0      - (1000000    1342.77150514368)(2000101    366.358317364152)(2000201    401.792336171597)(2000002    1352.50098485416)(2000221    712.097393671057)(2000012    1116.97091748015)(2000111    433.153966044359)(2000211    725.77820919011)(2000121    514.473122526525)(2000022    1240.92897445301)
0 2      - (2000121    466.413272471022)(2000002    765.934373450602)(2000221    540.553526940233)(2000201    812.276829514676)(1000000    1149.36753196287)(2000022    1347.87094842705)(2000101    1203.57900632298)(2000211    807.045222858939)(2000111    1354.37769031679)(2000012    801.065599038204)
5 1      - (2000201    582.308355819782)(2000101    945.411864556636)(1000000    1263.742328637)(2000012    1346.38564504735)(2000002    1284.4913190792)(2000111    606.831222535944)(2000121    590.500539882843)(2000221    645.623174857516)(2000211    628.670100238755)(2000022    1278.33696549009)
3 3      - (1000000    1332.96669925203)(2000002    827.757307600124)(2000201    662.209787282012)(2000101    1020.01644851404)(2000022    1190.148861859)(2000111    745.0586319982)(2000211    714.831361793418)(2000121    1001.103140101)(2000221    744.48060597519)(2000012    864.286902255515)
0 1      - (1000000    1103.60480021922)(2000101    762.929625978831)(2000002    1166.71048242258)(2000111    1300.48663966954)(2000022    726.516583281239)(2000201    895.657587441467)(2000211    288.000964519431)(2000221    791.333168491189)(2000121    1054.61097765196)(2000012    422.10654245168)
3 5      - (1000000    1156.85900176506)(2000002    1267.78606634837)(2000211    -27.0444232087682)(2000111    314.454363537572)(2000101    -31.4693709868375)(2000012    1156.03381033915)(2000121    453.103324861062)(2000201    875.829615021889)(2000221    515.263147184251)
4 4      - (2000211    265.604132564287)(2000002    1362.67423241062)(1000000    1351.2711383153)(2000111    316.878862619535)(2000201    882.968712998379)(2000022    1129.63531134316)(2000101    882.252373919751)(2000221    -19.1160370559987)(2000121    665.67450027957)(2000012    622.859780936144)
4 3      - (1000000    1328.28918391325)(2000002    911.88430881854)(2000101    953.511750173519)(2000201    799.78083575617)(2000211    109.771191734621)(2000012    1321.42772149114)(2000111    563.319089368493)(2000121    835.172082410724)(2000022    1160.45559397973)(2000221    541.756909557615)
3 1      - (2000201    580.266554314049)(1000000    1332.20027617583)(2000101    1088.24114480812)(2000002    1344.97261610623)(2000012    1340.76668326355)(2000211    1148.14913787771)(2000121    1085.66762638459)(2000111    666.715049415336)(2000221    476.104922869898)(2000022    1212.42540225592)
2 3      - (2000201    984.421200421235)(2000012    1336.95664134999)(2000101    1126.46294040149)(1000000    1314.16586144528)(2000002    1028.75817216176)(2000022    1309.82556164506)(2000211    875.057858883769)(2000111    488.877754401634)(2000221    1049.78089451681)(2000121    955.184629912911)
4 2      - (1000000    1330.62741103391)(2000012    1361.49313123796)(2000211    601.609869436835)(2000111    497.350825705142)(2000221    616.437345410225)(2000002    1299.93584120887)(2000022    517.832969672972)(2000101    450.918055136401)(2000201    911.467123216092)(2000121    1144.85599693591)
1 4      - (2000211    737.482631920184)(2000111    1090.56696081013)(2000012    1351.96653746494)(1000000    1312.96487332995)(2000101    1145.74885396051)(2000201    1084.04542182587)(2000221    646.962053351867)(2000121    897.024402196694)(2000022    1206.82079481415)(2000002    1125.92782165453)
4 1      - (1000000    1272.58212504044)(2000201    1272.67592844488)(2000211    686.9656706257)(2000022    1285.35411987721)(2000101    743.688682374564)(2000002    1122.33392643376)(2000012    1338.97155407709)(2000121    786.908726060739)(2000221    1236.01880734912)(2000111    473.592047281181)
5 0      - (1000000    1336.28242422076)(2000101    869.1815414602)(2000201    1118.48922814915)(2000002    914.197030629167)(2000111    1056.36913097045)(2000022    1316.72164308923)(2000012    1417.61479907316)(2000221    910.131690163896)(2000121    -196.912766781301)(2000211    621.161673556377)
2 1      - (2000002    1356.95896426335)(2000012    1172.09497451437)(2000201    544.429601325475)(1000000    1365.4865348605)(2000101    733.100422580573)(2000211    769.55071523393)(2000022    1116.25427658247)(2000111    637.723336133064)(2000221    733.900769066115)(2000121    1101.55912265171)
3 0      - (2000002    705.65821325131)(2000201    1199.89338443598)(2000211    656.711170011295)(2000101    810.262258100028)(2000012    1338.9093174177)(1000000    1110.26984817604)(2000221    989.007573163241)(2000111    1103.85038670996)(2000022    1296.13156190831)(2000121    1109.87994618361)
4 0      - (1000000    1345.302969824)(2000002    1354.01474405538)(2000012    1352.09963087183)(2000101    788.826974417943)(2000111    803.975332548457)(2000201    850.798708139259)(2000211    651.893020157976)(2000221    846.53132509196)(2000022    398.17577845322)(2000121    870.179383900173)
1 5      - (1000000    1358.12190939333)(2000002    1365.95802641746)(2000101    754.77453103441)(2000201    893.483454838899)(2000111    881.984310003271)(2000121    251.099530575453)(2000022    514.979185510642)(2000221    530.13856279367)(2000012    1201.65574144265)(2000211    252.370593796807)
6 3      - (2000201    1035.13117981382)(2000002    1262.27259468581)(2000101    913.192040160352)(2000012    1349.30594124304)(1000000    1210.77993339701)(2000211    534.365355618897)(2000111    805.991590323971)(2000022    804.573552309591)(2000221    601.936759776072)
6 1      - (2000211    650.177237658142)(2000101    352.749831472536)(1000000    991.417969371808)(2000012    1159.57833989219)(2000002    1357.43696339815)(2000111    657.076537543267)(2000022    545.18221053837)(2000201    701.561986500035)(2000121    895.331389861703)(2000221    570.309279951027)
3 4      - (2000022    124.557021523102)(2000111    672.932390556015)(2000101    504.892964573121)(1000000    1345.01370327751)(2000012    1309.86169244231)(2000002    1345.70381970909)(2000201    907.320320855845)(2000211    828.026085138225)(2000121    238.043557937658)(2000221    451.474458136266)
2 4      - (1000000    1353.04039048143)(2000002    1359.55770470359)(2000022    1329.68397432671)(2000201    1006.91044848823)(2000111    329.282242711337)(2000221    -246.558715311014)(2000211    414.370268942534)(2000101    885.789418120464)(2000012    811.930671522755)(2000121    882.821915396088)
0 4      - (2000101    801.397003198175)(1000000    1173.54147964999)(2000211    869.370894945239)(2000111    895.421823283579)(2000221    757.02789216444)(2000002    1303.24577017227)(2000201    777.358159467185)(2000012    1332.85926230188)(2000121    650.666338179983)(2000022    1255.50643947078)
7 2      - (2000201    -917.635203386339)(1000000    983.295035507806)(2000101    -30.151842522659)(2000111    191.492627926499)(2000002    -462.011058110252)
7 1      - (2000211    -551.366350263905)(2000002    -167.027286960583)(1000000    -553.622201547444)(2000201    -1322.61119139508)(2000012    1052.99282448831)(2000221    208.096558240589)(2000101    -313.473313811701)(2000111    355.147247684059)
2 6      - (1000000    1354.43822938515)(2000101    780.516720948408)(2000111    643.93596263675)(2000201    763.201936260286)(2000121    297.730217573869)(2000002    1146.29871978003)(2000022    249.918651761631)(2000012    1203.7131231142)(2000221    252.468870457669)(2000211    450.117567725401)
0 5      - (1000000    1306.2251075961)(2000002    1362.58740208568)(2000211    750.435875898842)(2000221    -461.584976111223)(2000121    844.12229207478)(2000111    669.516540423725)(2000022    224.794654197532)(2000201    1083.04851756329)(2000101    208.20288518989)(2000012    1287.74959692763)
5 6      - (1000000    494.413522040175)(2000111    331.828602231789)(2000002    1362.39808154627)(2000101    -179.833477852997)(2000012    652.469502528292)(2000221    433.765773776696)(2000201    219.936924090953)(2000211    419.096151836745)
3 8      - (1000000    -404.563430465642)(2000201    -1012.62307553148)(2000002    1149.40971335283)
4 5      - (2000012    931.000949828001)(1000000    1349.46189769705)(2000002    1358.49400820613)(2000201    1066.46979230784)(2000101    907.88443389698)(2000211    434.490649472411)(2000111    939.224900704829)(2000221    401.185677563815)(2000022    452.267468237719)(2000121    524.47651883607)
5 4      - (1000000    1130.8485158373)(2000002    1172.34226238232)(2000012    1353.00150116234)(2000201    944.294592227282)(2000101    669.863808284659)(2000111    686.24163020745)(2000022    966.519198109543)(2000221    350.313059385805)(2000121    362.379342240506)(2000211    946.536258451657)
2 5      - (2000111    677.449558636093)(2000201    1048.31697895455)(2000022    1105.54773263618)(1000000    1338.44520900179)(2000211    474.977414617424)(2000101    798.359477656228)(2000121    635.601129833287)(2000002    1234.44441276959)(2000012    1363.44727216411)(2000221    541.271183086643)
5 3      - (1000000    1287.88686144528)(2000221    567.737324853528)(2000101    597.79981315622)(2000201    871.169640058669)(2000211    330.78895992798)(2000002    1349.52257406611)(2000012    1006.41317843473)(2000111    526.149420215277)(2000022    921.744905767327)(2000121    544.533874035572)
1 6      - (1000000    1178.21294834215)(2000121    -476.983226339532)(2000012    1361.27116134994)(2000211    645.799871930507)(2000201    641.645576147162)(2000221    580.014596626845)(2000002    1256.83246664646)(2000111    854.801939267152)(2000101    846.440457557101)
0 6      - (1000000    1118.4734198159)(2000201    229.621413264661)(2000101    565.026767013901)(2000002    1358.73191072099)(2000012    1140.43636810869)(2000211    116.987909993)(2000111    982.886930192017)
5 2      - (2000111    691.644914645247)(2000101    715.507197358307)(1000000    1346.60973065869)(2000201    352.635424146775)(2000121    470.933452646803)(2000221    97.298459076992)(2000002    1353.08063175848)(2000022    1240.0810644761)(2000012    1360.45694664225)(2000211    433.191652086474)
4 6      - (1000000    1249.88882853092)(2000012    1367.80029076485)(2000101    -96.1770910601499)(2000201    361.633121455545)(2000002    924.978019002375)(2000211    707.662250156582)(2000022    383.83202705222)(2000221    79.7254041671578)(2000111    339.906078904739)
7 4      - (2000101    46.9589104206735)(2000012    117.447119716396)(2000211    691.126510665281)(2000002    -138.917707637347)(2000201    81.4668993376374)
8 0      - (2000211    -573.147698575409)(2000201    -35.579037768126)
3 6      - (2000111    832.807768195746)(1000000    1288.2314969871)(2000002    717.060659389647)(2000201    292.058078105383)(2000101    676.976076204297)(2000211    472.802306150299)(2000012    1349.7883653033)
5 5      - (2000101    948.320385253657)(2000201    450.042123284608)(2000012    1045.66055514778)(1000000    1317.4564943612)(2000002    1360.23501756195)(2000111    519.981271859706)(2000211    921.341858557913)(2000022    1152.13283705518)(2000221    7.59154781959498)
9 2      - (2000002    -144.706937530693)(2000211    -113.850287725888)(1000000    -237.554245208137)(2000201    -402.746529681222)(2000221    565.186228205662)
0 8      - (2000201    270.951069355844)(2000111    648.793635844083)
2 7      - (1000000    223.533773632923)(2000002    -480.696962840535)(2000101    -42.9077082388191)(2000121    639.196254018209)(2000012    869.249524096154)(2000211    93.2309459824317)
6 2      - (2000111    368.666555320663)(2000002    1346.55274751516)(2000201    643.19356450046)(1000000    1334.09570836366)(2000022    1257.62648630206)(2000211    761.980051148669)(2000101    323.912448488124)(2000012    1368.93384987541)(2000221    123.609419175908)
6 5      - (2000002    518.15359125175)(2000201    -416.558798509315)(1000000    937.72057651276)(2000101    66.3563534786717)(2000012    1339.75091259768)(2000211    385.859887694569)
7 0      - (2000201    230.139368514633)(1000000    452.722880379949)(2000211    417.497129649891)(2000101    521.16079881072)(2000002    1089.19107547162)
4 7      - (1000000    201.094573174631)(2000201    -164.61194790504)
1 7      - (1000000    270.604197769662)(2000012    845.903651448366)(2000022    396.970850865943)
3 7      - (2000012    -8.91047345016824)(2000111    -6.00698230011216)(2000211    -311.427727433005)(2000201    -207.618484955337)(2000221    394.410200646706)(1000000    586.438354001535)
6 0      - (2000121    125.313308539742)(2000012    1331.02985306414)(2000201    192.862483128977)(1000000    976.395143634276)(2000111    -166.817338930969)(2000022    737.834823385439)(2000211    905.404942151038)(2000002    1061.21853103684)(2000101    240.198950570549)(2000221    809.621923575057)
1 8      - (2000002    141.871710644022)(1000000    133.870158737223)(2000121    192.013716040634)(2000111    477.899917708205)
6 4      - (2000012    495.724454285976)(2000111    229.978878900642)(2000002    1353.76252522607)(2000201    427.758590414103)(1000000    409.676730186526)(2000101    585.671937383987)(2000211    598.578953128056)
8 1      - (2000101    263.862173545433)(2000012    300.234538589101)
4 8      - (2000201    -361.849696334005)
8 2      - (2000101    619.74910974797)(1000000    1550.06958950115)
6 6      - (2000002    1299.4061271305)(2000121    670.986118938035)(2000211    -410.964217137747)(1000000    -769.161585231915)(2000111    367.946900145244)(2000201    83.5284646909355)(2000012    377.542363429297)
5 7      - (2000111    -192.905642017331)(2000221    122.556698992723)(2000201    209.634857194905)
2 9      - (2000201    -154.025452149181)(1000000    151.235474724519)
2 8      - (2000211    -724.294046186958)(2000002    971.286456342895)(2000101    381.446802549558)(1000000    437.593855977993)
6 7      - (2000201    -96.2477447300896)(2000101    151.318426978291)
8 4      - (2000201    -580.072448965359)(2000101    596.855944375756)(1000000    -174.002560082751)
3 9      - (1000000    22.3199895208905)
6 8      - (2000201    263.211954659418)
5 8      - (2000002    115.672933229766)
8 3      - (2000002    925.637662250127)(2000211    59.6369373848969)
7 5      - (1000000    932.727986122534)
4 9      - (2000111    -547.887769156237)
0 7      - (2000002    1005.14671963292)(2000101    -270.606974869156)(1000000    821.006678734537)(2000111    480.289461849184)
5 9      - (2000101    -582.292274870027)
1 9      - (1000000    -96.3178656279524)(2000002    -84.8080768385069)(2000121    395.624183069956)
9 5      - (2000101    657.351809960124)
7 3      - (2000211    283.892198982217)(2000101    -10.7117047219925)(1000000    422.433418764134)(2000002    1299.42570376378)(2000022    691.806035806484)(2000121    461.204023870989)
10 0      - (2000101    -94.2133217671106)
0 13      - (2000201    988.816262175419)(2000211    1003.7351531784)(2000111    968.432191593915)(1000000    1340.53980433013)(2000101    1036.22565673226)(2000002    1112.18690404887)(2000012    1329.39658698829)
2 12      - (2000201    590.047415513151)(1000000    1344.03243503584)(2000002    776.250046788978)(2000012    1350.03523482899)(2000101    1059.21872728434)(2000211    799.159228121528)(2000111    1064.34848662172)
15 2      - (2000101    349.196187252505)(2000201    331.701786483958)(1000000    1234.55351135611)(2000002    1347.80507887861)(2000111    -134.948056378469)(2000022    730.217623330499)
15 1      - (2000012    1057.36339082748)(2000101    357.917810708388)(1000000    725.501713660989)(2000002    1365.47328124112)(2000211    360.269597033512)(2000221    73.8659586052003)(2000201    343.994110792075)
12 2      - (2000002    1421.59187960228)(2000101    1076.5313855599)(2000201    890.842511009758)(1000000    1364.28597628221)(2000012    1004.56652914221)(2000211    984.999333891651)(2000022    292.349997610165)(2000121    90.8001202453599)
13 1      - (2000002    1189.63352055399)(2000101    887.111879097723)(2000221    381.830095887073)(1000000    1092.29929480831)(2000201    853.338854670452)(2000012    1357.13040973116)(2000211    681.40370181294)
0 12      - (2000201    953.510880744377)(2000101    925.288672983975)(1000000    1320.66814880763)(2000002    1329.93786005576)(2000211    504.159576579491)(2000121    -33.4931052841089)(2000111    324.650714258946)(2000012    663.223751514212)
3 14      - (1000000    1252.45763012758)(2000002    1346.19895726432)(2000101    638.560495172847)(2000201    534.104735709257)(2000111    872.297856414521)(2000022    676.383492011747)(2000012    1160.03743104501)(2000211    867.524019528732)(2000121    525.350328703244)(2000221    582.859868832502)
12 1      - (2000201    647.705522054911)(2000002    1366.00313946889)(2000101    539.470427405148)(1000000    1296.61789911028)(2000211    592.860873755231)
15 0      - (2000002    1366.88823446338)(1000000    1050.14174165883)(2000201    388.266429108414)(2000111    529.076607113591)(2000221    441.399648715352)(2000121    -33.0082821253483)(2000012    1126.75839025591)(2000101    368.219380827624)(2000211    577.3206352324)(2000022    402.633262205199)
2 15      - (2000022    700.98722988542)(1000000    943.710435870896)(2000211    854.069627640328)(2000012    1353.02021920671)(2000101    333.171453867312)(2000201    529.140897162651)(2000002    1353.99552887805)(2000111    759.823369618299)(2000121    542.794200316108)
2 14      - (1000000    1348.30368640045)(2000101    1029.69947850843)(2000002    1356.8262279428)(2000201    606.427862456886)(2000211    866.673565094675)(2000111    855.022123492075)(2000022    373.920637614529)(2000121    408.138396427198)(2000012    1317.82155656327)(2000221    93.4816057123715)
1 15      - (1000000    1325.78714825611)(2000101    671.785987329951)(2000211    540.667897385715)(2000002    1347.99994272421)(2000201    578.774224579013)(2000121    185.725717588559)(2000221    681.404926915242)(2000012    1333.75734776018)(2000111    493.531173743576)
13 0      - (2000002    1030.83342816525)(2000101    762.938433239835)(1000000    1203.31020358635)(2000012    1252.42134463308)(2000211    198.202211791966)(2000201    601.859992513185)(2000111    293.051224427331)
16 3      - (1000000    449.502860861953)(2000211    201.101080640697)(2000101    334.354468757329)(2000201    378.036798363902)(2000002    1382.86247504909)(2000022    406.977571883024)(2000111    569.445075018386)(2000012    836.706284909465)(2000221    618.303159978052)
1 14      - (2000101    750.612589491989)(2000201    834.402830964816)(1000000    1310.01707518214)(2000211    288.632628244453)(2000002    1353.38117218234)(2000012    1353.35093344474)(2000121    434.608707178782)(2000111    988.047768917522)(2000022    402.620280521429)
0 15      - (2000101    672.961313015029)(1000000    1323.51871342803)(2000002    1308.11487494615)(2000211    1103.99483153268)(2000121    -0.5)(2000201    902.974918185106)(2000111    576.97800645557)(2000012    1349.20911416768)(2000221    342.162291513927)(2000022    703.534935568801)
1 13      - (1000000    1337.89128061673)(2000101    1017.35991598185)(2000002    1355.72139782225)(2000012    1356.62813443854)(2000201    818.988332522383)(2000211    805.261594035945)(2000111    715.623448871398)(2000121    -99.206480365252)
2 13      - (2000201    1298.9908488903)(1000000    1341.55881619417)(2000002    1193.79744069132)(2000012    1353.18264949258)(2000101    1006.50993507476)(2000211    991.912926675874)(2000121    400.195927715409)(2000111    1067.45038225008)(2000022    1075.62010552113)(2000221    325.322785096365)
0 14      - (2000002    1007.12904706185)(1000000    1343.85319241079)(2000111    852.585613290093)(2000101    913.336075263337)(2000211    600.922203088464)(2000012    1341.40923544011)(2000201    912.684242256846)(2000022    894.095690434024)(2000221    83.3653454084735)(2000121    365.730535020344)
17 0      - (1000000    382.989382857127)(2000012    592.703154478284)(2000121    686.403793344981)(2000201    379.988004467608)(2000101    378.705801298776)(2000002    1356.05853187916)(2000221    1277.29573979571)(2000022    492.572336081354)
12 0      - (1000000    1365.00143506935)(2000201    1337.48762609936)(2000101    1033.61463200688)(2000002    1144.43871917934)(2000211    512.193810191603)(2000111    -10.7655833446657)
14 2      - (2000002    1364.42483643908)(2000201    475.795627260505)(2000022    288.647969629457)(1000000    1351.25997756736)(2000101    709.214573663577)(2000111    736.599281481864)(2000211    592.879939651155)(2000121    -134.024755520081)(2000012    1224.78933056135)
16 0      - (2000002    1358.01561251081)(1000000    422.625901006336)(2000211    379.16376742323)(2000101    429.12170723697)(2000201    340.7599190428)(2000012    1248.71648255367)(2000022    604.053532700829)(2000121    576.180220191506)(2000221    576.255220191506)
0 16      - (2000002    1352.42785224565)(2000201    666.186025508843)(2000211    903.050125736512)(2000221    1196.0962110035)(2000101    362.292735581751)(1000000    1207.93498126292)(2000111    940.017840151526)(2000012    1184.07560607229)(2000022    507.381300415602)
13 2      - (2000101    778.004587822197)(2000002    1359.41099376935)(1000000    1250.57400154196)(2000201    1094.44718732595)(2000211    328.370481295558)(2000121    432.539545066817)(2000022    899.679843873139)(2000111    759.307482627156)(2000012    961.52572866626)
17 3      - (2000101    337.638999985798)(2000002    1376.58175875872)(2000201    380.644424862858)(1000000    525.272087839449)(2000012    -253.570504055473)(2000121    1378.4043236396)(2000211    464.278698013515)(2000221    1133.14800266401)(2000111    1029.69655261449)
3 15      - (2000211    555.036030467126)(1000000    1316.67923283525)(2000101    506.572136408519)(2000002    1350.44280129841)(2000201    349.285863096123)(2000022    457.855046268728)(2000111    690.643793605348)(2000012    1279.18618523704)(2000121    614.806660925099)
3 16      - (2000002    1353.64737511337)(1000000    1344.65340866227)(2000111    1094.56590816472)(2000101    383.949560736862)(2000012    1235.99768989941)(2000201    411.861535382882)(2000211    486.36099564788)(2000221    403.753325193767)(2000022    1060.09213897594)(2000121    417.643765293617)
1 18      - (2000101    818.320801689519)(2000201    402.81197054907)(1000000    1307.58169068758)(2000002    1299.75456106529)(2000111    1131.04543511796)(2000211    254.770870350849)(2000012    486.549811611059)(2000022    1319.892326485)(2000121    694.346722320154)(2000221    880.848446513942)
15 3      - (2000201    356.491679465129)(1000000    654.143576007569)(2000002    1360.2748797791)(2000101    315.178252744753)(2000211    -145.437255402275)(2000111    1101.09222112102)(2000012    801.111392545542)
1 19      - (2000201    564.720673240697)(1000000    1270.43867436817)(2000002    1209.71269944309)(2000101    642.366279235547)(2000111    1365.85688683594)(2000121    1328.08753398866)(2000012    651.432185615269)(2000022    600.111122894732)(2000211    533.091410303585)(2000221    1062.41629973819)
18 2      - (2000002    1383.1540811913)(1000000    362.386344291298)(2000201    273.553467599364)(2000012    605.406832789996)(2000101    372.715899821765)(2000111    530.13856279367)(2000211    762.694585798303)
3 18      - (2000022    1303.22485152251)(2000101    697.881961208765)(2000002    897.388940199542)(2000111    1316.2282866104)(1000000    1212.13664240286)(2000211    827.198106899094)(2000201    514.342024370614)(2000221    646.676456911593)(2000012    928.178613601633)(2000121    874.035398331004)
1 16      - (2000201    361.262695534501)(1000000    1109.27399126831)(2000022    297.614841171913)(2000101    370.31545672042)(2000012    791.258210348798)(2000002    1352.63579429992)(2000221    1082.76128068587)(2000211    372.787562650879)(2000121    526.974309828825)(2000111    486.528751582845)
0 17      - (1000000    1376.79364176638)(2000101    349.971296822413)(2000002    1356.44810299131)(2000201    342.930678467024)(2000022    1015.12348040252)(2000121    1086.95665699446)(2000211    265.270111616039)(2000012    950.447283362279)(2000111    1247.26373220241)(2000221    1234.23588224116)
18 3      - (2000121    1329.7877521313)(2000002    330.953272164067)(1000000    446.596495390922)(2000101    801.343224068974)(2000201    -132.885059557007)(2000022    431.405779885587)(2000012    795.891594649606)(2000211    601.826316284064)(2000111    629.576913009367)
1 17      - (2000012    1103.94096449443)(1000000    1326.70905796157)(2000002    1352.91479722282)(2000201    404.27270383741)(2000101    400.807954293278)(2000221    917.562711293854)(2000111    1209.27511532922)(2000121    1145.59289217881)(2000211    517.365530976134)
2 19      - (2000121    916.903746697565)(2000002    584.598765881519)(2000012    692.316851116298)(2000111    1184.69930373452)(2000201    647.809235667654)(1000000    1101.62763805354)(2000101    569.389042052128)(2000221    854.490638049505)(2000211    76.7965817494489)
3 19      - (2000111    1399.04277326808)(2000221    923.508286189999)(1000000    1102.4677393595)(2000002    1156.64838310049)(2000201    621.961009830521)(2000101    497.749371345162)(2000211    277.857295779616)(2000012    811.616463747201)(2000121    1046.78621783857)(2000022    895.705078482396)
17 1      - (2000101    314.83965514577)(2000201    548.273110227743)(2000121    925.911317912482)(2000002    1356.70517194594)(1000000    764.632107030706)(2000221    810.620545724171)(2000012    456.67959568583)(2000211    49.9997123512559)(2000022    352.128837673073)
3 13      - (2000101    625.46972268257)(2000201    1008.21121321964)(1000000    1337.32417607959)(2000002    1340.71703102301)(2000111    854.520291835054)(2000012    1344.51356030706)(2000211    1108.9169181835)(2000022    476.764149841225)(2000121    216.859146883972)
12 3      - (2000002    1334.51397401419)(2000101    738.183606133683)(1000000    1251.62832341821)(2000211    504.938260267088)(2000111    657.01630393237)(2000201    778.167372000465)(2000012    790.564269443017)
3 17      - (2000101    777.458202253763)(2000022    927.410567818297)(1000000    1376.94074774564)(2000201    482.765659092315)(2000002    1362.09208879481)(2000211    1086.82024563677)(2000012    813.305958646388)(2000121    1172.8650203955)(2000111    1141.66339763061)(2000221    467.524641397393)
0 19      - (2000201    617.314553583669)(2000101    779.416605966615)(1000000    1181.17721907329)(2000111    1115.92494450073)(2000221    1156.28999868993)(2000012    592.369335401849)(2000022    1062.04800426872)(2000211    822.401527106696)(2000121    1306.1316322108)(2000002    1163.46748453033)
3 12      - (2000201    735.679892308734)(1000000    1344.85451122194)(2000012    1347.60975903707)(2000101    1020.60249208262)(2000111    1197.88515856017)(2000002    1344.07317098983)(2000211    935.890951376897)(2000221    168.112985039298)(2000022    390.844791078187)(2000121    389.655239789212)
2 16      - (2000022    1155.29818229592)(2000002    1344.95137315245)(2000211    423.471883342064)(1000000    1336.69775173232)(2000221    549.029862491525)(2000201    704.831311962137)(2000101    440.987461459118)(2000111    817.057324784695)(2000012    1099.64827277084)(2000121    323.292390864539)
18 0      - (2000201    394.388971039258)(2000002    1354.69842044702)(1000000    515.494860776927)(2000121    925.25498627759)(2000211    26.6482909067426)(2000012    907.558535655096)(2000101    304.881635558142)(2000111    1469.36376565582)
13 3      - (2000201    1074.48729508626)(2000101    993.204574871291)(1000000    1214.32898120484)(2000002    1129.59935158539)(2000022    312.352615642804)(2000012    1342.02691552642)(2000111    848.911181209964)(2000211    763.089840815485)(2000121    78.7049940685285)
0 18      - (2000201    619.766722259097)(1000000    1316.06248867078)(2000111    811.276876027813)(2000121    1067.6571321818)(2000101    545.198535443185)(2000002    1321.81114779615)(2000022    1219.23682680398)(2000211    573.310341302883)(2000012    488.349802912956)(2000221    862.912864766802)
14 3      - (2000012    572.508660387092)(1000000    1188.27088211539)(2000201    723.166721362615)(2000111    -44.2683554633509)(2000002    1393.51630668819)(2000211    430.104597843003)(2000101    579.181837990483)
14 1      - (1000000    1192.47116000476)(2000201    525.104806644395)(2000101    730.491411671096)(2000002    1361.87742902642)(2000211    379.848980712225)(2000012    1143.78751995143)(2000111    732.278149155158)(2000221    81.8282518464987)
14 0      - (2000022    400.671564705421)(1000000    1319.41706558403)(2000211    978.607090842368)(2000002    1356.51502729782)(2000012    1250.77385867483)(2000101    965.521619773527)(2000111    1042.98123313554)(2000201    765.498473046669)(2000121    139.107755197143)
19 1      - (2000101    540.697834494076)(1000000    954.789335146309)(2000211    213.797568192474)(2000022    944.785157298859)(2000201    200.460777895)(2000221    1336.09932654857)(2000002    1198.6479925957)(2000111    1356.63274397944)(2000012    885.301531559365)
1 12      - (1000000    1326.85737607941)(2000101    1122.20923509071)(2000002    1062.55058812728)(2000201    906.416851586268)(2000211    143.678861801637)(2000012    1356.20545754515)(2000111    435.26595748432)(2000221    -88.709884882303)
2 17      - (2000101    527.390564816281)(1000000    1342.82048183329)(2000002    1350.69175730995)(2000211    394.955551419421)(2000201    443.658862729912)(2000012    510.930738000544)(2000022    1437.21658559204)(2000221    1069.32580418175)(2000111    975.917952875738)(2000121    817.995066680243)
19 0      - (2000201    587.423453445282)(2000002    1149.43915316196)(2000101    265.357753496625)(2000211    882.470734240657)(2000012    1135.92511311089)(1000000    1196.79743000899)(2000121    808.749870563496)(2000022    1042.2690696398)(2000111    1257.64981287973)(2000221    522.107200330515)
19 3      - (2000101    1106.2343433019)(1000000    1002.36889489972)(2000002    789.684556972141)(2000201    585.428280376674)(2000211    370.704325206703)(2000121    954.273787673111)(2000221    1264.7675504656)(2000012    723.333184046474)(2000111    397.437068138739)
2 18      - (2000002    1349.26652160408)(1000000    1365.11810857927)(2000101    495.456294617681)(2000221    1199.51047613115)(2000111    1293.20239190506)(2000201    340.603983277224)(2000012    1032.75814092642)(2000022    1043.95407152178)(2000121    518.933840070561)(2000211    747.194436466424)
16 2      - (2000211    -84.4368858353229)(2000012    845.734631979554)(2000101    343.556577813836)(1000000    704.580974067874)(2000002    1358.66178259989)(2000201    388.461946115806)(2000022    518.183840070561)
8 7      - (2000101    67.6253234736325)(1000000    65.6841108894415)(2000002    1014.19128895261)
16 1      - (2000201    361.643393028759)(1000000    546.796265588352)(2000211    24.0622417254215)(2000002    1356.36598365654)(2000101    369.80172041196)(2000012    537.416129178678)(2000111    1162.44086268592)(2000022    526.350306828521)
18 1      - (2000211    734.254771118379)(1000000    704.453424750078)(2000201    224.260366597567)(2000012    439.413606643437)(2000002    1381.27536036031)(2000121    415.09686708092)(2000111    1359.4216202251)(2000101    686.037070798479)
17 2      - (1000000    423.970970550542)(2000201    337.082421358553)(2000211    -250.963997214462)(2000101    403.844167240989)(2000111    978.593661945606)(2000002    1394.23848456762)(2000221    1218.45103175558)(2000022    648.250000972297)
19 2      - (1000000    731.069765024134)(2000121    991.395840278282)(2000201    219.30542462848)(2000101    1294.23546560025)(2000002    1127.58340361195)(2000211    909.963362616628)(2000221    793.122695496112)(2000022    970.363110452576)(2000111    1375.82958529)(2000012    574.526694110677)
7 8      - (2000012    593.879661740838)
0 22      - (2000121    569.67881073382)(2000022    379.785873822546)
9 3      - (2000012    565.404436974543)
5 17      - (1000000    403.678325193767)
7 6      - (1000000    527.237791703868)(2000201    70.12603078328)(2000002    805.82314049826)
10 4      - (1000000    767.81548264127)
8 6      - (2000201    -67.027565914424)(1000000    -54.4176590559493)
9 4      - (1000000    999.054510082358)
3 10      - (2000002    492.934119709735)(1000000    484.020428606198)
8 5      - (2000101    -242.182601940503)(2000002    1009.40972140392)
13 5      - (1000000    579.345610613053)
1 11      - (1000000    407.839900772091)
2 10      - (2000201    13.5050064506679)
0 11      - (2000201    13.4855179736692)

