180
0 0      - (2000002    1097.14309002589)(2000201    325.903233886466)(2000101    300.543478542387)(2000121    865.618256189541)(1000000    941.855357294008)(2000221    1103.05725616402)(2000111    776.224284806268)(2000012    1108.20739575099)(2000211    911.346269731695)(2000022    1116.68863869622)
2 0      - (2000022    1160.91909811687)(2000211    663.178404427335)(2000101    582.228356321207)(1000000    544.0612696466)(2000002    1134.62259459653)(2000201    219.515565042869)(2000111    1162.04735424623)(2000221    982.335765195502)(2000012    580.708771604251)(2000121    913.306908596775)
1 0      - (2000012    740.008122699403)(1000000    670.323775717764)(2000201    187.736325519097)(2000101    816.098845493971)(2000002    1133.16562139545)(2000111    1172.20281387899)(2000211    472.796499253928)(2000121    968.316579642803)(2000221    784.371817841474)(2000022    1172.48161541346)
0 1      - (1000000    400.593668913283)(2000002    989.836622534972)(2000121    981.85898599404)(2000201    249.185340693184)(2000012    927.313395707381)(2000101    427.510777879346)(2000022    1179.21225183474)(2000111    430.088808379219)(2000211    458.616369023704)(2000221    695.729600858928)
1 2      - (2000101    914.559619779593)(2000002    518.160888197971)(1000000    458.215047113844)(2000121    842.565188945243)(2000211    824.191865112704)(2000022    1143.5341023566)(2000201    189.710563274138)(2000221    975.81211306481)(2000111    652.737960789332)(2000012    693.387934090381)
2 1      - (1000000    580.39506514443)(2000201    260.098339815356)(2000002    977.983612010855)(2000101    470.5829762582)(2000111    714.804275072859)(2000012    632.069733768269)(2000121    880.769985222827)(2000022    1140.22044946193)(2000211    751.463669604542)(2000221    855.294856438987)
0 3      - (1000000    559.903668476822)(2000002    1099.89044403773)(2000101    259.919612516043)(2000201    252.881894459669)(2000012    728.37971346646)(2000111    1146.50523428862)(2000022    1146.70289485023)(2000211    754.836524709334)(2000121    1076.17284123996)(2000221    592.327446997647)
2 2      - (2000201    554.468487236361)(1000000    384.438281957065)(2000101    544.280858648715)(2000022    1131.29642718434)(2000002    1132.19385560151)(2000111    1141.66765357998)(2000211    385.082141837246)(2000012    935.260781972074)(2000221    1044.73410673882)(2000121    1080.86813551722)
3 1      - (2000101    477.499469258563)(1000000    569.320698278728)(2000111    929.724731787275)(2000002    480.998114025149)(2000221    1075.42364378317)(2000211    465.119026602338)(2000201    414.390080949553)(2000012    378.514181104371)(2000121    1054.0688036926)(2000022    1138.56154502187)
3 3      - (2000002    1074.9513233545)(1000000    372.578756189371)(2000201    467.534955118057)(2000121    1066.59920750327)(2000221    975.789585436354)(2000211    596.835654725278)(2000111    977.432158890694)(2000101    934.8698058602)(2000012    618.91537978983)(2000022    1145.07143871874)
0 5      - (2000221    860.315059649659)(2000101    634.681992832555)(2000002    1011.71000289883)(2000201    371.777129117642)(1000000    634.832329551781)(2000022    1148.82416858849)(2000121    713.86720096936)(2000211    366.594241548702)(2000111    507.808066546971)(2000012    768.605500365128)
4 1      - (2000101    246.144484047869)(1000000    710.822742420498)(2000201    224.338910589202)(2000121    1008.92833370516)(2000012    583.901313151676)(2000002    1041.98720814581)(2000111    701.599932853505)(2000211    1125.99769121214)(2000221    741.015012123954)(2000022    1139.49746580239)
4 2      - (2000201    673.021441068556)(1000000    377.051349380767)(2000022    1145.97823025977)(2000002    1061.66142568214)(2000101    493.758536716117)(2000211    668.502731499115)(2000012    858.749726079339)(2000221    1079.16520713786)(2000111    797.363922924753)(2000121    966.627207391545)
0 4      - (1000000    584.527042732458)(2000201    365.042633816685)(2000002    973.245989668138)(2000111    652.941301989771)(2000101    487.943217532858)(2000211    1040.3351135978)(2000012    675.289499698458)(2000022    1144.12692717355)(2000121    257.671256644749)(2000221    843.8696869654)
5 0      - (2000101    296.263302872808)(2000002    997.387676375807)(2000111    1029.50005029797)(1000000    539.654603082322)(2000211    426.956149812037)(2000201    168.501771270536)(2000121    761.705866255631)(2000022    1152.6683162591)(2000221    646.536432177294)(2000012    832.758020766503)
1 1      - (2000012    531.061406472664)(2000211    207.987754054898)(1000000    752.513801421867)(2000201    161.117572090751)(2000002    1110.61805694698)(2000121    786.182629553892)(2000221    568.945116525465)(2000101    338.130616967145)(2000111    1078.76095888925)(2000022    1174.64245920799)
0 2      - (1000000    450.783792178154)(2000201    345.697560437791)(2000002    1017.84824535625)(2000101    532.6302470949)(2000111    530.433115735215)(2000121    894.180128340076)(2000211    727.929941700206)(2000221    896.853853496096)(2000022    1144.64030308407)(2000012    752.860149155093)
4 3      - (2000201    395.663277862292)(1000000    403.269525353741)(2000211    602.741378397396)(2000012    634.742021387704)(2000101    516.901673885873)(2000111    861.489063045942)(2000002    781.059336907387)(2000121    1143.41883438553)(2000221    833.540488917916)(2000022    524.873635423116)
2 3      - (2000211    386.940054905804)(1000000    484.268306943954)(2000121    883.157824739398)(2000111    1140.36867146947)(2000002    1094.15916652722)(2000201    520.948326873108)(2000012    644.875761721626)(2000022    1140.09867620956)(2000101    471.414713544261)(2000221    793.076296987544)
3 0      - (2000012    749.57254145848)(2000201    470.687219710463)(1000000    535.287301390838)(2000002    1083.48890424478)(2000111    1092.26469716118)(2000101    247.871636657787)(2000211    289.041373955326)(2000121    1036.29215499982)(2000022    1134.90876186694)(2000221    1042.14780830605)
1 5      - (1000000    474.333198104973)(2000101    505.517183304081)(2000002    952.146292419158)(2000201    519.449334874771)(2000012    602.927462838713)(2000121    1149.62395103456)(2000111    891.484390640057)(2000211    465.27561145037)(2000022    738.428470832495)(2000221    619.533877475828)
1 3      - (2000221    840.977308572219)(2000002    920.943292367981)(1000000    532.198065550428)(2000201    381.663107253917)(2000111    747.099417105866)(2000121    966.195331691569)(2000101    567.157351132793)(2000211    456.947576024733)(2000012    980.904166767125)(2000022    1137.13180120808)
4 4      - (2000012    570.93205536529)(1000000    505.104983471456)(2000002    1092.24966360651)(2000201    607.393934761583)(2000101    384.317274760675)(2000111    1109.98980896311)(2000211    560.662957292281)(2000221    1086.37948833346)(2000121    307.118015820673)(2000022    1160.22264374238)
5 1      - (2000012    650.602624157262)(1000000    409.837986022291)(2000101    865.339218363094)(2000221    1101.28558526799)(2000201    509.701968118356)(2000111    221.629455038668)(2000002    592.630909403313)(2000211    654.220194820854)(2000022    765.259391297174)(2000121    588.120589537388)
3 2      - (2000002    1004.66885223727)(2000201    326.263337837883)(1000000    449.059294696061)(2000221    1142.20819426739)(2000111    918.798151853258)(2000022    683.953992833591)(2000101    407.349884555207)(2000211    548.842681137572)(2000012    724.321001890326)(2000121    865.584616508647)
5 3      - (2000221    551.249064646588)(2000111    579.797915761677)(2000201    215.409465928014)(1000000    433.171979541245)(2000121    -599.404177358149)(2000002    910.634140780287)(2000101    184.733209250875)(2000012    855.895931001122)(2000211    211.09231686529)(2000022    953.84948543293)
4 0      - (2000201    318.497994579713)(1000000    437.774301870559)(2000101    299.062497674682)(2000002    987.764135155566)(2000211    699.708098512003)(2000111    715.376881194005)(2000022    1148.930182205)(2000012    566.523230522504)(2000121    472.664043060082)(2000221    832.438783926352)
6 4      - (1000000    627.000085777396)(2000201    64.0736975137279)(2000002    944.165505059629)(2000211    -580.415962130911)(2000121    302.281490620498)(2000101    -120.989238743982)(2000012    1128.74557479949)(2000111    484.336877887985)(2000022    331.247570347406)
5 2      - (1000000    431.532253178684)(2000002    967.171853589736)(2000201    356.449281557578)(2000211    -226.996246553005)(2000101    266.801586448693)(2000221    610.698176511679)(2000111    503.416726252313)(2000022    1158.3733859795)(2000012    770.125455604218)(2000121    776.26940785559)
6 3      - (2000101    415.946086529071)(2000012    697.160658648518)(2000002    893.660927340018)(2000221    552.36718926437)(1000000    556.726745698469)(2000111    272.808462864127)(2000211    -192.381793724186)(2000121    901.238332541084)(2000201    134.352236898913)
1 6      - (2000101    369.673607204683)(1000000    650.590700279636)(2000002    1009.66808311099)(2000211    -202.598170385185)(2000111    518.600069376878)(2000201    34.063227098457)(2000221    1132.25789684598)(2000012    494.256872295914)(2000121    282.911579471493)
5 4      - (2000211    -220.681525617575)(2000101    763.690033955993)(1000000    187.083915486482)(2000002    298.08186122651)(2000111    -370.854376886109)(2000201    272.639225157465)(2000012    941.761124208782)
1 4      - (2000012    530.157420534589)(1000000    625.676810943576)(2000002    581.336179038505)(2000101    275.649446870854)(2000201    283.067025998718)(2000221    798.010707171952)(2000022    1138.91750575621)(2000111    499.085520727849)(2000211    565.624893867644)(2000121    935.705682202252)
2 6      - (2000111    216.52216311774)(2000201    361.265258677018)(2000012    1138.51971766249)(2000221    650.666993311051)(1000000    543.631063524339)(2000002    325.931780529171)(2000121    486.917066206355)(2000101    209.17593660513)(2000211    -370.460934266309)(2000022    272.182054676007)
5 5      - (2000101    465.176840163355)(2000201    186.948453347598)(1000000    666.738286598111)(2000002    469.018739598177)(2000012    -2.7047952316953)(2000211    265.666004681691)(2000111    1099.77811808447)(2000221    339.210441279648)
3 5      - (2000111    154.78992266121)(2000201    486.595533186753)(2000002    1053.55381785889)(1000000    505.565244214516)(2000211    -198.282017031971)(2000121    1170.47445647142)(2000221    800.150719394522)(2000012    843.734577565622)(2000022    869.437465703007)(2000101    476.085017958932)
2 4      - (2000201    440.267554531944)(1000000    517.818651711096)(2000111    1107.00720607152)(2000221    1059.1391616999)(2000211    561.096848258613)(2000022    1148.68929970572)(2000002    1112.50191074766)(2000121    875.493678669559)(2000012    680.970637475629)(2000101    520.338326447299)
0 6      - (1000000    585.272514736191)(2000002    633.737277461976)(2000101    248.269514353309)(2000111    467.715901371594)(2000201    201.903022114328)(2000121    101.29163695924)(2000211    114.422743341763)(2000012    962.522934758702)(2000221    255.709600956006)(2000022    395.839979154327)
4 6      - (2000201    322.617055419869)(2000012    770.340197819948)(1000000    719.738229836672)(2000101    91.4686988263401)(2000002    156.876143240698)(2000111    1146.80863260459)
2 5      - (1000000    675.636578671616)(2000002    464.42450214731)(2000012    559.727918598129)(2000201    364.713969001364)(2000101    469.114318546771)(2000111    1149.75366182513)(2000221    829.695490997851)(2000211    504.620439061559)(2000121    1131.88754225944)(2000022    286.518355929767)
2 7      - (2000111    -430.942738999831)(2000211    -0.54183288934712)(2000121    150.841689579358)(1000000    808.449040290437)(2000012    864.595525980125)(2000201    47.3904278437989)(2000221    318.902356696997)(2000002    22.1469761251139)(2000101    55.9286133474844)
3 4      - (2000002    1016.55581736674)(1000000    371.455827227861)(2000211    839.105612784577)(2000201    301.378367853729)(2000012    736.029165634008)(2000101    473.735527378102)(2000111    1003.77948231162)(2000022    1154.06598038124)(2000121    960.903180232295)(2000221    482.543866328436)
7 4      - (2000111    -390.796734039223)(2000211    418.49163248809)(2000201    77.2550669012602)(1000000    324.218866346766)(2000002    416.191544482675)(2000221    294.493738631951)
6 0      - (2000022    24.7568102161313)(2000211    112.947110770893)(1000000    759.734067659702)(2000002    737.439822916127)(2000201    -21.4437206226156)(2000121    1157.78069818833)(2000012    90.9051372763837)(2000101    892.585169696621)(2000111    334.92990208585)(2000221    288.826200085846)
1 7      - (2000201    -122.814734528169)(1000000    580.568790137571)(2000101    318.026575371462)(2000012    929.518597141775)(2000121    495.846655547099)(2000022    495.846655547099)(2000002    1015.9899810695)(2000211    32.9718855648604)
0 8      - (1000000    410.500247891723)
4 5      - (2000211    754.420646226132)(2000002    892.199202132611)(2000111    34.7248379382614)(2000012    407.034637723726)(2000201    249.613579071917)(1000000    633.881319031619)(2000101    382.543808830666)(2000221    234.022467878128)(2000022    1179.61717585924)
8 1      - (2000201    41.1914383631002)(1000000    346.86677504489)
6 9      - (2000211    -454.265696656566)
6 2      - (2000211    478.022658065854)(2000002    504.167358337845)(2000201    308.923063990444)(2000012    339.193695990244)(1000000    620.495372209198)(2000121    895.964039535708)(2000101    319.160464352365)(2000111    1082.41222803126)(2000022    163.699512946205)(2000221    427.702411657522)
0 7      - (2000002    887.524895748566)(2000101    -109.952274867763)(2000111    420.731286318053)(1000000    883.452350121184)(2000201    185.134567376124)(2000221    384.647832904307)
3 6      - (2000211    625.775530324663)(2000002    917.215037124659)(2000101    -45.7468558663923)(1000000    556.57982442485)(2000201    -55.1523450644783)(2000111    926.443818666204)(2000221    337.653228451861)(2000121    290.53009073189)
3 7      - (2000201    207.255514479617)(2000111    278.747639839642)(1000000    708.326066476708)(2000101    128.137248883245)
5 6      - (2000111    -228.975827939658)(2000201    -154.589070242408)(2000101    -222.01269438371)(2000002    406.270485190964)(1000000    411.617795849574)(2000022    361.623619539841)(2000221    380.43234200313)(2000012    280.472848075002)
6 1      - (1000000    691.62965488228)(2000201    184.826344185062)(2000002    1049.62328729953)(2000101    209.9648403703)(2000121    794.03930212114)(2000211    44.219103261847)(2000012    1138.52994547302)(2000221    471.214784675496)(2000022    629.63839945596)
8 5      - (2000111    180.215882673605)(1000000    496.407738809135)(2000201    271.881644390911)
8 0      - (1000000    302.79215308843)(2000121    297.982825993196)(2000201    322.644559983123)(2000101    313.07541343647)
8 2      - (2000201    -685.259386717301)(1000000    508.44818952258)(2000002    732.909035581832)
6 5      - (1000000    544.832063196698)(2000002    -8.1501675286965)(2000201    -280.953443473199)(2000101    589.795659416526)(2000211    273.224311010803)(2000111    28.3401535849775)(2000121    11.5585629654343)
4 8      - (2000002    -19.7888664799038)(2000201    -180.813304926684)(1000000    217.470791381843)
4 7      - (1000000    944.350071477384)(2000002    -169.960758425976)(2000211    -49.8466644318488)(2000121    1088.59922384161)
9 0      - (2000111    -205.071347595652)(2000002    1053.79280725334)
0 12      - (2000012    609.05694278127)(1000000    1190.43244536888)(2000101    703.078154579837)(2000002    1177.42360259451)(2000201    392.952042729288)(2000022    845.374502064515)(2000121    1031.17838508257)(2000111    421.60295823613)(2000211    654.669934674336)(2000221    771.218708678437)
1 12      - (1000000    1113.28168255388)(2000201    163.973246092219)(2000101    716.293824208878)(2000002    770.03589074579)(2000211    639.287249770699)(2000022    898.705299665421)(2000012    623.966093253583)(2000111    798.144290691063)(2000221    727.56442954789)(2000121    556.731054627692)
14 0      - (1000000    912.83745814258)(2000201    55.8570551629072)(2000002    1186.67819073579)(2000101    151.533724637704)(2000211    249.400089037362)(2000111    -251.25590235302)(2000012    826.963177001312)(2000221    161.989925741522)(2000121    1098.5811617155)
13 0      - (1000000    1166.56018749377)(2000101    228.648234379266)(2000201    254.267945432395)(2000111    670.422189665657)(2000002    663.730621393487)(2000012    850.810999127394)(2000221    788.255322994677)(2000022    651.438183320035)
12 3      - (2000211    449.295728412981)(2000012    639.303135524634)(1000000    1067.02352270631)(2000101    497.212729197229)(2000201    246.78702759385)(2000002    1155.65700043984)(2000111    856.925201806359)(2000121    408.823748912362)(2000022    590.889251332585)
12 1      - (1000000    918.678978974503)(2000201    163.860863766693)(2000101    445.041417650491)(2000002    861.666390228246)(2000121    261.897103311482)(2000221    432.120538095141)(2000012    284.6113476656)(2000111    916.08673669007)(2000211    35.7986468006671)(2000022    230.952826384827)
2 12      - (1000000    842.564990477563)(2000101    521.246697673848)(2000002    775.984370028489)(2000201    609.067828181488)(2000221    581.528590744621)(2000012    1126.06514989074)(2000111    392.152215806581)(2000211    796.166023049811)(2000121    579.489404905896)(2000022    518.063422970532)
2 15      - (2000211    667.277835033926)(2000101    483.172625867723)(1000000    823.738808716735)(2000201    241.323564455981)(2000121    883.931213452567)(2000111    614.934272045775)(2000002    1156.56049388693)(2000012    568.587861841106)(2000221    291.240837076047)(2000022    952.228456447576)
1 15      - (2000012    849.690873938797)(1000000    838.231098994127)(2000002    1170.30698710832)(2000201    410.282443483442)(2000101    346.910541533152)(2000211    774.868844332831)(2000022    1298.23851520708)(2000221    936.709414759434)(2000111    898.021320534296)(2000121    865.283335136908)
3 14      - (2000002    1170.52163603124)(2000012    793.780989876981)(1000000    1126.00448192757)(2000022    757.173696916588)(2000211    581.059908565428)(2000101    592.530763660669)(2000201    149.710000160762)(2000121    943.577505576833)(2000111    942.385454362396)(2000221    545.997480394563)
15 2      - (2000201    71.2990271047492)(2000002    998.621534892287)(1000000    992.989840013271)(2000101    532.566770102444)(2000012    744.109008660395)(2000211    285.647340094933)(2000022    828.375692072701)(2000111    703.761428727024)(2000221    265.120274789882)(2000121    376.392102568121)
1 13      - (2000211    953.762790542434)(2000111    1038.72491249176)(1000000    945.644573031051)(2000101    812.658916451629)(2000002    791.906728580395)(2000201    691.123524114939)(2000012    906.232314649675)(2000022    561.983398421517)(2000221    589.614202985101)(2000121    947.395284217099)
15 0      - (2000201    170.642513415786)(2000121    1132.59980877746)(2000101    372.653733841896)(1000000    701.078996800012)(2000002    1122.39304741822)(2000221    676.87444520346)(2000211    -259.672884541869)(2000022    724.048250166081)(2000012    961.076430676664)(2000111    345.026254733376)
2 13      - (2000002    1155.59146672024)(1000000    1244.0024384662)(2000111    875.087773485373)(2000201    861.497842804747)(2000221    880.214858541571)(2000211    559.294432294948)(2000022    1145.64061365348)(2000012    956.796877589132)(2000101    901.169366020961)(2000121    735.852652960939)
16 2      - (2000101    473.020848300582)(2000012    312.008528057385)(1000000    586.699741609351)(2000201    426.238576873472)(2000002    1052.0285170903)(2000211    32.858288491778)(2000221    735.334477879744)(2000111    782.536731563564)(2000121    1083.15343241376)
14 2      - (2000211    -169.062734025716)(2000101    582.832159773724)(1000000    745.615968936046)(2000002    1057.63771716176)(2000201    297.703637625463)(2000012    807.828438956942)(2000022    123.782874119307)(2000111    875.137297411585)(2000221    373.821598699697)(2000121    419.046548827707)
0 16      - (1000000    1092.61311963014)(2000002    1177.21499305949)(2000101    192.409795526875)(2000221    994.954569190848)(2000211    287.443455597764)(2000201    377.259060979821)(2000012    903.250032109621)(2000022    1192.38401121444)(2000111    1150.71751318095)(2000121    574.605958162552)
7 3      - (2000101    -581.350476703831)(1000000    736.40701195692)(2000111    725.885599572798)(2000002    827.632782555452)(2000201    43.4380138703685)
0 18      - (1000000    659.630700050098)(2000201    285.105447716211)(2000002    1011.16921799414)(2000211    408.012479720608)(2000101    443.003912873358)(2000012    873.216585407868)(2000111    1160.37274311653)(2000121    1016.18405038708)(2000221    688.50250145959)(2000022    1155.37054801709)
2 17      - (2000002    865.818188405504)(1000000    800.021393357499)(2000111    1070.01416940484)(2000211    560.518149399603)(2000201    548.433067329106)(2000101    350.824848697471)(2000012    725.233991434487)(2000221    872.265579571858)(2000022    1225.13428106376)(2000121    671.055974528494)
2 16      - (2000121    851.107663546561)(2000101    394.544745260332)(2000201    119.102928858543)(1000000    587.750502560674)(2000002    943.731829718104)(2000211    391.04738109683)(2000221    1050.71656499997)(2000111    304.990599371243)(2000012    835.700794849353)(2000022    830.777389509435)
18 1      - (2000101    432.67188976918)(2000002    636.755069625297)(1000000    769.201645296806)(2000201    273.95878100816)(2000111    329.420453376814)(2000221    1159.64200678098)(2000211    469.279379577679)(2000121    -316.881328395806)(2000012    452.173191400991)(2000022    374.256864489754)
13 2      - (2000002    1141.73178112168)(2000201    531.779369469117)(1000000    1020.3793995487)(2000012    696.521764758742)(2000211    -344.089021004587)(2000022    663.482652944339)(2000111    453.734279497818)(2000101    609.259882736612)(2000121    1026.08396533156)(2000221    68.4959837166655)
2 19      - (1000000    635.797479211308)(2000201    408.125186226011)(2000101    563.596250454922)(2000111    1123.6672666086)(2000211    493.828696362159)(2000012    909.094271856316)(2000002    1069.5275421593)(2000221    798.688630064943)(2000121    786.613525707094)(2000022    1172.8734456555)
2 18      - (1000000    1149.98518121966)(2000101    305.234750012748)(2000002    944.194407426404)(2000201    290.226764756406)(2000111    561.070949665587)(2000211    877.892578343062)(2000012    542.142327258759)(2000022    1169.97245606434)(2000121    791.452089378286)(2000221    877.008806680181)
3 19      - (1000000    1107.3522743237)(2000201    260.645069208256)(2000002    1059.29269869999)(2000101    275.620865804152)(2000111    1161.28493489094)(2000121    810.820194349902)(2000022    1171.99052507282)(2000221    1017.0214540947)(2000012    662.157493020254)(2000211    565.80663330203)
2 14      - (1000000    1134.74724072528)(2000101    225.922099537523)(2000201    546.93443316071)(2000012    768.379887115432)(2000002    1419.9971082996)(2000211    231.384606491579)(2000111    572.859779133313)(2000221    871.789854543267)(2000022    395.419688544417)(2000121    574.715666954189)
3 18      - (1000000    664.341864562533)(2000201    307.527515425503)(2000002    1174.8020105615)(2000111    476.284911345875)(2000101    538.264032823817)(2000221    736.422939995697)(2000121    1172.8741904001)(2000012    440.014239532323)(2000022    598.611967507434)(2000211    580.647413481519)
18 0      - (2000002    734.517742195729)(1000000    645.122341074109)(2000201    338.303332911945)(2000101    612.231355796477)(2000022    1059.19671903264)(2000121    1162.59952136281)(2000012    517.100359656325)(2000211    258.394074957619)(2000111    719.122766436068)(2000221    367.939199146479)
12 2      - (1000000    1064.39594302857)(2000201    -50.2411831801157)(2000002    1160.45099228896)(2000211    -8.07302338880308)(2000221    103.534435128907)(2000111    340.500871871592)(2000101    238.15432941824)(2000012    786.189211724523)(2000121    351.75916309983)
3 16      - (2000201    522.953783376797)(2000002    1148.41571776741)(1000000    792.799485273508)(2000101    350.095938665454)(2000012    621.515405643211)(2000121    1112.57164717221)(2000211    479.920050843419)(2000111    935.174108508032)(2000221    930.536386974789)(2000022    351.869417930752)
3 15      - (2000012    845.12155572901)(1000000    1169.65199781025)(2000101    514.784858315477)(2000201    170.865079004237)(2000002    1185.79232879313)(2000111    639.931149047351)(2000211    690.122932326115)(2000121    801.371730387364)(2000221    1045.32151522916)(2000022    1203.760596305)
3 13      - (2000002    1155.077899759)(2000201    315.75927622132)(1000000    1150.55293152983)(2000111    707.370509355522)(2000101    977.096907461842)(2000012    1010.7437623001)(2000121    927.813194628678)(2000211    522.003579421132)(2000022    541.308635255741)(2000221    560.905007058414)
0 15      - (2000002    1176.44716561199)(2000201    346.371413203578)(1000000    652.644648149675)(2000101    463.173200951285)(2000121    576.832601324528)(2000211    464.545566265283)(2000012    864.902901233239)(2000022    1161.59708392413)(2000111    754.969693148396)(2000221    730.847457166845)
0 13      - (1000000    1162.8840664275)(2000002    1148.33743657569)(2000221    -31.7552809613519)(2000201    327.603277107508)(2000012    1011.80239312553)(2000211    676.041671479919)(2000111    684.51997302727)(2000101    305.907356043747)(2000022    785.525865492385)(2000121    922.393685793875)
15 3      - (2000211    -378.617978103475)(2000111    657.05416269914)(2000221    320.889137374441)(1000000    378.31139994373)(2000101    285.623389415235)(2000002    1037.04641261168)(2000012    639.391770506045)(2000201    106.659663897184)(2000022    368.691665641202)(2000121    368.691665641202)
19 3      - (1000000    916.983445259412)(2000002    768.037305027065)(2000101    644.111225621359)(2000201    626.848291175705)(2000111    1108.20917954973)(2000012    760.151210891222)(2000211    31.2544616997582)(2000022    943.878011782242)(2000121    866.32460277191)
1 19      - (2000002    430.013778405446)(1000000    763.260623012403)(2000101    1028.94867318785)(2000201    413.451076853316)(2000012    1093.7669990852)(2000111    592.492606212934)(2000121    1191.84897124421)(2000211    634.267030136308)(2000221    901.79677788307)(2000022    298.461654710224)
1 14      - (2000211    484.575614342759)(2000002    1157.39114568992)(2000221    749.562710382274)(1000000    1156.10063520957)(2000012    848.177303908149)(2000201    368.549803810349)(2000101    292.057509873377)(2000121    899.103370092471)(2000111    818.526124514452)(2000022    1137.44566487906)
17 1      - (2000012    505.320800688623)(2000101    474.146208407954)(2000201    301.358715130555)(1000000    934.051095915453)(2000002    886.784205271548)(2000221    607.055952146336)(2000111    1072.40039646196)(2000121    637.645375172289)(2000022    553.065250882703)(2000211    443.697305392322)
3 12      - (1000000    1152.38673822961)(2000201    439.937309987945)(2000002    757.416797486165)(2000022    1075.67590817877)(2000101    403.209403014852)(2000111    888.20479958008)(2000012    1179.96325459017)(2000121    302.112396361287)(2000211    816.228485057633)(2000221    304.500057960814)
12 0      - (2000002    1171.72463841853)(1000000    495.874112500567)(2000201    532.925771449045)(2000111    357.862477428362)(2000121    -239.829538042065)(2000211    458.395613922229)(2000012    1148.07385842197)(2000101    309.367825893349)(2000022    310.730381371012)(2000221    592.083272931671)
15 1      - (2000201    130.867496532318)(2000211    341.319327410764)(2000022    597.785714598529)(2000101    106.700288152148)(2000111    619.118548311318)(1000000    855.636450968819)(2000002    688.112527315854)(2000012    649.215098031467)(2000121    325.479905470897)
14 1      - (2000101    351.882065738327)(2000201    237.091783848444)(2000002    1126.20286434782)(2000211    -126.359849372254)(1000000    822.699517668347)(2000012    961.140969367376)(2000022    1205.71955818115)(2000221    334.793687962385)(2000111    283.151186186736)
1 16      - (2000201    446.879175138232)(2000111    679.507547137799)(2000002    1178.31272592689)(2000101    485.169281542557)(1000000    971.994929494043)(2000221    862.346421343573)(2000121    461.014134692683)(2000012    921.701426423575)(2000022    1199.67293750816)(2000211    931.281081959802)
16 3      - (1000000    1037.24593300551)(2000101    375.620011273195)(2000201    169.275878335013)(2000022    1148.50756400203)(2000002    1133.07231317927)(2000211    468.4597242267)(2000221    514.08663686205)(2000111    1106.15837435248)(2000121    272.381489107033)(2000012    594.338122930797)
0 14      - (2000022    1144.2472797477)(2000012    777.710005308703)(2000201    521.463882773535)(2000002    1170.13663697746)(1000000    997.190727321606)(2000101    568.361681119881)(2000111    684.909073313174)(2000211    660.418129129878)(2000221    609.207546740085)(2000121    826.889493136736)
1 18      - (2000201    333.163585495913)(2000012    448.675964929655)(2000101    693.923743521491)(1000000    1039.89398477244)(2000111    1174.10813556047)(2000211    501.381484208827)(2000002    1111.05517353417)(2000022    1126.73687020291)(2000221    953.010258361396)(2000121    1026.10131297162)
0 19      - (2000002    1128.9895379637)(1000000    481.062933552508)(2000201    285.234322285585)(2000101    345.041145077544)(2000111    1159.85022366456)(2000211    654.177789108292)(2000012    843.445374989167)(2000121    1121.57365253159)(2000022    972.960134101553)(2000221    1019.00385459371)
7 6      - (1000000    750.305360831857)(2000201    138.728579852495)
18 3      - (2000201    348.926616202844)(1000000    1084.99046272521)(2000002    1067.98256952848)(2000101    416.249684157829)(2000012    241.502737166061)(2000111    377.793341792791)(2000121    848.556220784218)(2000221    1154.12685132866)(2000211    326.250479166412)(2000022    355.775723026235)
19 1      - (1000000    871.213689430649)(2000101    254.039959236914)(2000201    257.904681621397)(2000002    998.943758156979)(2000012    823.271004959133)(2000211    -503.495327548839)(2000111    1578.2070792331)(2000221    761.760853477791)(2000121    735.246014095367)(2000022    670.862198636411)
0 17      - (2000002    1107.40505785831)(1000000    833.994735342361)(2000012    750.369507989328)(2000101    480.597767042726)(2000201    218.646602817535)(2000211    216.717837707497)(2000022    1245.24018063809)(2000111    797.817663619926)(2000221    875.285716112297)(2000121    741.478304604656)
13 1      - (2000121    438.19868484353)(2000012    775.548130446658)(1000000    1151.20006776232)(2000221    360.866834154993)(2000101    466.957761903336)(2000201    489.624600556819)(2000211    -95.1531533356748)(2000111    -513.387903147362)(2000002    1120.2836010905)
3 17      - (2000101    349.345475085005)(2000111    1179.01999628825)(2000002    1059.42203678495)(2000201    221.527740964557)(1000000    733.861987202074)(2000211    382.335658675346)(2000022    1134.9551883203)(2000012    681.863337697428)(2000121    980.477414806701)(2000221    549.169586062665)
13 3      - (1000000    1142.94203100773)(2000121    -465.92630165203)(2000201    265.718512984682)(2000111    14.6790507793839)(2000012    390.07929937527)(2000002    1095.52144457266)(2000101    291.043283389934)(2000211    -222.515027143295)(2000022    744.277545277881)
1 17      - (2000101    546.058822626272)(2000002    1071.46499065794)(2000201    159.388349380755)(1000000    945.785896717917)(2000111    918.980438398555)(2000211    783.566287670811)(2000121    764.112548437939)(2000012    799.186301776365)(2000022    1169.77030996135)(2000221    800.7294353502)
16 1      - (2000201    180.124717174602)(2000002    1033.52501316435)(2000221    1031.57407397272)(2000012    127.317315867518)(1000000    991.968201572863)(2000121    694.003823237186)(2000211    -157.643001010003)(2000101    351.699519970737)(2000111    602.565532735406)
7 5      - (2000022    476.846117453145)(2000111    -328.586827824259)(1000000    184.4846913169)
17 2      - (2000012    617.150672269702)(2000211    18.9420079219876)(2000101    355.274619010221)(2000201    274.808237628644)(2000002    1126.55941711095)(1000000    1139.16584189911)(2000111    507.876972271504)(2000221    498.895921013922)(2000022    1145.2091129303)
14 3      - (2000101    227.943409327475)(2000201    228.425592925911)(1000000    1079.75516004543)(2000002    1156.62856232443)(2000111    804.862612440438)(2000022    359.846389819887)(2000221    375.20591974806)(2000211    44.6139414022047)
19 0      - (1000000    749.15374121573)(2000201    189.050076825154)(2000002    1015.0267932286)(2000012    722.789407963425)(2000211    918.664970381025)(2000221    768.964552542142)(2000121    731.150383972717)(2000101    552.071493741542)(2000111    1148.61031823006)(2000022    918.497708080171)
2 9      - (1000000    -651.087421953444)(2000201    -346.779806582177)
17 0      - (1000000    589.244820775869)(2000201    429.751001401576)(2000211    195.520127848353)(2000002    1048.47996849383)(2000121    1159.16928025252)(2000101    410.662734258714)(2000221    695.723994041963)(2000012    610.008647691879)(2000022    514.613104498619)(2000111    1065.55183055354)
19 2      - (1000000    905.328654513382)(2000101    717.443034936105)(2000201    418.960842535688)(2000012    507.077038657945)(2000111    803.724908713192)(2000002    356.951951495917)(2000221    1136.54760396364)(2000211    254.485998229074)(2000121    712.209066240037)(2000022    782.494338334816)
17 3      - (2000201    138.012018920059)(1000000    895.119521993144)(2000002    1030.33832760575)(2000101    356.454056728534)(2000012    622.153138767808)(2000211    55.5403095573865)(2000111    804.281411525495)(2000221    671.751138570755)(2000022    1127.82665235606)(2000121    330.324344413572)
18 2      - (2000002    613.717238111331)(1000000    1040.58171924812)(2000211    97.8925333149414)(2000101    618.46418591681)(2000111    679.950934157387)(2000221    769.422606967754)(2000201    174.483042348552)(2000121    688.294439960054)(2000012    884.14672792814)(2000022    286.628142223298)
1 8      - (2000012    494.71595847089)(2000111    -643.939839363321)(2000201    -287.926353904864)(2000101    -189.437007949773)(1000000    554.429424113849)(2000002    1091.17066063908)
16 0      - (1000000    480.624984984884)(2000012    886.66548672265)(2000201    429.060117446187)(2000101    347.108760901632)(2000121    570.2385516417)(2000002    1110.10089572143)(2000111    994.377468241892)(2000211    -122.2757738)(2000221    370.285688516045)(2000022    1139.95043553223)
6 6      - (2000101    277.243196460519)(1000000    364.693680559567)(2000002    808.887369240749)(2000111    1053.83735746632)
5 7      - (2000002    608.186580609646)(2000101    -178.318529429272)(1000000    382.167406716963)
7 1      - (2000002    857.498662738797)(2000121    -378.253622727632)(1000000    481.02528058084)(2000201    -230.659137454021)(2000012    556.566613937132)(2000221    382.326078282609)
9 2      - (1000000    -209.535849808932)(2000101    193.309433460712)
7 0      - (2000211    -573.444042484052)(2000201    70.4216964011784)(2000022    738.339904869848)(1000000    720.36490131763)(2000101    105.284982746325)(2000012    746.018557448533)(2000002    272.941556364969)
10 1      - (2000111    -460.941323430061)(2000101    28.8327643789629)
6 7      - (1000000    376.275062784328)(2000201    -319.863943328561)(2000012    1394.56433831805)(2000022    380.104918441915)(2000211    716.506469857197)(2000002    495.833716196216)(2000101    -91.084841635945)
7 8      - (2000211    109.333279512141)(2000002    658.100007433842)
7 7      - (1000000    132.540820347634)(2000101    617.137887065937)
8 6      - (2000002    561.888723055711)(1000000    -432.743861009229)
3 9      - (2000111    -615.511510250748)(1000000    -47.473178977472)(2000002    583.795971923518)
10 2      - (2000211    183.781625881738)
9 1      - (2000012    224.311871966999)
8 3      - (1000000    62.348269328221)(2000002    762.923641879639)(2000022    599.213219857313)(2000111    11.4903853053161)
8 4      - (2000211    -336.854948533967)(2000101    1008.1097778077)
2 8      - (1000000    735.370114419484)(2000002    944.139397881188)
9 3      - (2000002    345.560948623794)(1000000    461.332156951193)
9 9      - (2000121    -80.879951136784)(2000111    -146.63563167467)
7 2      - (2000101    -0.109289557791556)(2000002    133.820890803)(2000201    -140.174406354728)(2000211    -159.868051307658)(2000121    624.406269035798)(1000000    313.402909202541)
9 4      - (2000002    388.967678826749)
4 9      - (1000000    -183.141316486032)(2000201    345.479469259961)(2000101    38.5964669646509)
2 10      - (2000111    336.536860206694)(1000000    407.630303255785)
10 7      - (2000221    -175.149639457368)
10 3      - (2000111    424.579420919246)
5 16      - (1000000    -220.752360160358)
0 11      - (1000000    315.440225142306)
5 8      - (1000000    26.5842345957944)
3 20      - (2000101    425.154937902027)
20 4      - (1000000    -62.2385231148631)
2 21      - (1000000    606.118572846729)
7 11      - (2000012    483.212179951746)(1000000    483.212179951746)
4 10      - (1000000    329.623736436019)
9 6      - (2000201    126.06997451376)(1000000    83.9397267076108)
6 8      - (2000101    148.093321111671)(1000000    283.251488764123)(2000002    521.730884210358)
8 8      - (2000101    597.891804935859)(2000111    597.891804935859)
3 8      - (1000000    799.063321313347)(2000002    364.935255890555)
10 5      - (1000000    705.13838776754)
0 10      - (2000101    830.171847745052)
1 9      - (1000000    425.824856633264)
3 11      - (2000201    67.2573553809257)
1 21      - (2000201    665.390448468076)(1000000    288.201469730588)
5 9      - (2000101    69.4777450087139)(1000000    589.439274856836)
0 9      - (1000000    740.941778171986)
0 21      - (1000000    291.801556263809)
5 15      - (1000000    551.884558648238)
1 10      - (1000000    294.222620173626)
14 4      - (2000002    266.894641310757)
8 7      - (2000201    71.8857176595016)
9 5      - (2000002    2.97888982200015)

