155
0 0      - (2000200    -760.517995920801)(1000000    -1805.72802573128)(2000201    -1140.7575976747)(2000101    -1102.37020350944)(2000202    -1129.23025143388)(2000001    -1234.32909454427)(2000112    -1905.22198707473)(2000212    -1552.35019588177)(2000102    -1365.24750909316)(2000012    -1675.09053865757)(2000002    -999.091529359985)(2000100    -1536.81534880175)(2000022    -1157.51649890027)(2000210    -1480.99563499189)(2000111    -2015.18710873857)(2000110    -1623.06726158632)(2000211    -1952.06439572492)
1 2      - (2000200    -1526.75426101684)(2000001    -1359.12918750514)(2000101    -1540.45271936594)(2000100    -1312.45974190961)(1000000    -1839.91926844511)(2000102    -1619.49981604643)(2000210    -1256.2847449319)(2000012    -849.37279731336)(2000202    -1509.81384966689)(2000110    -1852.67054385699)(2000112    -1615.87605559485)(2000002    -776.06087823159)(2000201    -1725.42371035555)(2000211    -1535.659002737)(2000212    -1578.83417428573)(2000022    -747.61346384582)(2000111    -1137.86976441598)
0 3      - (2000200    -1620.41328249082)(2000201    -1526.92528198969)(1000000    -1794.4135176052)(2000102    -1791.58303836723)(2000202    -1466.18795324846)(2000100    -1777.80040013398)(2000001    -1411.87296305414)(2000101    -1772.49787983901)(2000111    -1609.94870796905)(2000022    -946.008241196825)(2000112    -1455.3804603537)(2000002    -1174.73026619064)(2000210    -1612.3109361253)(2000012    -920.171107187757)(2000212    -1434.34681973707)(2000110    -1187.4380622929)(2000211    -1289.48306368455)
2 2      - (2000200    -1382.78407373519)(2000001    -1362.65380068284)(2000202    -1524.16107173823)(2000201    -1401.16782357787)(2000100    -1687.528487627)(1000000    -1893.39302100028)(2000102    -1328.70957748896)(2000101    -1425.18328471743)(2000002    -1069.07308842783)(2000212    -1494.85337077706)(2000012    -1202.52543399888)(2000022    -1037.25305225766)(2000111    -1249.35436127182)(2000110    -996.591480149305)(2000211    -1370.92639851715)(2000210    -1284.67754502465)(2000112    -1409.02190393802)
1 1      - (2000102    -809.160947916989)(1000000    -1548.39244017008)(2000202    -1563.63903097322)(2000002    -1664.24772537195)(2000001    -1393.89406793972)(2000012    -894.586384247127)(2000100    -1661.53375722727)(2000210    -1355.52225397543)(2000101    -1319.21850106991)(2000200    -1624.04761637121)(2000112    -1372.76125977294)(2000201    -1566.97389853647)(2000211    -1304.08466258279)(2000111    -1546.69679681775)(2000022    -1380.82786552306)(2000212    -1482.91370921276)(2000110    -874.897599483144)
3 2      - (1000000    -1370.12938833959)(2000002    -1014.38674698262)(2000202    -1303.57314436742)(2000200    -1032.25327225213)(2000102    -1228.35254229934)(2000201    -1213.89441536097)(2000101    -1177.2633718444)(2000100    -1362.13885936867)(2000001    -907.936478554925)(2000022    -800.17021512382)(2000212    -1454.13575633227)(2000111    -1556.96244832958)(2000112    -1453.09447708184)(2000110    -1285.38507699412)(2000012    -957.500948943512)(2000210    -1376.19974411524)(2000211    -1380.15117922339)
2 0      - (1000000    -1865.34776101066)(2000100    -1643.41432569883)(2000200    -1623.86319409686)(2000101    -1583.3059642927)(2000001    -1674.2855018152)(2000002    -1042.42571157602)(2000102    -1543.21476116705)(2000201    -1512.47304655129)(2000202    -1562.05520471951)(2000110    -508.900285104236)(2000212    -1379.63886143367)(2000022    -668.583936409049)(2000012    -1443.95454726972)(2000111    -1447.41152538261)(2000112    -1570.57193586805)(2000210    -1226.90599307216)(2000211    -1232.56689161793)
2 3      - (2000200    -1409.96473169885)(1000000    -911.764287275537)(2000001    -964.88562017858)(2000002    -791.454570466907)(2000012    -925.395520166448)(2000101    -887.117230319424)(2000100    -1035.93136622122)(2000202    -1007.5641437012)(2000102    -889.632236091078)(2000111    -1413.4743731177)(2000201    -1120.91320282589)(2000110    -984.659009310833)(2000212    -1709.97503232594)(2000211    -1451.00944834109)(2000210    -1008.86435422791)(2000022    -840.233922651862)(2000112    -1546.66530955827)
3 3      - (2000101    -1195.71102538478)(2000100    -907.731537059505)(2000001    -1104.81265477135)(2000002    -1083.26053728629)(2000200    -1271.32455955605)(2000102    -1041.53682200078)(1000000    -1088.83364826173)(2000202    -951.03138055509)(2000201    -954.45985028922)(2000212    -1286.78188059777)(2000012    -884.024629573923)(2000022    -828.560615831537)(2000111    -1556.07326997743)(2000112    -1004.39246184519)(2000210    -1003.66821661744)(2000110    -1094.05897154822)(2000211    -1390.65687014057)
3 0      - (2000002    -1153.89519159588)(2000201    -1131.57717982015)(1000000    -873.947162263397)(2000100    -1411.10497479173)(2000202    -1468.15785908247)(2000001    -1297.57422541628)(2000102    -1460.4407226817)(2000200    -1046.56878347608)(2000022    -864.276109662927)(2000101    -1176.93285175449)(2000212    -1557.59831699506)(2000112    -1377.38181732549)(2000111    -1511.74157096945)(2000012    -860.44539743141)(2000110    -1062.55182681361)(2000211    -1499.13061287788)(2000210    -1539.05965077517)
4 1      - (2000201    -1459.16152095504)(2000100    -1426.1112085178)(1000000    -1038.3925028349)(2000101    -989.308617779888)(2000102    -1162.34590099289)(2000012    -1064.05657834349)(2000002    -1503.48130539572)(2000001    -1432.87331842473)(2000202    -1571.29745317797)(2000210    -1060.59710837074)(2000200    -983.650732890947)(2000212    -1617.60775157228)(2000211    -1442.86994774023)(2000110    -1303.99742778298)(2000112    -1364.582245168)(2000022    -1011.54502878754)
1 0      - (2000202    -1582.53550753654)(2000212    -1522.10964323104)(2000100    -1243.73307181578)(1000000    -1485.07852539042)(2000101    -1455.39792560759)(2000112    -789.249923867107)(2000002    -1572.8385391345)(2000200    -1636.02301863729)(2000012    -1097.35346104777)(2000201    -1016.20374464189)(2000102    -808.760080232372)(2000001    -1690.56735845661)(2000110    -782.245205109076)(2000210    -1201.63993059825)(2000022    -953.305767613387)(2000211    -700.513923554366)
1 6      - (2000002    -1457.94582315722)(2000100    -1562.59495349362)(2000101    -1092.79085904654)(2000001    -1448.25903767726)(1000000    -1413.32851841927)(2000211    -1566.73281135979)(2000210    -1362.10216487145)(2000102    -1761.73053694109)(2000202    -1341.0584069354)(2000201    -1519.05548067194)(2000200    -1078.34670550388)(2000111    -1285.94309448878)(2000212    -1473.97175237094)(2000112    -1595.12684244873)(2000012    -887.925782197586)(2000022    -860.480033884738)
4 3      - (1000000    -743.789087309402)(2000201    -1208.37659343216)(2000200    -1277.11727023527)(2000022    -761.440357436492)(2000002    -706.751435276329)(2000101    -981.24978529754)(2000100    -941.74976432951)(2000012    -1028.81086206994)(2000110    -919.044264465846)(2000102    -1235.23466582789)(2000001    -858.225169649767)(2000111    -1263.71279046844)(2000202    -1410.85254367593)(2000112    -1221.83625153684)(2000211    -1291.70927212308)(2000210    -968.664401289165)
7 1      - (1000000    -1636.52173197192)(2000002    -1227.08772523663)(2000200    -1168.29787510407)(2000202    -1182.16139113011)(2000101    -899.450061749489)(2000201    -599.633374499659)
4 0      - (2000001    -1564.74716266397)(2000202    -1349.1944930693)(2000212    -1405.01302721026)(2000201    -915.184191498921)(2000012    -784.450974405646)(1000000    -1039.11618846949)(2000102    -1365.86677601366)(2000002    -1476.62559757134)(2000101    -1473.05671298607)(2000111    -1504.68222557671)(2000100    -1019.03032819736)(2000200    -1581.22472566737)(2000022    -1050.15539517694)(2000110    -1173.3352459609)(2000210    -1264.06451851392)(2000211    -1309.48810411293)(2000112    -1115.39438108507)
4 4      - (2000101    -790.529062520425)(2000001    -792.629601607882)(2000200    -935.526087799547)(1000000    -781.575247902909)(2000100    -973.356626473452)(2000202    -816.960583772587)(2000012    -686.810427233359)(2000102    -1044.74751943038)(2000201    -762.939909954375)(2000002    -1312.33198719724)(2000112    -1328.31139145795)(2000111    -1019.75953470207)(2000210    -985.114622574534)(2000110    -989.714490879649)(2000022    -648.392657157588)
5 5      - (2000200    -1778.99960419944)(1000000    -1887.87734504118)(2000201    -1725.92237596355)(2000102    -1747.92609718988)(2000111    -1829.99582066839)(2000202    -1519.0715761836)(2000210    -1423.22969154435)(2000100    -1728.8211989495)(2000101    -1810.35785097854)
0 1      - (2000002    -1663.26240086691)(2000200    -1679.18079867707)(2000211    -1434.41812818289)(2000210    -1479.14157311632)(2000201    -1302.07778280512)(2000202    -1460.78587172892)(2000102    -943.397696825883)(1000000    -1768.7327358768)(2000001    -1310.46667537007)(2000112    -1140.05238359629)(2000100    -1468.81913188908)(2000101    -902.922592505736)(2000012    -1283.99112464666)(2000022    -1195.08503947643)(2000111    -1292.90033471174)(2000110    -791.698794088904)(2000212    -1475.14538323997)
0 2      - (2000210    -1423.8583680696)(1000000    -1806.02405707356)(2000101    -1678.2928602472)(2000100    -1387.84183309104)(2000202    -1704.15008225646)(2000102    -1423.34071270533)(2000002    -1147.16097581008)(2000200    -1526.82574934017)(2000022    -907.639309209612)(2000211    -1617.97043092473)(2000201    -1328.76349388481)(2000001    -1526.52794524509)(2000012    -975.047081008724)(2000112    -1552.04108348146)(2000110    -1468.70116629289)(2000111    -1145.49391256756)(2000212    -1501.69573212229)
3 1      - (2000102    -1566.0621485208)(2000112    -1837.3058679645)(2000002    -1176.76469770779)(1000000    -1033.41066956597)(2000022    -774.633316514901)(2000201    -1148.93588941655)(2000101    -1542.04596732045)(2000200    -1227.0781333482)(2000202    -1458.72473477639)(2000012    -1226.15849637085)(2000100    -1518.41797615956)(2000001    -1251.10733885881)(2000212    -1361.9213712595)(2000211    -1702.89618853507)(2000111    -1708.91914571523)(2000110    -1510.64775676886)(2000210    -1598.1007439425)
5 1      - (2000201    -1589.94573778158)(2000212    -1650.84852260359)(2000001    -1424.61350928344)(1000000    -1092.24298458365)(2000112    -1661.04093315285)(2000200    -1156.99264339091)(2000100    -1483.83270188003)(2000202    -1824.72061322611)(2000101    -1544.61746010763)(2000002    -1246.53075003819)(2000211    -1677.8782984217)(2000102    -1680.83977848812)(2000111    -1483.43992014152)(2000012    -736.34720922268)(2000110    -1101.2110243099)(2000210    -1291.73602231709)
2 1      - (1000000    -1515.67635840808)(2000101    -1644.79905719534)(2000200    -1615.03785446674)(2000001    -1674.59075132459)(2000202    -925.54368812536)(2000102    -1549.1983907652)(2000002    -1482.47532901782)(2000100    -1654.53765178865)(2000201    -1409.43916412061)(2000112    -1366.42679248168)(2000210    -1225.86092641916)(2000012    -1278.92017235028)(2000211    -1351.7722611291)(2000022    -660.439268930327)(2000212    -1365.5666546746)(2000110    -988.82971620015)(2000111    -1385.14591425978)
5 4      - (2000101    -1205.56916692043)(1000000    -1380.6432259303)(2000212    -1262.76550442453)(2000022    -826.725135982236)(2000110    -1200.2695771327)(2000002    -1032.62530684645)(2000211    -1127.26639341888)(2000200    -1098.64912514028)(2000001    -1254.53462214189)(2000201    -1045.95257109176)(2000102    -1308.41539726697)(2000100    -1483.58335067446)(2000202    -1051.53603422789)(2000012    -1017.59817950577)(2000210    -848.458069646167)
5 3      - (2000101    -1570.30240550697)(2000100    -1877.42370305953)(1000000    -1120.60935658246)(2000200    -1437.25425040818)(2000002    -939.910036782469)(2000102    -1589.2422142974)(2000201    -1515.69884288523)(2000110    -1186.21856007292)(2000202    -1601.28297706291)(2000001    -1327.30336737032)(2000022    -963.630885384192)(2000111    -1299.97360436643)(2000210    -1594.34392387015)(2000012    -1131.35428404435)(2000211    -1140.77459941182)(2000212    -1035.92519658293)
0 5      - (2000101    -1235.0194741751)(2000100    -1411.12782226314)(2000200    -1548.88979791674)(2000001    -1562.33633204582)(1000000    -1129.27171666924)(2000012    -1195.1104503069)(2000102    -1136.61470873468)(2000202    -1735.95431148124)(2000201    -1409.47587022559)(2000002    -1325.61263466854)(2000210    -986.378342714892)(2000212    -1757.52291497058)(2000022    -948.484213900624)(2000110    -1508.27900457956)(2000111    -1133.94235855759)
1 3      - (1000000    -1456.34176506981)(2000101    -1542.21226694119)(2000100    -1709.93990603706)(2000200    -1734.57301139671)(2000201    -1738.38611381058)(2000002    -950.414739348063)(2000001    -1535.38338592155)(2000012    -942.674203331485)(2000202    -1458.75898064593)(2000210    -1593.62128795581)(2000022    -912.001029319863)(2000102    -1811.58990424812)(2000212    -1492.55683605051)(2000111    -1625.0533926048)(2000112    -1622.96560090015)(2000110    -1191.25258895933)(2000211    -1727.21137154032)
5 7      - (2000002    -799.90976160595)(2000211    -799.65976160595)(2000100    -173.684595746862)(2000200    -795.605496652742)(1000000    -743.220249250051)(2000201    -616.37664069066)(2000202    -82.4245022780926)
3 6      - (1000000    -1190.35815911453)(2000101    -1452.27690664154)(2000201    -1145.84502965705)(2000100    -989.968004921299)(2000002    -1136.40427809811)(2000200    -1270.00786189212)(2000001    -1343.11724893531)(2000022    -915.69427182154)(2000112    -1229.6817341157)(2000102    -1186.79498034961)(2000202    -1159.0870691176)(2000212    -986.428975298508)(2000111    -986.400079182536)
4 2      - (1000000    -965.317653144782)(2000201    -1389.57252962324)(2000202    -1344.8988974998)(2000100    -1257.1349640672)(2000101    -1197.52240881456)(2000102    -1571.21071070797)(2000001    -1217.72595747049)(2000200    -1347.75751131151)(2000002    -1417.5836973448)(2000022    -676.285449053754)(2000212    -1095.6825368598)(2000210    -1310.68294784935)(2000211    -1114.745387571)(2000012    -991.246935574259)(2000112    -1258.10909305973)(2000110    -1009.85834113379)(2000111    -1163.90842708637)
6 4      - (2000001    -986.129568508278)(2000101    -1287.49999075031)(2000102    -940.742770349843)(2000100    -1198.62648480638)(1000000    -1045.15261914936)(2000200    -790.943564567477)(2000202    -993.969595210383)(2000002    -1202.49410085381)(2000012    -409.417947532891)
4 5      - (2000012    -997.021875101099)(2000001    -1349.31089402372)(2000102    -1162.07257808232)(2000202    -1193.16230788289)(2000002    -1278.20702647281)(2000100    -1414.07803432444)(2000101    -1492.84695385135)(1000000    -1427.24588803494)(2000201    -1041.15697742629)(2000200    -1301.66831627624)(2000110    -1438.58719810743)(2000210    -1344.19586413359)(2000112    -1144.07879118063)(2000211    -1087.78815100534)(2000212    -1384.42376673729)
5 2      - (1000000    -572.699797418971)(2000202    -1319.74259293332)(2000001    -1180.3636393529)(2000012    -740.656227307926)(2000200    -1604.82594378302)(2000002    -1481.16289969872)(2000201    -1428.35244261435)(2000100    -1485.27391919405)(2000102    -1327.98967350351)(2000022    -908.008026629805)(2000101    -859.070786321241)(2000212    -1619.25547154248)(2000211    -1595.70681639445)(2000111    -1629.54652698809)(2000112    -1356.2917019378)(2000210    -1554.37418510783)(2000110    -1102.35251344667)
5 0      - (2000001    -1308.74935209964)(2000100    -1349.07103415755)(2000201    -1374.54535894326)(2000002    -1045.43289218432)(1000000    -899.653135297596)(2000112    -1129.71357664548)(2000200    -1537.52243936585)(2000101    -1536.17026679266)(2000202    -1376.43782289576)(2000102    -1136.34668330602)(2000012    -866.767711049882)(2000022    -848.855954757765)(2000111    -1161.52331282664)(2000210    -1214.16257779099)(2000110    -962.10839422177)(2000211    -959.085641590767)(2000212    -1166.34870340999)
6 2      - (1000000    -1108.73953509903)(2000002    -1392.71021173741)(2000112    -941.107299363543)(2000102    -1215.04937226104)(2000110    -606.739634513256)(2000101    -1140.08695146443)(2000210    -745.843163782241)(2000100    -1149.20294925749)(2000202    -727.120245757945)(2000201    -1134.01407234445)
1 4      - (1000000    -976.223373401024)(2000111    -1261.5363049462)(2000211    -1474.86878445358)(2000100    -1228.52749540527)(2000102    -1244.94830705961)(2000002    -1345.43850643461)(2000001    -935.058102708528)(2000101    -1338.19596193742)(2000200    -1361.24089329812)(2000201    -1100.01623935486)(2000202    -1295.25285237428)(2000012    -938.248510033346)(2000110    -1456.51776287953)(2000112    -1170.98039914237)(2000212    -1255.9039621592)
0 6      - (1000000    -835.760485180443)(2000102    -1301.53770204653)(2000001    -802.169910181325)(2000202    -1055.19935855807)(2000200    -1467.86692211399)(2000002    -1198.9835700499)(2000101    -1325.98440250622)(2000022    -761.499199605792)(2000112    -1038.17162154156)(2000212    -1175.8809010039)(2000100    -1217.36806674463)(2000201    -1165.93782886429)(2000111    -840.26635375993)(2000012    -782.29555920265)
7 4      - (2000112    -1255.98826880408)(1000000    -1342.34623763979)(2000102    -845.993860394986)(2000101    -1178.82708865747)(2000201    -1178.38958865747)(2000100    -1588.87510427652)(2000001    -1169.00514279398)(2000200    -859.332410117248)(2000212    -721.897069985931)(2000202    -1267.91374544525)
6 3      - (2000002    -1190.74684244274)(2000200    -1288.29421682907)(2000100    -931.498819633494)(2000202    -1275.72593207618)(1000000    -1320.23551754533)(2000210    -1030.59110647091)(2000201    -975.041985910365)(2000001    -1089.15617616991)(2000101    -1012.67304327346)(2000212    -1133.38706588214)(2000102    -1458.47148168959)(2000012    -826.056750584588)
3 4      - (2000202    -1210.2939499555)(2000210    -696.283104457252)(2000022    -703.715372493479)(1000000    -451.617541587669)(2000200    -1170.32816686326)(2000100    -765.059188289118)(2000211    -1092.68446099216)(2000002    -722.288107765266)(2000212    -1111.25913001956)(2000201    -1210.94538359047)(2000102    -1293.64437127556)(2000101    -837.483229410422)(2000001    -871.695789503077)(2000012    -728.374680507466)(2000110    -882.751748072825)
6 0      - (2000002    -851.652068947285)(1000000    -1135.13762022963)(2000001    -767.84309764398)(2000100    -1566.25857418957)(2000101    -1347.53483229364)(2000200    -911.636596574371)(2000102    -853.993484143645)(2000202    -966.025483040901)(2000212    -1036.35706753775)(2000111    -1247.60627715906)(2000201    -993.629477086698)(2000211    -741.722471428135)(2000012    -312.99931817558)(2000210    -1029.4014118811)
5 6      - (1000000    -871.975302738929)(2000101    -1452.05104165413)(2000012    -502.040716121844)(2000100    -805.181112793588)(2000102    -1113.05109189279)(2000212    -702.52368516413)(2000202    -761.976095502948)(2000001    -1270.19372699651)(2000201    -1060.53649643847)
1 5      - (2000100    -1364.474737783)(2000002    -1376.24703784434)(2000101    -1288.18019132261)(2000202    -1478.16289431239)(1000000    -858.583757760181)(2000001    -1156.17169849349)(2000212    -1183.94042871248)(2000102    -1068.3430817537)(2000012    -807.650101091176)(2000201    -1212.52557838023)(2000200    -1178.5584003799)(2000211    -1250.06539183961)(2000022    -894.561711167583)
0 4      - (1000000    -1002.36046798423)(2000100    -1357.63418262528)(2000212    -1500.24138371914)(2000202    -1345.69490602738)(2000101    -1440.92004137964)(2000200    -1117.68030873952)(2000102    -1381.69056832873)(2000002    -1393.37526601529)(2000210    -1104.95319205626)(2000001    -1415.60537268307)(2000022    -916.014956208783)(2000201    -1419.5596293049)(2000211    -1516.12068674054)(2000112    -1364.51944010116)(2000110    -1124.4801603388)(2000012    -920.191117228413)(2000111    -1504.74113639051)
6 1      - (2000112    -1052.1586767027)(2000002    -700.839108131621)(2000200    -361.189725829693)(2000201    -1298.99537542468)(2000110    -880.258232105944)(2000202    -1243.24474384069)(2000212    -746.262549991672)(2000111    -1097.61312433247)(2000001    -1019.87419323369)(1000000    -1049.11520568867)(2000102    -1003.82139591575)
2 4      - (2000002    -945.727721416862)(2000110    -1365.81650372653)(2000201    -783.825385762877)(1000000    -672.509770391734)(2000001    -993.885772314861)(2000202    -801.464030439068)(2000100    -1111.22379534637)(2000212    -1426.57533965763)(2000210    -1139.50712327099)(2000102    -1091.57884153327)(2000200    -1327.90108834139)(2000101    -1496.92590630666)(2000012    -780.096868362733)(2000111    -1233.6869969067)(2000112    -1397.38093922911)(2000211    -1245.99927106536)(2000022    -743.457748437066)
0 8      - (2000002    -738.946558399606)
2 5      - (2000002    -709.139280456723)(2000001    -951.444466831847)(2000201    -1079.48155426068)(2000212    -1277.13889450533)(2000200    -1131.78089176224)(1000000    -388.738773040049)(2000101    -1121.19263900229)(2000012    -582.923426935694)(2000111    -964.679900997334)(2000211    -1159.179311789)(2000100    -1030.25430757572)(2000202    -1220.75086109874)(2000102    -1128.10189284447)(2000022    -553.126672120558)
3 5      - (1000000    -741.804819061798)(2000001    -1034.91086816179)(2000200    -726.512555802601)(2000012    -1101.00074764128)(2000002    -682.243714693697)(2000101    -924.713175406951)(2000022    -456.76812466698)(2000100    -674.851285505661)(2000110    -795.858966898435)(2000202    -828.466620987245)(2000102    -611.091232480966)(2000211    -921.42073303709)(2000201    -724.911883745308)
4 6      - (2000110    -1129.70266380717)(1000000    -1257.53043725498)(2000101    -1495.18776243323)(2000100    -1175.69906116602)(2000001    -1379.02013552345)(2000002    -1114.73944061536)(2000202    -1107.61951913807)(2000200    -1287.62939276186)(2000201    -1161.01390064211)(2000210    -889.170483657144)(2000022    -873.828003652197)(2000112    -1442.02322016381)(2000111    -1235.7204763646)(2000102    -1527.70007148895)(2000212    -1189.78677372775)(2000012    -876.05550330316)(2000211    -1294.88126111648)
2 7      - (1000000    -1240.10142841974)(2000102    -587.733825199758)(2000200    -768.000186579172)(2000202    -508.786867650699)
2 6      - (2000101    -1107.30909153584)(2000200    -917.632539436318)(1000000    -1201.06203115888)(2000112    -766.717208771238)(2000012    -849.447557005431)(2000022    -682.637890622537)(2000100    -1201.68411155393)(2000002    -1154.59954141711)(2000001    -1109.48294055296)(2000102    -912.507305690445)(2000201    -867.234312121685)(2000210    -873.856344384748)(2000211    -963.949853538538)(2000202    -499.516498064152)
6 5      - (2000002    -912.226837269199)(1000000    -472.156641738349)(2000202    -1144.77688956778)(2000201    -1066.94754597135)(2000200    -1329.06933294568)(2000101    -915.089011413647)(2000001    -634.574322219729)(2000012    -557.256019166415)
2 8      - (1000000    -1129.33343219403)(2000012    -478.919198949714)(2000102    -1009.99297632571)(2000112    -1077.36037874436)(2000100    -523.472338310368)(2000201    -668.31263372147)(2000211    -706.752136000817)
7 5      - (2000101    -188.729208467388)
8 3      - (2000211    -1590.56925679201)(2000001    -1297.92172610762)(2000200    -1258.35299114864)(2000002    -931.684619206058)
6 7      - (2000210    -1021.55489837296)(2000100    -718.19542805754)(2000200    -1191.54499369072)(1000000    -9.58784423569869)
7 0      - (2000212    -1218.84355526192)(2000102    -689.593574591651)(1000000    -648.533714038118)(2000001    -900.548443502016)
8 1      - (1000000    -697.423472292214)(2000012    -328.03362093568)(2000112    -668.470352610349)(2000001    -766.578541321855)(2000100    -648.754102661673)(2000202    -1012.13880001519)
1 7      - (2000101    -633.820868656071)(2000102    -1172.17591407869)(2000012    -323.717854577774)(2000112    -1125.59587888758)(2000202    -890.211309129671)
7 2      - (2000100    -1703.52176946059)(2000101    -1280.09130811514)(2000002    -680.135658927464)
8 8      - (2000210    -678.973500764227)(2000100    -1509.40206660474)
3 8      - (2000100    -810.317100662288)(1000000    -831.266343835851)(2000201    -852.599215288817)
4 7      - (2000111    -1187.92119636356)(2000022    -267.217208771238)(2000200    -555.586472880504)
0 7      - (1000000    -1092.86426203015)(2000201    -850.821262956215)(2000001    -1306.94950322229)(2000101    -1278.06322539952)(2000202    -1331.08298084582)(2000111    -1034.76372507186)
8 6      - (2000002    -190.480817994315)
9 4      - (2000102    -723.648586731505)
3 7      - (1000000    -956.150958084603)(2000022    -539.152170085402)(2000111    -985.837583239941)(2000002    -643.230786280339)(2000202    -1004.24105938676)
3 12      - (1000000    -837.504026763716)(2000100    -1090.72076748974)(2000211    -1316.33724756731)(2000112    -1522.29037249471)(2000001    -1390.45336299539)(2000202    -1738.67112534497)(2000002    -1461.08397998372)(2000102    -1099.36167820937)(2000012    -807.052759766913)(2000101    -1153.16409006166)(2000212    -1221.36524953092)(2000201    -1348.93582606556)(2000200    -1606.29232898989)(2000022    -893.931549279278)(2000111    -1297.03436165843)(2000210    -1222.76744741359)(2000110    -1293.73662667817)
13 3      - (2000212    -1035.25356988536)(2000202    -865.432284864277)(2000200    -1376.82043995539)(2000002    -1107.10605623213)(1000000    -817.74547334382)(2000101    -1081.50161292566)(2000100    -881.518487933536)(2000201    -818.13575909026)(2000001    -956.705366030866)(2000210    -1013.48488684012)(2000102    -928.379141560777)(2000012    -662.12368330744)
1 15      - (2000201    -1015.48388055235)(1000000    -907.873728262402)(2000022    -905.251452625011)(2000102    -1533.25995870722)(2000100    -1264.62300915448)(2000002    -985.203596220915)(2000202    -1377.40406867115)(2000200    -1170.81148925888)(2000211    -989.16041802913)(2000101    -959.631634882954)(2000212    -1073.78937765066)(2000210    -1238.52057990653)(2000012    -925.129773034055)(2000112    -1497.19740653524)(2000001    -1114.77052074339)(2000111    -1124.99070730891)
1 14      - (2000200    -910.95096768912)(2000002    -857.290772036452)(2000212    -1235.84724193034)(2000112    -1330.9812446014)(2000001    -626.903996065159)(1000000    -588.49908909801)(2000201    -820.15858235695)(2000210    -1167.52737401327)(2000102    -738.896412779243)(2000100    -903.761925618095)(2000101    -895.136284982727)(2000012    -1290.4553756465)(2000202    -1326.77934704932)
2 14      - (2000101    -925.224063905183)(2000201    -1373.26146743722)(2000100    -927.978493651784)(1000000    -591.844631595835)(2000102    -739.894453854152)(2000202    -1295.53802107805)(2000022    -919.694332301647)(2000212    -1235.81581373976)(2000001    -1185.07573321946)(2000200    -936.326026546933)(2000210    -1111.56652639227)(2000002    -795.278859543502)(2000012    -712.869353829553)(2000112    -1006.37435234486)
1 12      - (1000000    -723.518636553899)(2000102    -609.856147000235)(2000112    -1382.73168067081)(2000212    -1261.5769431723)(2000101    -864.369276206059)(2000200    -1088.78131975745)(2000211    -1261.35601141155)(2000201    -970.239719034857)(2000012    -706.737952912988)(2000001    -1056.23547311842)(2000100    -930.542093282434)(2000002    -783.450499706462)(2000202    -1307.50610797994)(2000022    -252.613617745766)
16 3      - (2000201    -1420.42268699606)(2000002    -1014.05339683148)(1000000    -1152.58403320292)(2000102    -1405.5679681997)(2000101    -1457.88532716287)(2000001    -1279.26571280115)(2000012    -789.59876674925)(2000111    -1396.45124500309)(2000212    -1114.39516964802)(2000200    -1442.20152096619)(2000112    -1211.66892777827)(2000211    -1087.77460895485)(2000202    -1392.00080894505)(2000100    -1443.1617841181)(2000110    -1072.37943188879)(2000210    -740.583687441405)
2 17      - (2000001    -1425.51036466551)(1000000    -1357.63638886696)(2000002    -1104.05342510147)(2000100    -1548.52533533737)(2000101    -1534.45185816059)(2000200    -1693.04158089563)(2000201    -1537.97868333667)(2000102    -1644.9289765142)(2000110    -1192.6686599417)(2000012    -1043.03179326491)(2000212    -1572.40255676786)(2000022    -839.728131432617)(2000111    -1633.54842783273)(2000202    -1528.10462999542)(2000210    -1237.7426188229)(2000211    -1316.07879312088)(2000112    -1658.15363324206)
3 14      - (2000012    -990.817440183304)(2000202    -1366.21634507453)(2000102    -1404.65578717399)(2000002    -1285.36515109383)(2000101    -1285.54076296051)(2000212    -1458.4487026629)(2000100    -1166.15621377524)(2000110    -1150.99849077194)(2000022    -683.861766733231)(2000211    -1598.03132578235)(2000001    -1544.41280000665)(1000000    -839.541617306647)(2000210    -833.837385340615)(2000112    -1600.55933054777)(2000200    -1167.19492703542)(2000201    -1478.20104055829)(2000111    -1247.7324414398)
1 13      - (2000001    -748.332010030544)(2000211    -1430.2297436453)(2000101    -1330.07075818817)(1000000    -509.790004429601)(2000201    -978.296672335065)(2000202    -707.900471998779)(2000200    -659.172243475223)(2000110    -1655.21479638556)(2000002    -1170.70416977911)(2000100    -745.793118274751)(2000212    -1143.78370397123)(2000022    -484.808746980532)(2000012    -702.450130100854)(2000102    -1132.00232964086)(2000210    -1024.65847413163)
2 16      - (2000212    -1386.70561372607)(1000000    -1905.39653813427)(2000100    -1734.65608923676)(2000211    -1658.42606672931)(2000202    -1813.33881423984)(2000001    -1525.65454371557)(2000201    -1741.82287446761)(2000200    -1739.04409464211)(2000101    -1440.16970653107)(2000002    -860.329378319185)(2000102    -1496.23484002412)(2000112    -1687.13592762424)(2000012    -1225.71997928816)(2000111    -1692.81135914423)(2000110    -1151.62417491621)(2000022    -1158.02357887362)(2000210    -1357.800093822)
3 13      - (1000000    -1213.24234295525)(2000002    -912.006598055071)(2000102    -1413.50616963398)(2000200    -1079.51132296836)(2000101    -1016.16805989704)(2000202    -856.084372501071)(2000022    -816.494638915776)(2000012    -863.285474335134)(2000201    -841.213257207591)(2000100    -921.06898533289)(2000001    -1060.5304853114)(2000112    -1200.61173475449)(2000111    -943.003130070023)(2000212    -1007.1866658565)
1 17      - (2000212    -1518.56939628781)(2000101    -1515.44123613391)(1000000    -1449.52430424194)(2000200    -1720.7861068039)(2000202    -1801.9991221331)(2000102    -1493.70925487132)(2000201    -1674.6518517799)(2000001    -1466.02095878315)(2000002    -1055.68623977532)(2000100    -1780.19593695578)(2000110    -1290.642793046)(2000210    -1011.36022694304)(2000012    -1184.91492685927)(2000112    -1625.38426337249)(2000111    -1624.75984198935)(2000022    -935.106624366459)(2000211    -1574.17159918095)
3 17      - (1000000    -1774.41015420688)(2000101    -1547.89246006367)(2000102    -1676.47436085032)(2000002    -861.814753218993)(2000001    -1411.72506496402)(2000201    -1550.47725903196)(2000200    -1760.55075689061)(2000202    -1309.58882285421)(2000112    -1633.21460537883)(2000100    -1430.39403119649)(2000022    -880.108072656551)(2000012    -873.201579095716)(2000211    -1426.49744465678)(2000111    -1333.25706913858)(2000212    -1150.32961185615)(2000110    -1123.31540907747)
3 18      - (2000022    -978.008098430559)(2000201    -1705.7301574485)(2000202    -1531.66561938535)(2000002    -826.129186780862)(2000101    -1729.46608327619)(2000102    -1710.41614670094)(1000000    -1867.20063774376)(2000200    -1392.61744665759)(2000110    -1203.26714062458)(2000100    -1583.63530766176)(2000001    -1450.41664251361)(2000012    -1027.91047465427)(2000212    -1153.10766023256)(2000211    -1136.75613303184)(2000112    -1110.97911325077)
18 3      - (2000101    -1390.95587774922)(2000200    -1434.41247919788)(2000201    -1218.86842639187)(2000202    -1181.69419263947)(1000000    -1858.30548487602)(2000102    -1150.35985510836)(2000001    -1098.91365882081)(2000212    -1166.1878024779)(2000100    -1552.39215990852)(2000110    -1155.96398738282)(2000002    -863.527577547086)(2000022    -754.971509978561)
2 18      - (2000201    -1513.58273620408)(2000202    -1441.88454178675)(2000002    -1284.18135485355)(2000200    -1652.45952269069)(1000000    -1724.50246101339)(2000212    -1179.06496906609)(2000100    -1388.76414380776)(2000101    -1812.25610034923)(2000102    -1369.81650149807)(2000001    -1357.90210233114)(2000211    -1460.25338141139)(2000022    -945.15578375901)(2000111    -1303.4007372975)(2000012    -1000.6822301244)(2000112    -1340.72455811872)(2000210    -1355.90635534796)
1 18      - (2000201    -1486.45586307789)(1000000    -1417.45276093606)(2000001    -1512.66333259017)(2000002    -1405.41637995093)(2000202    -1014.98191148768)(2000100    -1753.41530079201)(2000111    -1525.26447247431)(2000101    -1659.32490281248)(2000112    -1377.53090569282)(2000200    -1897.19040526195)(2000102    -1653.50134843422)(2000210    -1454.85586607467)(2000012    -917.613648643778)(2000211    -1503.18644140031)(2000212    -1309.78706617584)(2000110    -1165.11781112872)(2000022    -943.264532307143)
18 2      - (1000000    -1853.45621826819)(2000200    -1202.05617386707)(2000102    -1085.76617187762)(2000201    -1164.78538433943)(2000101    -1422.40009514673)(2000202    -1291.03000974298)(2000002    -818.946986850793)(2000001    -1176.16113591008)(2000012    -670.428283542479)(2000100    -1656.70919996394)
3 15      - (2000110    -1407.25799062148)(2000102    -1477.05844556253)(2000002    -1575.57379984185)(1000000    -1392.13377069348)(2000101    -1505.82757361823)(2000212    -1287.34105354492)(2000200    -1530.37154910099)(2000202    -1687.31788949704)(2000201    -1651.15081109928)(2000100    -1143.23767372751)(2000112    -1912.5111176533)(2000001    -1192.07583511568)(2000111    -1522.37435409058)(2000022    -943.914956947643)(2000012    -842.009950058917)(2000211    -1440.35743097847)(2000210    -1227.28267413964)
3 16      - (2000200    -1748.26275893392)(2000101    -1462.89192984118)(2000002    -1098.79027326332)(2000001    -1412.63501224669)(2000202    -1575.55779265602)(1000000    -1828.95998655786)(2000112    -1678.41058675408)(2000212    -1149.71628454689)(2000201    -1601.06793335678)(2000111    -1411.84055158208)(2000211    -1551.19317912166)(2000102    -1569.75035610165)(2000012    -916.126031040069)(2000022    -930.438119742495)(2000100    -1521.21694440053)(2000210    -1199.14519996053)
2 12      - (2000001    -851.796950134234)(1000000    -695.776105639107)(2000100    -851.545683578088)(2000111    -922.942383797298)(2000102    -1013.49450534993)(2000201    -769.599354187978)(2000211    -500)(2000101    -917.665325790678)(2000200    -770.670294915641)(2000002    -707.535078002215)(2000202    -1142.60323325236)(2000012    -925.959341516816)(2000022    -391.411800206908)(2000210    -838.45075269124)
19 1      - (1000000    -1820.40293000256)(2000100    -1612.00935561651)(2000200    -1512.02568477003)(2000202    -1164.91154434209)(2000001    -1200.32263169204)(2000012    -356.084769900751)(2000102    -1302.0710764635)(2000212    -633.191815952766)(2000002    -802.215315972914)(2000201    -1128.10391210105)(2000101    -1449.87864595596)
2 19      - (2000201    -1533.84727315049)(2000002    -1091.28418900082)(2000001    -1341.26669591583)(2000202    -1360.66430000243)(1000000    -1880.44715131197)(2000100    -1540.31951662175)(2000102    -1401.87217760353)(2000200    -1720.70543644631)(2000101    -1524.01024073162)(2000212    -1589.28571829171)(2000210    -1258.84184580436)(2000112    -1749.6433569862)(2000211    -1221.09530703797)(2000012    -801.198704568112)(2000111    -1251.47887756979)(2000110    -1273.75125560944)
2 15      - (2000001    -1095.9657954939)(2000102    -1520.05517941814)(2000111    -1328.55635134122)(2000002    -1322.13210313855)(2000201    -1281.02937710198)(2000110    -1131.59147009622)(2000012    -749.329969576236)(2000210    -1363.08069705529)(2000212    -1071.96545156464)(1000000    -850.629739014375)(2000211    -1325.83024694578)(2000200    -1303.28293018454)(2000101    -1286.73123239593)(2000100    -1124.06873623788)(2000202    -1310.30509668585)(2000022    -918.175190329664)
1 16      - (2000012    -767.043090605539)(2000202    -1554.32454501985)(1000000    -1146.48006048796)(2000100    -1687.80915633737)(2000200    -1730.39998715918)(2000002    -1303.24977296453)(2000102    -1796.1474202264)(2000001    -1400.93927603915)(2000101    -1675.25053886575)(2000201    -1809.18752937865)(2000212    -1729.8870833179)(2000112    -1751.46061230608)(2000111    -1476.98361507035)(2000211    -1480.19006958591)(2000022    -1031.05499723608)(2000210    -1418.42343116854)(2000110    -1306.40563117001)
18 1      - (2000201    -1177.6128137304)(2000202    -1351.63639763894)(1000000    -1865.29861444922)(2000001    -1093.99612802063)(2000012    -778.89039082406)(2000102    -993.539081378836)(2000200    -1646.29039922319)(2000101    -1370.57372049777)(2000002    -844.451907540669)(2000210    -954.734313997899)(2000100    -1482.00704656231)
19 0      - (2000202    -1334.33417240185)(2000100    -1517.90945504698)(2000001    -1236.71447250204)(2000101    -1515.33863108542)(2000102    -1265.24346520381)(1000000    -1865.35516586275)(2000211    -635.377649915861)(2000210    -725.195663073847)(2000201    -1474.96839287712)(2000012    -378.978598823497)(2000002    -644.440568496078)(2000200    -1612.27849381807)
0 19      - (2000102    -1339.85958827669)(1000000    -1885.30858069127)(2000100    -1501.03848850727)(2000002    -1130.03050652613)(2000201    -1238.6887840935)(2000200    -1307.58308321331)(2000101    -1639.04745167316)(2000202    -1264.74960731286)(2000001    -1109.39270941133)(2000211    -1334.50060030227)(2000012    -878.292200844702)(2000022    -909.717255058135)(2000112    -1152.45237261228)(2000212    -1319.45674393383)
0 18      - (2000101    -1412.70728679435)(2000002    -1003.71194943392)(2000200    -1353.28066504166)(2000102    -1447.9476879455)(2000201    -1623.71453816034)(2000001    -1309.01120331357)(2000202    -1569.4012095057)(1000000    -1874.74302619884)(2000100    -1716.3487148011)(2000012    -1101.42070228784)(2000210    -1334.27796641155)(2000211    -1361.32120541513)(2000022    -879.777846104485)(2000111    -1362.5319404447)(2000112    -1221.56256703455)(2000110    -1181.07445083937)(2000212    -1605.36516015201)
18 0      - (2000100    -1679.09445330103)(1000000    -1812.70986249542)(2000101    -1427.1481333832)(2000200    -1684.35121173874)(2000202    -1728.4781188516)(2000002    -771.46099384144)(2000102    -1406.84742053651)(2000210    -953.864571320654)(2000001    -1179.67519831327)(2000212    -1135.24918643193)(2000201    -1298.19626023069)
19 2      - (2000101    -1646.82242517544)(2000102    -1520.59092164661)(1000000    -1810.83145052981)(2000201    -1601.5348638948)(2000200    -1681.7475352659)(2000001    -1563.12022182879)(2000100    -1709.85783974768)(2000212    -1526.59015559251)(2000002    -867.551150264334)(2000202    -1574.09752090234)
3 19      - (2000101    -1717.10464703315)(2000201    -1096.84398131145)(2000202    -1435.66353171999)(2000100    -1416.23963469712)(2000102    -1229.16850971452)(2000200    -1587.23130624457)(1000000    -1932.71921948166)(2000002    -788.29073249272)(2000001    -1538.06455434926)(2000012    -939.409600357862)(2000211    -1239.31678816057)(2000210    -878.981064584175)
17 0      - (1000000    -1884.77701723537)(2000200    -1673.61405407915)(2000201    -984.106737873624)(2000102    -1172.98639872782)(2000002    -825.285477410506)(2000210    -1094.1371938785)(2000001    -1040.52749582072)(2000022    -627.073138667294)(2000212    -641.206486358702)(2000202    -1134.90031434151)(2000100    -1567.89050415742)(2000101    -1514.23759629262)(2000110    -755.643613017244)
0 16      - (2000100    -1227.37547566335)(2000202    -1583.58273010735)(2000211    -1697.98471494018)(2000101    -1741.0804793378)(2000111    -1755.52207031511)(2000002    -1491.4641576644)(2000201    -1765.06287505858)(2000200    -1639.48040081612)(1000000    -1486.79620147904)(2000102    -1560.64636630978)(2000212    -1760.46659892836)(2000012    -1231.44013155355)(2000001    -1222.38322468784)(2000110    -1648.062742183)(2000112    -1621.74011586998)(2000210    -1314.73907396464)(2000022    -980.109659776751)
15 2      - (2000002    -1182.40371837988)(2000112    -1457.71766932246)(2000212    -1364.80540665185)(1000000    -1146.68613880517)(2000200    -1454.51204369592)(2000101    -1059.61628822093)(2000012    -1009.90904420113)(2000211    -1322.32665081496)(2000001    -1102.93083772505)(2000102    -1223.516079765)(2000201    -1250.73345047302)(2000202    -1244.53163002743)(2000100    -992.900379642936)(2000110    -1038.32453988021)(2000210    -503.155514900198)
2 13      - (2000111    -1274.15954934867)(2000100    -933.76128864483)(1000000    -635.616949299674)(2000022    -515.296861064934)(2000202    -628.798675993282)(2000101    -976.69232542583)(2000112    -1071.79502567426)(2000002    -922.466933315747)(2000201    -965.603137669444)(2000012    -739.675097653903)(2000200    -1168.42321245113)(2000001    -1090.38541981859)(2000102    -1229.09459198111)(2000210    -719.381683103444)(2000212    -975.045125568345)(2000211    -1154.74444952415)
0 17      - (1000000    -1675.96324313681)(2000001    -1376.44815102253)(2000002    -1189.96378768261)(2000100    -1749.78332361981)(2000102    -1589.32677645596)(2000202    -1699.20575543473)(2000200    -1680.29448402479)(2000110    -1555.54613233591)(2000112    -1615.24579044714)(2000022    -930.471875447121)(2000201    -1669.03851413974)(2000210    -1174.29335504354)(2000012    -1256.66328786092)(2000101    -1351.57740975357)(2000212    -1226.60301495424)(2000111    -1671.18003380483)(2000211    -1540.16078085962)
16 2      - (1000000    -989.158454344647)(2000200    -1461.55768977894)(2000201    -1322.93723875662)(2000101    -1283.82367637956)(2000012    -931.877227062973)(2000102    -1240.75307305709)(2000211    -1392.13437681069)(2000212    -1730.97213387207)(2000002    -1024.75712391446)(2000001    -1074.26317018785)(2000202    -1379.17226270782)(2000111    -1236.99994251567)(2000210    -1092.86810607)(2000022    -831.407304022767)(2000100    -1014.91121075564)
14 1      - (1000000    -586.301863894069)(2000200    -945.912265736479)(2000212    -1404.41251204654)(2000101    -981.719705370742)(2000211    -1383.45481011185)(2000112    -1068.07240931027)(2000002    -1186.680441997)(2000201    -1096.39590970421)(2000202    -810.813323936803)(2000100    -1307.35385935503)(2000102    -575.477392543596)(2000012    -478.247058347091)
15 1      - (2000001    -778.53920031458)(2000012    -830.173797649584)(2000112    -918.329932593982)(2000201    -978.156293029453)(2000101    -842.032022037362)(2000200    -996.072845035815)(1000000    -863.169483287299)(2000111    -930.559359251939)(2000002    -830.90165289616)(2000212    -1107.01905546587)(2000202    -997.840723780208)(2000022    -454.826327669633)(2000100    -778.292691373107)(2000211    -460.782103941737)
1 19      - (2000100    -1515.722641102)(1000000    -1794.57959623199)(2000200    -1610.22526983367)(2000102    -1486.39646511529)(2000002    -816.338276164968)(2000202    -1563.81524745373)(2000201    -1656.68249503577)(2000101    -1751.56103320534)(2000110    -983.857422067471)(2000012    -723.316348774743)(2000001    -1482.42257985056)(2000112    -1290.09611620434)(2000111    -1154.27257273149)(2000212    -1168.0997203224)(2000022    -851.622509405368)
0 15      - (2000211    -1485.51534511486)(2000102    -1470.51164108278)(1000000    -678.322345990391)(2000101    -811.607417999481)(2000212    -1454.4008398314)(2000112    -1299.92880784879)(2000202    -1101.35094111891)(2000002    -810.553896133133)(2000100    -861.236826902126)(2000001    -1039.754500939)(2000201    -1305.94785397126)(2000210    -1249.90087659258)(2000200    -896.247728113311)(2000012    -811.430050436358)(2000111    -898.726963797782)(2000022    -584.918320446231)
15 3      - (2000102    -1009.99294460383)(2000110    -1290.07926030966)(2000012    -749.771468471305)(1000000    -834.690080799538)(2000101    -1485.85488601162)(2000202    -1534.42018326852)(2000201    -1544.93436529765)(2000001    -993.201806723438)(2000112    -1393.74747120395)(2000002    -1462.10540172705)(2000111    -1407.38687603892)(2000100    -1450.12321339924)(2000211    -1314.99643162887)(2000200    -1259.03378163218)(2000022    -179.339097919461)
16 0      - (2000001    -1364.63106463294)(2000201    -1415.68454175406)(2000210    -994.842806960969)(2000101    -1415.00450299061)(2000100    -1435.54517603046)(2000211    -1338.67624551578)(2000022    -926.112968872283)(2000200    -1223.99874368713)(2000202    -1574.73010738752)(2000002    -1009.42787164812)(2000012    -925.52109129887)(2000111    -1557.461102145)(2000212    -1204.76980387402)(2000102    -1485.20574335689)(2000112    -1388.32722157451)(1000000    -1316.97804876269)
19 3      - (1000000    -1801.2249505029)(2000200    -1288.29925023433)(2000100    -1230.2793120561)(2000102    -1314.54416179029)(2000202    -1255.84235424726)(2000002    -826.571299769618)(2000201    -1103.22363353576)(2000001    -1303.50195657618)(2000112    -1295.34460330128)(2000101    -1280.48609667757)(2000012    -667.462528843665)
17 1      - (1000000    -1821.45407178112)(2000211    -1236.17666595881)(2000101    -1205.35218184994)(2000002    -825.319334160379)(2000200    -1671.64630089377)(2000100    -1600.25405728669)(2000001    -1019.82077760685)(2000210    -1281.66852448517)(2000202    -1340.08523984937)(2000012    -731.053688303627)(2000102    -1242.32536644512)(2000111    -1072.33172703201)(2000201    -1440.23477832034)
17 2      - (2000100    -1438.46563719014)(2000200    -1662.51821925129)(2000201    -1541.02282369626)(2000202    -1234.99574220883)(1000000    -1786.81618381321)(2000101    -1581.64847946326)(2000002    -831.457949415148)(2000112    -1199.88421889483)(2000102    -1224.92141573899)(2000001    -1342.12358380532)(2000012    -1168.84938808861)(2000212    -1305.39095419903)
17 3      - (1000000    -1808.5018866898)(2000100    -1756.78030865872)(2000200    -1667.87618116707)(2000001    -1475.45712538073)(2000002    -831.907179706294)(2000102    -1379.89436165416)(2000212    -1391.29525117218)(2000101    -1673.27307965344)(2000111    -1364.04973147209)(2000202    -1388.13660317897)(2000201    -1471.77204872997)(2000110    -1118.97058977653)(2000211    -1449.39501035632)
12 2      - (2000012    -833.456990359597)(2000101    -1005.61566213526)(2000022    -398.913927926873)(1000000    -592.971818655479)(2000210    -1010.89740655406)(2000001    -507.359340607816)(2000201    -1302.64111883667)(2000100    -552.200171443913)(2000200    -1235.32078544624)(2000110    -382.010145005029)(2000102    -754.890342314521)(2000202    -571.616940929592)(2000111    -672.963617852235)(2000002    -598.735368496856)
13 2      - (2000202    -1929.33916044794)(2000101    -1456.60506901744)(2000022    -429.114254150882)(2000100    -930.237156497068)(2000112    -1154.7118644495)(2000001    -944.578218856962)(1000000    -259.472865040355)(2000200    -980.184902920416)(2000201    -1165.3450731867)(2000102    -1356.38476411624)(2000002    -471.569753195662)
0 12      - (2000022    -703.069829918477)(2000100    -672.814524252306)(2000101    -858.7616629063)(2000200    -938.370896936528)(2000210    -618.741168034199)(1000000    -164.298414906964)(2000012    -788.807233907468)(2000201    -871.098124333685)(2000111    -1014.7888443418)(2000102    -938.83847607775)(2000211    -681.33980231502)(2000001    -742.431894910155)(2000112    -1191.16341024933)(2000002    -1324.38449479876)(2000202    -815.877664235635)(2000212    -462.5420251511)
16 1      - (1000000    -1405.42234242891)(2000101    -1454.83405531262)(2000212    -1342.29550576927)(2000100    -1440.66833919719)(2000002    -1274.47591231814)(2000110    -1276.86142467543)(2000211    -1458.08599453599)(2000201    -1693.29827213897)(2000022    -847.233153202494)(2000012    -1197.30265181601)(2000112    -1363.24830656916)(2000102    -1206.25734387343)(2000202    -1415.27563067444)(2000200    -1531.63688698297)(2000001    -1495.39933726968)
0 13      - (2000201    -728.157347982302)(2000001    -931.396563372653)(1000000    -489.649569327767)(2000012    -615.218146998998)(2000101    -728.024133751185)(2000112    -1244.54474944335)(2000111    -1008.93255210951)(2000002    -538.551395547887)(2000102    -1056.74227638485)(2000202    -1152.42507049083)(2000022    -456.106134873382)(2000110    -658.764484677407)(2000200    -836.337844730333)(2000100    -734.386257414613)(2000210    -692.748683797587)(2000212    -662.851169315241)
14 0      - (2000012    -493.823118810359)(2000202    -1093.3170715033)(2000022    -527.595122683442)(2000200    -759.905484727552)(2000110    -594.617439896282)(2000111    -985.176241772167)(2000211    -1110.45288231592)(2000101    -690.299385915834)(2000002    -496.101791540868)(2000001    -1176.57043590753)(2000201    -728.175033897636)(1000000    157.664479769931)(2000102    -1063.60241902059)(2000100    -758.908834915456)(2000210    -645.145660922721)
15 0      - (1000000    -868.522309882122)(2000201    -1259.98094605763)(2000212    -1261.94932509992)(2000202    -1078.0274542342)(2000210    -1616.68223850584)(2000100    -1009.39634467654)(2000001    -991.462315824638)(2000101    -1090.27218549203)(2000211    -1115.90511779567)(2000112    -995.658552770848)(2000102    -945.86417695807)(2000022    -522.045413201087)(2000200    -1096.9247342955)(2000002    -770.357460381963)
0 14      - (2000110    -1156.47885511282)(2000022    -334.106769042101)(2000102    -835.165077032166)(2000200    -1176.82090609581)(2000012    -576.510934314321)(2000100    -1179.15694554473)(2000002    -574.149224285132)(2000101    -1006.48883577044)(2000202    -1157.9301460018)(2000111    -1060.12613121105)(2000211    -695.084791457517)(2000201    -808.71714307185)(1000000    -212.602173163812)(2000001    -1249.34275744495)
13 0      - (2000001    -477.373330284618)(2000200    -888.833815217888)(1000000    -44.2352823661091)(2000210    -704.030092519657)(2000022    -433.341679300601)(2000201    -1142.13463718516)(2000100    -786.518751436331)(2000202    -1082.58204778977)(2000002    -566.323364278179)(2000102    -855.789240059127)(2000211    -762.778768855064)
12 3      - (2000102    -917.306322464265)(2000200    -851.256181681222)(1000000    -656.099757314106)(2000002    -944.111229425892)(2000201    -1366.74967200243)(2000101    -1105.82866106173)(2000100    -648.345727942889)(2000202    -1249.47622051247)(2000001    -793.330567934725)(2000210    -1216.76888756499)(2000012    -631.939199069962)
4 11      - (1000000    234.017671827768)
14 3      - (1000000    -893.15465773845)(2000211    -960.051217168462)(2000200    -713.069377936457)(2000012    -705.25170461732)(2000110    -840.337923066147)(2000022    -569.704867162616)(2000202    -1103.88013085697)(2000201    -1052.43799826104)(2000101    -945.255157817242)(2000100    -971.647081294026)(2000002    -722.087909609427)(2000212    -919.474046914424)(2000001    -1056.42492389098)(2000102    -683.191414167106)
13 1      - (2000002    -1046.76714949256)(2000202    -1158.4869278104)(1000000    -41.1483742921162)(2000110    -658.026223490459)(2000201    -1239.65969451069)(2000101    -1293.95234187228)(2000102    -905.385320239568)(2000001    -1117.68202211127)(2000100    -1022.85518678706)(2000200    -1164.64536133541)(2000112    -1084.6915911513)
4 8      - (2000002    -316.800869964136)
12 1      - (2000001    -896.555029750288)(1000000    -29.5262886247664)(2000102    -1078.96598112387)(2000100    -1393.65565422649)(2000202    -511.118365069987)(2000201    -1309.90565492122)(2000002    -692.746660329501)(2000211    -600.516248533076)(2000210    -698.466401769957)(2000101    -1186.35975842383)(2000012    -725.67250184481)(2000200    -922.506563972136)
14 2      - (2000202    -1031.1417871684)(1000000    -741.194042848553)(2000102    -1057.53235543036)(2000002    -1301.40337617729)(2000101    -1151.46145864881)(2000200    -1445.25060641178)(2000201    -1437.53547099271)(2000001    -1275.92865404258)(2000100    -1284.78872543756)(2000110    -449.469816528415)
6 6      - (2000001    -1143.80472541341)(2000100    -1157.47437971417)(2000201    -1089.04961394273)(2000200    -1101.8616750076)(2000101    -1167.86832329129)(2000002    -1019.54178706783)(1000000    -909.369376678985)(2000202    -1123.45567536677)(2000012    -355.222270581635)
12 0      - (2000100    -1018.3018911159)(2000001    -1117.5055264759)(2000210    -755.852782094357)(2000112    -1155.45518410771)(1000000    -488.863058412462)(2000201    -707.539277701834)(2000200    -1023.63478292102)(2000110    -1027.33402182164)(2000101    -1579.9964595731)(2000202    -1648.80793277237)(2000002    -442.264769236911)(2000102    -988.501727700939)
9 5      - (2000202    -1771.13658470057)
8 2      - (1000000    -295.142507026434)(2000200    -434.146699025877)(2000210    -432.136579508086)
7 3      - (2000001    -788.856057665741)(1000000    -637.306133202167)(2000212    -625.599146952958)
9 2      - (2000002    -575.977473238088)
8 5      - (1000000    -942.069212752028)
7 6      - (2000002    -1291.62874002068)(1000000    -1248.42655078081)
8 7      - (2000110    -808.942000401989)(2000002    -772.144639600961)(1000000    -817.785065337972)(2000102    -815.677025545642)(2000201    -814.39685696052)
9 0      - (2000002    -455.054504278736)(2000102    -523.294784139609)(2000202    -523.294784139609)
5 8      - (2000100    -1617.28125580955)(1000000    -1500.53685506106)(2000001    -780.825036084546)
9 6      - (2000012    -130.176256232908)
1 9      - (2000101    -795.535493643814)(2000002    -538.183259427894)(2000211    -530.356995762543)
7 7      - (2000101    -1255.1150213507)(1000000    -1022.60773604423)(2000100    -1305.12184676046)(2000201    -863.792446687602)(2000202    -943.942312655493)(2000002    -1041.33244534841)
2 9      - (2000210    -1088.04849434144)(2000100    -1068.16587304819)(2000001    -1046.9116530899)
4 12      - (2000200    -1171.89703140359)(2000101    -1042.22970545053)(2000211    -464.187768247202)
8 0      - (2000012    -608.724602477269)(2000202    -897.476856570353)
8 4      - (2000022    -737.009700057312)(2000101    -522.048317847941)
4 10      - (2000022    -113.376735240701)
9 7      - (2000212    -1063.58578659337)
3 9      - (2000201    -773.924218618303)
1 11      - (1000000    -203.972730935363)

