172
0 0      - (2000101    -333.147988409256)(1000000    -27.7697449862926)(2000002    -23.1049086255729)(2000221    -765.126432787984)(2000022    176.461946522962)(2000211    -411.823527016473)(2000111    169.168133921573)(2000012    -94.1666540405444)(2000201    -535.17142699877)(2000121    -796.246809992015)
2 1      - (2000002    109.466950432855)(2000101    -756.606739334052)(1000000    112.383846421798)(2000201    -784.973704876341)(2000111    173.517429291107)(2000221    -730.342327074534)(2000022    217.776284069543)(2000211    -488.371752773386)(2000121    -747.18887947222)(2000012    -394.393174176521)
3 1      - (2000002    -21.1358504957823)(1000000    -45.8738584056261)(2000101    -768.173800748379)(2000201    -596.097508529978)(2000221    -941.188851926921)(2000211    -702.3252324692)(2000022    176.329093105178)(2000012    -674.77256519858)(2000111    -481.206289031791)(2000121    -776.653299629816)
1 1      - (2000201    -808.581112399098)(1000000    -199.909842508953)(2000101    -866.224320083394)(2000002    114.571469259522)(2000022    130.297227417718)(2000211    -309.572888150582)(2000111    -310.7381409069)(2000012    -474.079591310171)(2000121    -776.168901539711)(2000221    -680.765148322591)
3 2      - (2000002    -194.565999137218)(2000201    -778.41534939855)(2000101    -815.691355077049)(1000000    175.95392066682)(2000121    -733.472214950753)(2000111    -728.317618548475)(2000022    324.301045943403)(2000012    -494.878036322926)(2000211    -668.685077264666)(2000221    -839.747425601241)
2 0      - (2000002    -101.235573620355)(2000101    -608.067107125298)(1000000    -152.349266130993)(2000012    -586.030121213939)(2000201    -796.896052633618)(2000111    -992.01436564815)(2000211    -632.300463410136)(2000121    -1007.20275090081)(2000221    -877.12415761287)(2000022    -137.007485892555)
4 3      - (2000101    -534.775694504729)(2000002    16.1422753934886)(2000201    -606.132279695528)(1000000    116.921646115949)(2000121    -1270.87747674957)(2000111    -391.337812631218)(2000221    -1013.92891421452)(2000012    -483.189877378143)(2000022    133.635436532414)(2000211    -422.124200441475)
1 3      - (1000000    189.974367010228)(2000002    193.17146190666)(2000111    78.9395006774338)(2000101    -727.279230961065)(2000012    -528.635978782281)(2000201    -548.990423524182)(2000211    -517.076809647609)(2000121    -702.285087375647)(2000221    -739.391173825446)(2000022    246.797187507949)
1 2      - (2000201    -722.793904963613)(2000101    -797.228628717695)(1000000    54.1392555770132)(2000002    41.4459839059057)(2000221    -685.439911288434)(2000211    -446.942834695169)(2000012    -248.051044721443)(2000111    -632.559789008886)(2000121    -931.088368958271)(2000022    72.4998336673872)
4 5      - (2000002    -702.21222665199)(2000201    -957.227834470826)(2000101    -281.846638238765)(1000000    27.9472027336238)(2000211    -1232.71094245555)(2000111    -710.242738644158)(2000221    -1216.47448525248)(2000012    131.887522297697)
4 0      - (1000000    -309.551281231198)(2000211    -239.791318159001)(2000002    -410.853636030905)(2000101    -874.372132923368)(2000201    -691.516384023189)(2000221    -786.138592380012)(2000111    105.462808500014)(2000121    -1305.31578098265)(2000012    -246.678617015375)(2000022    190.464598613495)
4 6      - (2000101    -784.796665767984)(2000211    -1036.0122624425)(2000012    169.81479817274)(2000221    -500)(1000000    -160.944665944254)(2000002    -91.1546438182206)(2000111    -108.741859686324)
6 5      - (2000101    -1281.76729238234)(2000211    -1626.83296887122)(2000201    -1159.09477212491)(1000000    -592.702809954512)(2000111    -289.083701093121)(2000002    -583.216751990318)
3 5      - (2000211    -451.900150554586)(2000201    -838.632032566566)(2000101    -824.392060210366)(1000000    221.234125047166)(2000221    -1116.32552672599)(2000012    227.424741795741)(2000002    -854.505508767539)(2000111    -385.558495811027)
2 2      - (2000201    -774.167466930662)(1000000    116.785231259583)(2000022    110.773715351954)(2000121    -958.605293370617)(2000002    103.542744299928)(2000101    -838.280011114613)(2000012    -421.010288915482)(2000111    -343.013207861468)(2000211    -975.201539041957)(2000221    -739.9419106157)
0 1      - (2000101    -829.574694502079)(2000201    -782.11817714177)(1000000    74.9999845615479)(2000012    -152.390249965226)(2000002    195.976340001203)(2000111    183.778325934647)(2000221    -667.436210627792)(2000211    -517.019269693235)(2000121    -763.71718600941)(2000022    255.698840167224)
2 3      - (1000000    -78.4439198366589)(2000002    -270.569107381527)(2000211    -478.948898154909)(2000111    -79.9488631238227)(2000012    -251.915465985555)(2000101    -861.1658156487)(2000201    -832.884857697623)(2000121    -821.618722544619)(2000022    219.307732679474)(2000221    -722.778640939723)
7 2      - (2000101    -1103.34030420556)(1000000    -702.100441823428)(2000201    -359.71040845911)(2000002    25.9488499987026)
0 2      - (2000002    80.4790240876025)(2000201    -790.740711584351)(2000221    -996.635499292656)(1000000    96.7676311619892)(2000101    -679.882809507146)(2000111    -464.133338790678)(2000012    -392.661364981588)(2000211    -408.056968516719)(2000121    -788.210952416821)(2000022    106.459007573063)
0 3      - (2000101    -854.899463447971)(2000012    -420.036167989025)(2000211    -25.2600916033929)(2000002    -203.206202557207)(1000000    -61.0632649791002)(2000201    -615.508593100915)(2000111    -283.172930189898)(2000121    -693.755860872011)(2000221    -709.337774019234)(2000022    219.017460650217)
3 4      - (2000111    -348.218916838826)(1000000    318.041396601436)(2000002    -90.7173136923564)(2000201    -585.047083218444)(2000012    212.872338939894)(2000022    -135.092229745914)(2000121    -681.720004189802)(2000101    -852.367094517158)(2000221    -837.74763111175)(2000211    -520.557904671002)
3 3      - (2000221    -728.508500797219)(2000101    -669.865544324732)(2000201    -823.210032785122)(1000000    -146.118217552166)(2000022    117.781209945682)(2000211    -350.568467780618)(2000111    -49.3040134710653)(2000121    -562.089381227994)(2000002    -152.249868785432)(2000012    -168.947672784579)
2 4      - (2000101    -800.27935959106)(2000111    -897.668857281496)(1000000    -69.8161840986331)(2000201    -891.816595678206)(2000022    233.260393541339)(2000012    -560.701773390596)(2000121    -892.831647734682)(2000002    194.417821634525)(2000221    -933.230996457617)(2000211    -517.487475118321)
3 0      - (2000022    211.436368103438)(2000221    -788.630811728157)(2000002    -386.804804914356)(1000000    280.447757620333)(2000101    -820.682721427431)(2000201    -497.48530037277)(2000111    148.098053691591)(2000012    -295.952812474712)(2000121    -803.541705403594)(2000211    -404.74174970428)
4 4      - (1000000    183.478335972614)(2000211    -632.880912942597)(2000121    -1016.146457592)(2000101    -738.285080735466)(2000201    -735.720543237093)(2000002    -553.105993461236)(2000221    -948.577569155581)(2000111    -543.234045356319)(2000022    100.527698004071)(2000012    192.711716331947)
0 4      - (1000000    186.431801769617)(2000012    -270.45920224414)(2000022    230.594912358268)(2000201    -641.838808327372)(2000101    -749.270143579507)(2000002    193.43145341761)(2000221    -566.801233358005)(2000121    -743.173805047101)(2000111    187.471897311796)(2000211    -685.455482741734)
5 3      - (2000101    -861.262261686863)(2000211    -1078.38003341614)(2000002    -189.407969073413)(1000000    153.947839679734)(2000111    -971.543908024668)(2000221    -1472.85885400953)(2000201    -1047.74471754371)(2000121    -1727.72312477415)(2000012    136.45064570614)
1 0      - (1000000    81.4804876134543)(2000201    -796.985507593464)(2000002    120.921481696774)(2000101    -630.20640143634)(2000211    -610.145879354821)(2000012    -416.560280371386)(2000121    -802.441422633749)(2000111    -49.5153689784065)(2000022    182.647508131014)(2000221    -750)
5 4      - (2000101    -739.584218968706)(2000002    -417.310570464592)(1000000    -185.896836139759)(2000201    -480.6467207344)(2000012    -122.432274391249)(2000111    -693.879570997729)(2000121    -1048.1299787693)(2000211    -612.430778050698)(2000022    208.43311006578)(2000221    -449.372099999414)
2 6      - (1000000    -14.2775238802644)(2000211    -785.692563882879)(2000012    80.1391787388695)(2000101    -860.568339514755)(2000022    326.745137168864)(2000201    -741.156635590643)(2000121    -667.598638704066)(2000111    -758.018451509131)(2000002    -587.440938565609)(2000221    -674.040457091441)
5 2      - (2000101    -814.260254869721)(1000000    -408.68647274666)(2000002    53.8145942251732)(2000121    -807.465286328068)(2000012    33.1633442212923)(2000201    -848.492116540785)(2000221    -1134.18461443331)(2000211    -581.902355415031)(2000111    -1022.61218518782)(2000022    56.8733195800196)
5 5      - (1000000    -8.93645087413772)(2000002    -537.639064330027)(2000201    -794.446263112686)(2000111    -377.916849085793)(2000022    -11.228802723222)(2000101    -729.024346278256)(2000211    -769.937946590139)(2000012    -501.386863954546)
6 3      - (2000022    -139.770141664365)(2000211    -525.173979749884)(2000201    -640.40789288738)(1000000    15.3107443903304)(2000012    157.699818566595)(2000101    -664.775492993105)(2000002    -6.28999300600662)(2000221    -587.598169332275)(2000111    -488.831860896141)(2000121    -797.202087155648)
1 4      - (2000101    -714.13707493148)(2000002    -88.0907787955593)(1000000    -80.8267569551491)(2000201    -778.253260668429)(2000121    -755.945131216087)(2000221    -781.564023093272)(2000012    182.517011754949)(2000111    -181.664760746382)(2000022    260.216462201033)(2000211    -476.859971277361)
2 5      - (2000201    -778.686579056706)(2000101    -410.676616196175)(2000012    -174.482653934688)(2000111    55.2693250471154)(2000121    -563.688369935342)(2000002    -390.578559387624)(2000022    121.139881256811)(1000000    -351.647748270993)(2000211    -583.622206076298)
5 1      - (1000000    -433.065438731091)(2000101    -667.802447276072)(2000002    135.232859955387)(2000211    -773.652388907886)(2000201    -560.025958034877)(2000121    -927.174797608596)(2000022    273.003524369977)(2000111    -555.169197202739)(2000012    -420.933336841709)
4 2      - (2000111    -135.458176580806)(2000002    -364.336083068907)(2000012    -204.659972683359)(2000201    -740.937460249437)(2000101    -567.599885171634)(1000000    -123.240646168651)(2000121    -894.690139739825)(2000211    -588.392853483252)(2000022    160.154391764318)(2000221    -589.170462789083)
1 5      - (2000012    209.792688955575)(2000201    -1071.40313088003)(2000121    -886.831823741426)(2000002    -691.950597718337)(2000101    -886.852346644967)(2000111    -866.929864349396)(1000000    -575.999967260809)(2000211    -1035.03038367685)(2000221    -990.99378199722)(2000022    62.4428064519259)
0 5      - (2000201    -1148.33868238204)(1000000    -293.739088292628)(2000022    -39.2718383043382)(2000101    -849.334020658605)(2000111    -805.624080878664)(2000002    -68.5846183452357)(2000012    -645.263961290309)(2000221    -653.710278871916)(2000211    -731.828445491775)
5 0      - (2000101    -760.047235197308)(2000002    64.0966334327138)(2000201    -825.278951652782)(1000000    -171.143997035021)(2000111    -675.968712598107)(2000211    -464.744538619828)(2000121    -1007.64770569235)(2000022    51.8348412134883)(2000221    -717.053496902505)(2000012    -534.376814669832)
4 1      - (2000201    -813.038395994418)(2000012    -255.323168925164)(2000111    82.5371685114116)(2000002    -48.11586607453)(1000000    -352.207942330098)(2000101    -808.611252356494)(2000022    165.273082261302)(2000121    -841.113516549044)(2000211    -748.664376965235)(2000221    -797.263141159752)
6 0      - (2000012    131.034492240303)(1000000    -488.998278072989)(2000002    -120.918872389792)(2000121    -1002.71510131623)(2000221    -770.0050854165)(2000211    -362.606625194329)(2000201    -715.668846917013)(2000111    -707.146295848833)(2000101    -716.136999587713)(2000022    110.199115077723)
3 7      - (2000101    -1301.69154213309)(1000000    -128.706480324073)(2000012    -404.25552958448)(2000221    -269.428944221594)
0 8      - (2000022    -1.5)(2000101    -276.09000068108)(2000201    -294.025898011998)(1000000    -43.2307971580551)
1 6      - (2000221    -1715.36558909833)(2000002    -1198.01077922038)(1000000    -790.544582674406)(2000101    -1213.92476812012)(2000201    -1081.73251311092)(2000211    -1137.21552207595)(2000121    -988.227530198788)(2000111    -1022.86507558589)
7 0      - (1000000    -160.710233760554)(2000101    -662.983492166057)(2000002    37.358351264968)(2000201    -428.562511472452)
6 2      - (1000000    -276.853587951409)(2000101    -1208.10546218194)(2000201    -967.213972141237)(2000012    109.57799366323)(2000002    -267.791906620239)(2000221    -701.843303453292)(2000111    -330.813308622025)(2000121    -559.017015152047)(2000211    -588.982183832526)
1 8      - (2000002    -366.721795506739)(1000000    -96.2586340951363)(2000012    24.3030758052894)
3 6      - (2000101    -804.730579723438)(1000000    -121.069015353749)(2000201    -849.452842133745)(2000002    -771.322552762677)(2000022    71.738964072958)(2000211    -215.717779857508)(2000111    50.1458781521846)(2000012    -264.449853210772)
6 1      - (2000201    -785.070498214887)(1000000    -368.76637723076)(2000101    -689.148424827639)(2000002    148.603646369547)(2000211    -363.330328519794)(2000022    153.35604282204)(2000221    -892.143892265954)(2000111    -104.375962213732)(2000012    -246.833296453134)(2000121    -370.425072380245)
7 4      - (2000012    -86.4955692172129)(2000201    -842.296194113659)(2000002    -100.856326853346)(2000101    -366.979762502258)(1000000    -544.670523839657)
7 7      - (2000022    -20.9402922746441)(2000211    -286.837687020118)(2000111    -36.8376870201181)(1000000    -47.7018394891008)
7 3      - (1000000    -473.638892798841)(2000012    -624.495725926713)(2000101    -402.232635585463)(2000002    -631.890840171578)
6 4      - (2000002    -825.756247835563)(2000101    -970.240778186063)(1000000    -950.216878228187)(2000221    -1157.78020800817)(2000201    -741.373625514642)(2000211    -1305.89643762381)
5 6      - (2000002    -401.298312861069)(2000101    -898.704529817051)(2000201    -217.021657270988)(1000000    -108.340317266621)(2000111    -503.632331493542)(2000022    -108.596222922578)(2000012    -546.45911014837)(2000211    -108.485471830105)
1 7      - (2000201    -999.662455862349)(2000002    -146.487692213286)(1000000    -399.693972931633)(2000101    -704.062601546776)
8 1      - (1000000    -802.443375855461)(2000201    -721.056063764716)(2000101    -685.192445482527)
0 6      - (1000000    -397.345113098498)(2000211    -790.480660421302)(2000201    -802.461141260927)(2000002    -501.289027137761)(2000111    -247.298579098661)(2000022    125.078157285951)(2000101    -753.546848055728)
8 0      - (2000002    -751.610115459979)(1000000    -864.349617720102)
8 2      - (2000121    -1000)(2000002    72.0933739249206)
10 2      - (2000002    -772.629427442959)(2000012    -30.920923093008)(2000201    -895.236808035519)
0 12      - (2000101    -898.961133545037)(1000000    242.074595331897)(2000121    -803.391136830018)(2000002    -209.702010667011)(2000221    -739.32303699446)(2000201    -669.231023810861)(2000012    -234.39721444077)(2000111    7.006629208753)(2000022    259.365437705246)(2000211    -254.936832872267)
14 2      - (1000000    -98.958967280412)(2000211    -419.012437804748)(2000002    171.812914280813)(2000201    -810.7374106459)(2000022    228.959951466303)(2000101    -767.400916389316)(2000221    -691.260963025935)(2000012    -568.912199175298)(2000111    -532.431547344805)
3 12      - (1000000    -195.405841922161)(2000221    -753.459573334603)(2000012    -437.84165723916)(2000111    181.395786516307)(2000002    -665.537261612278)(2000201    -792.365514248223)(2000101    -598.831983234944)(2000022    224.423357526098)(2000211    -480.548829915453)(2000121    -711.777271168031)
12 1      - (2000121    -866.170360660433)(2000201    -801.944020783783)(2000101    -790.489865653089)(2000002    -795.799710667092)(1000000    -435.62117156306)(2000211    -636.238549682847)(2000111    -582.242773404717)(2000012    -411.34209147221)(2000221    -595.915000126694)(2000022    131.761792443542)
0 14      - (2000002    161.155815984467)(1000000    314.241184501821)(2000201    -472.426814778816)(2000101    -699.34003955271)(2000022    179.101407015475)(2000121    -706.726437491389)(2000211    -489.597358933627)(2000012    -367.925724034294)(2000111    -671.407749674318)(2000221    -602.35122191807)
0 13      - (2000012    -575.134070867513)(2000201    -937.822701510829)(1000000    251.757812823044)(2000211    -484.361508238826)(2000101    -639.712174164947)(2000002    -657.831821161677)(2000111    -211.575239181039)(2000221    -807.514988846758)(2000121    -800.508762518421)(2000022    44.4662755158269)
2 13      - (2000201    -814.393599165881)(1000000    144.644539354432)(2000101    -757.410707415471)(2000002    -241.020627588448)(2000211    -376.9049815777)(2000012    172.052931116631)(2000111    -310.283151428838)(2000221    -730.27849734242)(2000121    -691.753944788305)(2000022    119.152405115126)
15 0      - (2000012    209.931586202946)(2000111    16.4304589620562)(1000000    274.368391915517)(2000201    -807.409293732814)(2000002    -178.061485121611)(2000101    -675.264133398105)(2000022    125.931101285964)(2000211    -138.198822349589)(2000121    -210.601439364881)
12 2      - (2000022    -33.8043083178426)(2000121    -604.929329346535)(2000201    -679.14320408372)(2000101    -717.55838383701)(2000012    -393.274833159999)(1000000    148.648327803444)(2000002    -428.686490665125)(2000111    -330.85924449839)(2000221    -595.535726466508)(2000211    -600.405870617173)
1 14      - (2000101    -606.43684876671)(2000201    -628.276119552909)(1000000    173.198865115618)(2000002    -646.032835633289)(2000121    -738.83571013769)(2000111    -504.690943518446)(2000022    183.471634067225)(2000211    -253.453765148067)(2000221    -693.991020522756)(2000012    187.363083644458)
1 12      - (2000022    231.628839940756)(1000000    -373.037232695698)(2000012    -262.087529278943)(2000002    -500.154154540079)(2000101    -758.95865936493)(2000201    -774.673875706267)(2000211    -364.664976329202)(2000221    -805.608886610456)(2000121    -657.245267709899)(2000111    115.255918310314)
0 18      - (2000101    -546.132344568529)(1000000    -367.225759486555)(2000221    -867.352764831492)(2000022    288.242776134926)(2000211    -242.099499145657)(2000111    -149.839777105398)(2000201    -567.327969285314)(2000002    9.75862917717983)(2000012    197.064877420097)(2000121    -307.603550833691)
1 17      - (1000000    60.7134453120956)(2000221    -1335.89334769523)(2000012    -90.5272926161511)(2000002    97.8254895948965)(2000121    -892.092307719507)(2000201    -436.655503498462)(2000111    -353.092695022724)(2000022    165.01782388061)(2000211    -376.919440647465)(2000101    -357.567142417091)
0 17      - (1000000    -146.203716121866)(2000111    -639.118602930231)(2000201    -526.528305317225)(2000101    -247.649616474764)(2000022    203.726767833981)(2000012    169.934140309045)(2000121    -776.730449734584)(2000002    -504.046073236757)(2000211    -550.496512976219)(2000221    -461.737652891648)
15 1      - (2000201    -446.402334009802)(2000022    -1.4375)(2000002    78.4315880981473)(1000000    88.0761235162547)(2000101    -772.363649271156)(2000221    -812.946017538282)(2000121    -425.188803646982)(2000012    104.746184897019)(2000111    -572.39140662158)(2000211    -419.988452269463)
1 15      - (2000101    -655.280987324819)(2000201    -717.664349616524)(2000211    -476.94142709126)(1000000    175.188914989038)(2000221    -1165.30657434212)(2000002    86.622960963905)(2000121    -920.221241346821)(2000012    190.145385489093)(2000111    -676.634779778652)(2000022    85.0140470519568)
2 12      - (2000211    -521.709494225743)(2000221    -687.342079301905)(2000111    -410.88871857363)(1000000    -191.449991712854)(2000121    -739.318493797034)(2000002    -547.745721085923)(2000101    -719.510121089534)(2000201    -713.034302904814)(2000022    253.657726941695)(2000012    -460.061593508714)
13 2      - (1000000    -715.444544619731)(2000201    -751.612623842118)(2000002    -684.405514552242)(2000101    -853.147628095573)(2000211    -517.225980666991)(2000111    -472.392341426411)(2000012    -474.198126490374)(2000121    -363.201429799879)(2000022    243.0231805135)(2000221    -482.328048783699)
3 17      - (2000221    -988.899325008472)(2000101    -762.123842438793)(1000000    104.442705349782)(2000002    128.606335841831)(2000111    -509.046761809051)(2000201    -770.371213181692)(2000211    -1026.5613870239)(2000022    172.191371461148)(2000121    -506.495155315045)
12 0      - (2000121    -1421.53716862752)(2000201    -742.328325647684)(2000002    -628.940722631526)(1000000    -632.106522525458)(2000101    -599.837688899837)(2000111    -221.563030467496)(2000012    -43.1131972486565)(2000221    -436.42664998504)(2000211    -540.002053771066)(2000022    137.576055837082)
2 17      - (1000000    -41.878066384469)(2000211    -467.835533119662)(2000101    -763.033761037597)(2000201    -709.988107199834)(2000002    -40.6392127028149)(2000012    193.164296340216)(2000221    -710.90192185907)(2000111    -364.776414405829)(2000121    -373.524977836038)(2000022    33.0996453329395)
3 13      - (2000211    -627.48758836408)(2000201    -418.265204354075)(2000221    -726.023647169777)(1000000    41.6660843484447)(2000101    -789.546845349533)(2000002    -831.805082100426)(2000022    240.221770770324)(2000121    -681.451437162885)(2000111    118.442531531553)(2000012    -566.479668186421)
1 16      - (1000000    131.30555170317)(2000121    -628.979718653893)(2000211    -612.42655972302)(2000101    -566.916903089887)(2000022    276.737071032141)(2000002    -50.6139073976249)(2000201    -526.369868402833)(2000221    -729.540307928439)(2000012    168.752816300879)(2000111    -640.711089213847)
1 13      - (2000211    -305.641136110789)(2000101    -780.817176634846)(1000000    300.486728266232)(2000201    -723.696437483018)(2000002    -587.723900905979)(2000221    -700.07238415476)(2000121    -856.6212451023)(2000111    -556.785986787725)(2000022    212.85548270719)(2000012    -440.838392658665)
16 3      - (2000211    -519.824420727228)(2000002    -293.712976561381)(1000000    78.8750347689474)(2000101    -723.434781520815)(2000201    -618.790454443621)(2000221    -462.620326554097)(2000012    142.784927555213)
2 18      - (2000022    -544.749500213415)(2000111    -451.907367868427)(1000000    -244.265642121879)(2000211    -556.430996335641)(2000221    -1028.38475024413)(2000002    141.179805589991)(2000101    -552.348455269655)(2000201    -499.464344223134)(2000012    206.313486340195)(2000121    -659.79352956412)
14 1      - (1000000    -164.971978843813)(2000211    -559.992765034621)(2000002    147.134645895091)(2000201    -638.635820978711)(2000221    -784.118063301177)(2000101    -777.344390146808)(2000111    95.3837173986466)(2000022    264.532326030698)(2000121    -679.999821157673)(2000012    -291.488528664688)
2 16      - (2000211    -634.637514477674)(2000111    -630.260647411691)(2000101    -437.70094316584)(2000002    -618.322867757119)(1000000    176.831325913662)(2000201    -766.29460743232)(2000221    -1151.08380791857)(2000121    -942.388806600944)(2000012    181.12035275193)(2000022    8.6487752625323)
3 16      - (2000121    -1035.31937847212)(1000000    146.564185396915)(2000201    -817.045692495633)(2000012    174.454008884233)(2000101    -529.663553121267)(2000111    -294.720257542897)(2000002    -199.002811682139)(2000221    -898.555461804337)(2000211    -455.558729095094)(2000022    182.418834595742)
18 1      - (1000000    43.5857277043575)(2000111    -558.086149697773)(2000121    -1235.60378168278)(2000201    -822.950089282363)(2000002    124.401101507932)(2000101    -602.211135306462)(2000022    307.278816372791)(2000221    -234.119923826646)
16 0      - (2000002    58.5034903995226)(2000101    -760.859178542846)(2000201    -945.276631053617)(1000000    312.958955338311)(2000111    -470.600766575427)(2000211    -621.20311751992)(2000012    33.2816005840619)(2000022    289.358013976791)(2000221    -404.085415795745)(2000121    -179.507965371148)
4 10      - (2000002    -1000)(2000121    -1021.72387501677)
0 16      - (2000201    -798.471896300953)(1000000    118.57006103929)(2000022    182.322193836626)(2000211    -323.206845494859)(2000002    170.491167711201)(2000111    -165.13499521055)(2000101    -400.891982805026)(2000121    -725.644374805745)(2000012    -244.68090096888)(2000221    -486.934889001741)
2 15      - (1000000    292.701936555701)(2000201    -770.890960169849)(2000002    -326.536408562377)(2000101    -311.505280454415)(2000211    -400.069588064613)(2000012    193.594054866472)(2000111    -102.64338216444)(2000121    -631.193079845553)(2000221    -623.427337243529)(2000022    438.55430260081)
0 15      - (1000000    144.242348090527)(2000201    -796.245537422756)(2000121    -881.464183669654)(2000101    -798.156620712734)(2000002    -437.472696392736)(2000022    110.044974983081)(2000111    -597.654867258834)(2000012    163.458611759785)(2000221    -538.426911655652)(2000211    -286.174112879176)
19 3      - (2000101    -636.473492863678)(2000002    166.140117670898)(2000201    -826.46118635838)(2000111    -485.254310719882)(2000012    -644.441249416485)(2000022    169.286201211646)(1000000    -328.823601634529)(2000121    -192.172140387202)(2000211    -332.98887720051)(2000221    -199.3014036566)
13 3      - (2000201    -1221.3769369156)(1000000    -367.890941670229)(2000002    -383.569619417766)(2000221    -1045.52207239164)(2000121    -1050.07218983384)(2000211    -505.666261806254)(2000111    -649.367301948669)(2000101    -739.198286133907)(2000012    -355.591141163777)(2000022    218.073264986933)
2 19      - (2000101    -662.063341432474)(2000111    -240.748473087207)(1000000    -257.22397297981)(2000121    -869.484800237274)(2000211    -412.68176894032)(2000002    178.476693297242)(2000022    389.750834175299)(2000221    -782.798613655827)(2000201    -338.000693799577)(2000012    190.463931912772)
14 0      - (2000121    -1223.29730062442)(2000211    -173.746056741206)(2000201    -793.603442573311)(1000000    150.320767402153)(2000101    -588.497989487823)(2000111    -285.786774702833)(2000012    -172.949465654371)(2000221    -512.5386067458)(2000002    -235.326761984819)(2000022    262.676878896493)
13 1      - (1000000    137.984109883799)(2000002    -782.86578754701)(2000201    -933.626103747511)(2000101    -1155.55152741219)(2000211    -555.186721578851)(2000111    -697.129222114066)(2000012    -697.883435621242)(2000022    207.890667245349)(2000121    -606.124751527406)(2000221    -457.151309166941)
19 2      - (2000211    -1785.41255117861)(2000201    -826.25524702114)(2000012    203.711073208328)(1000000    -811.482033468991)(2000002    -1160.66584299635)(2000101    -811.417541746512)(2000111    -735.115709324244)(2000221    -223.658894879328)
18 0      - (2000002    -137.794369018415)(2000111    -557.944187035694)(2000022    109.933616983882)(1000000    -557.363298002597)(2000201    -501.592066085465)(2000101    -653.279558586453)(2000211    -845.392927136062)(2000012    173.335995858836)
16 2      - (2000101    -697.55552753307)(1000000    145.954665210496)(2000002    79.8790005090642)(2000201    -751.512207403856)(2000211    -952.85932895029)(2000012    234.413934018043)(2000111    -421.225908209141)
1 19      - (2000101    -457.817229944763)(2000111    -617.918886704933)(2000012    219.543514255168)(2000121    -458.265077271117)(2000002    163.839579873701)(1000000    -141.238887739864)(2000221    -880.925938634128)(2000211    -190.371489332336)(2000201    -601.558283339246)(2000022    176.931068147152)
0 19      - (2000101    -551.773408019648)(1000000    -112.934405328801)(2000121    -1050.69082002925)(2000201    -356.945767733005)(2000211    -673.554736368814)(2000012    240.503327760142)(2000002    183.337321849302)(2000221    -864.951011676363)(2000111    -579.093301110215)(2000022    54.6818700078515)
17 0      - (1000000    88.2009495481295)(2000022    119.109574010967)(2000221    -750.25)(2000111    -510.499571827158)(2000101    -680.861749623586)(2000201    -690.927914022799)(2000002    -138.002564455669)(2000121    -453.700102532815)(2000211    -468.258577778328)
3 19      - (1000000    -339.513898308091)(2000002    139.159697848464)(2000201    -640.977190435612)(2000012    193.530625134704)(2000211    -417.672305897712)(2000101    -754.949047356837)(2000111    -748.187129319775)(2000121    -894.729785518379)(2000022    132.274983819349)(2000221    -196.94337733506)
1 18      - (1000000    2.8226631503025)(2000022    77.7975602087012)(2000211    -174.078709167295)(2000101    -815.017079561354)(2000002    140.707679674146)(2000111    -359.780922734048)(2000201    -488.383457860703)(2000012    345.061459080215)(2000121    -229.505439630493)
17 1      - (1000000    23.4389337256784)(2000022    151.384572608834)(2000002    -248.936134724627)(2000111    -387.390611351917)(2000221    -550.503186432102)(2000211    -389.901912673048)(2000101    -601.61915226488)(2000201    72.8914627908979)(2000121    -224.050001787188)
13 0      - (2000101    -656.528443245556)(2000012    -238.731519714791)(1000000    -178.383428244328)(2000201    -685.199187464574)(2000002    -402.510818287072)(2000111    -215.410625687098)(2000211    -497.958756525282)(2000022    -0.5)(2000121    -387.598269600582)(2000221    -243.189524019327)
2 14      - (1000000    -97.8270684490369)(2000101    -916.332101826222)(2000201    -813.126581615187)(2000121    -672.513979231941)(2000221    -748.357596685403)(2000111    -523.838998498132)(2000211    -367.099431922327)(2000012    -72.0375333235812)(2000002    -252.7116483055)(2000022    156.994073573602)
3 8      - (2000022    -0.5)(2000002    21.9469490954187)(1000000    -480.703813862716)(2000101    -446.970108194746)
3 14      - (1000000    -481.462397152171)(2000101    -781.490156820648)(2000002    -268.97606909983)(2000201    -689.230633097585)(2000022    204.24891303504)(2000221    -545.355818485692)(2000121    -594.401511957212)(2000211    -510.842643263741)(2000012    -232.451304493476)(2000111    -420.694361150934)
17 3      - (2000201    -1249.70235448902)(2000101    -834.804418371881)(2000002    112.518281277929)(2000111    -852.791787512993)(1000000    -302.576000975286)(2000012    150.593324480473)(2000211    -924.036402259815)(2000121    -1133.45887819801)
3 15      - (1000000    111.06311914393)(2000101    -708.497292447339)(2000201    -766.932898856324)(2000002    133.109329153186)(2000012    -24.0543566355073)(2000111    -229.47313526873)(2000022    136.626892550787)(2000221    -708.175668499536)(2000211    -372.577064582339)(2000121    -764.382958067419)
14 3      - (2000002    64.4582990869728)(1000000    -123.829544233397)(2000201    -751.046085723725)(2000101    -774.047525699696)(2000012    -438.634846146612)(2000022    273.925809927551)(2000121    -450.721345384372)(2000111    -55.60620549264)(2000211    -554.712351765373)(2000221    -473.555309287019)
3 18      - (2000211    -572.575947731192)(1000000    -108.322792894276)(2000121    -983.71643218489)(2000002    142.051786432342)(2000101    -654.729718681088)(2000221    -1041.51251481613)(2000201    -535.055871150226)(2000012    256.847203205987)(2000111    -469.58014170823)(2000022    120.360713074417)
18 3      - (2000201    -736.408540534106)(2000002    199.206881708365)(2000022    213.719436114108)(1000000    90.4392360041491)(2000101    -747.90681948087)(2000211    -621.953745329055)(2000121    -657.844841879138)(2000012    -407.258608998639)(2000221    -204.081511879688)(2000111    -235.566320596879)
16 1      - (2000002    -773.985237690504)(2000201    -815.214746732295)(1000000    -508.144348327453)(2000101    -838.799309557489)(2000121    -706.267257774226)(2000221    -643.967484694291)
19 1      - (2000211    -441.959001118522)(1000000    -687.013835802314)(2000012    -830.911793832041)(2000111    -478.780431701451)(2000221    -750.5)(2000101    -798.800019998259)(2000002    -194.96809476014)(2000201    -714.867886996803)(2000022    108.055139256109)
12 3      - (1000000    -496.2579638645)(2000002    -558.044586783769)(2000012    -585.248655144053)(2000201    -732.972835819539)(2000101    -544.946456744324)(2000211    -860.601497492591)(2000221    -631.275076516556)(2000022    71.649281554262)(2000111    -160.469538012984)(2000121    -524.757990971818)
18 2      - (2000012    126.880805829404)(2000211    -725.34476859928)(2000201    -776.962105707083)(1000000    -514.493145687778)(2000101    -743.534443942987)(2000002    -861.854457683677)(2000022    30.7324747402222)(2000111    -250.212612606869)
15 3      - (2000101    -720.330482536246)(1000000    53.7646227547674)(2000201    -561.003901215503)(2000121    -667.438673501341)(2000211    -628.650824353867)(2000002    124.462870646378)(2000012    127.63263720957)(2000111    -488.763666082413)(2000221    -542.40720598518)(2000022    88.0274990567646)
3 21      - (1000000    -379.885392861934)
17 2      - (2000221    -1021.9364240018)(2000111    -1001.22012209566)(2000101    -1019.55341562421)(2000211    -1148.99413157775)(1000000    -74.1651088268626)(2000201    -970.439084048151)(2000002    -33.4542756676732)(2000022    -0.75)(2000012    180.816571405756)
2 8      - (1000000    -318.02967791654)
8 6      - (2000012    -14.2215463681841)(2000201    -357.095770789454)
5 21      - (2000002    -500)
8 5      - (2000201    -1010.79717293389)(1000000    -114.083303310593)(2000002    -449.069361177698)(2000121    -509.224363310746)
19 0      - (2000121    -496.403859826834)(2000022    150.18333210424)(2000111    -618.790783206801)(2000101    -591.268681807192)(1000000    -210.334891218743)(2000002    57.4798876199869)(2000201    -755.800342439374)(2000012    -889.8522989326)(2000211    149.594012776988)(2000221    -352.393343172372)
3 20      - (1000000    -144.135424385225)
5 7      - (1000000    -599.791453613093)(2000221    -500.743716566239)(2000101    -500.829164266176)
15 2      - (2000101    -700.66894721066)(2000002    138.043727244303)(2000211    -364.890043452967)(1000000    126.226864986836)(2000121    -796.75067578326)(2000201    -623.251981081071)(2000012    198.530621900075)(2000111    -402.732106960383)(2000022    158.933748254595)
2 22      - (1000000    -103.142066266773)
7 1      - (2000101    -931.380380268045)(2000121    -337.715250414381)(1000000    -323.484159001014)
7 5      - (2000101    -753.244125506336)(1000000    -184.178261401616)(2000012    160.31487113195)
8 3      - (2000101    -1165.46908373152)(1000000    -292.219420038893)
7 6      - (1000000    -204.206953211713)
0 7      - (2000211    -977.484957700741)(1000000    -524.306902723903)(2000201    -775.219590521293)(2000002    -478.248944638629)
6 6      - (2000012    165.882272301796)(2000002    -768.659553802823)(2000111    -699.131074210456)(1000000    -461.917704009947)(2000101    -739.81694457492)(2000211    21.1986055242542)
4 8      - (1000000    -569.834377493016)
2 7      - (1000000    -955.004165481907)(2000002    -1498.24622564604)(2000201    -835.157986985748)
4 7      - (2000101    -460.86766431098)(2000002    -325.825996699733)(1000000    -347.105430721143)
5 14      - (2000002    -450.197224693485)
5 8      - (1000000    586.237172708755)
0 11      - (1000000    -168.212234616265)
2 9      - (1000000    -318.276553663698)
0 10      - (1000000    150.430994135512)
3 10      - (2000211    -181.544769625975)
6 7      - (2000111    -21.055566752651)(1000000    -16.6836578200006)
6 9      - (2000002    438.347334041099)(2000101    -228.293324088861)(2000201    -228.293324088861)
4 13      - (2000121    -322.7287496392)
9 3      - (2000211    -308.766071426043)
6 8      - (1000000    -776.0289058252)
2 20      - (2000002    -649.404083181171)
9 1      - (2000201    -677.464467189306)(1000000    -54.9551241234199)
2 10      - (1000000    21.6196405130223)
7 9      - (1000000    -841.299298965355)(2000101    -873.581004183658)
3 9      - (2000002    51.460107871562)(1000000    10.2314565555871)
0 20      - (2000201    112.039885361052)(2000111    64.1112850148167)
1 10      - (2000201    -387.331801367762)
0 9      - (2000002    56.7576375209914)(1000000    5.1694805843656)
9 5      - (1000000    -696.577964170501)(2000101    -698.028580513458)(2000201    -230.484831189263)
4 17      - (1000000    -215.387941593431)
8 4      - (2000101    -111.841994140156)
1 9      - (2000002    1.82859261408838)(1000000    12.5449135082068)
9 2      - (2000221    -43.0842928015691)(1000000    -66.8232090939815)
4 9      - (1000000    7.50532999647135)
9 0      - (1000000    0.314447102652113)
8 7      - (2000221    -10.2641739999726)
5 9      - (1000000    1.57754626586824)

