160
0 0      - (2000101    -1348.75475079838)(1000000    -992.346478799956)(2000102    -1508.66210793254)(2000202    -1494.39795758903)(2000200    -459.430213642395)(2000001    -1346.21498129195)(2000201    -1535.95573636615)(2000100    -1540.3827891012)(2000002    -1269.28645154108)(2000012    -1316.12888712094)(2000111    -831.151484013153)(2000211    -1625.08030460935)
2 0      - (1000000    -775.473294504844)(2000200    -79.6638316234318)(2000001    -1044.91087330119)(2000202    -894.379791079833)(2000201    -1105.86860675413)(2000102    -1003.55368713111)(2000100    -1014.71777648662)(2000101    -871.083278609546)(2000002    -1299.46947025673)(2000111    198.902974458446)(2000012    -280.588093266304)
0 3      - (1000000    -833.204945216989)(2000200    -203.155727052672)(2000002    -825.606314943708)(2000001    -896.497912678188)(2000102    -1006.81410140538)(2000202    -815.092855263465)(2000201    -876.138546056032)(2000101    -826.275475838989)(2000100    -465.366700089606)(2000012    -811.194208058114)(2000211    -370.249199699914)(2000111    33.3399554232918)
1 3      - (2000201    -1024.97885912512)(2000100    -1160.42020401817)(2000001    -1196.38753555454)(2000101    -1158.37179648115)(2000200    -1437.90450855544)(2000202    -1166.55331693493)(1000000    -1543.6713069621)(2000002    -1344.77734973541)(2000102    -1171.84497575526)(2000012    -899.538854060617)
1 0      - (2000101    -1597.84591216705)(2000102    -1541.36803998178)(2000202    -1493.29219682439)(2000001    -842.810265197724)(1000000    -1380.07367961137)(2000100    -1565.93838069231)(2000200    -405.790798656825)(2000201    -1816.88411350319)(2000012    -1442.38575230192)(2000002    -1584.81167134627)(2000111    -655.208592847002)
1 5      - (1000000    -774.056423203137)(2000100    -1115.25850956643)(2000201    -881.618274373147)(2000101    -390.726310476619)(2000102    -1054.18557528216)(2000200    -847.609583746614)(2000002    -967.988441392049)(2000001    -946.32173460663)(2000202    -693.032724953933)(2000012    -339.150928697631)
0 5      - (1000000    -429.559692945626)(2000100    -647.593328308558)(2000101    -455.547175365389)(2000201    -560.792152219062)(2000202    -734.41412658492)(2000102    -1481.99526518923)(2000002    -1088.38619509239)(2000200    -947.49511818737)(2000001    -857.27555033325)
2 2      - (2000001    -1386.31283915174)(2000202    -1611.45613229236)(2000101    -1153.89152053103)(1000000    -1188.43494750945)(2000201    -1206.27775659019)(2000002    -988.296503098979)(2000102    -1850.60693637648)(2000100    -1501.54317452354)(2000200    -1331.46881556544)(2000012    -419.683234489324)
3 3      - (2000100    -561.550478036819)(1000000    -1317.6668006823)(2000002    -1279.85061663246)(2000001    -1556.7894333652)(2000102    -1313.58466401217)(2000201    -1010.16992848894)(2000200    -1188.49123640561)(2000202    -1153.02771285105)(2000101    -577.605958698695)(2000012    -311.941455347315)
2 3      - (2000002    -1480.57891537817)(2000101    -1375.82067947265)(1000000    -1117.81774765124)(2000201    -1116.69257900654)(2000102    -1298.95060093077)(2000001    -1304.02636787273)(2000100    -1478.12671785872)(2000200    -1083.56556539992)(2000202    -1116.9883740266)(2000012    -688.849423987389)(2000111    -1.9728)
3 0      - (2000101    -1034.20184507137)(2000002    -1225.23442184005)(2000202    -935.929375544252)(2000111    -419.856784754858)(2000100    -1102.03601327909)(1000000    -917.618065156072)(2000200    -1131.61857118654)(2000001    -550.824472970395)(2000102    -912.28182033787)(2000201    -1065.87943343167)(2000012    -1243.25043731614)
4 2      - (2000101    -932.104381719663)(2000001    -917.993022628128)(1000000    -933.011698391492)(2000102    -819.205860901243)(2000002    -1144.13429870584)(2000202    -971.575914542201)(2000201    -740.291439916621)(2000200    -351.1188707985)(2000100    -929.67036728926)(2000012    727.42831879291)
1 2      - (2000102    -1082.21082581137)(2000002    -866.638571312891)(1000000    -732.269734921731)(2000200    -1303.66768685739)(2000100    -823.02022065445)(2000201    -820.750361375559)(2000202    -1093.90322522601)(2000101    -582.285480575883)(2000001    -818.404605571429)(2000012    -1059.68924091799)(2000111    45.3529378673909)
3 4      - (1000000    -1197.32067244889)(2000102    -941.113273508289)(2000200    -1419.1191172715)(2000101    -372.788216408553)(2000201    -884.763595913858)(2000100    -917.817721607265)(2000002    -1207.8924628145)(2000001    -1048.40961744088)(2000202    -1379.75385133029)(2000012    -1294.72858723619)
3 1      - (2000012    -172.589523518789)(2000100    -1056.60953374486)(1000000    -1049.84825724998)(2000202    -542.600689273728)(2000102    -816.339688928793)(2000200    -1046.21717905948)(2000002    -1138.28262995081)(2000001    -1213.10454950417)(2000101    -1046.93835135)(2000201    -1045.43144837633)(2000111    163.031972431166)
3 2      - (1000000    -611.765913147739)(2000100    -1145.80767582033)(2000101    -906.848578553732)(2000002    -1232.06014392424)(2000202    -1146.8835812811)(2000102    -962.862187890971)(2000200    -966.610905398604)(2000001    -1040.48608319261)(2000201    -1161.0617059525)
2 1      - (2000100    -1315.62697498933)(2000202    -1681.95370456611)(2000102    -1438.79422827468)(1000000    -1282.40713909395)(2000002    -1478.10284076302)(2000201    -1486.64886616415)(2000200    -677.891009617192)(2000101    -1486.62927326978)(2000001    -1303.7073850151)(2000012    -493.488489091381)
6 0      - (2000100    -612.027268976124)(1000000    -909.281384779926)(2000001    -781.586259312105)(2000101    -1041.54171122884)(2000202    -798.218985877046)(2000200    -968.790613470221)(2000002    -874.723690711027)(2000102    -804.029440054036)(2000201    -1014.11426379947)
0 4      - (2000102    -1336.01048751434)(2000201    -1023.91032572049)(2000001    -1311.83409641565)(1000000    -1103.01949280131)(2000202    -1051.9331365015)(2000002    -1136.28319451892)(2000101    -641.21873224472)(2000200    -824.032680449638)(2000100    -1100.28344623171)(2000012    -861.857150357621)
1 4      - (2000100    -1031.50899485466)(2000002    -1052.34931500096)(1000000    -995.072996030782)(2000202    -1053.81911735039)(2000200    -1172.38173436602)(2000001    -1343.28488981937)(2000102    -1026.5868817299)(2000101    -444.939574983676)(2000201    -1021.91509215171)(2000111    -0.4932)(2000012    -983.381031852156)
5 6      - (2000202    -836.85236765261)(1000000    -866.612436499762)(2000002    -1099.01445574833)(2000201    -14.3619029421291)(2000200    -513.134976527731)(2000100    -651.053335802755)(2000101    -1127.78280582603)(2000001    -740.921166178597)(2000102    -446.657179881509)
0 1      - (2000202    -1888.9013849834)(1000000    -1858.37892836931)(2000001    -1608.09333719526)(2000101    -1651.78007943929)(2000100    -1748.52863090338)(2000002    -1860.31027331259)(2000200    -1180.05010338296)(2000102    -1826.25803268547)(2000201    -1668.65622459559)(2000012    -968.521904412765)
4 0      - (2000201    -769.633269210864)(1000000    -1037.72516256287)(2000001    -908.140388252231)(2000100    -870.369070132705)(2000002    -205.743829002655)(2000101    -677.798790796937)(2000102    -808.434802080257)(2000200    -723.850366157521)(2000202    -1119.79018046396)
1 1      - (1000000    -1666.97073996172)(2000100    -1430.47321222703)(2000200    -857.615875761154)(2000201    -1653.63782018982)(2000202    -1997.08594772713)(2000002    -2093.29021246108)(2000101    -1660.76526193157)(2000102    -1726.97208380625)(2000012    -983.516618634347)(2000001    -1630.14851503578)(2000211    -1500)
0 2      - (1000000    -1341.2928442581)(2000200    -1422.59729926199)(2000201    -1329.39483841497)(2000100    -1410.71883361967)(2000202    -1341.82008810665)(2000002    -1339.66578572603)(2000102    -1376.28969951203)(2000101    -1405.50853128634)(2000012    -960.980895958687)(2000001    -836.416511493638)
5 0      - (2000201    -936.944160035264)(1000000    -1015.61388005821)(2000202    -813.773307683234)(2000101    -1095.65803878005)(2000002    -1030.86146849072)(2000200    -968.397482650722)(2000102    -585.22780787229)(2000001    -395.827532453465)(2000100    -1042.39588171448)(2000012    -922.682198377596)
2 4      - (2000102    -1284.52453378309)(2000100    -466.255614183514)(2000201    -1134.39543640113)(2000101    -285.684276719155)(2000202    -1018.80054200511)(1000000    -1106.77985918755)(2000001    -1503.15979372765)(2000002    -1746.22360164905)(2000200    -652.782629261095)(2000012    -389.181461975412)
4 1      - (1000000    -870.700728390313)(2000002    -198.336132891177)(2000102    -952.351538612282)(2000201    -779.366242774221)(2000200    -816.754682442467)(2000202    -450.890404771549)(2000001    -980.121666880359)(2000101    -843.196025702693)(2000100    -1088.04125493311)(2000012    118.929732469517)
6 1      - (2000001    -1025.91627151011)(2000101    -1143.24662461722)(1000000    -634.819421477943)(2000102    -936.09359444062)(2000100    -995.446011840415)(2000002    -939.348042155051)(2000200    -1182.92217929287)(2000201    -1050.06431777225)(2000202    -942.162293076554)
3 8      - (2000201    -322.225627062082)(2000001    65.1713989325587)(2000102    -435.841686554928)(2000101    63.5334134450718)(2000100    49.3066027644943)(1000000    -283.585339510848)(2000202    -374.495480405402)
1 7      - (1000000    -132.648125555758)(2000100    -301.193487757332)(2000201    -318.332263434206)(2000200    -311.273151429849)(2000202    -299.780899584414)(2000002    -234.662701474671)(2000101    -126.56194802958)
4 5      - (2000002    -943.086268264946)(2000202    -1433.12517662271)(2000201    -786.433406936071)(2000012    -432.390609526504)(2000001    -737.342875491206)(2000100    -587.077658213295)(2000102    -1130.84261473956)(2000200    -1257.41555588557)(1000000    -833.538813536097)(2000101    -614.99715470532)
5 2      - (2000202    -619.50431457564)(2000101    -530.847333378012)(2000200    -527.759096701358)(1000000    -694.500628879017)(2000100    -850.444919433094)(2000002    -1156.34942496249)(2000201    -233.314565327541)(2000001    -668.045822941287)(2000012    -1000)(2000102    -857.788393420916)
5 1      - (2000100    -905.543013235923)(2000001    -901.457622471308)(1000000    -547.339476783969)(2000102    -475.991631342528)(2000101    -914.589177539933)(2000002    -714.115904459722)(2000201    -714.360419696917)(2000202    -1001.78635354328)(2000200    -943.074128274198)
3 7      - (2000201    -801.928412680668)(2000100    -425.112492034377)(2000101    -667.910781822192)(2000200    -614.065159299598)(1000000    -729.979877247784)(2000002    -463.646572767425)(2000102    -655.090026776096)(2000202    -481.674730191482)(2000001    -456.150860235898)
2 5      - (2000201    -787.855563752181)(2000100    -309.504758814702)(2000200    -918.780236462716)(2000002    -559.802913840734)(1000000    -551.026800539032)(2000101    -609.439082943342)(2000102    -1171.25359007214)(2000001    -762.954641439752)(2000202    -1017.11345276038)(2000012    -1060.76865206031)
5 3      - (2000002    -1069.96279861141)(1000000    -439.721823283947)(2000101    -645.267192270054)(2000100    -292.962561320313)(2000102    -1094.86522886787)(2000001    -477.735868279413)(2000200    -634.097506384027)(2000202    -1093.68841482076)(2000201    -676.027584247997)
4 3      - (1000000    -1232.71318042229)(2000202    -1077.08121607945)(2000002    -1329.75281891905)(2000201    -1163.30905265302)(2000102    -1119.19061221125)(2000001    -748.882851385565)(2000100    -1226.3052532186)(2000101    -963.718741570935)(2000200    -1075.02967634449)(2000211    -1171.98022833093)(2000012    -205.525036659062)
6 6      - (2000002    -1020.11322241496)(2000202    -253.446026583889)(2000100    -658.444498249057)(1000000    -1290.90160196636)(2000201    -868.299207218188)(2000101    -1010.88658083756)(2000001    -812.731601324448)(2000102    -838.147541760345)
6 3      - (2000200    -184.440563256563)(2000201    -600.006798989336)(1000000    -635.336146809743)(2000002    -398.571802622826)(2000202    -724.778817294911)(2000100    -674.145127821561)(2000102    -965.068505304306)(2000001    -510.766784722374)(2000101    -123.612058720881)(2000111    146.231374244454)
5 4      - (1000000    -629.70205797557)(2000101    -439.183050268304)(2000201    -889.97055596138)(2000002    -692.468477648638)(2000001    -1029.79028521671)(2000100    -850.75307110251)(2000202    -1203.04077994326)(2000200    -879.537571392599)(2000102    -893.619260503901)(2000012    -733.761793677349)(2000211    -1010.6992536115)
6 4      - (1000000    -864.069667800935)(2000101    -466.453430146366)(2000102    -995.934619757595)(2000001    -559.898818589912)(2000201    -458.663682862719)(2000002    -893.659955722541)(2000202    -685.599275753387)(2000200    -422.074465253267)(2000100    -768.106685428561)
4 7      - (1000000    -587.168501654358)(2000202    -457.014427295207)(2000101    -230.094612121789)(2000100    -171.027414462491)(2000001    -539.69526736427)(2000102    -539.694001099529)(2000201    -203.029138673748)
3 6      - (1000000    -416.066934822747)(2000201    -505.283535927385)(2000200    -458.585510390262)(2000102    -847.280842321792)(2000001    -758.285587864477)(2000202    -836.564394995278)(2000002    -643.712308974064)(2000100    -408.079081665947)(2000101    -749.555147086566)(2000012    -317.972113937113)
7 2      - (2000101    -561.603762536359)(2000002    -114.694005366992)(2000100    -104.014639180362)(2000201    -156.26964712966)(1000000    -579.130583176261)
4 4      - (2000102    -1072.94026829182)(1000000    -576.037324889616)(2000001    -805.568799590488)(2000100    -1423.86635136422)(2000202    -1149.73407666914)(2000101    -259.504767625258)(2000200    -784.993948543469)(2000201    -602.081328173243)(2000002    -826.873848312232)
6 5      - (2000101    -378.206990413092)(1000000    -607.358474255129)(2000102    -883.210815058825)(2000100    -406.737391771475)(2000001    -376.702571198588)(2000002    -442.840556258758)(2000202    -743.998881678245)(2000201    -357.736443412751)(2000200    -431.739845108776)
3 5      - (2000101    -733.417643270753)(2000200    -896.798799445554)(2000202    -870.660545965742)(2000102    -1037.14103813625)(2000201    -295.253123169142)(2000002    -715.703008189631)(1000000    -499.908588712913)(2000100    -804.210684198204)(2000001    -826.70859911189)
8 2      - (2000101    70.8021454529872)(2000200    -161.987300188846)(1000000    -962.786380604249)
2 6      - (1000000    -517.048764933261)(2000101    -804.115921763672)(2000002    -929.756006967243)(2000012    -897.00411961007)(2000100    -528.012981768313)(2000201    -516.895855674305)(2000102    -782.036047571006)(2000001    -751.796225835817)(2000202    -818.133345463916)(2000200    -660.983249554657)
2 7      - (1000000    -696.2056775078)(2000201    -522.311274277684)(2000101    -416.68439272737)(2000102    -652.854489786972)(2000100    -983.044925718685)(2000200    -759.327480398013)(2000002    -575.916551187683)(2000001    -698.750264448681)(2000202    -750.638043945037)
7 3      - (2000101    -145.313889307982)(1000000    -916.180953204029)(2000102    -611.853304978023)
7 4      - (2000102    -609.27466783258)(2000012    694.857235225056)(2000101    -516.56016193326)(2000200    -300.237331829169)(1000000    -699.801223231395)
7 1      - (2000002    -187.443230672106)(1000000    -461.456387488844)(2000202    -669.575096619594)(2000201    -454.203477508355)(2000102    -552.501452472579)(2000001    -419.62933759216)(2000200    -58.0801322907534)(2000101    -14.8352129634693)
4 9      - (1000000    -311.161410594254)(2000200    5.01097001144335)
8 3      - (2000002    -438.845041530391)(2000202    -591.518334028831)(1000000    -379.719907632242)(2000101    -683.216117311682)(2000001    -438.048652968099)
5 5      - (2000201    -645.558578279813)(2000200    -518.807602668361)(2000202    -624.501093298172)(2000002    -566.371589492058)(1000000    -487.516413991061)(2000102    -492.147595350355)(2000101    -568.334493076081)(2000001    -776.307358923863)(2000100    -603.386998948219)
1 6      - (2000102    -805.599268034977)(2000001    -716.044411366464)(2000202    -524.448117582373)(2000201    -825.252087289352)(2000200    -531.475443240109)(1000000    -709.683982947213)(2000100    -415.271287453557)(2000101    -565.519175545666)(2000002    -779.052920416828)
6 2      - (2000102    -458.660752266961)(2000101    -781.982845227725)(2000001    -819.872311003049)(2000100    -782.418369086471)(2000201    -782.80638720757)(1000000    -330.166702266955)(2000002    -839.612951095847)(2000202    -878.995286105003)(2000200    -907.828856774622)
8 1      - (2000202    -274.625175311077)(2000100    -66.8425595389964)(1000000    -440.241353211945)(2000101    -130.722660608849)
0 6      - (1000000    -585.781834315832)(2000100    -777.143542220634)(2000001    -931.600551611668)(2000202    -864.288459744415)(2000201    -823.914646910477)(2000102    -813.568496585018)(2000101    -758.786857171824)(2000200    -871.570695249392)(2000002    -564.713846530803)
2 8      - (2000200    226.063945306757)(2000100    124.03185221187)(1000000    -43.999426376014)
7 7      - (2000001    -1000.3)(2000201    -1000.1)(1000000    -1125.175)
8 5      - (1000000    -193.943773541172)(2000100    -139.871224920862)(2000001    -639.861255871983)
8 7      - (1000000    -500)(2000200    -123.437534876686)(2000202    -55.8234098355716)
9 3      - (1000000    154.281638706056)
7 6      - (1000000    -414.543467713538)(2000201    159.699849237614)
1 8      - (2000202    -666.157143690443)(2000201    -544.86616227852)(1000000    -331.464445672229)
9 0      - (2000102    63.4058593966842)(2000202    394.825483393866)
4 6      - (2000200    -536.602338146491)(1000000    -359.065877653418)(2000100    -243.902300379799)(2000101    -547.874554804888)(2000002    -654.352790043684)(2000001    -715.871838404493)(2000102    -823.744040972449)(2000202    -787.157202157934)(2000201    -527.204767091292)
9 1      - (2000102    -1000)(2000001    -454.812119746795)
2 12      - (2000200    -1166.63629199574)(1000000    -359.284379603367)(2000102    -1114.69402796982)(2000101    -277.085270284868)(2000202    -1064.2916329627)(2000001    -955.431021655265)(2000100    -958.643909511963)(2000201    -973.625396366083)(2000211    -1000)(2000002    -900.287028663737)(2000012    -1107.79984678407)
13 3      - (1000000    -1007.42667699578)(2000101    -1016.98081703313)(2000102    -1397.06938164909)(2000200    -1271.41778068439)(2000012    185.268343506251)(2000001    -1275.14654102934)(2000201    -1257.48380248195)(2000202    -1204.1362229371)(2000002    -976.177024830257)(2000211    -500)(2000100    -1290.97422027504)
12 0      - (2000001    -1668.64236456189)(1000000    -1472.55818705321)(2000200    -1430.43978821383)(2000101    -1460.80548246331)(2000102    -1462.98925721944)(2000100    -1444.71492889434)(2000002    -1419.56495225593)(2000202    -1553.96409769591)(2000012    -719.114277337898)(2000201    -1432.77171859097)
1 15      - (2000002    -1287.46082142412)(1000000    -1290.92121539119)(2000101    -539.170426752665)(2000102    -1588.82584964575)(2000202    -943.777768095911)(2000201    -1041.39511001473)(2000001    -836.740673389708)(2000100    -1092.79377357365)(2000200    -1200.62412837006)(2000012    -889.062890864465)
0 12      - (2000002    -1706.30019525296)(2000201    -1482.32427026945)(2000100    -1271.38471964024)(1000000    -1294.30343130731)(2000202    -1569.00781092615)(2000102    -1371.24355096662)(2000200    -982.696933569422)(2000101    -1326.85855752911)(2000001    -1753.92338057172)(2000111    -264.45438985512)(2000012    -1291.10894873079)
15 3      - (1000000    -568.843551463486)(2000211    -1275.65933534836)(2000001    -881.345803680538)(2000002    -718.109084765936)(2000012    -757.978793169902)(2000201    -712.342857258622)(2000101    -752.752658194623)(2000202    -897.669019656909)(2000102    -750.18665)(2000100    -614.950342490147)(2000200    -769.443705399856)
1 14      - (1000000    -1118.35798313264)(2000001    -1169.88268339893)(2000100    -1217.1470371115)(2000102    -965.550816739047)(2000200    -1074.78082516572)(2000201    -800.582791550456)(2000101    -363.759671398965)(2000202    -992.850924875191)(2000002    -991.519486981258)(2000111    -197.412424501626)(2000012    -1284.38601517904)
13 0      - (2000100    -1248.95374852078)(1000000    -1527.54688689759)(2000200    -1212.70151004421)(2000202    -1271.61377261443)(2000101    -348.531379075999)(2000201    -1356.20323286662)(2000002    -1534.51248063813)(2000102    -1492.82546113162)(2000001    -1502.26457935862)(2000012    -429.59638282318)
1 12      - (1000000    -628.236375539627)(2000001    -1485.19064110096)(2000002    -1288.70143296639)(2000102    -1039.6409619965)(2000201    -763.432318160185)(2000200    -1044.92300652981)(2000202    -1535.05248855315)(2000100    -982.965721327929)(2000101    -300.263277556497)(2000012    -1045.83672796158)
14 2      - (2000211    -500)(2000202    -1435.85259707434)(2000101    -1649.06993287513)(1000000    -1431.6577544331)(2000111    -384.834305674459)(2000001    -1543.52651977913)(2000200    -1749.49585396851)(2000102    -1556.54299179168)(2000002    -1456.05531241974)(2000201    -1201.11303913028)(2000100    -1348.24123012792)(2000012    -1334.66571212048)
0 13      - (2000002    -1170.16372853691)(1000000    -870.776648835563)(2000200    -1049.65156459106)(2000202    -1155.88380130687)(2000102    -1130.98617373402)(2000001    -1037.21882325698)(2000101    -333.133959283666)(2000100    -1044.18516282283)(2000012    -1052.10834603425)(2000201    -836.450281086941)(2000111    -58.3408518538772)
15 0      - (1000000    -1600.01731649073)(2000102    -1369.76414129654)(2000200    -1275.17313537542)(2000101    -727.602128513663)(2000100    -1150.63836841994)(2000012    -666.543562847572)(2000001    -1479.65599640566)(2000202    -1610.61044060771)(2000002    -1203.26454503719)(2000201    -1329.46699487093)
0 14      - (1000000    -1261.32269955591)(2000102    -1376.34247503255)(2000002    -1614.03955797973)(2000101    -533.780487260079)(2000100    -1716.34717450312)(2000201    -1618.79145351161)(2000202    -1646.44341762658)(2000001    -1598.78126372557)(2000200    -1647.42837431636)(2000012    -525.523654971535)
1 18      - (1000000    -1024.45852545888)(2000202    -988.609573065791)(2000100    -1037.74957370297)(2000200    -1326.25815761213)(2000102    -439.840983912572)(2000101    -1037.51565888804)(2000201    -1149.80269644677)(2000001    -1078.54602683682)(2000002    -1024.69112080922)(2000012    -731.037347475269)
17 2      - (2000002    -541.895602031585)(2000001    -780.703956372591)(2000200    -972.081610823345)(2000102    -818.962472369948)(1000000    -599.582916215548)(2000101    -862.243483352633)(2000202    -728.728175613007)(2000100    -1038.5631665295)(2000201    -990.437657822068)
3 13      - (2000102    -1919.80062025103)(1000000    -1547.74838060198)(2000201    -1360.19560090949)(2000202    -1321.12165001254)(2000100    -1836.529279965)(2000200    -1455.47655795635)(2000101    -677.984596625309)(2000002    -1096.6278296335)(2000001    -1471.04203527729)
19 2      - (1000000    -887.190143242049)(2000001    -1197.82527233809)(2000102    -855.239727243359)(2000002    -188.535031767121)(2000200    -1113.5411060171)(2000100    -1070.97839279502)(2000202    -1094.35793005471)(2000101    -1108.82110643468)(2000201    -1373.8144817746)
1 19      - (1000000    -1355.22729773146)(2000100    -1261.39925713132)(2000102    -469.655977381107)(2000200    -1057.55504476507)(2000202    -733.211320517286)(2000002    -949.02857918159)(2000101    -1220.89627161428)(2000012    -656.562889400641)(2000001    -1259.22846060709)(2000201    -1279.3738487366)
17 1      - (2000201    -757.948163494227)(1000000    -846.997452381045)(2000001    -981.653273080891)(2000202    -1261.26342576648)(2000200    -1148.65472418273)(2000102    -793.927170556148)(2000101    -794.577913528265)(2000002    -846.670382567666)(2000100    -508.039622526352)
2 16      - (1000000    -470.39161298249)(2000202    -1485.12164659525)(2000002    -772.696383084864)(2000100    -629.879278409329)(2000201    -963.721599576006)(2000200    -1158.72008497852)(2000102    -935.044027931312)(2000001    -629.873799422021)(2000101    -256.94470744388)(2000012    -620.491412326416)
2 15      - (2000102    -989.162249237928)(1000000    -1087.29212391454)(2000202    -1141.41184637397)(2000002    -1128.02043297299)(2000200    -1130.72704787917)(2000201    -997.630422180189)(2000100    -1003.85588534401)(2000001    -1213.81993684587)(2000101    -367.465995718977)(2000012    -345.168802153856)
0 15      - (1000000    -787.61080701567)(2000001    -913.112956802428)(2000200    -985.359925742603)(2000201    -1022.19785733291)(2000102    -1108.02992094819)(2000002    -1113.7976580421)(2000101    -482.962033276093)(2000202    -847.414776619898)(2000012    -454.520083113689)(2000100    -1367.1621525682)
14 0      - (1000000    -1272.94339173199)(2000200    -1240.80234940032)(2000001    -1525.70151988839)(2000111    -224.315441726641)(2000100    -1541.00357874438)(2000202    -1209.51995375104)(2000002    -1314.85610082937)(2000102    -1318.23299775239)(2000201    -1337.62223566821)(2000012    -363.730804735421)(2000101    -400.070443012873)
2 19      - (1000000    -1089.24976124161)(2000201    -1228.43732976253)(2000002    -913.290397453346)(2000200    -1204.53158140553)(2000101    -1164.05855428007)(2000102    -1104.06517263134)(2000202    -378.175596708728)(2000100    -1233.153541243)(2000001    -1350.19876709117)(2000012    -780.71549909429)
3 12      - (2000202    -1444.88516071265)(2000001    -1509.4395606066)(1000000    -857.844014324316)(2000200    -1400.24018079634)(2000101    -505.015008006106)(2000102    -1544.46433599876)(2000012    -361.36653876297)(2000002    -1377.80074378556)(2000201    -1324.37423944596)(2000100    -1008.78287842445)
0 16      - (1000000    -484.572528644921)(2000002    -832.959813951781)(2000100    -594.272853540169)(2000001    -1015.04188169483)(2000202    -763.104891427748)(2000200    -302.659806054956)(2000102    -772.474048965376)(2000201    -302.594183044911)(2000101    -538.197551847544)(2000012    -1172.94356326393)
3 16      - (2000100    -787.176450722794)(1000000    -824.318017668759)(2000001    -778.63862784318)(2000002    -761.165598865127)(2000101    -765.430929283558)(2000202    -1153.73459754426)(2000200    -493.461917443399)(2000201    -959.872756182854)(2000102    -1362.17811911942)(2000012    -836.137675364484)
2 18      - (1000000    -1349.44117528299)(2000002    -226.016963178389)(2000101    -1164.87568472094)(2000001    -1281.52115699392)(2000201    -1316.64370556823)(2000200    -1213.87394355754)(2000202    -957.38962300244)(2000102    -998.416576924726)(2000100    -1265.39741847633)
3 14      - (1000000    -1519.80741341929)(2000100    -908.286684540997)(2000102    -1432.22941049108)(2000012    -1420.14041424523)(2000202    -1254.33406343052)(2000201    -1625.39081940416)(2000002    -1608.18924880731)(2000001    -996.721092024378)(2000101    -1188.249539418)(2000200    -989.914061614862)
9 5      - (1000000    185.981821866243)
19 0      - (2000200    -910.397671916472)(1000000    -964.503017352264)(2000201    -587.5987296312)(2000202    -844.852335674522)(2000101    -798.718561195129)(2000102    -830.195724589785)(2000002    -240.057413183572)(2000100    -991.433914470975)(2000001    -833.33730692083)
16 2      - (2000100    -990.452503101318)(1000000    -215.918957009416)(2000200    -214.820597331277)(2000201    -638.542754841565)(2000202    -1226.10415495016)(2000102    -1251.48315449254)(2000002    -547.892047997064)(2000101    -657.375777542207)(2000001    -685.757478921682)
13 2      - (2000001    -1049.91874737053)(2000202    -1274.08100143144)(1000000    -584.449580420904)(2000002    -1038.03203576881)(2000101    -521.985707062517)(2000200    -1223.61162665777)(2000100    -1126.45406409485)(2000102    -1010.72316915804)(2000201    -1237.97578788179)
18 3      - (2000001    -634.43557687179)(1000000    -1157.68999181483)(2000200    -1055.33114002853)(2000102    -994.697383270287)(2000202    -939.254217451536)(2000100    -943.368238010272)(2000002    -897.575808455494)(2000201    -1020.57067900055)(2000101    -1106.3317147334)
0 17      - (2000100    -1296.00633732966)(1000000    -1203.63656262966)(2000200    -1041.83569006292)(2000201    -1273.1126385745)(2000002    -1292.28897994858)(2000101    -1170.06886577183)(2000202    -433.313644787292)(2000001    -992.792857134527)(2000102    -719.608753891092)(2000012    -694.339537229944)
3 17      - (1000000    -542.221992250751)(2000102    -725.870143908261)(2000202    -916.505123111089)(2000101    -579.458240225676)(2000001    -722.10617875883)(2000201    -713.616030283168)(2000100    -539.851761302651)(2000200    -1139.90047974593)(2000002    -414.443908001948)(2000012    -200.887868293769)
12 3      - (2000102    -1074.46273706979)(2000202    -990.46629258311)(2000201    -1174.21593711596)(1000000    -1329.95754651996)(2000101    -891.300431581269)(2000002    -1331.14125459359)(2000001    -1119.32117547352)(2000200    -1458.7426826608)(2000100    -1325.83827039841)(2000012    -931.212932872386)
19 3      - (2000102    -953.25738176119)(2000002    -432.485060036776)(2000100    -1041.12835829528)(2000101    -1117.93063444693)(2000201    -966.926589890727)(1000000    -1089.19201653165)(2000001    -1189.15632882164)(2000202    -953.630333968553)(2000200    -1242.44138164719)(2000012    -876.309808007545)
13 1      - (1000000    -1055.27419720003)(2000101    -535.267019880865)(2000102    -998.079504040735)(2000202    -1000.11012334349)(2000100    -1407.89192673567)(2000002    -1135.70247851583)(2000200    -1295.35990752452)(2000001    -1364.35500621765)(2000111    -0.4932)(2000201    -1198.5725568944)(2000012    -1204.22023610832)
16 0      - (2000002    -940.272962315471)(1000000    -1379.41568521037)(2000202    -1218.15027204818)(2000200    -703.458176101087)(2000102    -1151.72582506278)(2000100    -1153.43031606061)(2000201    -1029.24814619785)(2000101    -426.8906023195)(2000001    -970.735268372505)(2000012    -1000)
1 16      - (2000200    -1043.21224875171)(2000101    -1365.45065404668)(1000000    -611.613756240999)(2000102    -1276.33324712674)(2000201    -1046.77965839773)(2000202    -1114.68258717532)(2000001    -1307.37080724977)(2000002    -458.747971150215)(2000100    -1126.65023450646)(2000211    -500)
15 2      - (2000001    -955.368465057784)(1000000    -821.489512072448)(2000202    -978.098192107477)(2000002    -1055.16763778476)(2000211    -500)(2000101    -842.484802909575)(2000200    -876.867271577489)(2000102    -1239.79586783456)(2000100    -990.055224038514)(2000201    -680.350816776479)
12 1      - (1000000    -1489.17290766227)(2000201    -1188.03907527179)(2000002    -1347.47750200832)(2000200    -1345.9230655064)(2000101    -670.266126776641)(2000012    -289.046833450633)(2000102    -1265.92535273648)(2000100    -1271.59287921042)(2000001    -1489.51490324191)(2000202    -1155.97504543415)
3 15      - (2000201    -936.19556244177)(1000000    -1154.74782684871)(2000001    -1051.00386479977)(2000200    -890.494441475086)(2000002    -938.533942026891)(2000202    -1457.5004482663)(2000100    -878.828215575683)(2000102    -1333.58944380346)(2000101    -372.886639184756)(2000012    -419.184488191034)
3 19      - (2000002    -1026.9832052394)(1000000    -1036.43957936073)(2000102    -380.04822862991)(2000201    -1069.72143423189)(2000200    -1306.59144746918)(2000100    -1197.93111209583)(2000001    -1039.47348242709)(2000202    -925.473896332032)(2000101    -1218.6394650449)
14 3      - (1000000    -1078.32980562723)(2000202    -1414.28488116495)(2000200    -1902.92329063487)(2000100    -1380.58363383363)(2000201    -1639.87975930102)(2000002    -1675.91454019596)(2000101    -484.538072045017)(2000102    -2245.09456108936)(2000001    -1415.35022567579)(2000012    -440.591228665065)
15 1      - (2000101    -733.097451429168)(2000001    -1385.90374296769)(1000000    -1148.02658528142)(2000202    -1340.99241039556)(2000200    -1421.20614990806)(2000102    -1477.4370352698)(2000201    -1487.90933924262)(2000002    -1104.20403489029)(2000100    -1361.15607169106)(2000012    -732.998180304454)
0 19      - (2000202    -870.583131435343)(2000200    -1023.58872367021)(2000100    -1001.82911864876)(1000000    -1026.10303373488)(2000101    -1147.93307938795)(2000102    -391.102822381656)(2000002    -1029.2684373063)(2000001    -1089.72570875946)(2000201    -1029.76053312525)(2000012    -733.84246042594)
12 2      - (1000000    -1703.59691590268)(2000100    -1821.63542796415)(2000001    -1704.56181522061)(2000202    -1741.49684005829)(2000201    -942.341808101391)(2000200    -1987.12103235798)(2000102    -1359.51833260036)(2000101    -1641.96090767802)(2000002    -1642.82708590685)(2000012    -50.0006931244418)
1 13      - (2000002    -818.236868880771)(2000102    -1096.0655593524)(2000202    -1526.65816759807)(2000101    -434.720277829374)(1000000    -934.627075838992)(2000200    -1219.10013784466)(2000201    -804.403375183497)(2000001    -1317.35899572626)(2000100    -984.775279233246)(2000012    -1164.44163394482)
7 0      - (1000000    -665.488572946607)(2000101    -417.199676943582)(2000202    -426.674248860874)(2000102    -426.674248860874)
5 7      - (2000200    -391.491019950381)(1000000    -678.906320624387)(2000202    -77.0836886577248)
4 8      - (2000100    -206.337214992959)(1000000    -213.755132941928)(2000202    200.219926519904)
18 2      - (2000001    -792.078257681509)(1000000    -841.712962102415)(2000201    -847.777942861085)(2000101    -935.178461476972)(2000002    -780.621429159501)(2000100    -747.782188891748)(2000102    -938.794043987578)(2000200    -284.499307330593)(2000202    -948.560284210202)
1 17      - (2000201    -1037.58519259611)(2000012    -144.526600545436)(1000000    -1142.0181024761)(2000100    -967.202584924202)(2000200    -1160.96666029426)(2000001    -1041.86909113891)(2000002    -1041.36822713229)(2000101    -1038.07497688229)(2000102    -807.1726083167)(2000202    -535.004964467362)
16 1      - (1000000    -445.94376100117)(2000100    -1018.79491015867)(2000002    -148.817541422555)(2000101    -574.485540436847)(2000001    -938.535422950215)(2000201    -953.152951600715)(2000102    -1108.59041470063)(2000200    -1240.2723990873)(2000012    -1262.12488043792)(2000202    -1432.58229419955)
8 6      - (2000102    -524.025311128032)
2 17      - (2000101    -1112.22334996159)(2000100    -1127.35894920275)(1000000    -1073.86710913468)(2000001    -1128.65341392129)(2000202    -943.933782138544)(2000102    -571.176613422114)(2000002    -944.626319087564)(2000200    -1073.05393380797)(2000201    -1105.28546104523)
17 0      - (1000000    -1156.19865344861)(2000002    -1007.77508715625)(2000201    -926.321605953016)(2000101    -939.187653316307)(2000200    -1024.20534899124)(2000001    -927.484309155634)(2000012    -786.380270897192)(2000102    -544.192350357469)(2000100    -927.464391505497)(2000202    -884.445177370947)
3 18      - (2000200    -930.006951905072)(2000201    -1279.45318364781)(2000101    -927.993426099834)(2000100    -975.783710804886)(1000000    -937.40713510205)(2000202    -931.201128193276)(2000102    -423.033711749503)(2000002    -1140.00780441549)(2000001    -963.12895641267)
18 0      - (1000000    -822.278592340153)(2000001    -1187.60062486236)(2000202    -681.423217774934)(2000200    -700.568305729579)(2000100    -956.022987458079)(2000102    -435.868255682904)(2000012    -928.545925462111)(2000201    -966.508479073825)(2000101    -1036.1526372568)(2000002    -616.778397663697)
2 13      - (2000102    -1668.3638520002)(1000000    -745.140438315165)(2000100    -935.641566358574)(2000001    -1098.01795586597)(2000200    -947.952477698241)(2000002    -837.409589986401)(2000202    -1143.15671788735)(2000101    -478.384391859181)(2000201    -924.287002528682)(2000012    -683.722584476417)
0 18      - (2000001    -1196.24012040671)(1000000    -1081.10937337157)(2000101    -1182.09876998457)(2000200    -1111.4538263939)(2000201    -1102.03718309402)(2000100    -1197.70788566897)(2000202    -386.514739377998)(2000102    -1119.16379451473)(2000002    -1192.55241009042)
8 4      - (2000100    -190.855551296588)(2000001    -208.168054461947)(2000200    -143.649105976519)(2000102    -595.666070651012)(1000000    -643.697105976519)
17 3      - (2000202    -858.30832285059)(2000001    -835.206711944717)(1000000    -771.704410869758)(2000002    -335.306503007363)(2000101    -825.073789904639)(2000100    -793.755922840542)(2000200    -587.74618875308)(2000102    -919.186919028715)(2000201    -789.171163008182)
16 3      - (2000102    -1098.75792186744)(1000000    -586.261701482219)(2000100    -769.582177052982)(2000101    -745.378627122813)(2000002    -720.753583085266)(2000201    -394.560617913404)(2000001    -661.891868722153)(2000202    -1098.78555929657)(2000200    -561.649185889114)
18 1      - (2000201    -1065.04418760065)(1000000    -1310.97371065087)(2000102    -707.675313366402)(2000101    -1047.03406722853)(2000202    -417.955237773228)(2000002    -1053.44343212599)(2000001    -996.058982801046)(2000100    -1061.43170879908)(2000200    -1068.00711556962)(2000012    -273.197184790847)
19 1      - (2000200    -1186.74414613553)(2000202    -1068.83375312642)(2000101    -1180.48703715884)(2000002    -1198.12707631762)(2000100    -1178.93691398467)(2000102    -595.197795615954)(1000000    -1172.72558986819)(2000001    -1195.76077717265)(2000201    -1195.45192264824)
2 14      - (2000100    -1093.0202660629)(2000201    -971.824926129701)(1000000    -1087.88521710426)(2000202    -1284.84236445044)(2000002    -1316.59693066709)(2000101    -302.767930276141)(2000001    -1350.70783006392)(2000200    -952.303416572121)(2000102    -1175.79342529711)(2000111    -62.5248280963699)(2000012    -971.288218026416)
14 1      - (2000100    -1625.35777841837)(1000000    -1158.17838206028)(2000101    -316.058914398744)(2000002    -1462.9728170584)(2000102    -1286.25133062384)(2000001    -1124.66955685706)(2000201    -1529.48046221811)(2000200    -778.198205577925)(2000202    -1326.90056947907)(2000012    -454.747392504858)
7 5      - (2000101    -347.962713630487)
5 12      - (2000102    -726.321483068987)
5 19      - (2000100    -240.939911971377)
10 5      - (2000102    -773.236644775852)
5 8      - (2000200    43.3469833131031)(1000000    -8.33385933073669)(2000100    28.6313222087354)
2 9      - (1000000    -546.965013355262)
0 21      - (2000100    -447.289269938857)(1000000    -181.085577009607)(2000001    -250.5)
1 9      - (2000101    -261.410015486448)(2000201    -302.651743178514)(1000000    -271.440614289756)
7 8      - (2000102    -170.668864500362)(2000002    -429.129890512585)(2000201    -109.378357987659)
5 20      - (1000000    -120.814778668498)
0 8      - (1000000    -681.4707993369)
0 7      - (2000101    -407.803567472179)(2000201    -359.444528848179)(1000000    -528.360455535651)(2000202    -548.307877373164)
5 9      - (2000200    -51.3753356514103)(2000100    -22.0591055778167)
6 8      - (1000000    -377.850265196469)(2000200    -336.99498585858)(2000101    -430.883206709484)(2000002    -398.132863413638)
8 8      - (2000101    -195.28738622857)
10 8      - (2000101    -334.289410529132)
3 9      - (2000101    -191.098610376738)
9 2      - (2000202    -702.453347471107)(1000000    -594.074831004136)(2000102    -594.074831004136)(2000101    -247.371970433348)
8 0      - (2000201    -262.473233034403)(1000000    -262.373233034403)

