195
0 0      - (2000100    17251.6420577475)(2000202    16787.0459260596)(2000002    17279.1291898508)(2000201    17017.6174596613)(2000200    16961.8595697078)(1000000    17836.6348490793)(2000121    16895.7167685333)(2000101    18046.511347942)(2000022    18036.7343621427)(2000102    16341.4895997584)(2000111    17221.3517167467)(2000012    17173.2527489247)(2000221    17294.6295504586)(2000211    17060.027703447)(2000001    17716.4284699123)
2 1      - (2000100    15494.9325679162)(2000102    15998.987901774)(2000201    16579.8972304594)(2000200    15429.0013086621)(1000000    16379.3896212966)(2000111    15566.7503260808)(2000211    15416.306952526)(2000012    16253.9740718784)(2000202    16286.1959584978)(2000221    16098.42871926)(2000001    12929.2466814474)(2000101    17814.1282587369)(2000002    16972.8690614829)(2000022    17535.4549870127)(2000121    16308.7924066185)
1 2      - (2000022    15741.5571922214)(2000202    16150.3013197782)(2000100    14901.3743501368)(1000000    16650.801862306)(2000012    17673.622236906)(2000200    15114.4586469193)(2000121    16404.2715583316)(2000101    16995.2220128793)(2000002    16574.1635705458)(2000211    16838.7703620681)(2000201    17275.0410418162)(2000102    16030.2626847257)(2000111    16930.4534292292)(2000221    16932.7295305438)(2000001    11299.5682018248)
0 2      - (2000221    15629.1450266797)(2000002    16974.4103613082)(2000001    15162.9102837234)(2000102    15808.0188021254)(1000000    16486.2844379352)(2000201    17006.3803987742)(2000111    15902.072749765)(2000100    16250.5948041085)(2000202    15537.1791660657)(2000211    16493.3460407424)(2000101    17541.3133469403)(2000012    15566.9985066689)(2000200    15178.2836975514)(2000022    15528.4721641763)(2000121    14164.024663551)
1 3      - (2000211    17741.6042026641)(2000100    13595.9251945881)(2000200    14856.5974274985)(1000000    16969.5640710665)(2000201    16689.17611615)(2000102    15979.8286825875)(2000111    16949.8922195502)(2000101    17580.7377768976)(2000202    15915.6935045985)(2000002    17236.9694861594)(2000221    16147.1024574055)(2000001    15689.2177243915)(2000022    15717.8887009652)(2000012    16838.9988184199)(2000121    16128.9231385259)
1 0      - (2000001    13091.2603312886)(1000000    16494.9947447334)(2000201    15260.0119955649)(2000111    14296.7905945264)(2000101    15792.2991058676)(2000102    15109.9268657936)(2000211    12682.0367123649)(2000202    16002.1919302344)(2000002    17880.9137123036)(2000100    14546.9913587152)(2000022    16714.4054891123)(2000121    14166.896091397)(2000200    12356.5366138227)(2000221    14587.1013604778)(2000012    15173.2537517145)
2 0      - (2000201    16454.6947046737)(2000221    16360.1801525024)(2000012    16735.2238547971)(2000002    17668.0788942376)(2000101    16923.8105703559)(1000000    16633.8305019578)(2000100    15780.4959294446)(2000200    15799.1499243293)(2000202    16507.1437992691)(2000102    16554.0737999985)(2000211    15761.2877602155)(2000111    14986.5307266853)(2000001    13307.7918435177)(2000022    15974.027873493)(2000121    15997.5398918124)
2 3      - (2000102    16389.8714717629)(2000002    16842.3172694763)(2000001    15504.2853807685)(2000100    16807.0337854359)(1000000    16560.9763872633)(2000200    16625.5100768318)(2000101    16790.4215988577)(2000211    16920.0798937162)(2000201    17044.4555193657)(2000202    16314.7739245738)(2000121    15750.4565714046)(2000012    17406.1436874823)(2000111    16746.7800510131)(2000221    14538.6559154358)(2000022    13970.5573484069)
2 2      - (2000102    16491.0263401595)(1000000    16602.0159018846)(2000201    16230.2261803333)(2000100    16081.9415864355)(2000012    15984.5112025409)(2000200    17387.7055156469)(2000001    14961.5860990991)(2000002    16769.4731787499)(2000202    16423.358733084)(2000211    15507.6834073005)(2000101    16494.2047178472)(2000022    15603.1153989855)(2000221    17874.3941449055)(2000121    16149.972081414)(2000111    17073.7075987728)
5 2      - (2000012    14341.9610839326)(2000201    15128.5035375997)(2000202    16220.8332494669)(1000000    16292.0830121612)(2000102    14139.9979687701)(2000101    17499.4054900636)(2000100    12602.5296641224)(2000002    16248.3960262407)(2000211    14704.2344998259)(2000022    11454.7439814065)(2000200    15607.0866596142)(2000111    14619.4458106023)(2000121    7502.7341839797)(2000001    12886.2029367667)(2000221    12932.4297317943)
3 2      - (2000002    16515.3089792286)(2000221    16865.527510866)(2000121    16805.7514236106)(2000200    16495.363579454)(2000201    16210.9638094949)(1000000    16555.6987077311)(2000111    16755.6168829477)(2000101    17719.9738835766)(2000100    16974.2089909994)(2000202    16734.4594817987)(2000102    16855.8624288278)(2000001    14541.3274739226)(2000211    17006.4159271291)(2000022    15746.8419366061)(2000012    17072.9501540137)
1 1      - (1000000    16551.4825913976)(2000202    15459.3430089328)(2000101    16720.1469542096)(2000102    16874.5045307416)(2000111    15105.6615048875)(2000201    16507.0954161616)(2000002    16653.7113759751)(2000221    14830.7590745127)(2000100    15313.2220833636)(2000012    14112.6351681425)(2000200    14694.3414384229)(2000001    9564.47504447979)(2000121    17582.3264518032)(2000211    16435.1628375621)(2000022    16397.4311261109)
0 1      - (2000102    14895.7105649737)(2000001    10152.1544668281)(2000202    15609.517869921)(1000000    16975.5174810934)(2000100    15884.0229237309)(2000211    15011.7766125404)(2000221    14963.832856571)(2000200    15049.7106626579)(2000101    17688.7082148731)(2000201    16203.8347563372)(2000012    15903.6389666462)(2000022    15076.6655688199)(2000002    16616.1652193301)(2000111    12787.7867552704)(2000121    14782.4762458595)
3 0      - (2000111    16853.199869822)(2000102    16730.5877544882)(2000001    15339.3542390334)(2000202    16612.9781939627)(1000000    16847.6220299544)(2000200    16354.8906573389)(2000201    16899.0105816656)(2000100    17245.571914452)(2000121    15288.8578974611)(2000002    17160.717231237)(2000101    17725.4262418128)(2000211    16075.7277322585)(2000221    15609.8231298299)(2000012    17218.5489038278)(2000022    17912.9877043357)
4 2      - (2000211    16306.1133935205)(2000201    14204.5345106858)(2000022    14314.7535254913)(2000100    15839.8064243661)(2000200    15224.0208549293)(2000202    15316.8593669652)(2000101    17499.0705642085)(2000121    13715.8289600236)(2000221    15289.2961415216)(2000002    16620.1716424248)(1000000    16187.3072140085)(2000102    15691.8191665193)(2000001    13481.7365880787)(2000012    13823.7796202242)(2000111    16567.681100351)
3 1      - (1000000    16573.8081443572)(2000111    17301.3029423817)(2000101    17739.1218022587)(2000100    16819.0366946155)(2000002    16997.2896945289)(2000001    15306.7462450412)(2000200    17027.9876591861)(2000121    15582.1460831895)(2000022    16115.0736741093)(2000201    15678.5471149542)(2000012    17077.4996268343)(2000211    15666.9010306312)(2000202    16540.1139682769)(2000102    16422.3847495603)(2000221    16505.5456189254)
3 4      - (2000012    11930.6860662415)(2000102    14640.964835514)(2000002    17100.9574315556)(1000000    16452.9916761071)(2000111    15373.8492167644)(2000101    15567.2333571778)(2000201    16254.5181967634)(2000202    15704.5195589814)(2000200    12394.5013119016)(2000100    15550.1332640455)(2000001    14753.1506565675)(2000121    12967.3723541033)(2000211    14072.6631248809)(2000022    14928.2630513113)(2000221    7476.78283557858)
0 3      - (2000201    16146.634546149)(2000200    16328.7540706501)(1000000    16489.2360492726)(2000202    16688.3131017987)(2000101    16623.998118342)(2000100    15906.1301743304)(2000002    17439.3346426985)(2000221    14471.1285235633)(2000102    16615.6434957447)(2000001    14410.3989127753)(2000121    13918.7824636955)(2000211    14517.0453849218)(2000111    16610.6266900041)(2000022    16590.8065549486)(2000012    16875.6420821273)
0 5      - (2000102    14777.806620309)(2000200    15410.8711855807)(2000221    8986.23861077715)(1000000    16738.4146840014)(2000002    14975.018135526)(2000100    15259.6299806833)(2000202    15164.7201394619)(2000211    14129.6279627385)(2000012    14219.4692284664)(2000201    15003.3814005853)(2000111    11915.4174902331)(2000101    17603.6793734389)(2000001    12190.4867102066)(2000121    13826.0764649868)(2000022    8951.35069934743)
2 4      - (2000201    15594.2989580775)(2000022    13637.9787567387)(2000211    15459.768840049)(2000200    15693.6839187828)(1000000    16508.3496032563)(2000002    16885.3799046512)(2000202    15674.1600244681)(2000001    14374.0476274851)(2000121    13768.369523343)(2000100    16440.9267904154)(2000101    17596.8931533339)(2000111    12356.2480938575)(2000012    15762.6035825116)(2000102    15427.1111051566)(2000221    4334.45188931691)
0 4      - (2000202    16244.3985249301)(2000201    14532.2965210063)(1000000    16805.8500270841)(2000221    13165.39398951)(2000200    16335.9747327673)(2000101    16502.5909555134)(2000002    17146.5049500316)(2000102    15874.2118865638)(2000012    13075.3496571641)(2000001    11149.7939362756)(2000121    13729.1335034232)(2000111    14362.7635050897)(2000100    17535.6638038559)(2000211    14883.8138924184)(2000022    14236.9368521727)
1 4      - (2000202    15920.5840939752)(2000101    17662.0551228399)(2000001    13485.1489410232)(1000000    16191.8650756921)(2000102    16430.2256756268)(2000002    15776.7894066555)(2000200    15582.3196014843)(2000221    16194.4350981761)(2000201    15798.2882961445)(2000012    15740.7476426863)(2000100    16092.0484093505)(2000111    15249.0078851585)(2000121    14592.2793350232)(2000211    15071.7306115209)(2000022    10761.3771898357)
1 6      - (2000202    6623.28923064601)(2000221    13220.0916920636)(2000121    889.135525791411)(2000201    14190.7516247638)(1000000    15141.0405644906)(2000100    13545.1593179609)(2000101    17692.3007147315)(2000002    12619.4323610833)(2000022    7536.14509302502)(2000102    11675.5952429838)(2000200    11920.2249066334)(2000211    4610.72517161663)(2000111    10936.3085854712)(2000012    7537.00748356564)
6 0      - (2000002    10136.9673303045)(1000000    16312.9740098062)(2000101    4572.62186396206)(2000200    17046.1835057435)(2000102    7655.54550848221)(2000211    4010.22256729679)(2000111    4400.86151479971)(2000201    12957.255452468)(2000202    9729.35803513513)(2000100    7319.49440810702)(2000121    3823.1918239382)(2000001    7066.02230852983)(2000221    4291.85923043929)
8 1      - (2000012    6116.45871500241)(2000002    16559.7456520889)(2000221    4726.38700968602)(2000200    3304.78588051773)(1000000    3814.00472403536)
2 5      - (2000022    13918.2491561217)(2000100    16005.4652093213)(2000200    14552.4561853404)(1000000    16337.554602698)(2000102    15037.4289860828)(2000101    17557.5370622709)(2000221    746.59481443498)(2000201    15060.0284354021)(2000202    15735.2918053723)(2000111    15033.0536958)(2000211    13428.7381465088)(2000002    15941.2437070787)(2000001    13310.3005607608)(2000012    15028.7374212746)(2000121    11261.2980639848)
3 3      - (2000201    16786.1062581711)(1000000    16492.0434482304)(2000202    16884.1548949424)(2000002    17030.7866923948)(2000200    16523.5770534049)(2000012    16468.3227708876)(2000022    16240.9503474979)(2000101    17044.4281718209)(2000102    16319.5218225054)(2000111    16864.6401378661)(2000221    16239.7476617341)(2000100    17558.2985174771)(2000211    16185.4926082785)(2000001    16489.1931289494)(2000121    17770.7683355962)
1 5      - (2000221    11368.7851568037)(1000000    16111.4916817255)(2000101    15789.4728327798)(2000002    17188.9634461205)(2000201    16007.2643846124)(2000202    14970.1450527733)(2000001    10846.5010020729)(2000102    15510.633801341)(2000200    12757.4615673917)(2000111    13193.5598018114)(2000012    12340.1920072345)(2000100    14339.9963402636)(2000211    9228.10835145196)(2000121    8997.94214433856)(2000022    11936.020558072)
4 1      - (2000002    15350.76416364)(1000000    15720.3326112332)(2000102    15949.2506003147)(2000100    16378.8963995833)(2000200    15904.8550481467)(2000121    13945.1099434424)(2000012    14326.4577798923)(2000211    15230.6463445693)(2000201    15490.7999988814)(2000101    17492.5414426339)(2000001    14589.1653471334)(2000022    10918.6470706641)(2000202    15859.7107442441)(2000221    11595.2397665049)(2000111    15372.1103964733)
4 4      - (2000200    14839.6846906272)(2000202    14112.4958589991)(2000001    13577.0530803392)(2000022    7424.62266837257)(1000000    16135.8106973656)(2000102    14778.6220473534)(2000121    11148.11593195)(2000211    15363.1836410528)(2000002    17081.0743174921)(2000100    16103.0604963413)(2000201    14980.3576462468)(2000111    12558.9427271789)(2000101    15116.1479416504)(2000221    8541.83335897954)(2000012    14943.0000799528)
4 0      - (1000000    16367.0220339182)(2000002    17270.4751056023)(2000201    14534.3391177351)(2000022    13842.1985025217)(2000102    15884.8897206088)(2000100    13740.168896359)(2000200    16178.8051877642)(2000101    15685.4632536369)(2000121    13770.9588712912)(2000221    11890.8060472131)(2000202    14588.6434281529)(2000012    14599.9501255137)(2000111    13352.3802779251)(2000001    12941.3939655786)(2000211    14190.3152895066)
5 1      - (1000000    16281.442897357)(2000002    16949.1929392556)(2000200    13599.8700320091)(2000100    16002.2466378821)(2000102    13485.4194049687)(2000202    15348.3501095048)(2000111    12857.8383822734)(2000121    4604.74771780423)(2000101    15164.1340056282)(2000001    13838.2593204954)(2000201    14810.5481908846)(2000211    11790.2437551154)(2000221    9459.54406228708)(2000022    9441.22710297909)(2000012    12198.8371843652)
3 6      - (2000121    6033.41395258558)(2000012    9803.57087751722)(2000102    10704.7942950823)(2000002    17175.2959423484)(1000000    14896.0431495114)(2000100    11810.0905245317)(2000200    13434.6208743886)(2000101    9985.93396444146)(2000111    8835.83735727883)(2000022    9174.03179136952)(2000221    9718.96036062137)(2000202    13529.7226483378)(2000201    12508.1004823543)(2000211    10744.5811899175)(2000001    7283.37793564722)
4 5      - (2000201    14755.8974335543)(2000202    15447.5133524346)(1000000    15995.6849813907)(2000001    10678.6633652787)(2000101    13038.9316845819)(2000111    5573.72607462955)(2000100    11288.5812460831)(2000211    12353.5888511485)(2000200    16296.3153101199)(2000102    14796.7067125079)(2000121    9975.11021933755)(2000002    17206.2934229221)(2000022    4291.90411924953)(2000012    8901.81039448012)
5 0      - (2000101    17720.5236127546)(2000200    15494.9319178472)(2000111    9969.41940265071)(1000000    15198.5354243458)(2000202    15789.5869736191)(2000012    12997.6536604216)(2000102    10872.8456022537)(2000211    11480.1886185988)(2000201    15705.6781233598)(2000100    12610.9443937982)(2000002    14950.3272218203)(2000001    12333.8760636142)(2000121    5394.95915716102)(2000022    6029.04742655143)(2000221    9025.13070985609)
7 5      - (2000101    5470.31203884392)(2000002    17443.1889931484)(2000200    3718.76281300751)(1000000    3702.93510493693)(2000121    4100.40087409421)(2000201    4262.75442032384)
4 3      - (1000000    16367.7037755924)(2000101    17534.5188285055)(2000002    16894.3545857324)(2000202    15564.0855668932)(2000201    16157.9620616806)(2000102    16199.6066677996)(2000211    11532.6922980699)(2000001    15916.6381174494)(2000111    15088.7052326264)(2000100    16024.2431803399)(2000022    13846.0830179917)(2000200    16193.3305077369)(2000221    13286.0494721764)(2000012    13774.0979505337)
2 6      - (2000111    2227.34382903686)(2000202    8867.29754001327)(2000002    17231.5007713929)(2000201    11234.2242303405)(1000000    16166.2095881781)(2000102    11512.3400657055)(2000200    11065.512331152)(2000100    5446.4809706039)(2000012    7731.14828381197)(2000001    5048.48301715769)(2000211    11447.2689976557)(2000121    8570.10624203846)(2000101    12568.9712916793)(2000221    11265.7735639294)
5 3      - (2000102    12517.1059489571)(2000100    15074.4146113888)(2000202    11144.3972966125)(2000012    14508.2982802498)(2000101    14505.7011534584)(1000000    16023.8491874759)(2000002    17142.6690929813)(2000200    12963.934906547)(2000201    14890.5907059225)(2000211    10278.3523770356)(2000221    11082.3481640102)(2000121    5567.95880246096)(2000001    15712.2120511967)(2000111    15020.6238404626)(2000022    13282.7892612732)
6 1      - (2000200    7405.37030748996)(1000000    13904.4803575483)(2000102    9746.9821884652)(2000101    17426.5460627558)(2000201    10663.0065514514)(2000002    11774.9710962534)(2000202    11599.2670309949)(2000221    7546.47559667535)(2000100    9821.16041443359)(2000001    3014.98633240483)(2000111    9688.66951153618)(2000211    7401.79316241305)(2000012    8697.32718104648)(2000121    7548.48690535149)
3 5      - (2000001    13346.6886286168)(2000002    15317.2426842689)(2000202    14010.051480327)(2000101    15719.8041202699)(2000012    12857.8968921188)(2000200    15076.5494321972)(1000000    16238.5025401319)(2000221    10344.3812447965)(2000022    10988.3004145349)(2000201    16813.2197959816)(2000111    9998.83938728569)(2000121    10239.820180912)(2000102    13734.4689248112)(2000100    14877.4324264734)(2000211    12071.451421756)
5 6      - (2000002    16953.4065442471)(2000102    12056.5900009884)(2000201    7873.77985611492)(2000211    2624.13608393212)(1000000    12498.3227612563)(2000101    9794.80623660051)(2000121    3537.82051375684)(2000012    6034.60960221587)(2000001    7486.54404326711)(2000100    4380.89263028942)(2000111    4251.46808845141)(2000200    4421.46699796474)
5 5      - (2000100    10389.7419114426)(2000202    11179.2258705184)(2000201    17016.0098728385)(1000000    16439.3886692456)(2000001    9422.9134762561)(2000211    5473.80207151087)(2000022    2591.71349710659)(2000101    5320.2005065669)(2000002    9959.35325352428)(2000111    6360.7408036033)(2000121    8382.68318967854)(2000102    12888.1880559648)(2000012    8332.62573284175)(2000200    12819.3567090789)(2000221    4293.93878166976)
6 3      - (2000201    13983.0333277762)(1000000    15892.4897308194)(2000002    14467.2801230676)(2000101    17530.3998598373)(2000022    9340.97904612481)(2000200    13212.4129791213)(2000221    11349.3673774369)(2000001    5604.2524075087)(2000202    14925.3818184785)(2000100    10154.3669182147)(2000102    8219.60886222266)(2000211    4148.17678994411)(2000012    7422.15647944933)(2000111    10049.5775432436)(2000121    7270.812484845)
5 4      - (2000121    2565.73125887394)(1000000    16268.9493240113)(2000101    17557.9793707944)(2000200    12561.9406910657)(2000100    13857.6248930402)(2000102    14113.9664051302)(2000201    15057.6830556981)(2000001    7005.69074657368)(2000221    2694.95693074367)(2000111    9688.31324758712)(2000002    13407.9898716313)(2000211    11122.1697258311)(2000202    10854.3287033972)(2000022    8527.81742142855)(2000012    8849.2480427637)
6 2      - (2000201    11816.2431674887)(2000221    5455.14625068169)(2000101    17544.0220296378)(2000200    12227.1590405509)(2000002    12926.0814719082)(1000000    15980.0440393777)(2000012    6049.11729123996)(2000102    10295.6294484027)(2000001    2235.44805414748)(2000100    9906.39345083953)(2000121    5810.82021561412)(2000202    6926.00228616286)(2000211    7469.80300719672)(2000111    4738.07557356422)
0 6      - (2000002    12990.752705871)(2000101    17537.9697453434)(2000012    9150.38363275902)(2000121    10188.9442471686)(1000000    12616.7163375984)(2000201    15015.6220759337)(2000100    8317.8162253815)(2000111    10335.8965771868)(2000202    10016.3135194838)(2000102    12509.114042905)(2000200    13452.525025501)(2000001    5725.6010625156)(2000211    10845.5767075749)(2000022    6343.06626417597)
2 7      - (2000121    1497.37028801896)(2000211    5198.94907798849)(2000001    2836.6540232618)(2000221    5537.05086129387)(1000000    14357.3421854196)(2000201    16419.454626992)(2000111    8408.50306469858)(2000102    6535.7973660399)(2000101    7588.74374615502)(2000202    3838.2229191839)
3 7      - (2000012    9201.09080905443)(2000022    2005.70249231289)(2000002    16955.5276512609)(1000000    12378.8372856399)(2000202    6042.24340824205)(2000201    4093.13034540666)(2000102    3804.10630035101)(2000200    4125.74430858624)
7 0      - (1000000    15221.0424428643)(2000102    70.1666494383986)(2000012    2576.32385497302)(2000111    5354.71817385758)(2000202    2931.834062285)(2000002    3431.434062285)(2000022    4529.01043287994)(2000200    4083.78702455365)
8 0      - (2000012    12106.1754826073)(2000100    4151.51710829971)(2000002    4151.38510829971)(2000001    11670.9155255477)
3 8      - (2000201    17337.6504591593)(2000102    1030.12921948586)(2000202    1030.12921948586)(2000200    3771.37896400508)(1000000    1562.87094946956)
0 8      - (2000201    16107.6923039664)(2000121    2063.1954999084)(2000200    4477.94675766425)(1000000    6267.17187575071)(2000002    4286.31730012403)
6 6      - (2000202    3706.58666235074)(2000101    4431.02048190057)(2000100    8310.94359761322)(1000000    16579.0118451691)(2000002    5242.2150308189)(2000200    10658.0191092579)(2000012    1798.91950877708)(2000001    6938.06534525374)(2000201    11264.7147590674)(2000211    5800.92629384878)(2000121    4157.45200651349)(2000221    3911.15540582368)
9 4      - (2000100    15269.0432320962)
0 9      - (2000002    1491.27461939918)(2000101    16242.3016582634)(2000022    4369.94404444709)
3 12      - (2000101    11337.0947570583)(2000201    17301.8485038778)(2000221    7702.73019843385)(2000102    14925.8212511204)(2000100    2627.2585896866)(1000000    14672.7037517438)(2000200    5522.31768691868)(2000001    2202.02068184555)(2000121    10850.6045348214)(2000111    13111.6847033363)(2000202    14687.8303205615)(2000002    13335.0493134417)(2000211    9042.36600414294)(2000022    13273.2118340822)(2000012    11354.9300218997)
12 2      - (2000022    6538.48766476723)(2000111    9873.91510744893)(2000100    3665.14066817425)(1000000    8285.95388182911)(2000102    4213.59705316172)(2000001    1779.42898681577)(2000201    18111.25076931)(2000221    2537.34132068739)(2000101    8106.84394137312)(2000211    5625.64264704205)(2000002    10527.5598857337)(2000200    1909.50191684947)(2000202    8162.71657686473)(2000012    6768.06760029873)(2000121    4421.54754437307)
0 12      - (2000201    5329.50467396345)(2000002    18479.5360253758)(2000111    10971.9155238918)(2000100    1547.08811966217)(2000202    15189.5880567467)(2000200    3486.32256966534)(2000001    1285.64957385082)(2000012    11801.1128444028)(1000000    14481.4482174557)(2000102    6022.78461196738)(2000101    7242.5421468049)(2000221    9636.94230119)(2000211    11934.4310667399)(2000121    8478.19559684272)
12 3      - (2000101    9210.42599715303)(2000102    11099.7767229902)(2000022    8801.45940426354)(2000201    6595.35312221435)(2000012    1837.99320408557)(2000211    10336.0372743053)(1000000    17521.7487093562)(2000202    6185.80269031634)(2000002    9872.42721100962)(2000100    3142.17445494577)(2000001    1432.89820303235)(2000200    3227.80480750634)(2000221    6770.21338572447)(2000121    3788.77654940367)(2000111    10360.1849966634)
12 0      - (2000012    4031.00037617295)(2000002    18723.5806657971)(2000121    4076.10698695673)(2000200    2443.95133329176)(2000102    6887.60245039169)(2000100    1614.45680554946)(2000201    2011.91799748434)(1000000    10635.5516476742)(2000202    5900.86406287243)(2000221    1841.12480828071)(2000211    5293.24110531422)(2000111    8316.83070995146)(2000022    7987.48214135746)(2000101    4665.84698408553)
0 13      - (2000002    17652.6146353505)(1000000    14337.2766587431)(2000100    2605.0005067207)(2000202    9572.63213848712)(2000102    5386.40318806088)(2000200    7139.62655671564)(2000101    15060.4271526337)(2000221    14725.9326168486)(2000201    15488.5226299968)(2000211    15650.7377472743)(2000012    11584.3941031731)(2000121    7890.25824565569)(2000111    9482.03470982424)(2000022    13744.5287492898)
3 14      - (1000000    9141.37306763341)(2000202    11673.5319177207)(2000101    17688.8739422429)(2000002    13098.0250389648)(2000201    8795.8262435378)(2000121    12669.5684937674)(2000102    11661.7233476533)(2000100    2706.59410436664)(2000001    2750.84100435914)(2000012    14308.8247168535)(2000221    12117.5493185983)(2000211    16386.3230898723)(2000022    11073.1745387695)(2000111    13397.1598984123)
1 15      - (2000002    17494.1837705045)(2000111    14276.6643292053)(2000012    13946.2363209666)(2000101    14921.6417255676)(2000200    12085.1525827433)(1000000    15005.2093154922)(2000001    10867.651964881)(2000202    14120.1635596766)(2000102    15363.2422849762)(2000221    14757.2787990118)(2000100    13822.7728535691)(2000201    15999.8814917256)(2000022    12692.1018295078)(2000121    9407.16958225573)(2000211    15548.3004564167)
1 14      - (2000002    17880.3752800037)(2000211    11628.8531064855)(2000201    15587.2604374551)(2000202    12730.2174740946)(1000000    11893.1686523875)(2000022    15817.8198154119)(2000001    5514.24994872376)(2000111    14077.1056019512)(2000101    12308.4891631423)(2000221    10592.343636152)(2000121    10752.4104954396)(2000100    10960.0726517991)(2000200    9972.8550567095)(2000102    13066.4700723288)(2000012    17318.6174719667)
2 15      - (1000000    16657.6934182543)(2000101    15659.0181068146)(2000221    11076.786746152)(2000202    15071.9512284682)(2000100    14324.0868028861)(2000002    17188.0911379779)(2000201    14220.1335255039)(2000121    12708.5482998256)(2000012    14288.354916563)(2000200    14736.1540420973)(2000102    16034.9387097599)(2000211    9897.26268620849)(2000111    13733.1638325224)(2000022    10771.10046771)(2000001    8469.16919978323)
2 12      - (2000012    12764.1505580386)(2000102    11991.2667386658)(2000211    13195.8128080111)(2000202    12640.151433574)(2000101    11066.7097689484)(2000001    3306.34557488143)(1000000    14194.3099321709)(2000200    1563.85677201343)(2000201    9973.05286319411)(2000100    2292.45492557081)(2000002    18328.745146732)(2000221    9558.41521354067)(2000111    14636.058453922)(2000121    11603.5204632715)(2000022    4815.07005278111)
0 15      - (1000000    15121.1112643471)(2000202    15078.5619879373)(2000002    17401.5622191546)(2000012    12962.6328023043)(2000100    12298.6434219394)(2000200    13455.2112200227)(2000101    14982.3305381303)(2000201    14389.8001975268)(2000022    10326.6063827723)(2000111    12523.1530524946)(2000121    10328.5575498415)(2000211    12673.5865418857)(2000102    13585.6721375865)(2000001    14268.2625785051)(2000221    14544.4246712759)
1 12      - (1000000    14746.2300697194)(2000102    9752.81936015029)(2000022    13722.7752323199)(2000101    17999.4031043014)(2000100    3034.86892241288)(2000201    11498.0145979369)(2000221    8488.82080591796)(2000211    15774.3590016836)(2000200    2718.19282552684)(2000121    10041.3450618569)(2000002    4728.91821582814)(2000202    15688.8804664822)(2000001    2654.25727486102)(2000012    12435.1631046097)(2000111    10486.1359286895)
2 14      - (2000111    12778.0738588374)(2000002    17569.8076836723)(1000000    12857.8473079005)(2000102    11253.2408656755)(2000001    5634.20731758328)(2000202    9554.19238617667)(2000201    13905.7591616562)(2000101    14003.2103981304)(2000200    4754.98863352688)(2000211    12775.5157851838)(2000012    12246.7836056709)(2000221    14579.2997073773)(2000121    2132.94581745458)(2000100    10119.9727240798)(2000022    13867.3378357144)
12 1      - (2000012    3837.830019739)(2000002    18043.044685607)(2000100    3200.17531701681)(2000211    10281.5425110691)(1000000    5217.58911050506)(2000101    11593.4438338856)(2000200    1040.98472660779)(2000102    8789.66801557088)(2000022    10132.8333976832)(2000201    9709.63516181259)(2000111    5703.66599884325)(2000202    7212.73071001704)(2000221    4551.22161599597)
16 1      - (2000101    15158.1888603624)(2000102    15067.1994822391)(2000002    17094.9087916867)(2000022    10726.6889131605)(2000201    14087.8669796502)(1000000    14134.0230221815)(2000100    15531.8654583655)(2000111    14469.2088276397)(2000200    15279.5441670743)(2000121    10710.6893627042)(2000202    14587.5471555578)(2000221    11292.6427799827)(2000012    10645.8839992241)(2000001    9964.2659647455)(2000211    11131.0585443252)
15 3      - (2000012    17496.3559356811)(2000022    13555.4394250046)(2000201    13520.6598456061)(1000000    11719.70081868)(2000221    14246.023377373)(2000100    6000.52492226151)(2000211    9242.28867307495)(2000101    16646.3714811815)(2000202    10813.8939338553)(2000111    10859.5066876928)(2000002    11606.9140194441)(2000121    9646.14316371588)(2000102    11712.4682939839)(2000001    5500.21428479215)(2000200    10810.9800293697)
3 13      - (2000101    16881.9286703485)(2000002    10612.3341093229)(2000221    -0.5)(1000000    6477.27606191945)(2000100    4149.1399270317)(2000201    14135.5511725638)(2000102    7054.56863772558)(2000012    11833.3635991243)(2000111    9497.16652333468)(2000211    13143.1234820377)(2000022    10076.7645014107)(2000121    5163.60274021664)(2000202    4251.31890845142)
3 18      - (2000002    16714.66163759)(2000101    15866.4399590775)(1000000    16831.4784967592)(2000102    16012.3673448827)(2000121    15091.5148615918)(2000100    17597.8665440038)(2000202    16694.7380712823)(2000200    16089.4778306499)(2000201    16855.6091695309)(2000111    14600.8281985581)(2000211    15508.6528583501)(2000012    14322.8734890755)(2000001    16057.1867868111)(2000221    17599.8810441234)(2000022    13847.2977982091)
0 14      - (2000201    17835.5817027004)(2000102    11402.6189569717)(2000121    3515.00643589574)(2000101    12930.633607312)(1000000    16241.9414470833)(2000002    14260.9008615836)(2000211    13353.0113319969)(2000100    8412.01520728044)(2000022    9444.97267384167)(2000111    13236.5278295769)(2000012    17707.4373356953)(2000221    10559.8150232417)(2000202    12228.9859824696)(2000200    4934.11361779514)
13 3      - (2000102    17415.9766993441)(2000200    3174.10454854996)(2000001    1006.81507425288)(1000000    3993.61319317735)(2000202    8046.65975990883)(2000211    4492.4837421858)(2000101    8642.47132649182)(2000201    11986.1503402423)(2000002    11775.6559328343)(2000121    7968.77179455815)(2000012    9439.84927763493)(2000022    4604.10955395743)(2000111    4114.12283358494)
2 17      - (2000211    15339.5092876377)(2000102    16328.9019454553)(2000012    14631.6879408834)(2000200    16274.9448648879)(2000201    16522.0710945972)(2000101    16202.818954903)(1000000    15995.6876327182)(2000121    15820.1429527995)(2000002    17147.0048277933)(2000111    16398.6506026584)(2000100    16201.529755382)(2000001    15189.3294462647)(2000202    16405.8542281985)(2000022    15283.7540259613)(2000221    11744.082632157)
15 2      - (2000201    9621.96305997392)(1000000    9810.00287349622)(2000202    15240.8147790219)(2000102    13830.0313645744)(2000101    17512.3872612083)(2000100    10787.2111613043)(2000012    5218.31615951512)(2000002    12730.8422172433)(2000211    7424.36835125403)(2000022    11297.0077721014)(2000221    10757.4355935789)(2000111    14273.5710581971)(2000121    8559.14913997457)(2000001    8370.30556150459)(2000200    6203.08245022596)
6 4      - (1000000    15989.2613721598)(2000001    8964.80190085748)(2000211    6890.95305697124)(2000221    1939.86646067593)(2000202    8248.95913867487)(2000201    9324.87797303604)(2000002    8677.8503135775)(2000101    9173.48466356042)(2000012    3088.41603290326)(2000100    12327.2675847113)(2000102    12043.1532421946)(2000111    6063.24640338876)(2000121    4119.89362949505)(2000022    4324.03788008382)
1 7      - (2000100    1260.89862469708)(1000000    16231.4848071616)(2000022    5579.98273773359)(2000001    4161.83486740795)(2000111    4582.24573574072)(2000121    4582.24573574072)
4 7      - (1000000    16365.9716282967)(2000100    1581.20558325448)(2000201    3742.09385392586)(2000001    3741.59385392586)(2000200    3742.09385392586)(2000012    3974.69930513322)(2000002    4383.92449239768)(2000101    3857.13456783358)
6 5      - (1000000    15711.4365995587)(2000102    2866.73082469798)(2000201    6809.0702082764)(2000001    10208.1572447888)(2000101    7028.4723639169)(2000100    6639.50183959828)(2000111    4653.09419328123)(2000202    4087.17245159232)
1 19      - (2000201    16522.9490952355)(2000202    16810.305226211)(2000012    15022.2706351077)(2000002    16472.6896401879)(2000200    16882.0113371878)(2000100    17216.7516894662)(2000102    16505.2245596083)(1000000    16535.9151363329)(2000001    16954.6442695476)(2000111    16168.0832975093)(2000121    12553.596209509)(2000101    17562.9876163395)(2000221    10674.2610056754)(2000022    14305.1838593912)(2000211    16257.8600814062)
18 0      - (2000201    17042.8056304393)(2000002    15941.6391658597)(2000100    17549.1835052768)(2000101    15471.5813756229)(2000102    15933.2031790626)(1000000    16461.0453501053)(2000202    15589.7966321483)(2000200    15991.204181959)(2000012    10748.1839829749)(2000121    9244.94436885831)(2000022    4986.34227918979)(2000001    14911.5165215633)(2000111    12359.1607544805)(2000221    4529.03761382926)(2000211    11872.4467279406)
2 13      - (2000221    11819.1043922628)(2000121    13062.5342611377)(2000202    9953.16962887335)(2000002    18270.3632226358)(2000001    2688.77426842381)(2000100    6847.56462387286)(2000201    14807.0816174587)(1000000    14024.167376965)(2000101    14212.5480757748)(2000102    11724.5431761202)(2000111    14216.4794619977)(2000200    1814.08626285229)(2000211    8662.61079781519)(2000012    16743.1161587352)(2000022    3323.2903992795)
2 18      - (2000201    16813.959542306)(2000101    16961.3122240618)(1000000    16708.799624679)(2000202    16746.2448244209)(2000001    15079.732499205)(2000100    17512.8121809712)(2000002    16754.0433285702)(2000200    16062.269679702)(2000102    16600.2278582241)(2000012    13186.4377172733)(2000111    15738.3747231679)(2000221    13037.5204499761)(2000121    11351.7648777832)(2000211    14926.7131471514)(2000022    14141.1115906712)
2 19      - (2000002    16564.2306043173)(2000101    16449.2118749857)(2000202    15796.2902929033)(2000102    16328.7227926967)(2000201    16867.2499237842)(2000111    15508.8140959967)(1000000    16437.3512830017)(2000012    16165.7119461806)(2000211    14472.1629113801)(2000001    16071.1920708904)(2000100    17534.2140264163)(2000200    16321.2873156337)(2000022    13969.9459445228)(2000221    12922.9507381634)(2000121    9641.61073564005)
3 15      - (2000002    17023.9328920284)(2000202    13825.0576542582)(2000111    13989.076623421)(2000101    13679.8552013273)(2000211    9679.40167401129)(1000000    14636.4657554901)(2000100    9141.74131707306)(2000012    13554.3197044045)(2000201    14502.641429142)(2000102    14238.9568756924)(2000200    13973.2480124539)(2000121    13368.0775871354)(2000022    13952.1119364596)(2000221    12714.2332974564)(2000001    2724.65196002552)
0 16      - (2000111    16012.3835365022)(2000201    16211.1845582109)(2000022    17901.2803614567)(2000002    14528.1069432312)(2000200    17556.6302800668)(2000001    16180.3149828652)(1000000    16670.0634211148)(2000100    15196.9766775892)(2000102    15968.61670623)(2000221    12632.1757261159)(2000012    15565.3398462254)(2000101    15997.3971135169)(2000121    13815.8849508132)(2000202    15046.1298340428)(2000211    15063.5405763901)
19 0      - (2000211    12889.5225214783)(2000221    10206.5606622228)(2000012    12913.3253250018)(2000102    15821.9759735019)(2000202    15556.4613715569)(2000201    16067.7518856361)(2000200    15461.0799186451)(2000100    16911.9975261263)(1000000    16308.0603800421)(2000101    17520.1110408325)(2000022    7269.44978146438)(2000002    15286.936091768)(2000001    14770.0784308982)(2000111    3666.75674131069)(2000121    8330.68000758917)
13 0      - (2000022    4135.02784119028)(2000002    5590.52940758439)(2000201    4998.74189389049)(2000200    3237.38329204917)(1000000    15393.3124958488)(2000102    18628.368005073)(2000100    1659.9453353161)(2000202    8054.79136478923)(2000111    8566.48998120494)(2000012    9319.00907103863)(2000211    4846.74414886087)(2000101    4962.62988152572)(2000121    4581.65417823609)
13 2      - (1000000    5052.8843287671)(2000002    18225.7367722616)(2000101    1655.38654495573)(2000102    10788.2441751125)(2000100    2864.9115114008)(2000202    8447.33448600775)(2000211    7185.57856774843)(2000012    7479.88969983569)(2000022    3718.09001960532)(2000121    7451.1916909667)(2000200    3891.96222167005)(2000111    8152.99574034313)
4 6      - (2000101    17499.6354678549)(2000012    1299.15430877708)(2000001    5536.95225473292)(2000102    7932.30394435984)(2000201    7762.78568783264)(1000000    12855.6991250663)(2000111    7121.01034863364)(2000100    12308.7907907594)(2000200    10424.494815923)(2000002    6469.6180284673)(2000211    9244.16809577527)(2000202    8950.02125253642)(2000121    6411.35912487825)
14 3      - (2000111    4576.12905339103)(2000100    1415.93308006041)(2000101    3033.68852415893)(2000201    8835.4312511554)(1000000    17576.9874142406)(2000202    5386.79578023494)(2000012    10163.6240891333)(2000102    5439.51500962829)(2000221    5343.38495199742)(2000002    6548.12949648714)(2000211    2809.59055455731)(2000121    5796.70778573547)(2000001    3604.82046325237)
13 1      - (2000012    18368.5210901922)(2000022    8522.75804445898)(2000002    5537.06789293733)(1000000    11979.5819397988)(2000202    11119.0257582799)(2000201    6057.76206132223)(2000100    1837.59456435125)(2000101    3711.39201945347)(2000121    9604.76433190009)(2000102    8589.82869909728)(2000200    4114.29068414972)(2000211    10606.5768656147)(2000111    4604.48436557373)
19 2      - (2000111    13308.3929291498)(2000201    15212.6874006554)(2000100    16556.0208313742)(1000000    16348.7749674642)(2000221    5400.44788388872)(2000202    14035.6679187347)(2000102    13621.4097784279)(2000001    15167.1328830896)(2000101    9811.13052025333)(2000200    16603.1263793925)(2000022    3973.77460867918)(2000211    13321.4673081732)(2000002    16861.0030587788)(2000012    10332.3987790089)(2000121    8186.55449820206)
6 7      - (2000201    15300.0913853645)(2000202    4306.78767719859)(2000200    4606.96767719859)(2000002    4666.34729862685)(1000000    2715.8774191438)
7 6      - (2000002    15715.8070298913)(2000202    1536.08523068082)(2000001    2949.21235837354)(2000100    4224.73500889136)
1 17      - (2000101    16930.2013899746)(2000201    16858.6933850708)(2000121    17684.1183831543)(2000012    15275.7045980648)(2000111    16659.0934348816)(2000221    13741.0331782183)(1000000    16596.043726389)(2000002    16683.4194447691)(2000001    15983.0697708626)(2000202    16295.9022118182)(2000102    16745.3738015111)(2000200    16690.4741370809)(2000100    17592.5997481294)(2000211    15165.1758923405)(2000022    12835.0026179512)
8 5      - (2000221    1493.78393147188)(2000201    16426.7750987111)(2000001    1457.53221324275)(2000101    4684.70798902541)(2000202    5457.00100834175)(1000000    3547.11763430884)
5 7      - (2000200    16894.5411119707)(2000102    965.910089147869)(2000202    1030.48162302775)(2000100    6507.64354277741)(1000000    4065.5015976368)
3 16      - (2000102    15401.471850292)(2000002    16798.8558342832)(2000001    15220.2056867259)(2000101    15873.8000112249)(1000000    16512.6818970943)(2000221    13290.6952474223)(2000200    14725.3987593275)(2000201    17310.7085279967)(2000121    14083.6766258581)(2000111    17692.4207502512)(2000211    15082.7652236456)(2000202    16133.2566043625)(2000012    15818.4047729089)(2000022    13343.2315520004)(2000100    13204.5153455073)
2 16      - (2000022    15656.6562788908)(2000002    16937.2109289632)(2000101    17552.2135185043)(1000000    16367.6012349076)(2000111    15024.4598000676)(2000102    16009.2714149503)(2000001    14810.0089513702)(2000012    12862.2608829921)(2000202    16764.7580706809)(2000121    12659.7100597755)(2000200    13390.3996299938)(2000201    16099.2664559346)(2000221    11612.3548144584)(2000100    15162.6399763686)(2000211    14715.0596095242)
1 13      - (2000002    18257.1427429209)(2000111    9257.93410036639)(2000101    15360.8464279831)(2000001    2140.52477696167)(1000000    12568.3376348506)(2000102    11452.0586721531)(2000202    11199.5872953524)(2000211    13134.910394482)(2000121    10961.7352387136)(2000100    2894.650870185)(2000201    14792.9223960013)(2000200    1831.42894345476)(2000221    11976.8087475137)(2000022    16847.0264232403)(2000012    15795.2366133435)
3 17      - (2000221    10740.7990257876)(2000101    17474.0546995833)(2000201    15931.6238031303)(1000000    16190.8846995541)(2000211    15095.8766429221)(2000100    15539.3931277809)(2000111    15409.3623091112)(2000121    15905.6317425058)(2000102    15450.4960641042)(2000002    16655.5537108699)(2000200    17080.5090255831)(2000202    15603.2791091612)(2000022    14542.2421905435)(2000012    15814.1323912004)(2000001    14151.959354868)
0 17      - (2000211    17639.7920590339)(2000121    12236.3388093007)(2000201    16872.2827531221)(2000221    15451.0266992254)(2000101    16401.9628633809)(2000200    16235.0137517464)(1000000    16572.5890017265)(2000102    16220.8091267815)(2000002    13616.0845053553)(2000202    15967.3907624524)(2000022    14312.7819330644)(2000001    15478.2562175395)(2000012    16029.0855380814)(2000100    17422.2926068962)(2000111    15374.8163258382)
4 8      - (1000000    16069.7275146544)(2000102    3989.95309075706)(2000201    2065.18369327594)(2000202    3637.90904496945)
0 19      - (2000121    14736.5203924226)(2000111    15697.660331966)(1000000    16570.6772083276)(2000202    16441.3881882261)(2000100    17262.5235591576)(2000101    17576.5666340539)(2000201    16725.6787687435)(2000001    15649.1362558703)(2000200    16929.5689276519)(2000102    16755.8338941822)(2000211    15128.8647551194)(2000002    16507.9636376588)(2000022    8243.58326507835)(2000012    12674.9984104721)(2000221    11165.7567701862)
4 17      - (2000121    8881.78943276558)(2000102    2965.6410191438)(2000201    5317.18689573542)
8 4      - (2000211    1448.48735738309)(2000002    1095.08278809212)(2000111    1974.86222583218)(2000001    3616.8316152621)(2000202    11706.4783707227)(1000000    165.004207318985)
8 7      - (2000100    10086.6741213115)
3 19      - (2000111    16228.125078088)(2000201    16784.5178412615)(1000000    16531.7014445516)(2000200    16715.1157489064)(2000102    16727.1127013353)(2000101    16601.1931939348)(2000002    17306.9853638021)(2000001    15411.7476550216)(2000012    15180.1566430285)(2000211    15579.4018120091)(2000100    17613.8056265644)(2000022    15734.2275410766)(2000202    16089.3555014019)(2000121    12650.5892631571)(2000221    9536.7189589942)
16 0      - (2000101    17639.8113574606)(2000121    9488.31053260704)(2000002    14731.7035104063)(2000102    13405.4286436252)(2000022    12520.3753351482)(2000111    8724.23174327804)(2000012    12665.7435319555)(2000202    13461.042309183)(2000001    11400.2168288617)(2000201    13878.7325767635)(1000000    15860.4199149053)(2000200    13136.5261336049)(2000100    15336.5996779202)(2000211    13505.3112013995)(2000221    13268.7701331323)
14 2      - (2000221    6677.69061753051)(2000002    17598.4702696293)(2000100    6877.62854544348)(1000000    2339.68259824506)(2000202    6967.3713190965)(2000201    13020.3848607547)(2000211    12644.2959506571)(2000200    1936.87163485716)(2000102    13293.4822474406)(2000022    11289.2156120883)(2000111    6915.41751449916)(2000012    9908.18779549782)(2000101    15976.682054357)(2000121    8383.01139056465)(2000001    4506.44510195202)
0 18      - (2000002    17283.8948298066)(2000012    16169.3546867223)(1000000    16647.6021138658)(2000102    15959.3474465567)(2000001    15544.8232126555)(2000200    16522.6884235126)(2000202    16353.5961247387)(2000100    17591.0478640171)(2000101    15021.130570752)(2000211    14473.4485762427)(2000201    16368.1688266304)(2000111    15552.5793688703)(2000221    12420.654776527)(2000022    14948.9452858212)(2000121    11878.3922424163)
1 16      - (2000012    15838.302383375)(2000101    17701.949940194)(2000121    14593.2834015894)(2000221    14161.1332579509)(2000211    15586.3027475546)(2000102    15659.0806051218)(1000000    16027.3514662643)(2000201    16913.2137385436)(2000002    16280.7047745435)(2000200    16033.1876356437)(2000111    14841.5923112439)(2000001    13014.0369069115)(2000202    16494.4339635726)(2000100    15361.8662725325)(2000022    14773.2631114514)
8 8      - (2000002    10270.3522408744)(2000201    1083.16947327911)
8 6      - (2000102    16023.3950023532)(2000101    1494.80261418644)(1000000    1315.85979250922)(2000002    3575.42305686464)(2000100    4129.0931514658)(2000201    4277.71939970605)
15 1      - (2000012    12922.8091351444)(1000000    14312.3608763592)(2000201    17532.4626265665)(2000100    6018.11627825418)(2000102    13966.7612367633)(2000200    6971.39578185895)(2000111    11678.6578637374)(2000211    9422.47071397082)(2000002    12685.4648195033)(2000101    11700.0778451905)(2000121    8518.98526965668)(2000001    5049.16566108177)(2000022    6262.13398192281)(2000202    13394.1591611495)(2000221    4356.5121566268)
7 1      - (2000002    6641.58528711348)(2000202    15331.408857432)(2000102    3562.10852137467)(2000101    3973.95685091002)
9 3      - (2000002    16829.604335883)(2000200    3981.53890402719)(2000101    4336.81404309266)
8 3      - (2000001    14685.7960718446)(2000221    13512.7897497827)(2000012    4255.07233787178)(2000101    4307.65126099418)(1000000    12170.7613929515)
9 5      - (2000202    8354.35464720608)
17 3      - (2000102    13898.7824570837)(2000012    14063.9466009022)(2000101    16360.2545979256)(1000000    16395.6765416823)(2000200    13271.4098695575)(2000002    14850.873109072)(2000202    14071.7486923752)(2000211    10316.5660225214)(2000100    14058.3739409774)(2000201    17131.5832081843)(2000121    7566.03836556643)(2000022    7301.85004210556)(2000111    12009.5406208628)(2000001    10242.8229044754)(2000221    7302.4605302583)
14 1      - (2000022    8817.79087756276)(2000201    16535.0597850098)(1000000    10346.6425630914)(2000002    6639.94365839957)(2000200    2228.62903557854)(2000102    5730.40481803042)(2000101    8215.08758409856)(2000012    17767.251531371)(2000111    8836.11785225244)(2000211    8444.75279447782)(2000202    4204.16104095044)
16 3      - (2000221    6940.03837615124)(2000102    9585.95541374943)(2000002    15153.2623648381)(2000201    14117.7260455097)(1000000    15766.8757680247)(2000101    17585.3784303339)(2000211    13218.9017582725)(2000202    10790.1699396804)(2000012    11624.8682592078)(2000022    11542.5084433031)(2000100    14750.897403194)(2000001    5406.10571189795)(2000200    14512.0080278307)(2000111    9118.98829422098)(2000121    7989.20753380874)
0 7      - (2000200    5350.89765271041)(1000000    16548.1110422449)(2000101    2701.0681734761)(2000201    7548.48974058404)(2000202    3348.77264104138)(2000102    5755.94448660471)(2000001    4072.04657744552)
16 2      - (2000101    10582.7008776213)(1000000    15304.3207934803)(2000022    14843.2933903178)(2000102    14084.0124754752)(2000100    10074.8178664162)(2000202    14357.6673483936)(2000200    13421.9496091804)(2000002    17306.0087231259)(2000201    14493.9370730668)(2000221    12722.9445271277)(2000001    8907.68144972588)(2000121    9052.31618025007)(2000211    6125.40435832266)(2000111    9946.21440053793)(2000012    4283.79562503836)
17 1      - (2000201    14480.2057601848)(2000202    14953.7893710962)(1000000    15422.7501132671)(2000111    12644.7050817077)(2000102    13890.6452212162)(2000200    15600.1774752713)(2000101    12278.2884232491)(2000001    9160.36183187598)(2000100    15842.5748090411)(2000012    13520.4458416572)(2000221    3173.53754512957)(2000002    17303.7155827624)(2000121    7502.97193142285)(2000211    12182.4431980135)(2000022    11482.8092003644)
7 2      - (1000000    15806.1862727197)(2000102    7539.61723213982)(2000001    4777.46823985772)(2000101    4102.32474512292)(2000002    4312.15555107125)
1 18      - (2000002    16852.3638497553)(2000202    16027.8439003533)(2000201    16705.817468587)(2000101    17568.7628269287)(2000102    16535.2170980024)(2000211    15678.2705174481)(1000000    16458.3100591434)(2000111    15742.6323889718)(2000200    16710.4305044929)(2000100    16458.775949717)(2000001    13707.2313893814)(2000012    16225.3833186207)(2000121    13878.8485275686)(2000221    7541.26810326471)(2000022    13429.1866453766)
14 0      - (2000002    13403.410746431)(2000012    1436.72959457941)(2000101    3750.69097981613)(1000000    8450.72843573936)(2000201    14972.2918817408)(2000111    6231.93108247555)(2000202    17443.4704538334)(2000121    5362.91393539512)(2000211    8903.11690890472)(2000200    1903.56342808003)(2000221    8576.77614736401)(2000102    4790.17654940368)
19 3      - (2000002    16315.2946022378)(1000000    16162.7494221827)(2000001    13835.4000501959)(2000202    14220.4953670869)(2000102    15137.1312177824)(2000201    14522.2709316208)(2000111    14240.3610666655)(2000200    15967.7493723291)(2000100    16120.1892862033)(2000101    17360.9564918603)(2000012    10882.5772602483)(2000211    10526.8542309279)(2000221    4191.31632808524)(2000022    7791.25795800925)(2000121    10214.0461421262)
18 3      - (2000201    16191.4356353303)(1000000    17123.6655780053)(2000002    16473.736146611)(2000102    15831.2831852249)(2000200    12889.7135023582)(2000001    12667.5610235458)(2000202    14909.4649947223)(2000012    13178.6394100408)(2000101    15970.332148147)(2000100    17400.8050242128)(2000211    12484.386858794)(2000221    7689.07627903862)(2000022    4139.61106830891)(2000111    7870.06810207133)
15 0      - (2000221    12609.964782413)(2000022    9547.56647394184)(2000211    9377.67402854008)(2000102    12567.1142780563)(2000101    17955.2895423472)(2000001    4688.25075940186)(2000202    8872.85252502822)(2000201    13142.7412367116)(1000000    16216.613712155)(2000100    10047.9948881714)(2000121    6856.81709939788)(2000012    13770.5421876022)(2000200    10561.2063936171)(2000002    11954.9548786544)
18 2      - (1000000    15853.4915519199)(2000022    12644.1415695822)(2000102    14279.3874527312)(2000101    16105.5400959371)(2000200    15327.3671765936)(2000201    15478.3779815771)(2000002    17076.1140994992)(2000202    14909.3551725277)(2000001    14380.0549505748)(2000100    16311.3659535551)(2000211    14868.2005097996)(2000221    7558.55463221679)(2000012    13746.1570334051)(2000121    8301.02233011623)(2000111    14809.7324533583)
18 1      - (2000101    17320.153939927)(2000001    15469.8178638093)(2000100    16240.1643722012)(2000111    14303.3526119884)(2000200    16303.7166714527)(1000000    15209.2262023434)(2000202    15238.4983040952)(2000102    11518.0652666976)(2000201    15984.2133902832)(2000002    16377.8204975922)(2000022    9220.10271385336)(2000211    14264.0926525719)(2000221    11784.0233370893)
17 2      - (2000101    17183.2367657792)(2000202    14623.6478757305)(2000001    14043.9680314315)(2000200    14898.8983768757)(2000002    15923.0840011999)(2000121    8970.1025989267)(2000201    13724.7629848059)(2000012    13485.1276757649)(2000102    15645.1314400121)(1000000    14415.3030449976)(2000100    14471.5252576229)(2000221    10791.1115972312)(2000111    14599.2166630073)(2000211    13067.8636620783)(2000022    7560.18100143955)
17 0      - (2000102    14297.8248466027)(2000100    15735.4859312468)(2000012    12726.5926834224)(2000202    15897.7296592874)(2000001    14979.4659653155)(2000201    15326.852503761)(2000121    7539.84957937095)(2000111    8914.36647702368)(1000000    16367.8079971062)(2000002    12931.931706791)(2000200    15264.1665285686)(2000211    14823.9461471105)(2000101    17680.0075301325)(2000022    6261.46636243938)(2000221    12194.9623247446)
5 19      - (2000121    2471.45924032721)(1000000    1198.70848228332)(2000111    2471.45924032721)
19 1      - (2000202    16036.672655878)(2000201    15867.0560524544)(2000100    16128.011036039)(2000111    11934.2476640499)(2000102    14397.4808493113)(1000000    15654.2644788378)(2000022    6173.89868085619)(2000200    16590.8412299461)(2000002    17063.0494746781)(2000101    16688.1498510272)(2000001    14107.9973793699)(2000211    15226.860478746)(2000012    12110.655061634)(2000121    4336.36429163691)
1 9      - (2000102    9221.79408506062)(2000012    12116.5488695432)(2000111    4064.95753812003)
9 0      - (2000101    4387.13917557042)(2000202    -750.134)
1 8      - (2000001    5728.33625547306)(2000211    9622.27770092718)(2000111    4741.92487924419)(2000200    16614.5826641003)(2000002    3769.66229126021)
10 1      - (2000111    1712.17413350755)
8 2      - (2000100    1595.52931722033)(2000101    16505.7851824995)(1000000    4612.89606957509)(2000111    4238.6535500172)
1 10      - (2000102    2236.20152262146)
2 8      - (1000000    2842.89825562841)(2000002    16267.526340021)(2000201    9412.21194450259)(2000102    3825.28332978942)(2000121    4564.54556042271)
11 6      - (2000012    -0.5)(2000022    3519.90797462864)
7 3      - (2000002    16823.8416294103)(1000000    5098.63255955496)(2000202    4527.38159923516)
2 9      - (2000202    14870.5919726157)(2000221    4440.9312920181)(1000000    3243.27242050197)
4 9      - (2000211    11989.7417130518)(1000000    4427.84485648027)
9 2      - (2000022    9236.02925076414)(2000201    5818.90754355586)
7 4      - (2000100    17132.9555727907)(2000012    9172.37079540547)(1000000    11505.6556478543)(2000201    4512.59219821045)
5 8      - (2000200    15577.9827667171)(2000100    4662.52089183459)(2000202    3829.2952814811)
8 9      - (1000000    4369.64718701405)
7 9      - (2000202    14597.3090340545)(2000200    4124.48126701365)(2000002    7526.15646615318)
5 9      - (1000000    11718.4139624673)
7 7      - (2000002    11166.5094353783)(1000000    3176.3089632329)
6 8      - (2000200    15237.6086667615)(2000002    4440.10191984386)
9 1      - (2000102    15644.0738685455)(2000100    4360.80062023737)
7 8      - (2000202    15549.4754786632)(2000100    7300.48359835796)
2 21      - (2000101    4210.49040399059)(2000200    4185.15282047757)
3 22      - (2000201    7394.82978902519)
5 21      - (1000000    -300)(2000201    7261.69196358884)
9 6      - (2000102    12488.8276712598)
10 9      - (2000201    4175.8719944795)
9 7      - (1000000    16296.2004288627)
3 9      - (2000201    14706.6562203097)(2000101    4416.18172933824)(1000000    631.56165565063)
10 6      - (1000000    14482.4343009915)
4 21      - (2000201    7657.17554127497)(2000002    4375.52868072855)
0 20      - (2000200    4093.42142136271)
10 8      - (2000100    4175.69565814299)
5 10      - (2000102    8704.76337809431)(2000101    4214.19439153909)
4 18      - (2000200    7039.75620243569)
7 10      - (2000002    7551.73236179908)
9 10      - (2000100    7223.69553715286)(1000000    3838.16423362032)
9 12      - (2000001    12289.4524082545)
11 8      - (2000100    7685.56472052977)
11 9      - (2000100    10257.9942420697)
7 11      - (1000000    13428.8918497217)(2000100    4124.2675577324)
1 20      - (2000200    -250)(1000000    -20)
6 9      - (2000100    1786.99313241437)
9 9      - (2000100    346.133885595404)
3 20      - (1000000    177.881451014437)
6 11      - (2000201    340.723120438158)
11 7      - (2000101    796.6460820907)
4 22      - (2000001    325.473492656105)
4 20      - (2000002    1008.02391677206)
1 22      - (2000100    526.565455658275)
1 21      - (1000000    -10)
0 21      - (2000202    163.478611585189)
3 21      - (2000002    351.660616629414)
4 19      - (2000101    174.662745767394)

