158
0 0      - (2000001    -589.886234086097)(2000201    -596.145648659644)(2000002    -594.924863201578)(2000101    -502.458145826202)(2000211    -823.532388729652)(2000111    -1153.90635770941)(2000012    -489.625928078642)(1000000    -506.216245354381)(2000121    -943.950134831524)(2000221    -1098.90894675317)
0 2      - (1000000    -408.100102020782)(2000101    -500.953884409019)(2000002    -539.039730117657)(2000201    -848.42635908387)(2000211    -856.212657751076)(2000001    -285.056813430703)(2000012    -94.3363812551397)(2000111    -918.673604030806)
1 3      - (2000101    -521.648741480883)(2000111    -1062.38821552074)(2000201    -755.641557631233)(2000001    -766.449512448418)(1000000    -553.963616103073)(2000002    -342.727699799459)(2000211    -1061.22007565969)(2000012    -216.086998327629)(2000221    -250)
0 1      - (2000001    -509.576086360585)(2000201    -675.388701024319)(1000000    -688.567805276555)(2000002    -592.1325585978)(2000111    -466.152062669104)(2000101    -151.184948461769)(2000121    -804.667388315182)(2000211    -627.999762459569)(2000012    -140.678202205168)
4 3      - (2000001    -380.474510297251)(2000012    -173.626338388965)(1000000    -441.954868679809)(2000201    -561.26912947954)(2000002    -516.236980428711)(2000101    -236.027576776915)(2000111    -676.161132850653)(2000121    -440.48286308041)(2000211    -669.79255265988)
0 3      - (1000000    -618.701163452219)(2000101    -915.174319212492)(2000001    -291.393143752303)(2000201    -810.994324351736)(2000012    -616.355503321062)(2000111    -1132.6972602249)(2000002    -721.170191100202)(2000211    -984.678423139335)(2000121    -740.398081436517)(2000221    -724.827254212061)
2 1      - (2000101    -1050.45340680695)(2000201    -1050.04081830111)(2000002    -1049.45075788644)(2000001    -494.312593104767)(1000000    -1013.24698308462)(2000111    -1222.5070641446)(2000211    -1145.07191657211)(2000012    -1003.07494941467)(2000121    -490.86526681304)(2000221    -485.313964660128)
1 2      - (2000002    -775.425007231266)(1000000    -781.003161511632)(2000001    -245.338537712424)(2000101    -981.823544409199)(2000201    -1296.87554688662)(2000111    -1095.2601437256)(2000211    -1106.63130649183)(2000012    -767.466744997399)(2000221    -571.378723574059)(2000121    -580.364094019429)
2 3      - (2000201    -551.622607034599)(2000111    -196.225634702978)(2000211    -885.465973593583)(1000000    -612.408706130787)(2000001    -542.824760245644)(2000101    -373.45011670054)(2000002    -1057.29187338062)(2000012    -405.527688813196)(2000221    -297.5610413075)(2000121    -347.983898334227)
4 4      - (2000012    389.662061525035)(2000201    -759.346123703041)(1000000    -652.137462682478)(2000002    -928.834326717109)(2000101    -660.175014815698)(2000001    -808.623896437931)(2000121    -500)(2000211    -220.052377367615)(2000111    -761.282450498219)
4 2      - (2000001    -702.594909323903)(2000201    -644.941671219955)(2000111    44.0774094121143)(1000000    -479.814385863341)(2000101    -343.559744257701)(2000002    -469.644953349234)(2000211    -369.552774632579)(2000121    -500)(2000012    108.836791058202)
5 3      - (2000211    -859.639884883376)(2000001    -650.312336120166)(1000000    -271.345535699191)(2000201    -465.196834936693)(2000101    -279.539812288146)(2000012    123.723228412495)(2000002    -605.40858562337)(2000111    -679.505784907286)
3 3      - (2000111    -822.550170512864)(2000012    -541.707520873461)(1000000    -478.365075826799)(2000201    -1032.94050877551)(2000211    -687.13078264656)(2000101    -355.928480743418)(2000002    -726.517948508116)(2000001    -575.042160420004)(2000121    -994.342309259747)(2000221    -124.479274042882)
2 0      - (1000000    -598.874747238185)(2000101    -881.419706314337)(2000111    -727.352084252523)(2000002    -718.783606110289)(2000001    -585.957806080504)(2000201    -827.023252146748)(2000012    -408.758071675782)(2000211    -1088.27717358184)(2000121    -679.426648421119)
3 0      - (2000101    -384.357548691319)(2000012    380.974363269655)(2000001    -392.936862213049)(2000111    -545.797194555985)(1000000    -479.181721305913)(2000002    -634.886078220686)(2000201    -873.729211607557)(2000211    -795.50903321748)(2000221    -838.476575236627)
0 6      - (2000002    -524.774512071322)(2000201    -379.12014463855)(1000000    -577.154222258923)(2000001    -711.768193231656)(2000012    -831.296961395292)(2000101    -177.982481965518)(2000211    -394.669815745163)
1 1      - (2000001    -361.625704735478)(2000111    -843.902692770076)(1000000    -167.182376022887)(2000211    -301.316967613083)(2000201    -643.476732630309)(2000101    -407.202703333116)(2000012    41.1261404983719)(2000002    -156.151994732005)(2000221    -333.973335543689)
3 4      - (2000002    -481.149404888235)(2000201    -608.253311290191)(2000001    -737.108987054942)(1000000    -706.539226260044)(2000111    -256.003597390514)(2000211    -881.490639645505)(2000101    -197.294749234868)(2000012    183.279349518895)
1 4      - (2000012    353.757025218705)(2000201    -532.275003497643)(2000001    -547.455825359256)(1000000    -367.383731536815)(2000002    -127.629074947739)(2000101    -286.871143970864)(2000211    -664.460299083731)(2000111    -1001.81534234124)(2000221    -905.802980060588)(2000121    -500)
5 2      - (2000201    -907.969134258276)(1000000    -492.95983352686)(2000001    -569.073282721338)(2000002    -962.719235912329)(2000101    -662.232801727596)(2000211    -677.934010629726)(2000012    -560.271284188904)(2000111    -392.994581959901)
2 2      - (2000211    -1162.5600114432)(1000000    -787.538057532236)(2000101    -859.953508913354)(2000111    -1004.66955992391)(2000002    -400.257549829888)(2000201    -690.143540104826)(2000001    -619.668166087398)(2000012    -375.094588401704)(2000221    -542.351537026886)(2000121    -881.10111962854)
1 0      - (2000211    -479.745509671117)(1000000    2.50586474696043)(2000002    -638.043228768337)(2000012    -24.3181453900107)(2000201    -688.899196225605)(2000101    -544.585479036732)(2000001    -365.846578700383)(2000111    -1244.69184161839)(2000121    -547.805301994954)
3 2      - (2000002    -469.629728425712)(2000001    -454.318064320714)(2000012    230.557429577061)(2000101    -421.838388314091)(2000111    -828.333882653313)(1000000    -527.411718826441)(2000201    -612.484756085235)(2000211    -789.624345883204)(2000121    -759.740715753807)
4 1      - (1000000    -468.656028971883)(2000002    -520.758493421277)(2000101    -416.238500438021)(2000201    -448.61532140118)(2000001    -631.139725763756)(2000111    -887.816835005593)(2000211    -22.8693569707141)(2000012    33.7629079890074)
5 4      - (2000201    -923.186925964547)(2000001    -901.555395123097)(2000101    -254.925903909498)(1000000    -790.034564627428)(2000111    -1017.13001604876)(2000002    -468.968654842807)(2000211    -586.238213719726)
3 1      - (2000002    -635.616474283567)(2000101    -416.695227501974)(2000211    -196.94085219108)(2000012    240.297738166854)(1000000    -699.734249316601)(2000111    -571.774397422007)(2000001    -520.374180552515)(2000201    -638.485874127489)(2000221    -680.840406953356)
0 4      - (1000000    -562.198642855847)(2000211    -492.391165235531)(2000101    -258.198728391894)(2000012    -131.358641753191)(2000111    -507.919431955765)(2000001    -325.815110387512)(2000002    -510.55288125457)(2000201    -665.937486033345)
0 5      - (2000201    -528.493458919745)(2000111    -900.042560945453)(2000012    163.846734364741)(2000001    -337.007107754068)(2000101    -284.345345423271)(2000002    -407.550430306593)(1000000    -447.385600414874)(2000221    -434.186443719356)(2000211    -607.714013928778)
6 1      - (2000211    -742.678591081127)(2000201    325.100268402105)(1000000    -400.241997796533)(2000111    -1135.70124767451)(2000001    -428.387551397164)(2000002    -634.794047166305)(2000101    -526.371469693592)
6 3      - (2000001    314.051358874199)(1000000    -700.984569974428)(2000002    224.496877482102)(2000201    -692.325236112894)(2000101    -714.488406392174)(2000012    -312.081634417449)(2000111    -1090.40164566728)(2000211    -524.312210473715)
5 0      - (2000012    141.557584185766)(2000111    -770.515403300494)(2000001    -587.551450275123)(2000201    -391.893269542359)(1000000    -469.001300161853)(2000101    -283.866780771983)(2000002    -419.405097069915)(2000211    -320.331821001143)
6 2      - (2000001    -356.87532714668)(2000101    -426.790672943749)(2000201    -310.093214172101)(1000000    392.525561362566)(2000002    -433.80185832301)(2000211    -500)
8 2      - (2000101    -592.419083005492)(2000111    -634.815609102596)
2 5      - (2000211    -1189.24358485754)(2000002    -636.59701800004)(2000012    -105.847815991238)(2000111    -1395.36981701648)(2000201    -474.595873066161)(2000001    -730.349957789518)(1000000    -869.174423957631)(2000101    -527.408853983597)
2 6      - (2000211    -1437.77260144831)(2000002    -179.507292456573)(2000201    -872.67357141275)(2000111    -901.650864031436)(2000101    -639.287763687716)(1000000    -769.612619459751)(2000001    -517.040328464598)(2000221    -500)
5 1      - (2000012    402.884727578469)(2000201    -704.560617474919)(2000211    -391.699348591089)(2000101    -35.5098286055503)(1000000    -656.707998403133)(2000001    -136.4090918962)(2000002    -558.7141401177)(2000111    -584.548853967302)
3 5      - (2000012    -293.600999022699)(2000111    -803.302568711722)(2000002    -493.348062801915)(2000201    -572.491901421097)(1000000    -490.186728588409)(2000211    -674.262566845133)(2000121    -797.024107490375)(2000001    -688.531269689984)(2000101    -131.014651460598)(2000221    -866.167767546466)
2 4      - (2000101    -565.026624671205)(2000201    -635.489198183191)(1000000    -635.079848614684)(2000002    -392.247246538283)(2000001    -575.442822575623)(2000012    53.4610372275149)(2000211    -636.575123648746)(2000111    -647.130287084704)
1 5      - (2000201    -530.926023126929)(2000012    68.9967756661343)(2000211    -278.411552737469)(2000001    -618.941397360664)(2000111    -793.641733450096)(2000101    -336.082486946202)(2000002    -438.937101472605)(1000000    -748.287113262085)
1 6      - (2000101    -205.276800233279)(1000000    -639.800373009709)(2000201    -357.940170153297)(2000002    -539.109697596201)(2000211    -977.154019711403)(2000001    -603.112118481452)(2000111    -150.310228901681)(2000012    -13.3247136069959)
6 4      - (2000201    187.273016752681)(1000000    354.580483862933)(2000012    238.13201699915)(2000002    -326.768466005222)(2000001    -356.389769846743)(2000211    -401.340096448436)(2000111    -741.715225930514)(2000101    -196.985656576065)
4 6      - (2000211    -856.321676018645)(2000001    -402.30437812814)(2000002    -541.581298506361)(1000000    -773.38250054248)(2000201    -344.809346910706)(2000012    236.529010371944)(2000101    -322.838309230842)
4 0      - (2000002    -408.977148880687)(1000000    -783.626919457844)(2000101    -344.278777998754)(2000201    -819.365471798988)(2000001    -756.700315794568)(2000111    -635.850526072916)(2000221    -1041.38819000395)(2000211    -881.541098333922)(2000012    -151.865103862843)
8 5      - (2000001    -967.199128157488)(2000201    -821.062867138789)(1000000    -1005.49922824388)(2000111    -652.960920065006)
4 5      - (2000002    -802.717727714257)(1000000    -188.5065531143)(2000101    -260.66282550498)(2000211    -988.921490872071)(2000201    -628.778071575947)(2000001    -641.70343094658)(2000012    -171.994890552226)(2000111    -828.602562235298)
6 7      - (1000000    -815.319569981732)
7 1      - (2000012    195.446045590557)(2000101    -521.079277310966)(2000211    -441.404252635923)(1000000    -699.250820450877)(2000002    -370.637023545818)(2000111    -835.535168726701)(2000001    42.1827328709909)
1 7      - (2000111    -539.444925543455)(2000001    -90.8526040298431)(1000000    -685.007675345728)(2000101    -144.416587706293)
6 5      - (2000111    -809.166523004606)(1000000    -414.583720596886)(2000201    -702.815492651623)(2000101    -320.771726431882)(2000001    -335.75774544376)(2000012    14.3735492539812)
9 0      - (2000111    -949.47251865633)(2000001    -382.307720980391)
0 12      - (2000201    -963.795151947838)(2000002    -975.6947894242)(2000001    -763.682729041752)(1000000    -966.022349257628)(2000101    -963.856595239469)(2000211    -1074.11885227368)(2000111    -1084.58790368021)(2000012    -960.132386472097)
13 2      - (2000001    -346.611775785046)(2000201    -454.48518071519)(1000000    -342.708881397796)(2000101    -506.811043057334)(2000012    -192.781055633063)(2000002    -215.640009272413)(2000221    -655.5402439743)(2000111    -797.761801095337)(2000211    -787.41535960961)
13 0      - (1000000    -392.727209407359)(2000001    -282.250786831081)(2000201    -417.809408813977)(2000101    -431.106769695385)(2000002    -269.870429023877)(2000211    -722.104197325441)(2000012    -232.834170991862)
14 2      - (2000001    -302.519851846532)(2000201    -964.964437095132)(2000101    -472.727541536597)(1000000    -792.167357827682)(2000211    -841.64896327541)(2000012    -306.729570673356)(2000002    -554.739021552717)(2000121    -629.529515722349)(2000111    -1016.45539698498)
7 2      - (2000001    -677.510789476024)(2000211    -1136.35778427967)(2000101    -344.540518893014)(1000000    40.9045543360194)
12 1      - (2000002    -731.065450691159)(2000201    -491.457478296197)(2000001    -589.770346284466)(1000000    -445.459464470536)(2000111    -752.575535849969)(2000012    -423.771573239753)(2000101    -443.004292144891)(2000211    -727.74264918539)
12 2      - (1000000    -606.041511832744)(2000101    -688.966091918597)(2000211    -623.675011533768)(2000201    -868.800869289764)(2000111    -805.617759154128)(2000012    -600.868397569825)(2000002    -616.200933723487)(2000001    -671.275600380351)
2 13      - (2000201    -956.148299589918)(2000111    -999.175316360682)(2000101    -944.064281048773)(2000211    -803.941774227792)(2000001    -282.213198398779)(1000000    -739.675219619098)(2000012    -757.831133278676)(2000002    -892.464357543511)
3 14      - (2000201    -1296.93393652154)(2000101    -1235.32466732713)(2000211    -1188.74066124307)(1000000    -712.729061746439)(2000012    -713.656868483594)(2000002    -740.47613572385)(2000111    -1092.59682492143)(2000001    -482.695633462923)(2000121    -637.612067035572)
2 15      - (1000000    -528.255845989435)(2000201    -1156.50390872975)(2000101    -1098.85874103037)(2000001    -357.839877185492)(2000002    -714.881441296558)(2000111    -1070.78167018448)(2000012    -347.847596845109)(2000211    -1206.70947576666)(2000121    -792.144017326507)(2000221    -993.808625501654)
1 16      - (2000101    -921.709243968557)(2000211    -1052.24173281341)(2000201    -1154.01084808261)(1000000    -450.922817571503)(2000111    -1118.18536834695)(2000002    -362.017901649449)(2000012    -312.966752983238)(2000001    -922.698734529436)(2000121    -620.687661822852)
0 15      - (2000201    -1087.59141087041)(2000111    -966.861096817848)(2000001    -466.243538892462)(1000000    -677.805261194775)(2000002    -745.234651297835)(2000101    -829.574614802028)(2000012    -674.833231389075)(2000211    -984.993597841828)(2000121    -789.773120611716)
0 16      - (2000111    -1078.14109648305)(2000201    -870.533255281021)(2000002    -758.449280826229)(1000000    -781.381066763786)(2000101    -854.122254704056)(2000012    -426.448775963197)(2000211    -1003.48466141076)(2000001    -579.590118871662)(2000221    -572.596936984173)
0 14      - (2000002    -719.754779772711)(2000201    -1049.85088101237)(1000000    -592.354563982564)(2000211    -1118.18709551986)(2000111    -991.756855980966)(2000221    -840.544851141842)(2000012    -591.365786195744)(2000101    -972.342578378356)(2000001    -248.161548983266)
17 2      - (1000000    -134.782881202283)(2000201    -517.389039962154)(2000002    -115.756106287119)(2000001    -192.919648098696)(2000101    85.9455768154801)(2000211    -804.396258955492)(2000111    -733.597550526209)
15 3      - (2000002    -795.149502527154)(2000101    -845.116832893056)(2000201    -774.817326994729)(2000001    -1002.1156340603)(2000211    -597.500987432763)(1000000    -376.108284601983)(2000111    -815.567151465957)(2000012    -293.697478669331)
16 2      - (1000000    -164.499053450923)(2000211    -795.882319695499)(2000201    -455.752959350417)(2000111    -835.907800539711)(2000101    -422.833057308731)(2000001    -189.288130848015)(2000002    -700.460319376618)(2000012    -145.190177449969)
17 1      - (1000000    -289.140436570169)(2000001    -272.298498015909)(2000111    -517.486657312981)(2000002    -456.194967331961)(2000101    -508.838398153054)(2000201    -825.524939851764)(2000012    -406.55161478538)(2000211    -530.856936214438)
18 1      - (2000001    -641.111976316461)(1000000    -661.684247118859)(2000101    -577.218497152987)(2000211    -725.595609666518)(2000201    -773.233857222449)(2000002    -616.685713747564)(2000111    -713.493168637838)(2000221    -599.055191759627)
14 3      - (1000000    -750.916179842495)(2000002    -743.078670918419)(2000012    -435.911432154911)(2000111    -977.85869791015)(2000101    -921.62146150163)(2000001    -514.380718983142)(2000211    -493.290650648338)(2000201    -950.77743983359)
3 15      - (1000000    -471.531173901413)(2000211    -1269.6513718917)(2000201    -1087.79417616528)(2000002    -506.208957164611)(2000101    -1099.14260902082)(2000001    -394.696642355754)(2000121    -890.60708332062)(2000111    -1250.20799304687)(2000221    -546.400391371513)(2000012    -472.622923890614)
2 16      - (2000001    -283.952424442463)(1000000    -496.750093372465)(2000201    -809.011697957465)(2000002    -843.909994528451)(2000111    -1228.69450904048)(2000101    -860.547787039971)(2000211    -901.317676492561)(2000012    -269.134959000359)
0 17      - (2000101    -998.998437330139)(1000000    -884.701298196049)(2000201    -954.476674813743)(2000111    -997.390773020452)(2000002    -1014.0028566774)(2000001    -496.509794804953)(2000012    -872.306560894925)(2000211    -977.493276133547)(2000121    -552.265731805373)
3 6      - (2000012    -139.382642760002)(2000201    -585.147049415268)(2000111    -906.601727704811)(2000001    -319.187653406371)(1000000    -769.280831657405)(2000211    -321.63192351315)(2000002    -374.724798113859)(2000101    170.164382150292)
8 7      - (2000002    -185.672445228777)(2000101    202.206962490361)
13 1      - (1000000    -635.924255017772)(2000002    -672.92986961882)(2000201    -875.035950602421)(2000211    -952.887257847245)(2000012    -631.767055770201)(2000111    -910.157722790284)(2000101    -687.073799185974)(2000001    -525.757966360138)
3 17      - (2000201    -892.630096810397)(1000000    -1184.47515737986)(2000002    -888.656923117063)(2000211    -954.657470312282)(2000001    -851.420392829228)(2000101    -776.914755976044)(2000012    -164.925947597151)(2000111    -823.112055622013)
1 17      - (2000001    -484.037608775321)(2000002    -892.367189983171)(2000012    -296.512525403025)(2000101    -817.562049155225)(1000000    -565.747492622358)(2000201    -821.729357044467)(2000111    -1009.47852878539)(2000211    -1040.92981153251)(2000221    -420.068824388611)
0 19      - (1000000    -40.1328560078936)(2000012    353.977700280262)(2000001    -631.673254560411)(2000101    -269.157593443813)(2000201    -614.250463321557)(2000002    -613.1984344921)(2000211    -788.303569110865)(2000111    -860.580507534487)
1 12      - (2000211    -1051.89113854691)(1000000    -808.412213735486)(2000201    -877.587531933114)(2000111    -1078.83132811264)(2000012    -798.047428565111)(2000002    -1005.31858871521)(2000001    -419.706826630651)(2000101    -798.183468588459)
1 14      - (1000000    -792.152726630667)(2000002    -847.701956694552)(2000201    -888.669593112243)(2000101    -871.469529900342)(2000111    -1193.75304998499)(2000211    -960.696107032721)(2000012    -780.555299482738)(2000001    -411.853824037749)
1 19      - (1000000    15.6841567637849)(2000002    -769.221046975364)(2000211    -105.888725984247)(2000201    -266.565953040388)(2000101    -227.815894028943)(2000001    -539.408290533591)(2000012    126.527907052105)(2000111    -883.147331761452)
2 17      - (2000211    -604.542870336329)(2000001    -220.588885541224)(2000201    -911.469641287466)(2000101    -938.621828838526)(1000000    -390.370083175722)(2000111    -750.20591856831)(2000002    -779.235315452553)(2000012    -384.360940782325)
0 18      - (2000001    -955.407440271518)(1000000    -713.185970036391)(2000101    -810.870597840141)(2000111    -978.673982466917)(2000201    -1004.52404414435)(2000002    -943.049573625224)(2000211    -970.858807411103)(2000012    -322.991253344934)
1 18      - (2000001    -627.753700077344)(1000000    -659.555105183854)(2000201    -714.525721650554)(2000111    -1093.69094536226)(2000101    -469.390781669461)(2000002    -621.141644596677)(2000211    -995.421942698406)(2000012    -401.430768650257)(2000221    -519.801760752899)
2 19      - (2000001    -631.193095208649)(2000201    -569.991891947467)(1000000    -0.63178535659749)(2000211    -1052.27831206029)(2000002    -791.230249044473)(2000012    -176.842629876981)(2000101    -230.079493051069)(2000111    -878.657140413902)
3 18      - (2000001    -819.999607960817)(1000000    -804.139175448227)(2000111    -881.567833165294)(2000101    -824.195557787599)(2000012    -436.658692784044)(2000201    -856.783160664329)(2000002    -892.709142488459)(2000211    -880.906914864114)
3 13      - (2000201    -902.641304841926)(2000001    -549.42060002602)(1000000    -632.657918340867)(2000002    -710.624752846079)(2000121    -873.582688331703)(2000101    -1162.82943072869)(2000211    -995.584399982487)(2000111    -808.776060072378)(2000012    -613.778905704824)
17 0      - (2000101    -616.453254715843)(1000000    -536.783626037097)(2000002    -665.057822625591)(2000201    -650.808224351657)(2000001    -335.383081377639)(2000012    -394.832644698806)(2000211    -797.745773327712)(2000111    -751.111705502962)
1 15      - (2000111    -1065.83353584201)(2000002    -525.342749795208)(1000000    -587.029706526763)(2000211    -987.310450028038)(2000201    -674.338881507588)(2000012    -359.611031167634)(2000101    -1186.01161848711)(2000001    -434.128514940547)(2000121    -628.464049903963)(2000221    -501.892969273884)
6 0      - (1000000    -382.268991154174)(2000002    -365.267234125522)(2000211    -1000)(2000201    -840.359916939722)(2000001    -352.561830959909)(2000101    -93.0818066308129)(2000012    494.335759463074)
2 18      - (2000201    -787.160719545372)(2000111    -1154.97532203311)(1000000    -766.431601980501)(2000211    -725.96413940376)(2000001    -847.178970698504)(2000002    -724.838464068775)(2000101    -480.748111480389)(2000012    -470.604564417996)
3 19      - (2000111    -1110.47598404261)(2000012    -134.074880080465)(2000001    -571.334460653174)(1000000    -744.904017602385)(2000201    -805.380456134567)(2000101    -192.598010137695)(2000002    -899.235179523372)(2000211    -894.677847187963)
15 0      - (2000201    -972.996374783152)(1000000    -404.209403883839)(2000002    -300.11875601175)(2000211    -1030.51731938246)(2000111    -944.354512169693)(2000001    -234.768110233277)(2000012    -297.776585363769)(2000101    -524.324241844557)(2000221    -398.790125160315)
15 1      - (2000002    -725.239644294171)(2000012    -370.420293233496)(2000111    -955.780218802747)(2000201    -852.224306834791)(2000001    -625.071177652416)(1000000    -698.00582474147)(2000101    -970.213681750916)(2000211    -841.238464890524)
3 16      - (2000002    -919.979817713208)(2000101    -1104.43925705884)(2000012    -753.134290620629)(1000000    -745.915141392015)(2000001    -438.839456193209)(2000211    -1086.67467993596)(2000111    -1008.6898218628)(2000201    -907.371426447465)(2000121    -449.024508319929)
18 3      - (2000101    -231.919705858662)(2000001    -781.046883116641)(2000111    -1035.02107603844)(1000000    -286.089758822748)(2000201    -227.954377029516)(2000002    -235.130213833099)(2000012    -118.454365276299)
19 0      - (2000101    -253.918618135908)(2000012    -320.224696165735)(1000000    -417.692268741903)(2000111    -463.411256905115)(2000002    -621.769151010456)(2000201    -496.219241221806)(2000001    -413.574330481853)(2000211    -734.498787233113)
18 2      - (2000211    -1032.44606674484)(2000001    -496.068543091169)(2000101    15.813383193228)(1000000    -525.845325780945)(2000201    -417.442762412067)(2000002    -677.116685499149)(2000121    -500)(2000012    493.036206410384)
19 3      - (2000002    -831.780489605829)(2000201    -867.690005145027)(2000001    -537.516838441491)(2000101    -434.488977001558)(1000000    -692.277628954681)(2000111    -409.115816040089)
2 14      - (2000111    -1216.79717320984)(1000000    -774.500926986866)(2000201    -955.916703824783)(2000211    -980.605714276446)(2000012    -774.192408543542)(2000101    -916.420280358248)(2000002    -814.394246395079)(2000001    -259.77306010005)
0 13      - (2000001    -541.077023588581)(2000101    -709.060615091636)(1000000    -681.346606496041)(2000111    -1091.9879486068)(2000002    -758.656760641943)(2000201    -927.439484608676)(2000211    -1064.33066347602)(2000012    -678.431907027945)
3 12      - (2000211    -1016.34286029683)(2000002    -701.121243488401)(2000101    -1138.18022150887)(2000201    -870.047063425344)(2000001    -514.077114425466)(1000000    -522.871111161264)(2000012    -506.24703316481)(2000111    -1203.71303362402)
1 13      - (2000111    -839.812038566104)(2000002    -738.840943162104)(2000012    -611.053140307023)(2000001    -264.822938091133)(2000101    -617.92740796596)(1000000    -631.417002298743)(2000211    -1121.23256454571)(2000201    -617.140894551811)
16 0      - (2000201    -442.373999693625)(1000000    -169.007758570583)(2000002    -460.972537439335)(2000101    -1003.48395221377)(2000001    52.3020118981532)(2000211    -399.74757756607)(2000111    -359.349693602046)(2000012    -140.435939277741)(2000221    -374.5641475081)
0 7      - (1000000    -657.756228152784)(2000111    -707.067205319052)(2000101    142.805198916158)(2000012    277.440901150438)(2000002    146.737089384768)
3 21      - (2000002    -577.440419308813)
1 20      - (2000201    -514.570887124378)
8 0      - (2000111    -522.707403426546)(2000002    -609.661513952722)(2000211    -110.161513952722)
19 1      - (2000201    -654.366308601395)(1000000    -659.219551222966)(2000001    -565.810187818381)(2000101    -355.353023372261)(2000002    -615.497446450367)(2000012    40.3037161896323)(2000211    -500)
12 0      - (2000211    -788.610601936305)(1000000    -529.32721501067)(2000201    -428.778619073146)(2000002    -438.934731226513)(2000111    -435.130108170874)(2000001    -176.54560486577)(2000101    -769.226146821772)(2000012    -440.732171498884)(2000221    -271.505451993286)
16 3      - (2000001    -169.48404098089)(2000012    -341.968479320215)(1000000    -451.621829751173)(2000002    -674.164247136085)(2000201    -430.264692001075)(2000101    -562.10450667763)(2000111    -941.976175922485)(2000121    -216.573071672064)
15 2      - (1000000    -437.221965276828)(2000002    -709.808135838283)(2000001    -290.755745815886)(2000101    -369.305278806856)(2000201    -1189.23007497415)(2000111    -1038.64103325437)(2000012    -70.6294506849005)(2000211    -1024.41789054667)(2000221    -291.289459856029)
18 0      - (2000001    -283.703831301327)(1000000    -795.338773861141)(2000101    -471.739982937152)(2000002    -658.488310925106)(2000201    -548.81838707976)(2000012    -8.05181085705242)
2 12      - (2000002    -826.59979151224)(2000001    -559.05664583417)(1000000    -666.935652214966)(2000201    -858.626315747686)(2000101    -784.291282455906)(2000111    -1260.89982610114)(2000012    -670.642638984601)(2000211    -1186.27202383248)
14 0      - (2000001    -182.121469174959)(2000201    -1024.01624176629)(2000002    -720.541960998171)(1000000    -735.205734305423)(2000101    -905.670346151636)(2000111    -1040.20426767516)(2000211    -840.162917349883)(2000012    -829.464091174279)
4 7      - (2000101    -479.1838586972)(1000000    -324.104676824708)(2000201    -640.810816838823)(2000001    -197.474146667575)(2000002    -43.8177443512759)
5 16      - (2000201    -795.403805262714)
5 6      - (2000001    -690.222317729039)(2000101    -264.465778220804)(2000002    -477.322006485732)(1000000    -710.130879275005)(2000201    -803.544525059332)(2000111    -390.993707783065)
7 3      - (1000000    -433.280013879945)(2000012    -430.255797795232)(2000002    -575.985675371808)(2000211    -622.675362457928)
1 9      - (2000201    -466.380911786316)(2000211    -200.032167679474)(2000002    -27.2813679281833)(1000000    -517.925471952122)
12 3      - (1000000    -229.437345442859)(2000101    -270.862434198906)(2000111    -773.978688623568)(2000201    -328.169674991037)(2000012    -129.564396995111)(2000001    -433.302900144664)(2000002    -136.74632885988)
13 3      - (1000000    -570.922883767752)(2000211    -1093.33409089869)(2000001    -461.471302135401)(2000201    -866.558245249263)(2000101    -688.904745145531)(2000002    -551.771545430426)(2000012    -301.331532659049)(2000111    -804.155562944835)
14 1      - (2000001    -962.748257181198)(2000211    -815.015547013645)(2000111    -953.824327562043)(1000000    -517.534038774388)(2000002    -834.34083762972)(2000201    -702.272945370724)(2000101    -947.295538452609)(2000012    -472.543660472345)
19 2      - (2000101    -180.376105236282)(1000000    -335.411714634075)(2000002    -325.625675499156)(2000201    -533.873986170715)(2000001    -311.885131078201)(2000221    -558.146237357827)(2000111    -558.146237357827)(2000211    -843.534488266999)(2000012    17.1783047170207)
16 1      - (2000001    -537.266416743736)(1000000    -533.580357885474)(2000012    -137.300806540677)(2000101    -338.970548237308)(2000211    -253.82087489254)(2000201    -806.475551272833)(2000002    -953.631302023134)(2000111    -288.954805778831)
5 5      - (2000101    -281.943332554464)(2000201    -947.099077324346)(1000000    -727.92733601131)(2000001    -315.677381221418)(2000211    -1022.59723946391)(2000111    -1085.55411311789)(2000002    -679.332205538777)
7 5      - (2000002    -354.467043111667)(2000101    -175.731713484932)(1000000    -611.056484802976)(2000201    -503.986673114871)(2000001    271.921992730731)
5 8      - (2000002    -513.523654996186)
17 3      - (2000111    -324.081765287385)(2000201    31.2050546519246)(2000001    -250.001784486854)(2000101    20.3803598411629)(1000000    -541.451417249473)(2000002    52.117570837082)(2000211    -451.485305497413)
6 8      - (1000000    -1166.89191918878)(2000001    -1293.66281984152)
7 0      - (2000101    -1128.07647827761)
7 4      - (2000002    -827.23937196372)(2000101    -282.305550435923)(2000001    -685.288962592888)
5 11      - (1000000    -527.088506088419)
0 11      - (2000101    359.230781757468)
3 8      - (2000201    -951.79381504322)(2000002    -155.502788304083)(1000000    -425.29700839951)
2 7      - (1000000    -924.390930125611)(2000101    -196.679092632537)(2000002    -195.742536737485)
0 8      - (2000101    -79.9060003527565)(1000000    -76.6285927227595)(2000001    54.9480571803242)
0 9      - (2000111    -377.458287054686)(2000012    -169.219435728392)
6 6      - (2000002    -904.7572563984)(2000201    -742.537567657436)(2000101    -300.705100131836)(1000000    -828.602562235298)(2000111    -928.16844417585)
5 9      - (2000001    -276.775145877285)(1000000    -476.901345655549)(2000201    -172.135077040181)(2000101    184.576506942659)(2000002    -660.885014382358)
8 1      - (2000101    -102.772328507129)(1000000    -102.772328507129)
4 12      - (2000201    -553.791982963791)
6 9      - (2000201    -502.83675384978)
3 10      - (2000101    -51.1267567871038)
9 3      - (2000201    -834.846972435341)
3 9      - (2000002    -657.510440396304)(2000201    -695.833925834566)(2000101    -476.877151511647)(1000000    -668.285097424367)
1 8      - (2000101    -249.543711092111)
7 7      - (2000001    38.3299545069951)(2000101    -602.946866453028)
2 9      - (2000101    -263.617140989344)(2000001    -503.111502094866)
0 10      - (2000002    -213.171013175959)
3 7      - (2000101    18.1996186390157)
4 13      - (1000000    292.098600914298)(2000101    -325.025973900042)
8 3      - (2000101    -1251.47382307083)(2000211    -1251.47382307083)
5 13      - (2000001    -247.21467982686)(2000101    -382.059810994487)
8 4      - (2000101    -253.231862423856)
9 6      - (1000000    -50.433645618878)(2000001    -240.959234214159)
9 8      - (2000001    -5.21278268735546)

