158
0 0      - (2000001    -1482.69656888673)(2000002    -1886.54553659838)(1000000    -1550.86955147419)(2000100    -1761.31143934649)(2000022    -1185.46725631011)(2000210    -2017.59942883469)(2000102    -1758.68111875643)(2000101    -1809.47875444536)(2000201    -1784.56228112076)(2000202    -2177.12230329108)(2000200    -1673.40443224265)(2000212    -2064.89982802838)(2000211    -2240.24666445683)(2000110    -1966.14953716052)(2000111    -2137.78619032185)(2000012    -1313.73177926835)(2000112    -2086.24318780429)
1 1      - (2000200    -1965.54097605313)(2000201    -1904.57024972762)(1000000    -1942.3866412883)(2000102    -1818.8810100256)(2000202    -1996.56787954058)(2000100    -2005.75131971208)(2000002    -1597.68850980578)(2000001    -1327.37889521247)(2000022    -1161.08965897019)(2000101    -2066.65184467831)(2000112    -1800.74576324405)(2000111    -1804.49777957708)(2000012    -1702.90283300154)(2000212    -1863.86593137386)(2000210    -1561.07118125808)(2000211    -1641.03055194946)(2000110    -1704.89081076507)
1 2      - (1000000    -1724.94589742183)(2000102    -1224.72719776245)(2000012    -1751.72682876196)(2000101    -1936.9629983436)(2000202    -2015.56807278004)(2000200    -1993.97235165435)(2000201    -1798.55897751064)(2000100    -2066.05651860043)(2000112    -1703.39105990565)(2000110    -1798.57114584001)(2000002    -1796.99002314375)(2000111    -1781.96213142113)(2000001    -1824.48139785432)(2000022    -1217.08867507969)(2000211    -1681.78252135594)(2000210    -2094.19555746779)(2000212    -1621.02887356279)
3 0      - (2000200    -1942.49771056918)(2000201    -1302.16596944412)(2000100    -1746.02011856521)(1000000    -1707.12695639245)(2000001    -1508.17789814586)(2000101    -1871.28175240999)(2000102    -1902.62757986384)(2000002    -1850.03288357914)(2000202    -1719.97010679395)(2000212    -1933.81311245271)(2000111    -1787.62157575846)(2000211    -1829.85675427579)(2000112    -1869.35163108468)(2000012    -1871.59857337304)(2000022    -1196.99679711381)(2000210    -2002.12947883207)(2000110    -1736.55299311929)
2 3      - (2000200    -1725.42606056971)(2000102    -1597.31603328421)(2000211    -1920.66987666815)(2000100    -1325.97948497463)(2000012    -1764.32469751851)(2000002    -1763.01421301772)(1000000    -1505.17475014697)(2000201    -1512.91678065736)(2000101    -1714.229544633)(2000202    -1968.56685051842)(2000001    -1886.03289372624)(2000022    -1276.15680067421)(2000212    -1823.65027969049)(2000112    -1791.7895087349)(2000110    -1498.14164649165)(2000210    -1737.09290275456)(2000111    -1723.11490232688)
5 2      - (2000112    -1431.36928703736)(2000002    -1798.65045439575)(2000100    -1313.20326184272)(2000101    -1726.95571653879)(1000000    -1707.44298201473)(2000001    -1644.89958613732)(2000201    -1668.4913132867)(2000022    -1218.94010969245)(2000202    -1836.03727460202)(2000200    -1667.36854251891)(2000102    -1638.08042519195)(2000012    -1482.81625985893)(2000110    -1247.77993406575)(2000111    -1273.71481697646)
1 3      - (2000212    -1560.8212579541)(2000102    -1869.66795829636)(2000211    -1602.85733665768)(2000202    -1845.37635952285)(2000022    -1143.25388601245)(2000100    -1992.87451130327)(1000000    -1694.27352057807)(2000001    -1894.13214149205)(2000201    -1815.99831933309)(2000200    -1954.44000224072)(2000101    -1969.58804238847)(2000002    -1438.68678666414)(2000111    -1669.85318968836)(2000210    -1665.64564407012)(2000110    -1283.90427681559)(2000112    -1778.20494876143)(2000012    -1335.21362068025)
0 1      - (2000200    -1826.69710709442)(2000201    -1772.0267945595)(1000000    -1818.29715855207)(2000202    -2007.42252914096)(2000100    -1980.99281915034)(2000002    -1963.03328937726)(2000110    -1595.89590440389)(2000101    -1951.3258561678)(2000022    -1321.65847167919)(2000210    -1740.1521550811)(2000001    -1522.91749467643)(2000102    -1621.33245075994)(2000111    -1653.33770733286)(2000212    -1803.82809073552)(2000012    -1731.35632894482)(2000211    -1591.66480051184)(2000112    -1836.28492595378)
2 4      - (2000202    -1760.83185600021)(2000101    -1882.54674817595)(2000012    -1562.71275635874)(1000000    -1898.37159749378)(2000002    -1965.82492740683)(2000112    -1571.50383961972)(2000201    -1830.08158883216)(2000212    -1386.71181202359)(2000001    -1184.0185928408)(2000102    -1999.96732171202)(2000100    -1877.14868564318)(2000210    -1528.60763894102)(2000022    -1329.29934559575)(2000200    -1812.21436983118)(2000111    -1454.67421886671)(2000110    -1435.65429629109)
3 3      - (2000101    -1882.25473659135)(2000001    -1652.88697741393)(1000000    -1753.68692894271)(2000102    -1195.20111119339)(2000202    -1883.75850079493)(2000200    -2088.99483789106)(2000100    -1551.34913936793)(2000210    -1671.49067493612)(2000002    -1723.2079734862)(2000201    -1831.14428626789)(2000212    -1661.94542912711)(2000112    -1849.39392205818)(2000211    -1937.63042778361)(2000012    -1437.67559405906)(2000022    -1159.31888739894)(2000111    -1792.58800208393)(2000110    -2056.34842108363)
1 0      - (2000101    -1696.0804561618)(2000201    -1803.30059559258)(2000102    -1623.72381720121)(2000200    -1693.44459964446)(1000000    -1917.35789665172)(2000202    -1919.08767774867)(2000212    -1942.66902512198)(2000001    -1974.03991852173)(2000100    -2046.99086128806)(2000002    -1896.68957136996)(2000110    -1223.49667541513)(2000211    -1832.49323176732)(2000012    -1570.21896120574)(2000022    -1101.93795073164)(2000112    -1781.7509097968)(2000111    -1833.96954940915)
2 0      - (2000211    -1608.41584268618)(2000201    -1946.63635475945)(2000012    -1383.98959974431)(2000100    -1747.89708137457)(2000202    -2075.33801586926)(2000102    -1781.08647939955)(1000000    -1854.48431459443)(2000001    -1292.21153347865)(2000200    -2072.87951351736)(2000101    -1770.47908589809)(2000002    -1995.06261387361)(2000022    -1919.22255137843)(2000112    -1730.81936559062)(2000212    -1652.69217332375)(2000210    -1825.52323623213)(2000111    -1871.78503250607)(2000110    -1852.0562182755)
0 3      - (1000000    -1641.2009915411)(2000002    -1725.74504801195)(2000201    -1980.03968955083)(2000202    -1752.40497200814)(2000001    -1947.86972248761)(2000200    -1937.61870929857)(2000102    -1236.69078534527)(2000100    -1877.61506750843)(2000101    -1781.1728276325)(2000012    -1820.44186387502)(2000210    -1381.65513422087)(2000110    -1653.33577769258)(2000212    -1508.81129816783)(2000112    -2042.234982693)(2000211    -1695.83962264073)(2000022    -1172.64934652375)(2000111    -1509.26469213613)
1 4      - (2000012    -1395.35933638178)(2000102    -1926.64635403505)(2000201    -1735.48375884254)(1000000    -1976.80113235229)(2000202    -1846.95592158214)(2000100    -1747.45119851259)(2000200    -2027.68253085375)(2000001    -1756.49711187824)(2000002    -1813.2283499225)(2000101    -1810.65386346092)(2000210    -1409.65518179312)(2000112    -1500.4241845816)(2000110    -1517.68206241353)(2000212    -1632.01456133365)(2000022    -1457.7079842078)(2000211    -1603.19179930946)(2000111    -1504.46713153308)
3 1      - (2000102    -1806.2980244074)(2000201    -1300.27912901086)(2000001    -1733.51436118164)(1000000    -1815.22188789023)(2000012    -1863.50132448095)(2000100    -1927.41728338034)(2000002    -1827.15332035533)(2000200    -2062.28232513624)(2000202    -2040.64257120753)(2000101    -1662.19204886721)(2000112    -1806.6293259978)(2000111    -1789.22434038075)(2000212    -1734.92143896918)(2000022    -1492.09148122578)(2000211    -1701.67210936085)(2000210    -1588.71306060153)(2000110    -1448.83979668666)
0 2      - (2000001    -1622.85435324002)(2000201    -1235.10938238307)(2000101    -1938.04382159566)(2000002    -1796.58864610605)(2000210    -1383.23353711293)(2000102    -1784.7395474226)(2000200    -2041.31268466538)(1000000    -1888.38409144354)(2000212    -1799.12704736793)(2000202    -1856.9940163994)(2000100    -1751.75039916066)(2000012    -1743.2854015194)(2000211    -1868.54053089778)(2000111    -1742.3117551943)(2000112    -1861.04750626647)(2000022    -1171.75255714402)(2000110    -1607.88650759286)
3 5      - (2000212    -1492.11695647218)(2000012    -1444.427725965)(2000101    -1642.8000659317)(2000201    -1276.49027254381)(2000001    -1476.37317142516)(2000202    -1510.74197259847)(2000100    -1579.61491938218)(2000200    -1556.92819539552)(2000102    -1558.15794326204)(2000002    -1653.01479102906)(2000111    -1475.42840150742)(2000112    -1493.99130365514)(2000210    -1412.60775819193)(1000000    -1558.78929741458)(2000022    -1020.74582656938)(2000110    -1095.56553034305)
4 4      - (2000012    -1301.24843815925)(2000111    -1382.7335275793)(2000202    -1865.66556959451)(2000002    -1527.23029620531)(2000001    -1740.39259403334)(1000000    -1791.87560563204)(2000100    -1665.10138253847)(2000201    -1594.48735568094)(2000210    -1610.75333063753)(2000101    -1957.02692429411)(2000102    -1613.15686573035)(2000112    -1672.6034769087)(2000022    -1390.98156553188)(2000200    -1941.84909085842)(2000211    -1712.76482678627)(2000212    -1689.11012290752)
2 1      - (2000102    -1788.73078125142)(2000002    -1546.46397867163)(2000101    -1805.81033145784)(1000000    -1869.79198290887)(2000012    -1396.59040065661)(2000201    -1875.16637251642)(2000210    -1586.87806919748)(2000100    -1875.30455942364)(2000200    -1838.24196806418)(2000001    -1761.37382325308)(2000022    -1218.32709228513)(2000202    -1732.98698316989)(2000112    -1583.66673637522)(2000110    -1770.73187164696)(2000111    -1663.11114722728)(2000212    -1791.31515903236)(2000211    -1755.22007763594)
2 5      - (1000000    -1907.28771265186)(2000202    -1765.43004543723)(2000001    -1812.07588731709)(2000002    -1444.94225368858)(2000201    -1677.08484872254)(2000101    -1915.38182224456)(2000100    -1829.80978333787)(2000102    -1703.66121746613)(2000210    -1454.8338125947)(2000112    -1265.37299717363)(2000111    -1675.49667207006)(2000200    -1770.08684365144)(2000212    -1249.24159124463)(2000211    -1243.17661477078)(2000022    -1171.16562969075)(2000012    -1707.41097021873)(2000110    -1370.18961417025)
4 3      - (2000101    -2008.63525700436)(2000201    -1701.0044286413)(1000000    -1825.50814116012)(2000100    -1653.7382153469)(2000200    -1809.11982914573)(2000202    -1931.07441482808)(2000001    -1778.44098644112)(2000002    -1768.03823176981)(2000110    -1584.68821429038)(2000102    -1226.59574905626)(2000012    -1611.21164699873)(2000112    -1570.20687913268)(2000111    -1693.80406291269)(2000211    -1583.10330371332)
3 2      - (2000200    -1828.69907747541)(2000202    -1875.7179274223)(2000102    -1977.48211611343)(2000101    -2023.87606374463)(2000201    -2114.72779019797)(2000001    -2050.09930863448)(2000002    -1573.39365676499)(1000000    -1970.94667218261)(2000100    -1962.23419396139)(2000110    -1754.16233918154)(2000112    -1703.89541877855)(2000211    -1677.41216850385)(2000022    -1764.56219175671)(2000212    -1738.27496881001)(2000210    -1782.73139255519)(2000012    -1437.73846088705)(2000111    -1908.09181497017)
2 2      - (2000201    -2164.26493372324)(2000001    -2246.45168566932)(1000000    -1788.61325909393)(2000202    -1597.62268865374)(2000100    -1907.31819019413)(2000112    -1936.65971754703)(2000102    -1970.38822576131)(2000002    -1882.68913487771)(2000101    -2054.01232128243)(2000200    -2006.74148027407)(2000022    -1167.63658062985)(2000111    -1528.39837351474)(2000210    -1476.82567053859)(2000012    -1592.45544710429)(2000110    -1247.98648876152)(2000211    -1796.96145351448)(2000212    -1612.94796938606)
4 1      - (1000000    -1774.75072779319)(2000201    -1901.5821176423)(2000210    -1725.11781744761)(2000001    -1645.4719128844)(2000002    -1189.10879570703)(2000102    -1640.73263858955)(2000100    -1935.70427730931)(2000200    -1694.28234495559)(2000202    -1693.21954342716)(2000012    -1076.63856227106)(2000022    -1365.81332150759)(2000101    -1854.14149148566)(2000211    -1624.01052918599)(2000112    -1662.60850606177)(2000212    -1515.79212946005)(2000111    -1569.30086319212)
4 5      - (2000201    -1268.21359915493)(2000101    -1660.80205414622)(1000000    -1625.50239787735)(2000110    -1230.69633962817)(2000002    -1605.64333560745)(2000202    -1393.17655727197)(2000001    -1406.29696649664)(2000102    -1569.78025761059)(2000022    -1146.63726779214)(2000012    -1515.77527199209)(2000200    -1607.79269636795)(2000112    -1209.60085240656)(2000212    -1277.62705837423)(2000100    -1794.93970754247)
4 2      - (1000000    -1754.47309158647)(2000100    -1946.7325736302)(2000102    -1561.37433177595)(2000012    -1293.02963046585)(2000001    -1236.21620209644)(2000101    -1897.41439914303)(2000201    -2063.15871101871)(2000002    -1908.14428225118)(2000202    -1922.97559673649)(2000111    -1353.56391913299)(2000022    -1492.6759301803)(2000112    -1686.54531931712)(2000200    -1965.59651839284)(2000212    -1283.28987877015)(2000110    -1532.50962696645)(2000210    -1851.35412508542)(2000211    -1319.53604481771)
5 0      - (1000000    -2110.46474801418)(2000001    -1823.23530324028)(2000100    -1857.61043875118)(2000200    -1725.92966643262)(2000002    -1773.26060730973)(2000101    -1723.36667292339)(2000102    -1727.17417140428)(2000012    -1238.23449127778)(2000202    -1676.14211837393)(2000201    -1958.29767582499)(2000022    -1341.03031308696)(2000112    -1301.2149151354)(2000212    -1332.89548126019)(2000110    -1446.77382074949)
4 0      - (2000002    -1432.08150477452)(2000101    -1943.72430803694)(2000200    -1825.72043144653)(1000000    -1916.21592493624)(2000202    -1807.56556528587)(2000201    -1928.02836103544)(2000112    -1788.02992111262)(2000012    -1381.86599973929)(2000102    -1948.22436017409)(2000001    -1217.39856926448)(2000022    -1116.88722393092)(2000100    -1864.9247577174)(2000210    -1346.53852937386)(2000211    -1711.88613217144)(2000212    -1689.02654015008)(2000110    -972.601880182852)
5 1      - (2000102    -1542.95311542028)(2000111    -1730.73045783602)(1000000    -1654.29912645723)(2000100    -1556.47171973245)(2000101    -1704.55013845879)(2000202    -1709.63924411004)(2000001    -1521.35898978589)(2000200    -1705.21790817834)(2000002    -1337.97005769681)(2000201    -1626.97279359458)(2000211    -1622.74773907758)(2000212    -1931.84859979329)(2000022    -968.627550631808)(2000012    -1111.5440009957)
5 3      - (2000102    -1663.06637829692)(2000001    -1353.05884115717)(2000002    -1785.10821629461)(2000101    -1902.25440637417)(2000100    -1786.56128290276)(1000000    -1977.42463187351)(2000211    -1812.11442426647)(2000200    -1792.20290339344)(2000022    -1209.51787100384)(2000201    -1780.49883596747)(2000012    -1278.47724073707)(2000202    -1638.29800460561)(2000212    -1553.40461123811)(2000112    -1490.3890083573)
6 6      - (2000100    -1060.96011675485)(2000102    -966.860399034618)(1000000    -1443.50491413922)(2000001    -1096.51522631311)(2000002    -1149.34981290681)(2000201    -1455.40097010453)(2000202    -1196.72664696954)(2000200    -950.292405507531)(2000101    -1141.06668760247)(2000212    -921.801594739261)
3 4      - (2000101    -1891.33008106532)(2000110    -1553.94695119148)(1000000    -1806.0559026794)(2000012    -1364.22964949023)(2000202    -1697.90089634815)(2000001    -1332.87460222315)(2000102    -1691.6720435324)(2000100    -1941.97359807138)(2000201    -1939.66596014749)(2000002    -1760.44270445205)(2000211    -1651.20670477681)(2000200    -1864.91600125017)(2000210    -1663.05027651212)(2000022    -1530.16487672507)(2000212    -1350.6133968099)(2000112    -1510.13790036698)
3 6      - (1000000    -1902.99266362791)(2000102    -1702.01025787787)(2000111    -1490.82588420324)(2000002    -1492.94184439761)(2000201    -1554.18035145388)(2000001    -1766.47481649654)(2000100    -1645.85413576795)(2000212    -1605.72668918799)(2000202    -1503.60224611909)(2000101    -1662.62655452874)(2000012    -1305.54763415702)(2000200    -1268.00273062788)(2000112    -1575.80830479484)(2000022    -1065.03846523054)
2 6      - (2000202    -1756.13554135319)(2000002    -1498.28717839183)(1000000    -1732.55831190962)(2000212    -1694.5815669288)(2000001    -1583.08884394122)(2000012    -1532.9161612829)(2000112    -1477.2254409648)(2000201    -1603.90742604395)(2000102    -1250.40301445398)(2000100    -1370.74868169771)(2000200    -1718.80390783078)(2000101    -1522.99147069755)(2000211    -1556.39904164003)(2000111    -1441.40187955444)
6 2      - (2000100    -1346.25255251714)(2000102    -1470.1043828471)(1000000    -1408.02713722298)(2000101    -1470.2091489218)(2000201    -1520.20316868417)(2000012    -1453.1328818055)(2000002    -1488.71950946739)(2000200    -1480.93208707541)(2000202    -1495.75247152627)(2000212    -1583.31947672499)(2000111    -1382.48823303498)(2000110    -1136.20392920406)(2000001    -1331.09207285874)
7 4      - (2000112    -986.909593550823)(2000202    -1528.84759120435)(2000201    -1587.17337718489)(1000000    -1640.07915642439)(2000100    -718.083274172324)(2000200    -973.186392645205)(2000001    -184.873937015962)(2000002    -138.905452761971)
0 4      - (2000200    -2017.66087910015)(2000202    -1912.33594035154)(2000100    -1960.629111609)(2000022    -1256.89930012557)(1000000    -1883.20439759081)(2000001    -1726.423709095)(2000212    -1549.73505477407)(2000101    -1652.53543958565)(2000002    -1314.3065330205)(2000112    -1597.10998954851)(2000102    -1807.66936846234)(2000201    -1798.1012513939)(2000012    -1456.55413127496)(2000110    -1711.87891247904)(2000111    -1625.98039938138)(2000210    -1502.04135607155)
5 4      - (2000111    -1196.77763720447)(2000101    -1672.53502839546)(1000000    -1515.45912081401)(2000200    -1481.79398309935)(2000112    -1524.8315578415)(2000001    -1330.97873551644)(2000102    -1592.09160832612)(2000212    -1298.60885528164)(2000110    -1152.76131596131)(2000100    -1483.16970342214)(2000202    -1660.95071042763)(2000012    -1340.90554614088)(2000002    -1484.28188908558)(2000201    -1483.02462365799)(2000022    -1249.35185482446)(2000211    -1181.2676699724)
5 7      - (2000001    -896.397858485373)
6 7      - (2000100    -1112.03678293316)(2000012    -1109.47259788815)
4 6      - (2000100    -1620.66765307324)(2000202    -1372.62274357573)(2000112    -1049.94616610108)(2000210    -533.688757381051)(2000101    -1510.80526278133)(2000211    -638.498659070883)(2000102    -1446.00156835591)(2000002    -1396.79415428451)(2000200    -1648.50889371569)(1000000    -1848.30941566175)(2000201    -1267.53720575026)(2000110    -1263.12585138341)(2000022    -276.867790052275)(2000001    -1520.62295375037)
6 1      - (1000000    -1351.67878321319)(2000001    -1637.66213040467)(2000012    -1171.57040086588)(2000200    -2051.1419643145)(2000101    -1875.22653166129)(2000202    -1509.65250778977)(2000102    -1588.54257274773)(2000201    -1834.17797575808)(2000100    -1788.52958211792)(2000002    -1626.39452146167)(2000210    -1629.04974278811)(2000111    -1490.59101236322)
6 3      - (2000100    -1690.37970460203)(2000111    -1463.11617470056)(2000200    -1776.55645827577)(2000002    -1553.48364173976)(2000102    -1735.50137246511)(1000000    -1948.25942776378)(2000110    -1202.87524333891)(2000202    -1924.21855133814)(2000022    -1216.86412367658)(2000201    -1730.95501077282)(2000211    -1397.68022756749)(2000101    -1728.27881644603)(2000112    -1395.70245263265)
6 0      - (1000000    -1461.12440025685)(2000101    -1848.42706035871)(2000200    -1712.70560971089)(2000100    -1599.55758470565)(2000212    -1553.60133026539)(2000002    -1251.03670225051)(2000201    -1550.98968569798)(2000102    -1522.19309710873)(2000001    -1564.72731579971)(2000202    -1359.50730345359)(2000110    -1031.08178812775)(2000112    -1107.49940913208)
7 2      - (2000101    -1386.24414096915)(2000202    -1630.62017846956)(1000000    -1321.40295211761)(2000002    -1708.05815259296)(2000210    -1552.63322483773)
6 4      - (2000022    -946.190458691571)(1000000    -2099.59339626074)(2000202    -1457.96815658653)(2000101    -1532.65352335123)(2000002    -1543.28741673718)(2000211    -1649.34472993016)(2000100    -1689.28910690995)(2000201    -1585.22136620999)(2000110    -1170.56354191643)(2000001    -1790.73996068552)(2000200    -1804.12885903134)(2000210    -1267.9810454879)(2000111    -1590.68353105221)
1 7      - (2000202    -1178.70569460821)(1000000    -1723.42452452214)(2000101    -838.300161234143)(2000201    -828.522198093499)(2000002    -293.249898300681)
1 5      - (2000202    -1610.27217862576)(1000000    -1861.41427538885)(2000102    -1733.35289612623)(2000002    -1683.82841884869)(2000201    -1647.36507696188)(2000100    -1822.64294928408)(2000001    -1588.51975299772)(2000211    -1736.36527378381)(2000101    -1667.01341078304)(2000012    -1359.78282072817)(2000212    -1570.48777614505)(2000110    -1332.05048083139)(2000200    -1657.44629594888)(2000112    -1814.12677627997)(2000210    -1378.02754185381)
5 6      - (2000102    -1635.02301072941)(1000000    -1642.53151720402)(2000201    -1703.91500889264)(2000112    -1144.80990970853)(2000100    -1826.59568199579)(2000202    -1768.49477056891)(2000101    -1815.11664239838)(2000200    -1299.5306390511)(2000012    -1407.61897303659)(2000002    -1648.65662280355)
7 6      - (2000112    -893.632786348313)(1000000    -1278.87506380815)(2000200    -379.423766083428)(2000002    -542.614700471367)(2000001    -343.76858533821)
1 6      - (1000000    -2123.85645779871)(2000002    -1396.56474398974)(2000101    -1744.72286449676)(2000201    -1214.13554078578)(2000212    -1154.02209286306)(2000200    -1638.57320614995)(2000111    -1596.68489283662)(2000112    -1487.17583249841)(2000100    -1691.18540909113)(2000102    -1637.23072232166)(2000001    -1509.8331756777)(2000012    -1134.80822078957)(2000202    -1495.39401260606)(2000110    -1065.80622064613)
0 5      - (2000102    -1219.19868889593)(1000000    -1599.95562149831)(2000001    -1286.71156614005)(2000100    -1257.51965057335)(2000200    -1752.92389341017)(2000002    -1579.8238822708)(2000012    -1577.14898146014)(2000201    -1691.95339225893)(2000210    -1369.98151140972)(2000202    -1622.1275736769)(2000101    -1636.75310795945)(2000022    -866.129058392398)(2000111    -1414.63637827167)(2000110    -544.92457008302)
0 6      - (1000000    -1523.07771247923)(2000012    -1159.28613861945)(2000100    -1363.59456448807)(2000101    -1524.45666738944)(2000201    -1415.04480706479)(2000102    -1457.40696154262)(2000002    -1439.26012078274)(2000200    -1695.15371097478)(2000112    -1136.53393950901)(2000202    -1471.48876808747)(2000001    -1422.76362793174)
5 5      - (1000000    -1338.59028860569)(2000001    -1312.03900036132)(2000210    -1356.07454236516)(2000002    -1349.46060336534)(2000200    -1397.17153125375)(2000201    -1406.77226670444)(2000100    -1234.68231688563)(2000101    -1415.02788367476)(2000202    -1458.54643819451)(2000112    -1439.46867177043)(2000022    -902.724715338075)
2 8      - (2000001    -995.796071524132)(1000000    -1377.21875691746)(2000100    -1196.73657281441)(2000022    -467.146203532286)(2000002    -983.31631280946)
2 9      - (2000100    -1426.50520869011)(2000211    -1156.45150238375)(1000000    -1405.94275617207)
0 7      - (1000000    -1321.99327115923)(2000200    -681.399358158602)(2000100    -756.697921300715)(2000002    -630.676368628977)(2000201    -554.792253020376)(2000101    -1269.54743572934)
4 7      - (2000102    -1100.86794883018)(2000002    -1591.04347671326)(2000202    -994.839067792577)(2000100    -1242.07979019491)
8 3      - (2000001    -854.669634719167)(2000202    -1142.28609489471)(2000201    -1125.89039532809)(1000000    -966.791181558156)
1 8      - (2000001    -1552.55449381729)(2000002    -485.80960141855)
2 7      - (2000210    -1031.52623743794)(2000200    -940.87381253721)(1000000    -1145.27945382799)
3 7      - (2000100    -1395.12363626673)(2000200    -1915.26541704911)(1000000    -1642.83966556681)(2000002    -1107.80663940294)
0 8      - (2000112    -670.746058881187)(2000200    -278.974442925433)
8 0      - (2000101    -1155.88539485527)(2000100    -792.414870548379)(2000002    -767.660026432914)(2000001    -822.045005586087)
7 1      - (2000100    -1601.22755482067)(2000210    -1220.39996784299)(2000200    -1239.83139696925)(2000112    -1397.95550183538)
7 0      - (2000100    -949.927882203188)(2000101    -1130.40897418422)(1000000    -1498.45276700106)(2000201    -1048.9347430813)
4 9      - (2000212    -1393.95946706781)
6 5      - (2000101    -1197.11715919078)(2000201    -1197.53583486236)(2000022    -574.808623313908)(2000100    -1546.57419114777)(2000002    -1187.95009759687)(1000000    -1356.93701659741)(2000202    -1690.61156155299)(2000212    -453.018165251976)(2000102    -1177.92198212743)(2000001    -1389.1908034707)(2000200    -1200.04023127288)
7 3      - (2000001    -1472.17462561426)(1000000    -1952.11154811922)(2000002    -969.359198109588)(2000012    -408.686535878846)
4 8      - (2000002    -408.722383039572)(1000000    -566.654247046878)
7 5      - (2000101    -1042.80136218788)(2000201    -1293.98188307303)(1000000    -946.791520319584)
9 4      - (2000200    -1067.59607863475)
3 8      - (2000212    -1512.7620815582)(2000022    -363.503406837136)(2000012    -423.827440945637)(2000210    -102.63625985581)(2000101    -357.187622654328)(1000000    -1101.41650556981)
8 6      - (1000000    -4168.26512015556)(2000100    -888.495317795132)
10 2      - (1000000    -208.62514133097)
3 12      - (2000210    -1366.5673456508)(2000100    -1374.82664738197)(2000201    -1187.74076051362)(2000002    -1179.23085639462)(2000101    -1402.13981530049)(1000000    -1167.2514952537)(2000200    -1189.21873030634)(2000001    -992.117055176615)(2000012    -1153.21910350618)
13 3      - (1000000    -772.734898752259)(2000002    -1107.59544801488)(2000111    -822.337643647466)(2000100    -1065.10663907551)(2000102    -883.473297276073)(2000202    -1061.65062839991)(2000201    -1520.7262684367)(2000200    -1113.69104805724)(2000101    -1667.7957067237)
13 2      - (2000212    -944.909349775848)(2000200    -772.567314019533)(1000000    -827.061891581029)(2000022    -304.644740535199)(2000002    -735.432007352994)(2000201    -743.385475054981)(2000102    -733.595204768056)(2000001    -1032.94657670008)(2000012    -646.168353230882)(2000101    -258.472127768481)
1 13      - (2000212    -1682.38739679728)(2000001    -1252.90928480794)(2000100    -1142.39403405654)(2000102    -1489.10160470242)(1000000    -719.273060239374)(2000110    -1540.86377913947)(2000201    -1422.65380209722)(2000002    -1056.91718954799)(2000101    -1527.20832313034)(2000200    -1761.14726769215)(2000112    -1316.93356264161)(2000111    -1356.00664060403)(2000210    -1250.39343681895)(2000202    -1243.33996087112)(2000022    -1068.2666435547)(2000012    -1032.68621377047)(2000211    -1241.89659988957)
2 13      - (2000111    -1528.46420473222)(2000110    -1083.04636406108)(2000001    -1184.97753302746)(2000201    -1495.98390018012)(1000000    -653.966805036186)(2000200    -1455.63590415641)(2000002    -1305.04139106452)(2000112    -1101.63749238305)(2000102    -948.3997468629)(2000012    -1126.71697591491)(2000022    -643.222044809707)(2000100    -893.133626921253)(2000101    -1016.82101193732)(2000202    -1149.16919936385)
14 1      - (2000001    -1450.31921956847)(2000201    -1310.89850540287)(2000102    -1654.5073281625)(2000002    -1424.73865155492)(1000000    -1009.04332904713)(2000101    -1373.77016669055)(2000202    -1405.93232232647)(2000012    -909.972393783855)(2000212    -1617.45556505716)(2000100    -1516.29558114107)(2000200    -1701.77978007162)(2000111    -1787.85419978222)(2000112    -1210.69097952444)
15 3      - (2000101    -1500.4621366487)(2000001    -1472.51256144862)(2000100    -1490.59826665227)(2000200    -1489.62624758154)(2000111    -1394.19112335294)(2000211    -1244.47887913047)(2000002    -1559.81540292051)(1000000    -1495.0992140626)(2000102    -1497.27733122465)(2000012    -1381.62361000899)(2000212    -1437.88982048785)(2000110    -1412.29637252689)(2000201    -1502.25251613331)(2000112    -1306.37007407139)
3 16      - (2000200    -1934.94216294882)(1000000    -1996.26231130655)(2000112    -1623.72760807463)(2000201    -1727.12514849606)(2000111    -1820.28342363079)(2000101    -1800.06638842232)(2000110    -1369.09824416336)(2000102    -1764.44710135259)(2000022    -1227.62029289612)(2000012    -1568.79084953038)(2000100    -1887.9526873793)(2000001    -1521.9309257332)(2000202    -1738.20117919076)(2000002    -1762.63094875874)(2000210    -1337.00385898958)(2000212    -1444.95048710242)(2000211    -1536.92014627884)
0 14      - (2000202    -1383.93843815547)(2000102    -1262.05917439809)(2000201    -1508.46349427406)(1000000    -1068.53148967867)(2000200    -1359.06783963027)(2000212    -1106.09358533924)(2000100    -1412.84199521186)(2000012    -1042.68890794029)(2000022    -992.585306120988)(2000111    -1428.19030822544)(2000002    -1748.14416248858)(2000211    -1172.16707499515)(2000112    -1272.97969711418)(2000001    -1280.39446934317)(2000210    -1767.60732517435)(2000101    -1324.59130092373)(2000110    -1162.40273900093)
0 16      - (2000001    -1274.42682905833)(1000000    -2085.27681942612)(2000002    -1884.47111923949)(2000102    -2031.77409866451)(2000202    -1998.02567126033)(2000201    -2267.26788439732)(2000012    -1206.7277244357)(2000100    -2363.55645037777)(2000101    -2153.41007582035)(2000200    -1964.07982790579)(2000112    -1849.84975031979)(2000212    -1758.31006209523)(2000111    -1832.80364131644)(2000211    -1959.30778165707)
1 14      - (2000101    -1604.01165557423)(2000022    -1223.33203695143)(2000201    -1359.23239949925)(2000200    -1634.13924943361)(1000000    -1351.78268755569)(2000202    -1737.31548752691)(2000210    -1216.33578444121)(2000001    -1357.84175871881)(2000211    -1217.93292200974)(2000110    -1247.1132223714)(2000112    -1279.93740602943)(2000111    -1571.49950822672)(2000002    -1517.42054761654)(2000102    -1233.93113538735)(2000100    -1343.78932462121)(2000212    -1501.28632402168)
2 17      - (2000201    -2013.97197347976)(2000022    -1167.95706830443)(2000002    -1384.98366166078)(2000001    -2108.68407663718)(1000000    -1892.40979894852)(2000102    -2111.63560590519)(2000200    -1904.22561538792)(2000100    -2026.64864500877)(2000202    -2174.89727544702)(2000101    -1984.44947088479)(2000112    -1660.07052498603)(2000110    -1321.06294144194)(2000210    -1413.19240228367)(2000212    -1544.71612445834)(2000012    -1492.29588511425)(2000111    -1634.2520918017)(2000211    -1774.76038375142)
1 11      - (2000002    -251.835911321397)
0 17      - (2000202    -1993.41639833283)(1000000    -1982.07288595279)(2000200    -1927.71022650619)(2000201    -1889.95502294851)(2000001    -1939.98836002707)(2000101    -1926.56680691558)(2000100    -2123.0454183174)(2000102    -1820.4992102142)(2000002    -1437.88541334042)(2000112    -1929.96255093022)(2000211    -1921.15483994021)(2000212    -1665.50030343194)(2000111    -1861.69367540769)(2000210    -1559.79931453108)(2000022    -1501.66219922917)
3 13      - (2000002    -1230.87707180044)(2000012    -1055.90361312948)(2000212    -1358.52743297593)(2000102    -1436.36887381207)(2000100    -1480.52828551622)(2000201    -1581.26697081612)(2000110    -1313.04053806599)(1000000    -961.091328554371)(2000210    -1124.02584409624)(2000001    -1154.64837595546)(2000200    -1250.0731364598)(2000112    -1257.12069254182)(2000022    -1011.94133426841)(2000101    -1551.34820289929)(2000202    -1235.97005527064)
1 12      - (2000202    -1199.12625788155)(2000001    -1177.36719414177)(2000200    -1040.36175659922)(2000002    -1240.81925464361)(2000100    -1107.70222279386)(2000102    -1642.20568237168)(1000000    -563.644873583649)(2000210    -1028.84862389966)(2000112    -1081.43066474488)(2000101    -1377.35240731182)(2000201    -1199.50261532652)
2 12      - (2000001    -1173.22004933572)(2000202    -1449.56965668343)(2000101    -1363.39613035207)(2000102    -1352.08186954843)(1000000    -1058.61759178835)(2000211    -1040.22391307964)(2000200    -1087.61620618622)(2000100    -1255.37153001142)(2000022    -615.155710821327)
17 1      - (2000100    -1857.59312079282)(2000001    -1650.60140594762)(2000102    -1714.58344095568)(2000002    -1119.20949000177)(1000000    -1967.65279458827)(2000022    -1282.34273318992)(2000201    -1722.65583710503)(2000202    -1614.32209525055)(2000200    -1404.74347926509)(2000212    -1560.17022260702)(2000101    -1777.74601310008)(2000012    -1387.36667421043)(2000111    -1474.19523806392)(2000211    -1186.98303277892)
15 1      - (2000201    -1797.76598185072)(2000101    -1489.7206314613)(2000200    -1413.86725859638)(2000211    -1642.31118926474)(2000202    -1581.99280083185)(2000210    -1481.7665178029)(2000102    -1881.64163082435)(2000012    -1413.3422826783)(2000002    -1169.29125326014)(2000112    -1418.6141504129)(1000000    -1636.28102311804)(2000001    -1574.94047419935)(2000100    -1524.59765542802)(2000212    -1490.30107863791)(2000110    -1434.12628759166)(2000111    -1332.85025058192)(2000022    -1121.65748551696)
16 3      - (1000000    -1980.14723327108)(2000012    -1227.08356523321)(2000100    -1788.46190654836)(2000202    -1755.79655778458)(2000001    -1636.54354845191)(2000200    -1759.21545745185)(2000002    -2020.78320441802)(2000101    -1749.9754004274)(2000212    -1902.52721621826)(2000102    -1742.35512176003)(2000110    -1548.48480718937)(2000201    -1752.12229349157)
0 12      - (1000000    -241.092019071281)(2000002    -825.438344563313)(2000100    -1009.70867574446)(2000001    -1258.15350074607)(2000102    -1182.36837320665)(2000012    -977.027212736747)(2000200    -1568.9682252476)(2000202    -1382.48025420098)(2000211    -1299.36880258111)(2000101    -1457.99091603449)(2000201    -1375.92414737548)(2000110    -1170.87565785288)(2000212    -870.669546192482)
2 16      - (2000100    -1918.71696747259)(2000102    -1808.5568809035)(2000022    -1287.32587045768)(2000002    -1262.92057070229)(2000202    -1850.3341604392)(2000200    -1930.01630885752)(2000201    -1798.90924878208)(1000000    -1721.89191017133)(2000001    -1904.40913625511)(2000012    -1661.06522406596)(2000101    -2080.71811037606)(2000212    -1679.41897095767)(2000110    -1489.4496019795)(2000111    -1614.76778688197)(2000112    -1504.27603181525)(2000211    -1421.19341611709)
1 17      - (2000202    -1786.97659383355)(1000000    -1725.72284375364)(2000102    -1806.79413505289)(2000200    -1796.200759488)(2000201    -1615.24996660242)(2000101    -1721.30314659568)(2000002    -1682.88301738684)(2000001    -1667.73817963757)(2000100    -1952.3677540049)(2000112    -1552.45611844867)(2000210    -1414.44668578606)(2000022    -1167.7510711743)(2000111    -1712.53786573979)(2000110    -1698.44131756882)(2000012    -1199.00600052595)(2000212    -1576.27449528113)(2000211    -1699.6950972286)
2 19      - (2000001    -1293.07428242996)(2000002    -1744.27825241923)(2000200    -1916.07278312751)(1000000    -2025.52655288642)(2000102    -1758.84692200859)(2000100    -1952.87697902962)(2000202    -1898.19434760965)(2000022    -1055.02593928006)(2000101    -1827.9115041418)(2000201    -1735.49793848093)(2000110    -1645.12895379424)(2000211    -1706.78658154535)(2000112    -1743.70015213309)(2000212    -1468.95545388095)(2000012    -1294.31637463807)(2000210    -1395.5349070791)
3 19      - (2000202    -1942.1203475642)(1000000    -1701.88886655316)(2000201    -2306.15073285851)(2000200    -1878.49315662703)(2000100    -1902.49854603609)(2000102    -2173.83982584533)(2000012    -1406.31633237933)(2000112    -1569.09897923008)(2000001    -2278.89446994742)(2000002    -1459.63968692567)(2000101    -2067.13035634306)(2000022    -1357.90681012123)(2000210    -1822.21147413212)(2000110    -1423.45136364347)(2000211    -1697.46824351305)(2000212    -1750.39301128978)(2000111    -549.569352164169)
0 13      - (2000001    -1252.57679893272)(1000000    -484.223587642846)(2000002    -1281.91735736616)(2000102    -1465.76108925147)(2000201    -1696.79173829954)(2000101    -1632.58689250697)(2000200    -1024.23867911112)(2000111    -1417.1823091913)(2000210    -1329.40481840003)(2000211    -1334.83260625833)(2000012    -1166.07095644651)(2000100    -1299.79441615509)(2000202    -1494.84807411754)(2000212    -1005.54810115437)
18 0      - (2000001    -1359.2205357395)(2000202    -1684.63505784394)(2000200    -1652.21285917511)(1000000    -1751.63400803618)(2000102    -1748.67447345566)(2000201    -1320.33260795886)(2000002    -1625.31085257131)(2000100    -1999.80954692977)(2000012    -1181.78111892543)(2000110    -1059.66346221686)(2000101    -1608.31958620667)(2000112    -1423.45242237343)(2000111    -1420.69987387757)
17 3      - (2000001    -1720.35452462912)(2000200    -1857.74749349888)(2000210    -1610.44507861231)(2000002    -1265.39678480984)(2000201    -2341.61575526742)(2000100    -1769.00190936256)(1000000    -2005.88148311263)(2000101    -1827.46190300172)(2000202    -1768.27472748348)(2000102    -1762.37299548056)(2000022    -1189.99308405899)(2000112    -1666.4522277175)(2000211    -1596.38389557571)
0 18      - (2000200    -2005.15728563696)(1000000    -2125.14740141289)(2000012    -1225.16587177776)(2000002    -1952.02382573109)(2000100    -1840.24160770912)(2000001    -1258.89169386687)(2000201    -2031.2050636391)(2000101    -1972.74515208285)(2000202    -1979.48180009359)(2000112    -1496.43758412597)(2000102    -2071.75438330332)(2000212    -1671.24393810886)(2000110    -1414.96047423491)(2000111    -1460.1171481303)(2000210    -1453.09431373283)(2000022    -1125.73112981777)
2 14      - (2000112    -1538.74163499251)(2000211    -1383.01613175375)(2000201    -1346.70555387054)(2000101    -1491.87817306145)(2000001    -1312.95584828242)(2000111    -1243.19421048012)(1000000    -1184.18579032742)(2000002    -1304.05920245125)(2000200    -1479.11543176324)(2000022    -1036.78549352453)(2000102    -1361.54297684762)(2000210    -1295.5035593908)(2000100    -1161.52939548665)(2000202    -1466.37126010555)
18 3      - (2000100    -1489.7334189717)(1000000    -2111.10436607606)(2000001    -1653.03697256174)(2000002    -1323.97947883956)(2000102    -1746.55302135835)(2000112    -1670.08814150804)(2000201    -1532.55283604748)(2000101    -1709.68519986115)(2000202    -1757.91918413831)(2000200    -1734.31501063957)(2000012    -1471.01483278073)(2000212    -1297.36914863453)
3 17      - (2000101    -1664.26896097851)(2000200    -1739.87081951538)(2000202    -1664.09960715342)(2000100    -1757.98445066915)(1000000    -1924.58395195234)(2000211    -1342.85970889484)(2000112    -1770.50417005422)(2000012    -1812.58805070986)(2000102    -1714.32594727031)(2000002    -1895.00754112663)(2000111    -1667.59370052436)(2000212    -1708.20670586628)(2000201    -1651.93651726434)(2000001    -1508.65406552473)(2000022    -1459.35410478162)(2000110    -1502.19007252916)
1 15      - (2000110    -1473.82107614452)(2000002    -1545.49612872315)(2000012    -1116.78659412543)(1000000    -1407.97381142092)(2000100    -1597.88293237571)(2000001    -1604.76122490248)(2000112    -1587.44320675017)(2000212    -1356.98913708911)(2000022    -1216.17962688635)(2000111    -1597.85347777176)(2000102    -1801.65544886294)(2000202    -1645.81708191327)(2000211    -1277.90764513997)(2000201    -1576.36076730965)(2000101    -1588.7518956332)(2000200    -1698.43066916439)
0 15      - (1000000    -1247.57979343499)(2000100    -1426.17061288707)(2000102    -1732.50029714019)(2000101    -1410.78105575131)(2000202    -1738.84237703554)(2000200    -1161.45858787972)(2000201    -1508.76975378322)(2000022    -1197.82048083123)(2000212    -1883.64375520466)(2000002    -1096.73819745187)(2000111    -1794.69564534133)(2000001    -1727.92282622371)(2000012    -1491.66298857834)(2000211    -1671.83727074857)(2000112    -1852.05203876516)(2000210    -1271.54538206014)
3 14      - (2000201    -1478.84988150455)(2000100    -1572.78568692813)(2000200    -1566.34904692395)(2000102    -1527.77909586792)(2000202    -1691.7602392222)(2000212    -1398.26608322691)(2000210    -1520.25129836048)(2000022    -1281.66556627895)(1000000    -1733.80852454495)(2000002    -1227.41926976274)(2000101    -1480.35540303721)(2000110    -1316.35599719433)(2000112    -1297.81247956883)(2000211    -1493.83566928245)(2000111    -1338.66547351686)(2000001    -1585.34389320215)(2000012    -1486.70829974891)
1 18      - (1000000    -1669.89128750783)(2000200    -1939.13435980552)(2000201    -2004.27454036777)(2000202    -1947.82294108935)(2000100    -1979.01197646747)(2000102    -1917.93937041166)(2000002    -1442.61664641678)(2000001    -2003.93735850805)(2000101    -1904.21540912996)(2000111    -1577.09601932319)(2000022    -1142.26871908818)(2000112    -1371.8607733936)(2000211    -1557.40178984923)(2000210    -1716.6736365288)(2000012    -1661.5283962586)(2000110    -1567.32884148295)(2000212    -1665.59621780839)
15 0      - (2000102    -1521.68130570608)(2000200    -1316.21712444884)(2000101    -1594.48280229176)(1000000    -1309.36596218279)(2000001    -1252.56168512234)(2000100    -1335.899850841)(2000210    -1330.85217429997)(2000201    -1268.20918264955)(2000111    -1519.97543461173)(2000202    -1517.25122929211)(2000110    -1250.79881786194)(2000002    -1110.76196018648)(2000212    -1383.97869931665)(2000112    -1330.91084437964)(2000012    -1104.18223393225)(2000211    -1232.25129362045)
14 0      - (2000200    -1384.06636808966)(1000000    -1081.22631188036)(2000100    -1828.00554229525)(2000002    -1130.47991936645)(2000101    -1624.25512516614)(2000202    -1491.34160743605)(2000112    -1386.20986434028)(2000210    -1184.80207038978)(2000102    -1152.04517712834)(2000012    -1303.51423056946)(2000211    -1286.76699136667)
17 0      - (2000001    -1446.12854538305)(2000200    -1725.02889972962)(2000100    -1618.20074643166)(2000002    -1296.87337128405)(1000000    -1432.14361075176)(2000202    -1560.51138693404)(2000102    -1708.3289605619)(2000101    -1617.22428449235)(2000201    -1740.99149502052)(2000022    -1427.27142549647)(2000210    -1234.01304212389)(2000111    -1240.42273551796)
0 19      - (1000000    -2170.75864134707)(2000100    -1734.46004200927)(2000202    -2095.85022604757)(2000001    -2009.20235912555)(2000002    -1780.74653933268)(2000022    -1012.05306393779)(2000200    -1417.55359167359)(2000201    -1681.38101858798)(2000210    -1430.30389543646)(2000101    -1778.70765319519)(2000102    -2049.98740753546)(2000112    -1540.32699324922)(2000012    -1393.48968109483)(2000110    -1230.70508370749)(2000111    -1315.82586875229)(2000211    -1707.60747186157)(2000212    -1373.70670747275)
2 18      - (2000102    -1949.68395285479)(2000101    -2099.70222370842)(1000000    -1760.85603000974)(2000202    -1945.40774463628)(2000100    -1979.69761495853)(2000201    -1889.55927633436)(2000002    -1439.32345693053)(2000022    -1173.5280162069)(2000200    -1848.07559925916)(2000110    -1458.03793739829)(2000001    -1876.82384810751)(2000211    -1501.64018710029)(2000012    -1702.63051471746)(2000212    -1652.53376893258)(2000112    -1761.54974578397)(2000210    -1914.48217031547)
12 0      - (2000001    -1230.98427284985)(2000100    -1298.90741358856)(2000102    -851.608292497561)(1000000    -76.8090271764373)(2000200    -1158.6705999392)(2000002    -1160.43603841435)(2000101    -1007.14909922805)(2000201    -1094.81190254913)(2000202    -960.672161131826)
3 18      - (2000101    -1546.31751977372)(2000002    -1541.20439619372)(2000200    -1327.0657006224)(2000210    -1606.70645787625)(2000100    -1785.24185240087)(2000102    -1529.41987505391)(1000000    -2262.89547190676)(2000001    -1707.50331528013)(2000201    -1793.91007322492)(2000022    -1668.20173980933)(2000202    -1757.25321842346)(2000012    -1114.10163970718)(2000110    -1761.80991595978)(2000112    -1895.9098925058)(2000111    -1525.72114319618)(2000211    -1628.2821534703)(2000212    -1610.12328749394)
1 19      - (2000212    -1821.31835602885)(2000201    -2086.222044602)(2000100    -2188.33308493234)(2000002    -1794.80370206669)(2000001    -1379.26761126054)(1000000    -1765.71385196721)(2000102    -1936.64668685176)(2000101    -1780.48913752767)(2000200    -1728.6236475054)(2000202    -1921.19035815212)(2000210    -1595.53645404093)(2000022    -1169.1416683386)(2000110    -1618.93252192201)(2000012    -1951.29017311735)
2 15      - (2000012    -1596.00074953543)(2000200    -1900.45326037031)(2000110    -1472.17454092943)(2000002    -1890.77825361401)(2000101    -1507.35920843518)(2000210    -1266.6425812615)(1000000    -1532.86904541821)(2000212    -1681.26035276378)(2000102    -1767.93500263975)(2000201    -1196.82794500177)(2000202    -1652.75279838697)(2000022    -1006.9244668169)(2000112    -1536.81231100287)(2000001    -1410.80445462882)(2000100    -1292.27751229554)(2000111    -1700.21145848665)(2000211    -1581.5190970596)
3 15      - (2000210    -1593.23464406138)(2000100    -1915.70230090871)(2000101    -1768.29574811177)(2000200    -1793.86622537496)(2000022    -1288.51637749368)(2000211    -1468.70100561443)(1000000    -1755.54765167432)(2000201    -1868.11838782101)(2000102    -1927.34713266513)(2000110    -1408.22834590464)(2000212    -1605.68171529467)(2000002    -1701.39458303601)(2000112    -1697.59771020552)(2000001    -1851.45214596108)(2000202    -1724.29290335596)(2000111    -1457.58079435103)(2000012    -1137.06480632071)
19 0      - (2000202    -1734.71390557687)(2000102    -1703.5182793611)(2000101    -2052.33278855538)(1000000    -1600.49193092229)(2000200    -1822.02469362884)(2000201    -1878.64791876137)(2000001    -1929.29888650023)(2000002    -1422.32419062989)(2000100    -1773.21510242008)(2000012    -1441.25944646379)(2000022    -1226.72426005374)
1 16      - (2000101    -1702.45435886337)(2000110    -1408.95371679364)(2000112    -1634.33079789133)(2000201    -1826.24234817491)(2000211    -1772.88126205858)(2000200    -1792.77088699647)(2000002    -1587.74335594074)(2000202    -2023.43731337324)(1000000    -1637.87226866946)(2000102    -1815.35212045989)(2000022    -1187.7348564964)(2000100    -1802.58253905433)(2000210    -1533.69837747665)(2000001    -1922.99616992898)(2000012    -1554.47741672038)(2000111    -1657.93905195474)
14 2      - (2000112    -1574.95913541017)(2000002    -1155.97126051091)(2000202    -1525.13771695137)(1000000    -1705.67147969112)(2000210    -1315.68832621051)(2000102    -1443.3004616487)(2000001    -1314.05118872788)(2000012    -1391.17205591144)(2000200    -1584.88108069616)(2000101    -1670.40676874104)(2000201    -1650.2991013832)(2000100    -1735.5973602416)
14 3      - (2000022    -879.217911702065)(2000002    -1009.81364785767)(2000102    -1297.82665457336)(2000210    -959.152211135686)(2000112    -1455.59434161032)(2000100    -1130.21083683466)(2000212    -1005.70737610964)(2000201    -979.057083705836)(2000012    -1017.77951111061)(2000101    -993.839932678686)(2000001    -986.617166750154)(1000000    -997.558191066333)
19 3      - (2000101    -1903.61895855601)(2000100    -1684.59896423287)(1000000    -1908.64258515453)(2000002    -1734.73547446861)(2000200    -1869.81020652127)(2000201    -1953.74923857983)(2000202    -1774.16059764073)(2000102    -1639.03925891866)(2000110    -1725.02973912918)(2000001    -1817.70935104932)(2000111    -1233.62288850444)(2000012    -1491.67540677716)(2000211    -1243.45814448342)(2000212    -1390.85012709711)(2000112    -1369.26250010836)
16 2      - (2000002    -1297.75645144609)(2000201    -1615.64012209972)(1000000    -1652.97561739812)(2000102    -1909.95625017558)(2000200    -1555.68631905008)(2000100    -1948.8777333835)(2000112    -1647.0982646652)(2000012    -1629.50976481581)(2000110    -1615.77475229885)(2000202    -1862.78529403982)(2000101    -1660.88206825887)(2000212    -1602.74046364034)(2000001    -1636.70084860059)(2000111    -1576.71874347198)(2000022    -1169.13091958509)
16 0      - (2000001    -1666.95722624063)(2000101    -1695.21944303889)(1000000    -1505.77231830613)(2000002    -1248.9713278665)(2000100    -1503.18058959137)(2000102    -1870.74271661441)(2000112    -1445.99030774822)(2000210    -1474.66272685565)(2000201    -1830.31625314532)(2000200    -1486.5281005309)(2000202    -1480.4049173734)(2000111    -1513.88664273113)(2000012    -1104.58322121472)
12 1      - (2000200    -1083.94646062473)(2000022    -633.676186336825)(2000002    -1013.86468446476)(1000000    -289.576527408468)(2000101    -1228.60721602012)(2000102    -914.017162311142)(2000001    -855.315298761704)(2000202    -1146.68417500232)(2000201    -447.102466480178)
19 1      - (2000201    -1860.1178950722)(2000200    -1874.46735216749)(2000001    -1856.66611411893)(1000000    -2194.92459971702)(2000101    -1892.54506511134)(2000202    -2018.01158918022)(2000002    -1354.01040474866)(2000012    -1492.3501903097)(2000210    -1542.72942146176)(2000102    -1888.26653633266)(2000100    -1680.35173990045)(2000112    -1505.0088598709)(2000111    -1571.64126712989)(2000110    -1160.04518628865)
12 2      - (2000101    -954.444918790506)(2000100    -1046.85652905789)(1000000    -386.186933868024)(2000002    -906.076798163698)(2000202    -1043.85121938396)(2000001    -468.996881639307)(2000102    -826.308268930096)(2000200    -944.287110601103)(2000201    -916.704542431853)
19 2      - (2000201    -1669.44724353583)(1000000    -1860.24381842898)(2000202    -1711.29296530609)(2000001    -1678.44904802762)(2000002    -1298.12171371817)(2000102    -1928.20331262618)(2000211    -1641.55842163801)(2000100    -1773.41598853563)(2000101    -1628.58060852113)(2000200    -1812.56162864038)(2000112    -1497.03408141897)(2000012    -1600.77444190359)(2000111    -2030.91550568545)(2000210    -574.180314156934)
17 2      - (2000102    -1733.99223574749)(2000101    -1641.93662737453)(2000200    -1901.33497516808)(2000100    -1896.08346147887)(2000112    -1601.14484500402)(1000000    -1975.61048993905)(2000201    -1876.38901653789)(2000110    -1397.6269916903)(2000210    -1500.01027882677)(2000202    -1752.4510919663)(2000001    -1777.10417444654)(2000212    -1580.92674691222)(2000002    -1338.63988245698)(2000111    -1811.82388949839)(2000012    -1686.40233398549)
16 1      - (2000102    -1646.93171095308)(2000202    -1594.85189968438)(1000000    -1621.97719390906)(2000201    -1585.84398022689)(2000200    -1650.14891564441)(2000100    -1705.19215373395)(2000002    -1506.83191451376)(2000210    -1387.04570471141)(2000110    -1450.89607631489)(2000112    -1363.39019626249)(2000101    -1658.7867535792)(2000001    -1810.28302916956)(2000022    -1189.1626370893)(2000012    -1312.43203710208)(2000212    -1350.46153795117)
18 1      - (1000000    -2231.31560714563)(2000001    -1683.23310212956)(2000102    -1712.06284556451)(2000100    -1909.48741481458)(2000200    -1697.81017423418)(2000202    -1990.87494005286)(2000201    -2068.24754009152)(2000002    -1654.65817457262)(2000101    -1879.58448308778)(2000210    -1748.61537378612)(2000112    -1693.68706380452)(2000211    -1887.76968916384)(2000212    -809.104813074278)
15 2      - (2000100    -2064.83947987238)(2000112    -1587.86338562243)(2000200    -1566.14652521795)(2000201    -1478.81071876655)(2000001    -1433.25595554546)(1000000    -1472.95400528911)(2000012    -1344.65390395984)(2000102    -1526.35546189311)(2000212    -1741.90595613015)(2000101    -1505.39320924934)(2000111    -1613.68331045017)(2000202    -1734.4516343945)(2000002    -1736.59969917998)(2000022    -985.276484322145)
13 1      - (1000000    -676.890038215784)(2000002    -1431.76258250884)(2000102    -1401.74671550767)(2000001    -1557.09932523721)(2000202    -1506.50877634987)(2000112    -1465.86327797112)(2000210    -1238.18983791198)(2000101    -1491.8297020877)(2000100    -1219.50921155924)(2000201    -1512.74765085924)(2000200    -1321.88354651355)
18 2      - (2000102    -1473.45995178144)(2000101    -1880.14594146638)(2000201    -1731.47312097763)(2000110    -1536.55910096728)(2000002    -1547.61605884817)(1000000    -1828.80726951509)(2000202    -1892.70288859537)(2000200    -1806.97209535426)(2000100    -1653.18548050664)(2000012    -1542.77637577459)(2000001    -1667.91475066466)(2000022    -800.453211017972)
12 3      - (2000201    -959.7982469346)(2000110    -523.581138566836)(2000100    -1277.29151829889)(1000000    -919.254932152472)
7 7      - (2000200    -163.105565709369)
5 15      - (2000201    -728.555435290656)
13 0      - (2000002    -1368.75149373247)(1000000    -1067.29496208437)(2000101    -1075.16222561443)(2000202    -1252.18658247286)(2000102    -1361.77927456589)(2000100    -1550.74166228769)(2000001    -1417.32931901116)(2000110    -1416.73762938632)(2000201    -1011.22162748842)(2000200    -444.10587577975)
0 21      - (2000102    -797.506058838331)
8 4      - (2000100    -1125.12636522153)(2000212    -1016.22553717558)(1000000    -314.558799400842)
8 2      - (1000000    -257.085344770828)
10 0      - (1000000    -208.606454713551)
4 16      - (2000202    -1097.91711964536)(2000200    -501.332018102903)
8 5      - (2000212    -1305.77808037604)(2000012    -415.651916773444)(2000002    -633.33400302859)(2000001    -890.620409652885)
9 1      - (2000211    -586.039823518265)
8 1      - (2000200    -830.558376487013)(1000000    -30.2214173249216)
7 9      - (1000000    -255.762248557985)
9 2      - (2000111    -529.961500119291)
0 9      - (1000000    -1041.69245092036)
9 5      - (1000000    -30.2214173249216)
5 13      - (1000000    -536.629294019173)
1 9      - (2000101    -484.28914326194)
4 12      - (2000100    -265.849634096329)
6 9      - (2000100    -178.899189551736)

