150
0 0      - (1000000    -90.9404543399362)(2000101    -384.187473254435)(2000201    -345.825658457186)(2000002    -42.5263185472274)(2000211    -81.2431782190383)(2000012    279.601889539814)(2000221    -638.159096561271)(2000022    276.217100237028)(2000111    68.2658612694314)(2000121    -638.793592879747)
0 3      - (2000201    -583.622013308446)(1000000    -555.209939941694)(2000002    -33.6857714134843)(2000101    -661.611006894042)(2000111    368.944422916614)(2000121    -1050.94023681135)(2000211    -193.070502152052)(2000022    -118.398482544881)(2000012    -460.982342574541)(2000221    -878.520368763339)
2 0      - (2000022    273.756753412467)(2000111    273.825486090105)(1000000    -245.276054708311)(2000211    -713.102860210617)(2000121    -1083.53480030922)(2000201    -613.021310763067)(2000002    77.3510778451416)(2000101    -538.611780639787)(2000012    -624.881889349253)(2000221    -886.448623379235)
4 1      - (2000101    -642.783750386432)(2000002    -685.471590455317)(1000000    -646.448779636876)(2000111    351.428435320449)(2000121    -1195.58560022373)(2000211    -400.730952914528)(2000201    -660.038469344784)(2000012    -357.885444156093)(2000221    -911.334750601269)(2000022    380.28075384282)
4 2      - (2000002    -652.021669495829)(2000201    -656.743047661848)(2000221    -850.009653056696)(2000022    276.033323794911)(2000012    -606.795897226422)(2000111    -775.861597426848)(2000211    -605.263716765979)(1000000    -637.123928725217)(2000101    -639.52821467699)(2000121    -831.894609678817)
2 2      - (2000002    116.647555359663)(2000201    -667.42478195466)(2000012    -244.147198718576)(2000211    -626.330269927432)(1000000    -515.857566003918)(2000111    354.373769570375)(2000101    -654.804327146329)(2000221    -776.984982854098)(2000121    -1032.46270456006)(2000022    -455.555693285038)
3 0      - (2000201    -616.398822625455)(2000101    -654.596447648717)(1000000    -542.899057441601)(2000002    -59.9123745020204)(2000111    338.851264690078)(2000121    -663.27669538776)(2000211    -529.103383830802)(2000022    338.165393837871)(2000012    -510.833300042193)(2000221    -821.171969408472)
1 3      - (2000201    -561.057220861153)(1000000    -544.362411946633)(2000101    -662.35934387265)(2000002    -76.3786158450294)(2000111    382.090905645774)(2000211    -499.013884085578)(2000022    234.124991768888)(2000012    -124.481170728667)(2000121    -941.793178500287)(2000221    -646.203112096723)
3 1      - (2000101    -628.605302493201)(2000012    -462.426627066063)(2000002    -103.956313532154)(2000201    -678.230944189146)(1000000    -467.078265251218)(2000121    -1141.60167415396)(2000211    -541.841226449504)(2000111    376.018404891309)(2000022    259.569957536396)(2000221    -967.93202605695)
0 2      - (2000201    -591.031827397091)(2000211    -369.626110809509)(2000111    -515.644400638244)(1000000    -277.405559923006)(2000101    -515.031942820004)(2000002    -5.67840921353685)(2000012    -439.808757789332)(2000121    -837.915064225208)(2000022    196.228253310932)(2000221    -565.199717861648)
1 2      - (2000101    -639.926339015366)(2000211    -542.892052479843)(1000000    -534.045171695781)(2000201    -652.028016010508)(2000002    115.720693042395)(2000121    -660.4058129182)(2000221    -1059.13654384311)(2000111    380.274954215737)(2000012    -329.827514042591)(2000022    709.557706510453)
2 4      - (1000000    -402.167948560979)(2000012    -455.007024584958)(2000121    -717.771142583463)(2000022    488.653332426719)(2000002    -616.007349193319)(2000101    -604.423757849707)(2000201    -632.728671094109)(2000221    -826.399450364055)(2000111    389.286608498512)(2000211    -448.308656198378)
5 3      - (2000101    -683.877500624139)(2000012    -642.199872768674)(2000022    342.697134458548)(2000221    -821.480401423512)(2000211    -620.903565933182)(2000111    -1303.74748949399)(1000000    -582.005892197867)(2000201    -578.380160295454)(2000002    -695.82470130409)(2000121    -906.083921740117)
4 3      - (2000111    -953.048765642028)(2000201    -669.001027546275)(2000012    -597.833207083739)(2000221    -905.855968923609)(1000000    -662.755237915496)(2000101    -665.754235382467)(2000211    -590.4902104575)(2000121    -485.099416745796)(2000002    -685.867970492371)(2000022    248.341853302961)
2 3      - (1000000    -555.024701400011)(2000121    -737.419541501861)(2000022    612.352794787387)(2000111    391.328113559584)(2000211    -203.875394548169)(2000101    -661.298745549596)(2000221    -786.853883990215)(2000002    -541.910967816506)(2000012    -221.570100813745)(2000201    -564.942581692886)
5 1      - (1000000    -496.005470952281)(2000121    -1722.94693496215)(2000012    -582.15023105751)(2000002    -634.611920426556)(2000211    -1299.32781772246)(2000111    332.010079053245)(2000101    -467.714097677281)(2000201    -628.298243223624)(2000221    -1191.70155487521)(2000022    -1)
3 2      - (1000000    -577.696584874603)(2000201    -637.200698833762)(2000022    434.540007444356)(2000012    -322.499738214509)(2000111    383.908630258055)(2000101    -570.575143513645)(2000211    -463.741812568357)(2000002    -619.724214592999)(2000121    -718.702963630383)(2000221    -432.494844030051)
2 1      - (2000111    237.843209992175)(2000101    -651.063899299102)(1000000    -343.239628508234)(2000002    149.358453054142)(2000121    -1040.47290819098)(2000012    -265.650126070077)(2000201    -651.598490250134)(2000022    26.8579135998764)(2000211    -686.244121515935)(2000221    -803.115777820552)
5 4      - (2000211    -583.198929312306)(2000201    -678.506305584986)(1000000    -533.670608696792)(2000101    -524.567893972484)(2000012    -603.258283390127)(2000002    -525.226469068424)(2000111    -591.802340555193)(2000221    -1122.31755400489)(2000121    -847.936241924532)(2000022    225.981883124253)
1 0      - (1000000    14.4089483699617)(2000002    29.8077116624432)(2000201    -597.964675220224)(2000211    -907.513716222316)(2000101    -519.09472065535)(2000111    -582.763078147289)(2000012    -287.94822982538)(2000022    332.994368889029)(2000221    -584.404100258931)(2000121    -861.834581586341)
3 6      - (2000002    -630.601106080257)(2000022    18.8044114462614)(2000101    -833.023635003339)(1000000    -563.677709482185)(2000201    -653.464120514544)(2000211    -958.882297938594)(2000012    -428.101572081383)(2000111    -430.057691056158)
1 1      - (2000002    72.2863595664811)(2000211    -818.409501192047)(1000000    -599.575963569272)(2000012    -310.423963344045)(2000201    -644.099477897892)(2000101    -616.654484839673)(2000111    -452.21558342532)(2000221    -435.921149029703)(2000121    -840.344832707842)(2000022    542.63945972684)
2 6      - (2000101    -423.143460963827)(1000000    -262.471497302204)(2000022    131.050640522833)(2000201    -605.716060927547)(2000002    -637.276170501791)(2000121    -807.354998418311)(2000012    -392.400571087715)(2000221    -879.744661936912)(2000211    -637.076497690819)(2000111    329.988636702366)
3 4      - (2000002    -639.006550227047)(2000101    -648.328377745978)(1000000    -635.660062893785)(2000201    -638.639211277759)(2000211    -600.082433900961)(2000221    -807.485595706981)(2000022    84.5305661480088)(2000012    213.840457379391)(2000121    -554.070002618197)(2000111    339.246741351586)
4 5      - (2000002    -372.903561511304)(2000111    251.535757382775)(1000000    -472.118983454974)(2000201    -647.815001618791)(2000101    -657.608445131621)(2000211    -899.67347359448)(2000221    -689.350837730112)(2000121    -1316.41600558484)(2000022    -181.922578658558)(2000012    -101.291758823229)
0 1      - (2000002    -25.840241077807)(2000201    -586.062506949932)(2000211    -1097.73162390142)(2000012    -327.795811125212)(1000000    -75.8854920427982)(2000101    -620.276935728998)(2000221    -678.399179175454)(2000111    -466.797247673618)(2000121    -788.278004773568)(2000022    407.632375479795)
3 3      - (1000000    -624.762246465901)(2000121    -713.366309662686)(2000201    -678.940073134222)(2000101    -669.713668580309)(2000002    -661.241132590012)(2000012    -511.548672087379)(2000111    329.429728246731)(2000211    -558.819295096839)(2000221    -461.841935565764)(2000022    192.819282711173)
0 4      - (2000002    -637.639311067269)(1000000    -632.077611563136)(2000201    -693.762137732627)(2000101    -635.375222284278)(2000121    -908.409818930237)(2000221    -1024.04695822961)(2000012    -692.6541293123)(2000211    -1008.86572938132)(2000111    -988.069946952652)
5 0      - (2000012    -422.79752409038)(1000000    -606.913691175579)(2000201    -630.729768773919)(2000111    360.147437567477)(2000121    -960.755380062202)(2000002    -617.408361265311)(2000211    -862.291658540792)(2000101    -432.822794695578)(2000221    -830.864434249469)(2000022    35.0139941694329)
1 5      - (1000000    -649.209360526877)(2000201    -665.989922093302)(2000002    -656.256020240325)(2000101    -648.238609548305)(2000221    -909.531147897296)(2000022    254.167312451161)(2000121    -698.07254387391)(2000111    339.295894489046)(2000211    -547.210003680802)(2000012    -303.491675873453)
4 4      - (1000000    -660.698584687415)(2000012    -488.704129029194)(2000201    -650.548811239913)(2000002    -651.98870076703)(2000101    -651.292321812082)(2000221    -642.656017626687)(2000121    -422.266488137309)(2000111    357.248453513296)(2000022    126.687458211046)(2000211    -414.077183210648)
5 6      - (2000101    -942.038631443003)(2000012    -226.463579741717)(2000002    58.5027359806667)(1000000    80.0654273618475)(2000201    -818.67714682158)
0 5      - (2000211    -380.239052493228)(2000012    -459.252221675962)(1000000    -527.346655737978)(2000221    -785.378202288822)(2000111    357.795440554252)(2000121    -612.973106800062)(2000101    -664.500028987594)(2000201    -660.409296440667)(2000002    -650.601630988643)(2000022    77.2698461708615)
4 0      - (1000000    -556.514031480887)(2000121    -1124.2741570881)(2000201    -616.701448320797)(2000211    -568.565547413862)(2000002    -589.417220496058)(2000101    -621.477181518321)(2000111    439.718188072496)(2000221    -659.195899545416)(2000022    533.236025641457)(2000012    -174.39957678517)
5 5      - (2000121    -1240.80116875484)(2000221    -696.836241774042)(2000111    390.183415083513)(2000012    -246.402118684567)(2000022    364.858724454988)(2000101    -774.351761560427)(1000000    -669.399066565525)(2000201    -1040.11983618297)(2000002    -556.303919705527)(2000211    -500)
5 2      - (2000211    -849.206378951652)(2000121    -1132.82411741391)(2000101    -682.19326462395)(2000002    -674.089233730801)(1000000    -685.320606561252)(2000111    -1326.08859185811)(2000012    -636.416757852924)(2000201    -686.548585746189)
3 5      - (1000000    -643.719086002188)(2000221    -706.770944147367)(2000002    -644.379399290988)(2000111    384.741117735029)(2000121    -741.026826624333)(2000101    -643.818319518437)(2000012    -473.518009725502)(2000201    -643.632018572405)(2000211    -5.40258939728801)(2000022    448.478280973734)
6 3      - (2000012    -350.133114365411)(2000211    -768.342306325599)(1000000    -447.186758479023)(2000101    -667.545521100405)(2000002    -588.729806059688)(2000221    -557.12872394759)(2000201    -595.358124594651)(2000022    67.1624411957211)(2000121    -426.014232293982)(2000111    -145.866174563535)
6 5      - (1000000    -793.915586011721)(2000002    -949.176340717125)(2000221    -826.838961036752)(2000201    -120.407432122984)(2000111    378.431529068773)
6 0      - (2000012    -851.662527843282)(2000201    -762.724579433474)(2000101    -868.8787186973)(1000000    -633.533576735747)(2000221    -1125)(2000002    -701.284968375556)(2000111    -1235.16585206732)(2000211    -677.660725496454)
2 5      - (2000101    -650.064432237779)(2000111    353.903647285658)(1000000    -630.091054094004)(2000002    -657.78349665896)(2000201    -676.421931700607)(2000211    -525.390968898826)(2000221    -707.9005758283)(2000022    208.05214444756)(2000012    -551.127441493305)(2000121    -693.047714771382)
0 6      - (2000012    -553.428256875137)(1000000    -613.909464749868)(2000211    -515.307368783804)(2000002    -655.457078674834)(2000101    -616.776668675235)(2000121    -1059.55955522213)(2000221    -744.446682675971)(2000201    -652.172484646039)(2000022    225.476778809397)(2000111    -643.410564673672)
6 8      - (1000000    -1183.41803271015)(2000201    -1336.72598017787)(2000121    -937.71875)
4 6      - (2000101    -774.825919605589)(2000201    -894.345977373105)(2000002    -310.10123673386)(1000000    -230.938992640901)(2000012    227.5702622279)(2000211    -192.897284002046)(2000111    -174.638610641939)(2000121    -265.626128740444)
6 4      - (2000111    -237.76481852)(1000000    -501.147700544676)(2000201    -917.095440969587)(2000012    322.959796126637)(2000221    -1158.90054262334)(2000211    -932.563111052403)(2000101    -697.677605828178)(2000002    323.001097794216)(2000121    -414.580854623764)
8 1      - (2000111    -770.601073664984)(2000221    -520.601073664984)
7 0      - (2000101    -1469.28606981978)(1000000    -533.011701057913)(2000111    -216.149065782706)(2000022    283.350934217294)
6 2      - (2000101    -640.945396978915)(2000002    -669.905632184927)(1000000    -627.507714816134)(2000201    -662.922870774024)(2000012    -386.86500214013)(2000111    330.702222015762)(2000211    -673.086325889007)(2000221    -449.691077792986)(2000121    -401.019917306982)(2000022    -0.5)
7 3      - (2000211    -875.4375)(2000201    -504.925753159622)
1 6      - (2000201    -659.56066658075)(2000002    -681.168960874371)(2000101    -734.888589058886)(1000000    -683.258402306107)(2000121    -1356.20854302394)(2000012    -568.486048933788)(2000211    -601.720975133123)
2 7      - (1000000    -66.4618579621831)(2000022    239.187262751704)(2000111    -0.85003720048665)(2000002    -359.588768127089)
6 1      - (2000111    -783.594727921492)(2000121    -1523.81002077104)(1000000    -454.554962242963)(2000211    -1078.78870325043)(2000201    -711.206640644448)(2000101    -460.231841709135)(2000012    -627.098514367512)(2000221    -1320.51082656207)(2000002    -622.558950834912)
1 4      - (2000121    -1042.16318153242)(2000002    -537.339017381556)(1000000    -529.873573490959)(2000101    -648.424838562889)(2000211    -332.774889258819)(2000221    -841.062734530318)(2000201    -644.259738004866)(2000012    -282.764498781173)(2000111    342.24026383652)(2000022    448.89646421564)
5 8      - (1000000    -40.9890854716207)
0 7      - (2000221    -964.735317808118)(2000101    -496.562105640088)(2000022    -0.5)(1000000    -335.416567870881)(2000002    164.231432129119)(2000201    -335.416567870881)
1 9      - (2000002    -41.7390854716207)
3 8      - (2000012    13.6770153275039)
0 8      - (1000000    -37.6718050407622)
8 4      - (2000101    -851.438331619868)(1000000    -703.590589070554)(2000201    -730.861487978375)
4 7      - (1000000    -509.7413000484)(2000002    -689.220064479513)(2000101    -500)(2000111    -766.547670524697)(2000211    -712.227336443846)(2000012    193.548994588347)(2000201    -269.461994739567)
7 6      - (2000012    -346.065972584428)(2000211    -831.337854905655)
5 7      - (2000201    -663.215560077022)(2000121    -500)(2000111    -519.02619388313)
7 1      - (2000221    -441.671778724581)(2000101    14.2426371023307)(1000000    514.535214462443)(2000022    299.243823738026)(2000012    159.772374565491)
9 1      - (2000101    -730.313121274218)(2000221    -723.841730623942)(2000111    -480.404023532536)
0 12      - (2000111    -350.713148621816)(1000000    -267.092467519534)(2000012    451.128556394224)(2000101    -327.396893650449)(2000002    -316.352187080322)(2000211    155.143333173276)(2000221    -966.915799804089)(2000201    -538.512885381539)(2000121    -695.00123520869)(2000022    88.5162964944885)
2 12      - (2000111    -400.808354003115)(2000201    272.468563863038)(2000022    146.001817451113)(2000002    160.631099947873)(2000211    -570.68801531676)(2000101    -12.0650940043553)(1000000    666.647975254164)(2000012    702.261028618071)(2000221    -751.473883022253)(2000121    -747.024716503416)
14 0      - (2000022    270.683814192633)(2000101    -235.973364853956)(2000211    -473.052790848273)(1000000    -240.566799959981)(2000201    -1077.42383916959)(2000002    -47.993719939779)(2000111    -327.688835648453)(2000012    446.362630278419)(2000121    -653.4579870498)
14 2      - (1000000    -568.505737811025)(2000002    155.400891636496)(2000111    -967.610896936927)(2000101    -599.902466273955)(2000201    -594.698061586011)(2000121    -874.085583908075)(2000012    74.0800599521088)(2000221    -733.954449008169)(2000022    27.5447263522177)(2000211    -424.489790123883)
1 16      - (2000022    -194.842301440961)(1000000    -473.965310536685)(2000002    -235.519580173284)(2000111    -312.155369756681)(2000101    -516.734132766346)(2000211    -720.444152554553)(2000121    -955.715639438932)(2000201    -553.754518480451)(2000012    537.671868976065)(2000221    -626.058134882024)
2 15      - (1000000    325.997782134344)(2000221    -849.134508682352)(2000201    -32.3192767506991)(2000211    -838.178521571382)(2000022    695.392056139181)(2000012    300.981892793195)(2000101    -664.383452225748)(2000002    -387.451939439869)(2000121    -826.203782473665)(2000111    -649.120815199209)
1 14      - (2000121    -849.943032568102)(2000201    -183.749847907532)(2000211    246.118775332512)(2000012    805.993510535561)(1000000    79.7516149266407)(2000002    -171.226551291229)(2000221    -730.430278379827)(2000022    424.543932524221)(2000101    -340.018942455438)(2000111    -708.340886808628)
3 16      - (2000022    3.63420784142383)(1000000    -836.891058540916)(2000211    -309.679751470463)(2000111    -706.4510510703)(2000012    557.067090913952)(2000121    -636.509291923902)(2000101    -848.23821649035)(2000201    -700.717450733732)(2000002    -496.998464009037)(2000221    -829.129404062178)
14 3      - (2000211    -111.479537975557)(2000111    -515.030551577702)(2000121    -984.096029131973)(2000221    -900.786369509619)(2000002    -140.980113080423)(2000022    385.369659677153)(1000000    33.3325267103285)(2000101    -459.103640396648)(2000201    -605.61296905292)(2000012    326.271272100308)
14 1      - (2000201    -1124.69692411643)(2000002    -388.422026091296)(1000000    -43.8017817896965)(2000111    -593.236749885706)(2000101    -867.031259615358)(2000121    -1015.5422942211)(2000012    313.562832399316)(2000221    -519.124008841542)
16 2      - (2000012    324.396352787269)(1000000    328.874677680475)(2000111    -955.543225394342)(2000022    -85.6270535788381)(2000101    -734.371953132869)(2000002    -133.318784137846)(2000201    -643.113816310998)(2000121    -515.09095006442)(2000221    -295.636396158312)(2000211    -290.707560737569)
2 13      - (2000221    -711.686707099296)(2000022    255.582059491442)(2000101    -264.019699440075)(2000211    -261.789139026451)(1000000    150.30285887699)(2000012    236.366206926106)(2000111    -63.8962864889192)(2000201    -726.204854668018)(2000002    -390.065572645002)(2000121    -824.650166103096)
1 17      - (2000221    -778.206613236493)(2000121    -1016.51641539056)(2000022    -106.090419333326)(2000111    -785.234600937982)(2000101    -425.458856182182)(2000201    -705.048919872398)(1000000    -597.796295255756)(2000012    26.5669154293602)(2000002    85.2934436909342)
1 12      - (2000111    127.463453873338)(1000000    -381.841739109033)(2000101    -145.69458202907)(2000201    -230.243368013734)(2000211    204.356230345281)(2000012    537.197885475105)(2000121    -819.138471110502)(2000022    512.078789975685)(2000221    -742.504246721126)(2000002    -603.295664624874)
1 15      - (2000121    -632.657233878921)(2000211    -786.319833162475)(2000101    -207.568415526847)(2000111    -342.643797389599)(1000000    -247.45702842227)(2000002    -7.39802262533101)(2000012    230.44738591471)(2000221    -588.26819728942)(2000022    -32.3148463315592)(2000201    -484.246423953863)
19 2      - (2000221    -1392.30557367963)(2000002    437.812875229887)(1000000    -539.865507504418)(2000101    -479.40405940789)(2000201    -671.924084246956)
12 0      - (2000201    80.1348283210129)(1000000    138.289669154776)(2000221    -855.363409272235)(2000121    -923.64283342253)(2000101    -266.93389273023)(2000111    -836.667512512841)(2000211    -877.256281423477)(2000022    -74.5129541320662)(2000002    163.047195817943)(2000012    646.730334425186)
3 12      - (2000002    -35.3398921718087)(2000111    201.166095570949)(2000221    -970.424015648528)(1000000    525.133072038676)(2000201    -647.372660870768)(2000121    -800.98466037852)(2000012    370.658736109727)(2000211    -185.69956356459)(2000101    44.0110170259424)(2000022    389.398828801435)
3 14      - (2000022    383.316043355274)(2000002    -776.277288987019)(2000211    -146.606910581752)(2000221    -801.07298243287)(2000111    -350.215539942368)(1000000    -104.993716514009)(2000012    678.571892967234)(2000201    -58.0250595228066)(2000101    -830.768152104257)(2000121    -719.795400101512)
2 16      - (2000012    65.0757862495078)(2000022    630.14511740017)(2000101    -133.071625659422)(1000000    505.537907002081)(2000221    -1072.40606648468)(2000201    -414.090612449932)(2000002    -22.9483410267289)(2000211    -922.559400245194)(2000111    -355.222001763564)
1 18      - (2000101    -342.05208449162)(2000221    -1237.92454828156)(2000121    -1167.84237370266)(2000022    -682.567517319875)(2000012    -724.6902278708)(1000000    -645.359549584793)(2000002    -31.4314032996732)(2000201    -708.948775194372)(2000111    566.792896953779)(2000211    -115.353369369403)
3 13      - (2000211    -150.88758341235)(1000000    -148.815046358803)(2000201    251.712950131311)(2000101    -573.730016080321)(2000221    -547.361331082708)(2000121    -554.642321127977)(2000022    541.091984643754)(2000111    23.8956452286981)(2000002    -672.458977662514)(2000012    511.982047661753)
3 18      - (2000012    -1070.52540006384)(2000201    -685.328135982353)(2000211    -734.205406051163)(1000000    -324.853849910607)(2000002    597.794527301139)(2000111    346.345019491468)(2000101    -686.092602921199)
13 3      - (2000121    -760.118964380051)(2000012    502.6864119808)(2000002    -331.984045622535)(2000211    386.037261205367)(1000000    492.089601390586)(2000022    24.4876562741291)(2000221    -674.083448751668)(2000201    -498.955687222877)(2000101    -424.418443354005)(2000111    340.704546173851)
0 17      - (2000201    -736.124304804799)(2000211    -1138.91092710656)(2000101    -118.804731168421)(2000111    -253.924398422736)(2000221    -922.676404761351)(2000022    591.060189570838)(1000000    -719.996725688528)(2000002    -676.723071519791)(2000012    -690.761967140047)
1 13      - (2000201    -339.156503817904)(1000000    371.244597366384)(2000101    -11.514809093148)(2000111    -580.103712450426)(2000211    -219.688500576616)(2000121    -777.677316156947)(2000012    666.417960590974)(2000002    -77.0141450911524)(2000221    -632.028883394478)(2000022    134.857923919263)
0 16      - (2000012    345.599982898386)(2000211    -713.415789345062)(2000121    -905.95458947298)(2000201    -434.702514750627)(2000111    -144.32327498566)(2000101    -583.304406879989)(2000002    428.486421215821)(1000000    -338.828107275345)(2000022    171.267924676988)(2000221    -441.322010791699)
0 19      - (2000111    273.57933820847)(2000221    -744.763619365163)(1000000    -330.495527726431)(2000201    -658.274776691515)(2000101    -575.647327083612)(2000002    214.371705665554)(2000012    -785.563434274193)(2000211    -441.048317537454)
2 17      - (2000201    -701.793340551102)(2000211    -755.702906955002)(2000022    -349.584670099367)(1000000    -1.47084919063775)(2000121    -1155.4414141051)(2000002    374.501675292261)(2000012    -411.787579462197)(2000111    -781.145303366985)(2000101    -624.696311298743)(2000221    -1062.06424636139)
15 3      - (2000002    -206.294422852354)(2000211    -833.886355192852)(2000201    -732.056282243479)(1000000    -189.163461267647)(2000101    -693.158150955609)(2000121    -781.221084369478)(2000022    167.902141456463)(2000012    496.052149682084)(2000221    -353.147211426177)
15 1      - (2000211    120.113974965017)(2000121    -933.634344067542)(2000101    -871.089773764076)(2000002    180.29447409608)(1000000    -134.977782029969)(2000201    -595.332221037374)(2000012    457.590569082619)(2000022    314.131961415653)(2000111    -420.530698271844)
12 2      - (2000111    -290.14580455124)(2000101    -1007.95119869083)(2000012    586.631123280074)(1000000    429.658291832493)(2000201    -549.970633550531)(2000002    -82.6615284007923)(2000121    -794.506691474882)(2000221    -688.818999910982)(2000022    101.523985004029)(2000211    -356.100204938279)
3 17      - (2000221    -1312.5)(1000000    -311.626333486039)(2000121    -1421.22689527994)(2000101    -594.095207025341)(2000211    -1185.2694653868)(2000201    -468.70316141093)(2000002    95.5910890871064)(2000012    -668.984322813815)(2000022    -1)(2000111    -250.275638348581)
1 19      - (2000211    -829.313839191313)(2000022    -12.0513256804039)(1000000    -432.21968162345)(2000111    -210.63606068661)(2000121    -500.25)(2000101    -545.198001787004)(2000201    -616.94543838662)(2000002    189.762014318733)(2000221    -885.751799360773)(2000012    -419.477006328547)
0 15      - (2000201    -728.735834859408)(2000002    -152.321515838943)(1000000    -85.709975053046)(2000101    -682.654519573599)(2000221    -611.879444039848)(2000022    -94.2533587664509)(2000012    476.447223833212)(2000211    -297.027260845236)(2000111    -738.262195084278)(2000121    -547.296109150079)
2 14      - (1000000    85.2466002411034)(2000101    -313.842362669135)(2000211    -31.623295599894)(2000221    -864.822863444147)(2000201    -482.106587617853)(2000022    587.094885436661)(2000012    411.944335319803)(2000121    -986.094365990265)(2000111    -434.167646802992)(2000002    -456.313674582541)
13 1      - (2000211    -555.442263322361)(1000000    -210.80147882715)(2000012    519.7308468673)(2000121    -909.200729229161)(2000111    -416.648725624002)(2000002    -441.707793909875)(2000221    -424.507572463504)(2000101    -467.825180130044)(2000201    38.6249160961195)
18 0      - (2000211    -1476.33263082703)(2000101    -1209.98412003577)(2000201    -513.168873319105)(1000000    -539.494078298295)(2000002    -721.986918487683)
0 11      - (2000002    -7.00907957677513)(2000101    -506.509079576775)
2 19      - (2000101    -573.505595544186)(2000201    -604.498773574121)(2000012    -887.275972769205)(2000221    -1098.75723427504)(1000000    -513.2900284189)(2000002    341.416272583862)(2000211    -652.29955385439)
0 14      - (1000000    489.795571288965)(2000201    -411.639775091183)(2000002    -109.556887526115)(2000121    -695.712413445447)(2000101    -364.922232432615)(2000211    -743.054165764552)(2000012    -252.128488685699)(2000022    316.346424234013)(2000111    -381.309821760027)(2000221    -707.146046170389)
17 1      - (2000002    760.795652525365)(2000012    -360.537100760489)(2000201    -695.503563080412)(2000101    -944.606112589824)(1000000    1021.03475847809)
0 13      - (2000211    124.422890366017)(2000101    -318.383740381882)(2000201    -169.372865397613)(2000111    -73.6493094205095)(2000012    430.167336588222)(1000000    248.061643634113)(2000002    196.314446029751)(2000221    -848.589907657299)(2000121    -703.356940858313)(2000022    346.772101729881)
16 0      - (1000000    -310.928223220138)(2000002    441.655965840318)(2000201    -561.377903294075)(2000012    -467.320893458683)(2000221    -773.039397521168)(2000101    -316.959325866903)
0 18      - (2000201    -645.506685390888)(2000221    -1028.28360948536)(2000121    -541.806452600793)(2000022    -44.878340863997)(1000000    -517.702661456702)(2000101    -606.475526787558)(2000002    380.44618329559)(2000012    -558.028171343477)
17 0      - (2000012    -587.39869931482)(2000101    -616.96581132107)(2000121    -628.529524942329)(2000002    -183.959211751844)(1000000    -289.498838301776)(2000201    -808.177010087496)(2000022    647.060644881384)
17 2      - (2000121    -1074.72286290071)(2000211    -1010.73189442607)(2000201    -404.985794075848)(1000000    -263.600614144926)(2000022    91.3130640908187)(2000002    -79.1232504812219)(2000101    -268.057807006713)(2000221    -582.364632718885)(2000111    190.252817581557)
3 19      - (2000111    311.405254298333)(2000211    -1285.17775017907)(2000121    -1246.35780405994)(2000002    -793.627767278914)(2000221    -1280.58593706775)(2000201    -520.170102997872)(1000000    -472.718524080607)(2000101    -590.947988264466)
18 2      - (2000101    -835.118831733002)(2000022    -195.713980278151)(1000000    -493.481611486605)(2000002    512.160992691826)(2000012    -576.355409728151)(2000201    -636.437676132333)
2 18      - (2000221    -1362.42421864152)(2000101    -998.109628259099)(2000201    -579.500424986471)(2000022    -373.875393721934)(2000121    -1120.77541442114)(2000002    -594.521551926614)(1000000    -924.154243283009)(2000012    -1013.26341619055)(2000211    -844.622840874336)(2000111    -255.173333786641)
3 15      - (2000101    -514.100318952943)(2000022    290.871393464199)(2000002    -461.167877477966)(2000111    -198.913062596853)(1000000    -176.639920498758)(2000201    -186.128729820128)(2000121    -619.897126326957)(2000211    -369.242669257601)(2000221    -590.511851094512)(2000012    638.227787131042)
12 1      - (2000201    -316.133588070874)(2000002    -1400.21208974052)(2000121    -1641.65246849094)(2000111    -547.32791338455)(2000221    -961.945286813903)(2000012    554.405137837125)(1000000    177.072628876015)(2000101    -384.673155565188)(2000022    199.379822772461)(2000211    -434.528962945373)
17 3      - (2000221    -1031.98538758218)(2000101    -730.112091665247)(2000012    -1044.46752951303)(1000000    -406.576478576836)(2000002    -754.353807350841)(2000201    -761.507270454212)(2000211    -865.056045832623)(2000121    -249.962313954152)
19 3      - (2000101    -580.866847186382)(2000022    -92.1113684779623)(2000002    -367.296399874715)(1000000    -443.88181395776)(2000201    -648.051433787823)(2000211    -865.219243219987)
18 3      - (2000221    -1190.99679018755)(2000211    -780.527656441768)(2000201    -681.125815963172)(1000000    114.687050850431)(2000101    256.99758844002)(2000002    -612.915491009837)(2000012    -235.187741633098)
5 15      - (1000000    -584.39654797751)
13 2      - (2000201    137.336506016642)(2000002    -675.558340594364)(2000111    -631.598365136055)(2000221    -878.073698446245)(1000000    588.032576266176)(2000101    -604.700433415343)(2000022    315.370792241748)(2000121    -372.457305957875)(2000211    -483.312860686617)(2000012    501.462188465937)
18 1      - (1000000    -308.605883808055)(2000002    -612.18600565364)(2000121    -1130.78131827428)(2000201    -418.240598773079)(2000101    -499.791229680939)(2000211    -500)
19 1      - (2000211    -759.612539228996)(2000002    -735.809271294139)(2000101    -902.679296438551)(1000000    -502.324792517477)(2000201    -710.821017022603)(2000012    -680.888140755182)
16 1      - (2000012    178.72208336552)(2000101    -783.076461810135)(1000000    -127.158537729494)(2000002    603.328944788554)(2000201    -511.275191122551)(2000121    -577.872049549239)
15 2      - (2000201    -870.974613273109)(2000101    -656.58182338698)(1000000    -99.2369943994791)(2000002    261.657225595042)(2000012    327.179166553809)(2000211    -509.488244517398)(2000111    -303.600598241167)
6 6      - (2000002    -1403.27858006645)(1000000    -1133.88075351147)(2000201    -1688.90021254066)(2000101    -1101.90781576644)(2000012    31.8904758121351)(2000211    -339.220853293644)
15 0      - (2000022    -217.92347376701)(2000201    -737.579591405763)(2000111    -437.812403543003)(2000012    489.546848001571)(2000002    -85.4204897322158)(2000121    -778.388364798697)(2000211    -534.078693676431)(1000000    -14.1786255046391)(2000101    -579.271122131808)
3 7      - (2000002    353.425873020152)(1000000    -1039.73023543286)(2000221    -725.108487331349)(2000201    -353.022426888991)
12 3      - (2000012    512.925438509444)(2000002    -62.1556250979006)(2000201    -522.093732366899)(2000111    -633.705013911788)(2000101    342.358841535843)(1000000    78.5844825364305)(2000211    -48.1058909234863)(2000121    -769.326694263516)(2000022    329.532565522032)
19 0      - (2000101    -747.29821659861)(2000201    -1035.77535632696)(2000002    -216.069462928215)(1000000    -1057.52278110609)(2000111    549.521874426981)(2000012    -430.264691862896)
13 0      - (1000000    248.384630758039)(2000022    -502.467648349048)(2000002    -368.559248972212)(2000111    -425.227121950649)(2000012    603.885147121367)(2000121    -636.099821976907)(2000211    -587.668489004294)(2000201    -682.293612716073)(2000101    -272.49183327963)
16 3      - (2000201    -689.012560688323)(2000101    -445.851592832754)(1000000    -431.400365507408)(2000002    -332.190085501772)(2000221    -473.117888903872)
2 9      - (1000000    864.319430425051)
4 9      - (1000000    -59.521884325452)
8 7      - (2000201    -750)(2000211    -486.868592735542)(2000221    -486.868592735542)
6 7      - (1000000    -517.702488655003)
0 9      - (1000000    -625.617458461181)(2000101    -500)(2000022    -1)(2000111    -248.384024337267)(2000221    -605.719442478438)
5 11      - (1000000    -18.5952553343909)(2000012    -27.8928830015863)
1 7      - (2000002    23.6626003177581)(1000000    138.861692148985)(2000201    -1010.23358421106)(2000221    -603.8961151985)
0 10      - (2000002    -306.542974198849)(2000022    192.957025801151)(2000101    -306.542974198849)
8 2      - (2000101    -811.757186006001)(2000201    -811.757186006001)
7 2      - (2000221    -397.855342525923)(1000000    -433.66400667559)
7 4      - (1000000    -851.21604255782)(2000201    -834.028257054264)(2000101    -873.164485413087)(2000022    236.9471815008)(2000211    -374.128843614553)
8 3      - (2000201    -1030.19100346185)(2000002    -608.868737389852)(2000022    232.836589420883)(2000012    227.978037937588)(1000000    129.727872509101)
7 5      - (2000101    -1065.93767086108)(2000201    -812.142987322728)(2000002    -78.3387341534096)
1 8      - (2000101    -607.938095349676)(2000022    94.2079364335493)(1000000    -20.4900030395153)
3 9      - (2000022    172.172022763338)
2 10      - (2000101    -564.964844536987)
2 8      - (1000000    737.147137141265)
9 5      - (1000000    -212.311954600669)

