156
0 0      - (2000101    -637.71254592186)(1000000    -648.840490126648)(2000201    -1106.19093908003)(2000002    -1161.47683093828)(2000001    -798.660795206498)(2000111    -1326.6016564346)(2000211    -1311.58278242314)(2000012    -589.124327043802)(2000121    -1242.45451049138)(2000221    -1323.05921286475)
2 1      - (2000211    -857.73684170659)(2000001    -435.100830952185)(2000101    -602.757396843811)(2000201    -891.438851989946)(2000002    -436.074071592414)(2000012    -484.207639490096)(1000000    -700.682793032247)(2000111    -1176.72385567763)(2000221    -934.454452196324)(2000121    -1348.67034510346)
2 3      - (1000000    -713.481142944952)(2000111    -1073.89773410143)(2000101    -705.8443678954)(2000002    -778.878383621735)(2000211    -1215.50938767465)(2000121    -1167.7793501724)(2000001    -1086.90003985103)(2000201    -717.908045635152)(2000012    -562.85692678042)(2000221    -821.970309562278)
3 2      - (2000002    -947.955353645952)(2000201    -1333.15159525897)(2000101    -1036.91160460955)(1000000    -874.946899538772)(2000001    -511.246780357769)(2000111    -1329.49260084663)(2000012    -897.885953276171)(2000211    -962.909777733723)(2000121    -714.566150847158)
3 0      - (2000201    -943.565678800881)(1000000    -475.900983349395)(2000111    -985.093617705606)(2000002    -672.058864602642)(2000001    -547.096457971891)(2000211    -925.269358010068)(2000101    -745.136761135512)(2000012    -573.555606053761)(2000121    -846.885224550543)(2000221    -628.195604182773)
1 1      - (2000101    -279.511956728987)(1000000    -329.205812818177)(2000211    -1133.18083625693)(2000001    -507.002157231584)(2000201    -826.899335880878)(2000002    -507.769585861582)(2000012    -271.793599400396)(2000111    -1011.03267056494)(2000221    -483.170636967875)
1 0      - (2000101    -164.658309759266)(2000002    -618.612464021628)(2000111    -598.100222293987)(2000201    -643.97808887354)(1000000    -232.529363700463)(2000001    -625.958985748577)(2000211    -657.792400895831)(2000012    -633.409485162857)(2000121    -935.208487916165)(2000221    -639.902017918056)
3 3      - (2000001    -603.075166296943)(1000000    -760.229812145752)(2000201    -1157.72918350968)(2000002    -979.768654008185)(2000101    -1270.6099945855)(2000111    -1089.48601128657)(2000012    -747.755145150195)(2000211    -1268.17093975498)(2000221    -1032.19295879167)(2000121    -998.25360836348)
5 1      - (2000211    -1376.97248035249)(1000000    457.727773612777)(2000201    -435.092938149565)(2000101    13.819130154286)(2000012    110.419031969853)(2000002    -209.041977817288)(2000001    -289.13592466875)(2000111    -385.292839901181)(2000221    -443.044497108212)
3 1      - (2000002    -1056.78988888068)(2000101    -1022.47127722791)(2000201    -1108.55518902386)(2000001    -471.217532048769)(1000000    -837.818104298448)(2000012    -821.63612046839)(2000111    -1011.12323997433)(2000211    -1030.87277463785)
2 4      - (2000111    -1055.76742922235)(2000001    -405.376173129105)(1000000    -757.291332065575)(2000101    -663.331321964727)(2000002    -507.896398675021)(2000012    -513.369543646508)(2000201    -823.837791311297)(2000211    -1116.1801598718)
0 1      - (2000002    -962.38527401283)(1000000    -155.930468715602)(2000001    -596.367230491138)(2000101    -169.626318716402)(2000201    -877.165007271856)(2000012    63.429507484332)(2000211    -995.545619631677)(2000111    -1386.66216571496)(2000221    -991.653674734837)
2 0      - (2000002    -702.32618856402)(2000101    -397.491608376625)(2000001    -639.939264392847)(2000201    -550.664653115687)(1000000    -429.317779869992)(2000111    -729.113644980747)(2000012    -483.187874601476)(2000211    -374.098373157255)(2000221    -500)
1 3      - (2000012    -601.131765380324)(2000211    -946.089190713602)(2000002    -605.862255102453)(2000101    -773.120626357593)(2000201    -829.880892650012)(1000000    -607.122421624325)(2000111    -1092.01069141121)(2000001    -356.643304851505)
5 3      - (2000002    -123.007140604563)(2000001    -225.06225249276)(1000000    -166.277926892782)(2000211    -1362.50537096971)(2000121    -500)(2000201    -676.381361992773)(2000111    -1014.40379424179)(2000101    -414.4238171717)(2000012    -477.234686001597)
3 4      - (2000001    -507.844103523207)(2000002    -676.248322746268)(2000101    -515.722615212881)(2000201    -594.22653737365)(1000000    -516.697136163417)(2000211    -736.250929084316)(2000012    -490.748153853411)(2000111    -1052.14430768162)
0 2      - (2000111    -410.891705669144)(1000000    -292.739125404634)(2000101    -312.872759510924)(2000001    -674.803147368702)(2000201    -846.150314302158)(2000002    -866.854559710382)(2000211    -1099.52168832558)(2000012    -85.7012008396451)(2000121    -1078.37807328723)
0 3      - (2000201    -640.405021366596)(2000211    -1179.07522254884)(1000000    -378.851986803979)(2000101    -350.566845974921)(2000002    -422.368742308042)(2000001    -486.830074201524)(2000012    -517.600111077334)(2000121    -500)(2000111    -708.834943221299)
6 4      - (1000000    -446.16004930721)(2000101    -521.654110049361)(2000111    -1201.44890318807)(2000201    -320.714786310593)(2000001    -625.976829615741)(2000211    -1075.48320026647)(2000002    -787.458369145109)(2000012    -30.3288559665618)
4 0      - (2000201    -794.97759831396)(2000002    -414.374957661044)(2000101    -504.130251392476)(2000001    -378.279255884734)(2000111    -976.486441452324)(2000012    -302.316658218588)(1000000    -319.97084591343)(2000121    -685.43009962715)(2000211    -634.42103132558)
2 2      - (2000101    -1291.21969829397)(1000000    -1160.10810816312)(2000002    -1189.93504165054)(2000001    -551.709466645444)(2000201    -1283.53556025428)(2000111    -1204.87987731901)(2000211    -1219.40882478719)(2000012    -1162.55880521462)(2000121    -1000)(2000221    -850)
3 5      - (2000201    -810.155303479415)(1000000    -445.330799056692)(2000002    -696.476220496453)(2000001    -459.000256573598)(2000101    -592.616220189359)(2000211    -1201.6957708047)(2000111    -1674.26882709485)(2000012    -570.477722002185)
1 2      - (2000101    -66.3770918398892)(2000001    -402.4726738436)(2000201    -337.554515418307)(2000002    -317.536996014539)(1000000    -38.1696638381352)(2000211    -1109.13577556568)(2000111    -1197.23865865132)(2000012    -673.160120731272)(2000121    -500)
5 0      - (2000111    -917.357997257664)(2000002    -60.8846257398403)(2000201    -469.650968150133)(1000000    131.224441837289)(2000012    -736.348019274488)(2000001    -327.606635984953)(2000101    -416.97086933133)(2000211    -817.588115825972)
7 2      - (2000012    -575.097304981558)(2000001    -488.151282172829)(1000000    -961.330048671188)(2000201    -945.830686016521)(2000101    -155.409674672568)(2000002    -423.230409009775)
2 5      - (1000000    -232.546759392084)(2000001    -828.03740979955)(2000101    -186.353807769633)(2000201    -202.589475854035)(2000002    -753.243024117391)(2000111    -618.570152319029)(2000012    111.556699844982)
5 5      - (2000201    -289.192219530625)(2000101    -273.087795191206)(1000000    66.2495366682356)(2000002    -383.777535927664)(2000211    -870.285023523643)(2000111    -972.477677470591)(2000012    139.811365698147)(2000001    -1075.56511103519)
0 5      - (2000201    -623.25169395717)(1000000    -1070.57651978443)(2000002    -819.615034358962)(2000101    -556.452851719093)(2000211    -1008.08617627174)(2000001    -947.653906608037)(2000111    -1110.53431515027)(2000012    -876.477510971562)(2000121    -888.75189975137)
4 4      - (2000101    -663.507463845191)(1000000    -526.650357929655)(2000111    -1042.05368913823)(2000001    -454.363560532998)(2000201    -832.960906339049)(2000002    -464.749982021485)(2000211    -934.369239212476)(2000012    -380.895971193156)
4 2      - (2000002    -886.447092258868)(2000201    -887.401608410425)(2000101    -1089.23232522384)(1000000    -873.455970397498)(2000012    -851.776839170249)(2000001    -414.238056328948)(2000111    -998.943621670427)(2000211    -1080.26076975557)(2000121    -300)
4 5      - (2000201    -665.618088068927)(1000000    149.169394318426)(2000001    -257.296813853985)(2000211    -1125.14244515967)(2000002    -726.040714014592)(2000101    36.7921081868695)(2000012    -1.5)
1 6      - (2000111    -963.818926758961)(2000012    -23.6921367112667)(1000000    -458.638182184752)(2000101    -677.663892380072)(2000002    -552.327516099477)(2000201    -657.562241921595)(2000211    -329.699957914828)(2000001    -899.737227116958)
5 2      - (2000201    -336.230200052065)(2000002    -59.3439783478412)(2000111    -1066.9489129771)(2000211    -989.60757662867)(1000000    94.6780756525273)(2000101    -631.036606726115)(2000012    368.538300381273)(2000001    -784.676912235629)
5 4      - (2000002    -804.025167393837)(2000001    -473.130930488657)(2000101    -321.056643455476)(2000211    -1316.27707276134)(2000111    -1127.17061179876)(2000201    -662.320007577825)(1000000    -225.01797082793)(2000221    -500)(2000012    -95.7251926130854)
7 4      - (1000000    -969.348257584395)(2000101    -1087.28224547974)(2000001    -515.963967793807)
4 1      - (2000012    -346.10476680716)(2000002    -784.14125449932)(2000201    -895.55122148124)(1000000    -608.099825422485)(2000001    -720.115552185355)(2000211    -1037.60996594245)(2000101    -731.883891595819)(2000111    -1035.20888249676)
1 5      - (2000201    -362.544641183994)(2000002    -222.083682744677)(2000101    -156.840583521869)(1000000    -136.695898576853)(2000001    -185.390047926341)(2000111    -1734.96735843596)(2000012    -229.781551893277)(2000211    -945.10487552551)(2000221    -500.10096076486)
0 4      - (2000002    -739.660192533074)(2000001    -730.019832413299)(2000201    -774.559168079822)(2000111    -506.605183473172)(1000000    -352.135830301298)(2000101    -353.507299781277)(2000211    -1314.00995271314)(2000012    -240.38837834546)
4 3      - (2000101    -899.176556343215)(1000000    -656.74432968136)(2000001    -721.342959742259)(2000002    -687.560708754819)(2000111    -1057.3503626528)(2000201    -651.208254802894)(2000211    -1261.66004200904)(2000012    -424.258404380514)(2000121    -550)(2000221    -550)
6 0      - (2000001    -162.600073590065)(1000000    550.00882484764)(2000101    -497.223460811941)(2000002    -222.066106236077)(2000111    -1026.35785214988)(2000012    -40.4875456445787)(2000201    -930.493059048887)(2000211    -382.12011881223)
7 3      - (2000201    -591.30631265519)(2000101    232.925193556621)(1000000    -495.603402173697)(2000002    -590.757570943021)
0 7      - (2000101    -522.410833990446)(2000001    -215.918272651669)(2000002    -713.589117173601)(2000201    -319.558338385948)(2000111    -714.877952061854)(1000000    541.24045646355)
4 6      - (2000211    -1328.45616509735)(2000201    -726.729559648873)(2000002    -397.378534626049)(1000000    -320.543657142287)(2000101    -849.520849000448)(2000012    -258.455528966007)(2000001    -568.16347801598)(2000111    -298.36625341826)
1 4      - (2000201    -509.181013035733)(1000000    -93.5292987253957)(2000001    -483.996734406677)(2000101    -406.111812178245)(2000002    -582.654705800955)(2000012    -259.75933783301)(2000211    -1009.01422673859)(2000111    -1021.9788755425)(2000121    -500)
8 5      - (2000201    -301.1139504238)(1000000    86.3258611244927)(2000002    -589.513786823771)(2000211    -847.592480889813)(2000001    -693.429708093937)
5 6      - (2000201    -1229.43098173708)(2000002    -561.914220307614)(2000101    -542.056949919076)(2000211    -1090.53272862585)(2000111    -882.931650193824)(2000001    -847.490142099233)(1000000    -657.858243977082)(2000012    -415.314431100235)
6 2      - (1000000    -27.0189308830559)(2000211    -1375)(2000201    -711.360481348731)(2000001    -592.634648329123)(2000012    -891.695636403843)(2000002    -253.65134073661)(2000111    -1311.5968845685)(2000101    -497.032171732696)
2 6      - (2000201    -354.20449252446)(2000101    -138.115383449146)(2000002    -459.97756588717)(1000000    -100.839134522416)(2000211    -731.16742687364)(2000111    -989.837888163001)(2000012    -171.096118091775)(2000001    -523.827305627746)
4 7      - (2000001    -474.464438340347)(2000101    -255.149611314679)(1000000    -919.314189036465)(2000201    -1079.35595562812)(2000002    -270.872822322944)
1 8      - (2000111    -331.398783090835)(2000001    -1010.44646821099)(2000101    -208.695341795768)(2000002    -614.094578261712)
0 6      - (2000012    -532.668874353211)(2000001    -692.565150281469)(2000211    -995.644600219261)(2000002    -612.609779120548)(1000000    -603.697461051061)(2000201    -1158.14424166656)(2000111    -925.574597178067)(2000101    -514.328817931954)
6 1      - (2000101    -775.566087059515)(1000000    678.578555222193)(2000201    -896.295375811425)(2000002    -901.531072272412)(2000111    -934.889926277777)(2000012    -632.755329857412)(2000001    -534.590842610377)(2000121    -626.119242351771)(2000211    -802.17421418642)
8 1      - (2000111    -1352.87464721464)(2000211    -298.238850811116)(1000000    339.964686859215)
7 0      - (2000001    -967.673587831683)(1000000    -399.755517736402)(2000101    -769.058891235267)
7 7      - (2000211    -500)(1000000    305.687588408149)
7 1      - (1000000    569.057654651505)(2000201    -203.313285545086)(2000002    -80.6868514821107)(2000001    -850.430756170572)
6 6      - (2000001    -1025.04374250102)(2000012    -88.065682175227)(2000002    -455.756512573923)(1000000    -234.760721386335)(2000201    -742.191571589056)(2000101    73.6549711765277)
7 9      - (2000201    -1026.84099167803)
1 9      - (2000201    -903.217054459427)(2000002    -471.486308812766)
3 6      - (1000000    456.92352532742)(2000101    -779.970923394804)(2000002    -721.856314262221)(2000001    -813.609401502901)(2000211    -1420.07571237236)(2000111    -1371.23932148343)(2000201    -911.793826756074)(2000012    38.4309279810543)
6 5      - (2000201    -1175.45697067057)(2000002    -404.135909906366)(2000012    -179.782616252023)(2000101    -745.570058644112)(1000000    -657.591862947143)(2000001    -625.252083032552)(2000121    -287.957915912156)
7 6      - (2000002    -1041.13982542906)(2000201    -1135.3428335652)(2000012    94.9060713230623)
6 3      - (2000001    -721.996230968175)(1000000    243.527191153381)(2000101    -145.19652825982)(2000002    -953.494542611629)(2000201    -837.025475118245)(2000012    -65.4654759054708)(2000211    -656.69417483613)
8 0      - (2000211    -1068.54889540927)(1000000    698.836038386522)
6 7      - (2000211    -2000)(1000000    -1307.33021440764)(2000201    -493.977439553086)
9 5      - (2000211    -610.606956847336)(2000111    -1198.22359809135)
0 8      - (2000201    -2087.51767472407)(2000001    -328.688143485069)(1000000    535.214507015763)
4 8      - (1000000    -976.459047723944)
2 7      - (2000211    -598.255273658884)(1000000    -1213.10493272408)(2000002    -978.901005048207)(2000101    -1512.65760841925)(2000001    -140.138984334337)(2000201    -553.019602581501)
2 8      - (2000001    -525.470898076441)(2000111    -718.364911658093)(2000211    -1077.54736748714)(1000000    -769.417114664952)(2000101    -67.6179565525859)(2000002    -34.039534946082)(2000201    -215.37342858825)
1 7      - (2000101    -603.460176016026)(1000000    563.147915459015)
5 8      - (2000101    -434.48911276954)(1000000    -1156.97530753226)
9 1      - (2000101    -63.4263955693471)(1000000    57.8729630390264)
8 4      - (2000012    -282.398529445721)(1000000    -496.838127613574)(2000001    21.3810305901452)
8 6      - (2000101    -896.17383133472)
7 8      - (1000000    -671.408822845927)(2000201    -565.623648008543)
4 9      - (2000101    -311.549793512507)(2000002    -587.56438934525)(2000211    -826.120004356422)(2000201    -1101.68323002234)(1000000    -881.346584017875)
8 2      - (2000101    -291.733907303053)(1000000    -41.4639073030535)(2000201    -291.097240636387)
9 2      - (2000001    -51.8453578760676)
3 7      - (1000000    -709.781640371153)(2000211    -758.039390396318)(2000001    -821.454780109865)(2000002    95.9070120402617)(2000101    49.8779024948453)
3 11      - (2000211    -750.0782)(2000012    -160.522131573411)
6 8      - (2000101    -664.296827178215)
0 9      - (2000211    -660.522131573411)
12 2      - (1000000    -604.150883793524)(2000111    -927.636486445932)(2000211    -1015.34361399991)(2000001    -452.064672022336)(2000002    -853.052633996776)(2000101    -949.466003149822)(2000201    -828.365207825879)(2000012    -618.840748073076)(2000221    -300)
3 14      - (2000111    -1080.37261865034)(2000101    -1028.04398034842)(2000211    -915.517828387547)(2000201    -926.349236234455)(1000000    -606.021112441072)(2000002    -319.803993108221)(2000001    -274.309585537224)(2000221    -731.276076473139)(2000012    -283.678043428547)
2 12      - (2000211    -1302.24111379783)(2000101    -1245.97144764717)(2000121    -739.750723156637)(2000012    -1029.86673197795)(2000002    -1314.76178332351)(1000000    -1048.68471437143)(2000201    -1064.61465414934)(2000001    -625.734555204788)(2000111    -1183.32973083554)
3 12      - (2000012    -685.859602015009)(2000101    -769.838427329391)(1000000    -767.278539711815)(2000002    -710.435957969915)(2000201    -1106.84358979554)(2000111    -1240.54839216172)(2000001    -994.334722717174)(2000211    -1167.60160292716)(2000221    -694.293753903847)
12 3      - (1000000    -856.78046988167)(2000002    -1134.99164765371)(2000001    -501.121847774388)(2000111    -1146.16138790086)(2000012    -847.42995067814)(2000201    -1233.31607517096)(2000101    -1261.75486787119)(2000211    -1275.47597941801)
3 15      - (2000221    -659.833817219592)(2000012    -377.290113285359)(2000101    -390.133898866079)(1000000    -832.985140728163)(2000111    -833.509767060722)(2000201    -482.051006125726)(2000211    -839.12893579878)(2000001    -728.314864879248)(2000002    -1029.96148143403)
16 1      - (2000002    -803.86344823217)(2000211    -919.489759245709)(2000101    -301.768606283234)(1000000    -565.935973938289)(2000012    -69.4484907982628)(2000001    -578.357569714854)(2000201    -767.278060226042)(2000111    -68.5618398488311)
1 13      - (2000201    -1088.90207946746)(2000012    -859.63721440634)(2000001    -630.622942879082)(2000101    -1238.58410151628)(2000211    -1297.43959180054)(2000002    -1109.0473273387)(2000121    -664.06967290145)(1000000    -853.179192525533)(2000111    -1310.9609480377)
1 14      - (2000002    -417.663879590774)(2000211    -1043.01505450828)(2000111    -1076.89362497362)(2000201    -1060.41844467985)(2000012    -412.238564510789)(1000000    -570.570372844839)(2000101    -1229.42873304228)(2000121    -599.757432345694)(2000001    -529.56595929327)(2000221    -687.144168817273)
1 19      - (1000000    -1048.76691180993)(2000002    -1262.46699663954)(2000001    -1037.92803311913)(2000211    -937.444790029722)(2000111    -830.815862182127)(2000101    -445.693451085073)(2000201    -865.40782202076)(2000012    -354.905765211193)
17 2      - (2000211    -960.373790024778)(1000000    -786.719162221214)(2000101    -464.309602423981)(2000111    -1875)(2000001    -679.132680686859)(2000002    -1114.45830918091)(2000201    -869.140109633656)
3 18      - (2000111    -728.763555840586)(2000211    -951.771820544051)(2000002    -984.02593418028)(2000201    -624.441334075327)(2000101    -513.573966058021)(1000000    -624.578672000965)(2000001    -549.192318732094)
0 15      - (2000211    -1116.50509369738)(1000000    -385.765169558497)(2000111    -958.083373967396)(2000002    -628.780008052208)(2000201    -704.883927665361)(2000012    -384.207522988345)(2000101    -986.524869461298)(2000001    -5.24852190354783)(2000221    -591.748122284786)
0 12      - (2000201    -1182.60156876084)(2000002    -1049.96695805697)(2000101    -1075.83757933243)(2000001    -583.914407313595)(1000000    -1011.70573080368)(2000012    -980.295034387654)(2000111    -1143.1202818893)(2000211    -1266.95453737252)(2000221    -850)
3 19      - (2000012    -365.341849733724)(2000002    -823.76007954699)(2000201    -764.280085725771)(2000111    -597.796896905213)(2000001    -689.204414036494)(2000211    -847.793639932327)(1000000    -882.609330761957)(2000101    -466.713383736895)(2000221    -500)
3 9      - (2000002    -393.080977164883)(1000000    -790.624297601063)
13 3      - (2000211    -1151.31482212175)(2000201    -1276.64863940947)(2000101    -1045.62335986088)(2000001    -767.846079705911)(1000000    -929.925456937367)(2000111    -964.405025332353)(2000012    -419.618160760554)(2000002    -618.64683465647)
13 1      - (2000101    -888.34679200093)(2000001    -397.650672670207)(2000201    -803.856936421592)(1000000    -715.425015022391)(2000002    -708.135346308375)(2000211    -1139.16339884511)(2000221    -1029.45274688292)(2000111    -1101.29029386503)(2000012    -704.220615635589)(2000121    -644.650233053584)
2 16      - (1000000    -1093.53234861533)(2000002    -954.314465533047)(2000211    -894.399954160237)(2000012    -344.392994464712)(2000201    -857.093994827595)(2000101    -476.277762713651)(2000001    -843.229176881466)(2000111    -957.180598052872)(2000221    -757.21828877289)
0 13      - (1000000    -741.754040767858)(2000001    -954.693286849375)(2000211    -1104.0181411119)(2000201    -866.937749963482)(2000012    -642.859813501399)(2000002    -1071.14266223653)(2000101    -1267.85275869677)(2000111    -1200.47844192067)
3 13      - (2000001    -899.305879692181)(2000101    -1235.01053866378)(2000002    -585.861748363769)(2000012    -570.50124498441)(2000201    -1290.90510972603)(2000211    -1185.54016759496)(2000111    -1021.57649651986)(1000000    -579.872144814212)(2000121    -719.137897247577)
1 18      - (2000012    -450.79455095927)(1000000    -1157.77529365385)(2000101    -425.554151249855)(2000201    -682.721018417036)(2000002    -592.740745099001)(2000001    -747.480093089158)(2000211    -700.197227866653)
15 1      - (1000000    -619.699517157388)(2000012    -21.7285400617863)(2000101    -978.248123852421)(2000111    -600.311337940378)(2000002    -405.887672770269)(2000201    -700.988237297993)
2 15      - (2000001    -940.909516492091)(2000101    -729.334986665179)(2000002    -801.296556668769)(2000201    -817.718111858633)(2000012    20.0481636250167)(2000211    -731.062374139421)(1000000    -1059.71329497843)(2000111    -716.165256230508)(2000221    -467.580550278689)
16 2      - (2000221    -946.675751568152)(2000211    -737.417552721258)(1000000    -575.990805594447)(2000201    -463.895925463188)(2000111    -767.556107339983)(2000012    237.46459052122)(2000001    -605.304997115654)(2000101    -332.220618627485)(2000002    -575.033116987797)
3 16      - (2000101    -513.555363416927)(2000001    -568.133780259691)(1000000    -872.586930124791)(2000012    -168.656433280863)(2000002    -880.229862577812)(2000111    -355.656742476715)(2000201    -740.527880257232)(2000211    -882.909229997889)
2 14      - (2000001    -699.405190435156)(2000012    -598.43950392876)(1000000    -647.396927266176)(2000211    -834.282704464208)(2000201    -1095.90377026878)(2000111    -1348.56162762916)(2000101    -1249.33003199703)(2000002    -650.288802604209)
2 19      - (1000000    -852.638073915574)(2000012    -12.763454174084)(2000101    -351.214594154425)(2000002    -515.988087484443)(2000001    -733.938654129553)(2000201    -763.170475219933)(2000111    -813.303607384199)(2000211    -446.906510261053)(2000121    -568.741761529354)
0 16      - (1000000    -929.646657882652)(2000002    -753.347273115032)(2000101    -352.982725503756)(2000201    -1173.4730138146)(2000111    -857.950152366421)(2000001    -854.689334377986)(2000012    52.2125180140915)(2000211    -543.711862720455)(2000121    -473.893740992954)
2 18      - (2000201    -511.523658063079)(2000001    -616.210402737488)(2000211    -999.289841230974)(1000000    -972.830166633523)(2000002    -651.148857207729)(2000101    -429.403912758121)(2000012    -186.338787051727)
14 1      - (2000002    -619.703662940288)(2000201    -564.195045351911)(2000101    -1050.58655059412)(2000211    -1070.2308831195)(1000000    -849.976364281417)(2000012    -502.487922015346)(2000221    -679.182692164719)(2000111    -915.418098482529)(2000001    -542.975838773481)
0 17      - (2000012    -537.409660278216)(2000001    -814.101008335918)(2000002    -722.236078344815)(2000201    -613.637417453167)(1000000    -938.070104694945)(2000111    -1098.86965478732)(2000101    -470.504305678388)
17 0      - (2000002    -584.054514801187)(2000201    -709.734181161522)(1000000    -799.304959056996)(2000001    -641.097688138592)(2000111    -701.362881836433)(2000211    -618.636691853229)(2000101    -319.604267150028)
16 0      - (2000201    -333.530882439852)(1000000    -552.14472773297)(2000002    -830.936695328885)(2000001    -430.145597273243)(2000111    -695.698409409951)(2000101    -254.382570079666)(2000211    -910.499399681135)
1 12      - (1000000    -794.290800776617)(2000101    -1478.96336196375)(2000002    -748.32013222995)(2000221    -924.916573256642)(2000012    -744.550036446773)(2000211    -1142.43078039351)(2000001    -1060.58416385236)(2000111    -1388.78144981257)(2000201    -1274.79692471441)
0 14      - (2000001    -994.853238632079)(1000000    -790.141927086577)(2000101    -1158.96446107266)(2000111    -990.309502596298)(2000201    -1157.10223712306)(2000211    -1019.61549788445)(2000002    -1051.01963212408)(2000012    -767.690882771932)(2000121    -781.057380661205)
2 13      - (1000000    -761.894735639974)(2000001    -548.694157462644)(2000111    -1238.24356613678)(2000221    -850.608127143208)(2000101    -1075.51980229494)(2000002    -538.431436496459)(2000121    -748.864213066704)(2000211    -1297.47009112042)(2000201    -827.265522007428)(2000012    -528.478836367585)
1 17      - (2000002    -748.543167817041)(1000000    -1130.03388317943)(2000111    -785.379056498703)(2000211    -1223.64586893578)(2000101    -464.397512104824)(2000001    -533.855543073763)(2000121    -488.828273569246)(2000201    -606.594472714662)
14 2      - (2000002    -243.289477290733)(2000012    -231.992235672323)(1000000    -361.463029493845)(2000001    -361.45763995943)(2000121    -500)(2000111    -823.567154112686)
19 2      - (2000201    -508.460289010241)(2000001    -498.178996949388)(2000111    -481.789123422825)(2000211    -904.749745889533)(1000000    -331.184858010522)(2000101    -323.73036936028)(2000002    -537.679011586067)(2000012    -143.089111868215)
0 19      - (1000000    -1021.26755146421)(2000201    -617.398124971309)(2000101    -397.861746091846)(2000111    -1008.10572203771)(2000012    -542.866082859714)(2000001    -831.865217546891)(2000002    -778.477501188093)
1 16      - (2000002    -567.456903053456)(2000211    -963.40478283754)(2000012    -478.928391351308)(2000111    -542.193863488883)(2000101    -459.587678214849)(2000201    -870.262995506446)(2000001    -679.473729542153)(1000000    -578.221367098595)
18 0      - (2000002    -482.994446135526)(1000000    -619.457296689513)(2000012    -531.001727568864)(2000001    -471.630679137522)(2000111    -876.46821424621)(2000101    -289.592795749298)(2000201    -468.437973756775)
14 0      - (2000111    -1200.14428774908)(2000101    -969.286847247856)(2000001    -508.671309678105)(1000000    -577.963498159619)(2000211    -668.86124987603)(2000002    -413.169756093783)(2000201    -982.873091640568)(2000012    -391.562365844029)(2000121    -556.945454775936)
15 0      - (1000000    -1584.19363450142)(2000201    -1516.15596546346)(2000101    -1454.1686368787)(2000002    -1203.07174392124)(2000001    -408.169027074965)(2000211    -1124.08466701185)(2000111    -1178.13283537715)
13 0      - (2000002    -682.39623589937)(2000201    -997.302700937166)(2000001    -905.99462260376)(2000101    -883.215897769454)(2000111    -1080.0259108192)(1000000    -662.098830043038)(2000211    -1071.84580513713)(2000012    -611.183001545055)(2000221    -392.339648677218)
18 3      - (2000012    55.3864398462682)(2000101    -176.371377489241)(2000002    -527.54847959438)(1000000    -173.149516578729)(2000001    -421.180765547448)(2000201    -511.581544853402)
3 17      - (2000101    -536.622417473375)(2000002    -645.95979712421)(1000000    -706.726504457108)(2000111    -582.543044342691)(2000001    -601.320493266746)(2000211    -984.835831818835)(2000012    -468.808499187837)(2000201    -622.629577849416)
19 0      - (2000111    -888.482011449402)(2000001    -657.290340692584)(2000012    63.7005930695743)(2000101    -341.093825112743)(2000201    -557.778166843209)(2000002    -874.359506386948)(1000000    -711.665203702948)
17 1      - (1000000    -496.95970423284)(2000211    -572.271722129233)(2000002    -652.9275403945)(2000012    -387.825034030611)(2000201    -1073.48009922289)(2000101    -252.224127804017)(2000121    -641.840790304174)(2000001    -957.217741130786)
0 18      - (2000211    -1195.23462385375)(1000000    -1031.74332070797)(2000201    -541.662053161563)(2000002    -765.834585676652)(2000111    -991.010943649791)(2000001    -913.353626956534)(2000101    -405.329568101718)
13 2      - (2000201    -1083.2930426817)(2000111    -1115.68723939258)(2000012    -435.847878788636)(2000101    -1207.74084792264)(1000000    -801.728986526095)(2000001    -554.713452714879)(2000211    -923.355571107086)(2000002    -834.119362276672)
12 0      - (1000000    -805.517778837562)(2000201    -1153.02742633194)(2000012    -828.130219610776)(2000001    -403.886403691299)(2000101    -1001.16170679708)(2000002    -1193.77810489255)(2000211    -1151.19264966903)(2000111    -1155.87026284012)
1 15      - (2000001    -398.538901863298)(2000111    -1158.88568628309)(1000000    -604.565664881178)(2000121    -780.209283864586)(2000221    -500)(2000012    -445.916478344314)(2000201    -1381.20213615882)(2000002    -418.819343002794)(2000101    -1259.00104691822)(2000211    -1077.345945186)
18 2      - (2000201    -344.65807032089)(2000012    -284.284180666257)(2000111    -1059.03238963313)(2000101    -335.074076312868)(2000001    -353.662965700242)(1000000    -148.215677492877)(2000002    -663.851474003624)
19 1      - (2000002    -540.965633806374)(2000001    -692.480062340238)(2000201    -284.368710166196)(2000111    -730.308663357688)(1000000    -276.900736478664)(2000101    -255.070525807795)
15 3      - (1000000    -780.273071136154)(2000002    -526.982773102246)(2000101    -413.091893066617)(2000012    66.5119793699071)(2000201    -706.135977700772)(2000001    -662.52836612832)(2000111    -505.260782548757)
2 17      - (1000000    -1002.07694741491)(2000111    -1069.40183404196)(2000211    -948.006833820767)(2000221    -485.916137187953)(2000201    -1066.78071755432)(2000101    -468.547492155899)(2000001    -772.333993394722)(2000002    -817.670228096896)(2000012    -325.467094650989)
14 3      - (2000002    -1146.97024178846)(2000101    -194.122847713931)(2000111    -1468.19067598234)(1000000    -927.834725567551)(2000001    -653.155539349879)
16 3      - (2000211    -1167.22956817886)(2000101    -417.128360547427)(2000012    450.850194383905)(2000002    -503.139662370046)(1000000    -393.789784862093)(2000001    -637.648653450874)(2000201    -351.094601756905)
5 15      - (2000111    -38.1536389895682)
5 7      - (2000001    -272.62732752187)(1000000    -544.78725323568)
12 1      - (2000211    -1280.80608269895)(2000012    -578.231159907332)(2000002    -571.215762124474)(1000000    -611.480196206584)(2000201    -1033.73776830407)(2000111    -1220.55743496006)(2000101    -1266.89825807256)(2000001    -959.447912186224)
18 1      - (2000002    -490.128033905642)(1000000    -299.2491508909)(2000211    -389.480632362235)(2000201    -412.331910981493)(2000001    -314.787544062819)(2000101    -255.137819975933)
19 3      - (2000001    -927.472453340038)(2000002    -851.576168583942)(2000101    -857.783095231435)(1000000    -393.915758561683)(2000201    -1076.6358736963)
7 5      - (2000201    -1437.85449589042)
17 3      - (2000101    -450.287626558492)(1000000    -467.680293367344)(2000201    -721.052877843126)(2000001    -853.089394221638)(2000002    -553.698678419253)
15 2      - (2000101    -412.27036332509)(1000000    -1073.06736037324)(2000012    -209.121484191934)(2000002    -838.191587570825)(2000201    -622.788147034151)(2000001    -758.839058053095)
3 10      - (2000002    161.758839371762)
7 10      - (2000012    -0.51)(2000101    -396.946635330547)(2000201    -254.797979005316)(1000000    -67.7299421357079)
6 9      - (2000002    -378.019385579183)
3 20      - (1000000    -149.565132884638)
8 9      - (2000201    -1259.74102897919)

