166
0 0      - (1000000    -578.15807698332)(2000101    -575.206197420249)(2000121    -1388.85343630618)(2000002    -1181.56270516801)(2000001    -1242.86724707989)(2000201    -1146.18304494172)(2000111    -1443.78100681796)(2000012    -522.036858634226)(2000211    -1081.55207686786)(2000221    -1234.67298288002)
1 1      - (2000201    -760.225776845764)(2000012    -345.710681204705)(2000001    -778.760366503456)(2000101    -1063.2504806777)(2000002    -1037.45509113439)(1000000    -753.763892768449)(2000111    -849.757238516759)(2000211    -994.237014803225)(2000121    -1000)
2 2      - (1000000    -592.18193900925)(2000002    -952.799874733614)(2000201    -663.59000387142)(2000101    -383.883238336211)(2000001    -917.335156829332)(2000221    -1011.84859882888)(2000111    -921.043096979471)(2000012    -338.092949709254)(2000211    -1076.48660655953)(2000121    -575.361268848076)
0 2      - (2000001    -552.211014996651)(2000201    -1179.99091836494)(2000002    -959.387099758091)(2000101    -635.819190815368)(1000000    -652.445661480521)(2000111    -1043.69431280523)(2000211    -1023.09555995565)(2000012    -520.824429396563)(2000121    -1111.66911251305)(2000221    -686.06194628942)
3 3      - (1000000    -1308.86796564181)(2000201    -790.143060543408)(2000101    -1059.08189784688)(2000002    -1226.79470893005)(2000111    -946.098367181016)(2000211    -1170.85118694533)(2000001    -1106.14981841867)(2000012    -427.875922283618)(2000221    -892.214177542793)
0 1      - (2000002    -1106.40940728026)(1000000    -578.003675358952)(2000201    -1033.89942821315)(2000001    -742.516013133404)(2000012    -436.033616274911)(2000101    -586.530548479886)(2000111    -1254.00631702498)(2000211    -1073.37716583817)(2000121    -908.636992537751)(2000221    -777.47517792635)
4 5      - (2000201    -731.648833118017)(1000000    -560.808068252235)(2000002    -1064.83752248321)(2000012    -374.871739440857)(2000001    -648.915721568684)(2000101    -414.014704934925)(2000211    -814.316294527411)(2000111    -753.115567103398)
2 3      - (2000002    -855.404604538973)(2000101    -440.779588521312)(2000001    -791.183203531071)(2000201    -632.298752827662)(2000111    -1204.3386829471)(2000012    -456.470265319277)(1000000    -1133.36271545963)(2000211    -1231.31770885855)
2 1      - (2000111    -1053.75085232925)(1000000    -777.191919147132)(2000002    -1349.12820196175)(2000101    -647.346266015736)(2000201    -883.106016831678)(2000211    -1174.16743061012)(2000001    -898.78067478617)(2000012    -440.390464566353)(2000121    -730.944451574921)(2000221    -774.863237468419)
2 0      - (2000002    -1201.37223274262)(2000111    -1484.71117987589)(2000101    -1338.14845116299)(1000000    -738.867321269729)(2000001    -882.910409460333)(2000201    -1160.96161131294)(2000211    -977.28438964034)(2000121    -1000)(2000012    -458.054522295529)
4 1      - (2000002    -706.252391787559)(2000201    -919.287529772067)(2000001    -414.272370766849)(1000000    -482.044093357522)(2000101    -330.207968389451)(2000211    -1263.92051865737)(2000012    -458.930312658161)(2000111    -984.728390939733)
3 2      - (2000101    -461.902178588507)(2000211    -1294.36769754901)(2000001    -916.843808494972)(1000000    -470.673635136601)(2000002    -591.116705465341)(2000201    -811.599585643233)(2000012    -512.220238996728)(2000111    -1291.19622739608)(2000221    -861.76848692713)
0 4      - (1000000    -670.911823184553)(2000101    -1002.20729470801)(2000211    -936.93119907845)(2000111    -1199.04512360571)(2000002    -1145.19551552516)(2000001    -1124.22037404092)(2000201    -648.293977950031)(2000012    -437.884240769308)(2000221    -830.949257308451)
3 0      - (2000201    -1196.16198024538)(2000002    -844.987932004148)(2000001    -1160.08047574614)(2000111    -1183.51018119771)(2000211    -1109.60391341821)(2000012    -378.488212801397)(2000101    -440.827637429951)(1000000    -449.829219212578)(2000121    -1113.81888216009)(2000221    -656.324981471543)
0 3      - (2000001    -813.473082151761)(1000000    -818.001406665054)(2000201    -804.838838116177)(2000002    -932.494514448404)(2000111    -1303.84953138756)(2000101    -824.972209012191)(2000012    -407.19519454914)(2000211    -1047.13572385513)
4 2      - (2000002    -798.809668503534)(2000111    -787.179201764151)(2000012    -247.463172987744)(2000201    -688.622730127977)(1000000    -419.291773833801)(2000001    -940.368304976451)(2000101    -389.489140982967)(2000221    -422.578483844212)(2000211    -881.192550714518)
2 5      - (2000111    -900.168421831144)(1000000    -944.478859480624)(2000201    -674.426794307015)(2000101    -343.511317965229)(2000001    -967.822555154653)(2000002    -885.538738572883)(2000012    -587.714335401103)(2000211    -925.031117193105)
1 2      - (1000000    -640.811312748748)(2000001    -978.511925889487)(2000101    -420.288779705337)(2000002    -995.530417999582)(2000121    -1058.14861652951)(2000201    -818.31823083043)(2000111    -933.185269522665)(2000012    -444.258948955643)(2000211    -787.062588498736)
6 1      - (2000111    -1164.64355247479)(2000012    -457.645905597368)(2000101    -291.197807478313)(2000201    -1124.25541214265)(2000002    -1081.47923387831)(1000000    -545.33949410896)(2000001    -1055.59535534232)(2000211    -1064.45804928963)
3 1      - (2000001    -570.196481815371)(2000012    -387.379414827085)(2000211    -1296.39657361741)(2000201    -901.775179443435)(1000000    -487.704514097619)(2000111    -1132.560620021)(2000002    -741.879170232693)(2000101    -478.496130170377)(2000121    -735.664306886321)
3 6      - (2000012    -453.0132637123)(1000000    -905.434976696733)(2000201    -921.086881697273)(2000001    -1101.36367404825)(2000101    -988.729818873693)(2000002    -922.631829768106)(2000211    -1087.93210763534)(2000111    -934.268111894987)
4 3      - (2000211    -862.782419440625)(2000012    -345.56461675811)(2000101    -421.435731627401)(2000002    -1103.86977318328)(2000201    -1005.27136187331)(1000000    -596.380779992406)(2000001    -1009.79026398102)(2000111    -1205.00126311619)
5 5      - (2000002    -1206.81647224682)(1000000    -710.183334207776)(2000101    -450.71627034182)(2000001    -928.942757417783)(2000201    -871.610215950105)(2000111    -1168.36711288969)(2000211    -979.260511422313)(2000012    -177.034681604039)
3 4      - (2000101    -1186.64868419177)(2000001    -791.444727175412)(2000201    -1262.93565038503)(2000002    -1144.09998518802)(1000000    -1008.94682690597)(2000211    -1091.22039291359)(2000111    -952.912433724797)(2000012    -437.304328629811)
1 6      - (2000101    -810.808510700574)(2000002    -1006.48964222858)(1000000    -1069.52498615739)(2000201    -1042.27767140951)(2000001    -1030.67486036123)(2000012    -799.897643005641)(2000111    -902.394348599657)(2000211    -887.111131052643)
6 0      - (2000211    -881.967855138864)(2000002    -776.940881175336)(1000000    -493.483193166928)(2000201    -890.249664870471)(2000111    -1077.26564442643)(2000101    -1032.14777130848)(2000001    -752.569865697138)(2000221    -500)(2000012    -580.25322323046)
3 5      - (2000101    -426.144573241301)(2000001    -1022.61290408198)(1000000    -741.670224723127)(2000012    -504.062755855525)(2000211    -879.633871937455)(2000111    -806.134663306255)(2000201    -991.329697337338)(2000002    -858.983435973864)
6 5      - (2000211    -1028.19537347833)(2000101    -656.943490724282)(2000002    -1068.46292073375)(2000012    -379.418386180228)(2000111    -1058.77024012753)(1000000    -882.356629418379)(2000201    -1204.10002824276)(2000001    -616.167128051582)
0 5      - (2000201    -1194.28077190755)(1000000    -563.975879373564)(2000211    -1065.88185626739)(2000001    -600.420798444352)(2000101    -1078.04371487539)(2000002    -1000.18350292904)(2000111    -1014.29395043559)(2000012    -815.139584722572)
1 3      - (2000201    -936.086591271779)(2000101    -428.914017860309)(1000000    -700.041427017581)(2000002    -988.555638699442)(2000111    -1271.77441484442)(2000012    -384.264712491978)(2000001    -902.709214158394)(2000211    -1237.57650189602)(2000121    -813.72218135414)
1 4      - (2000111    -982.963135845369)(1000000    -414.918243465901)(2000201    -1154.86408756265)(2000211    -1384.97877909635)(2000001    -1240.98966387237)(2000002    -701.102235665627)(2000101    -400.354559962861)(2000121    -1035.28502681478)(2000012    -558.033632674114)
5 3      - (1000000    -992.763093790675)(2000211    -1051.97813353217)(2000201    -1202.07152084953)(2000002    -1042.79656495544)(2000101    -494.036395640151)(2000001    -1179.26365018561)(2000012    -425.88214204475)(2000111    -1053.98960218321)
1 0      - (2000002    -930.754288708207)(2000001    -746.10548636171)(2000201    -879.021095263322)(2000101    -685.663867281345)(1000000    -834.147215053198)(2000111    -987.908311752752)(2000211    -1248.81170655633)(2000012    -459.51402801331)(2000221    -500)
4 6      - (2000101    -1204.02028768131)(2000111    -1498.93524508654)(1000000    -808.620305596188)(2000002    -830.438945660656)(2000211    -1467.24940166145)(2000001    -1194.36353046702)(2000201    -1241.00855681327)
5 2      - (1000000    -1026.84354685515)(2000001    -1020.12317928929)(2000201    -1031.71504324058)(2000101    -1077.92897431088)(2000211    -1145.63207143744)(2000012    -468.873721725542)(2000002    -1014.22153390214)(2000111    -1471.36052428996)(2000221    -506.230871102958)
4 0      - (2000101    -408.840654805672)(1000000    -477.209467409541)(2000211    -1125.84997379564)(2000002    -1075.24619825473)(2000201    -1017.24246784329)(2000001    -744.886007604377)(2000012    -350.720930468874)(2000111    -903.89637476678)
2 4      - (2000101    -403.854054145927)(1000000    -644.283687170622)(2000201    -730.009052775549)(2000002    -925.743513294036)(2000001    -690.301158260403)(2000111    -958.538262898709)(2000221    -933.230044079939)(2000012    -337.295673008077)(2000211    -976.774440740739)(2000121    -550)
5 4      - (1000000    -489.162533269038)(2000001    -942.045185067892)(2000002    -727.279078738997)(2000101    -407.459086717418)(2000211    -1007.2605548161)(2000201    -849.992457826259)(2000012    -855.506663883585)(2000111    -917.066793924708)
2 7      - (2000001    -498.882184343142)(2000111    -1175.47945645255)(2000101    -719.050353904963)(2000201    -694.476255982429)(1000000    -573.59060305939)(2000012    -248.084007011689)(2000002    -63.72649077457)
0 6      - (2000101    -448.529372925863)(1000000    -626.146610582893)(2000001    -982.600033755215)(2000201    -952.152689526178)(2000002    -956.284417839398)(2000111    -1199.43365252127)(2000211    -987.479933040612)(2000012    -433.154488831473)
1 5      - (2000211    -871.719451159325)(2000001    -953.273722099687)(2000221    -500)(2000002    -1120.92247173213)(1000000    -821.045373040122)(2000101    -377.469715578787)(2000201    -1045.09539811417)(2000111    -965.813782743806)(2000012    -970.465704993402)
3 7      - (2000001    -849.67739132914)(1000000    -863.102881948864)(2000101    -873.809564559307)(2000201    -873.716150096024)(2000002    -866.583122829213)
0 7      - (2000002    -633.348749087351)(2000001    -600.32703033662)(1000000    -883.381807544214)(2000101    -453.228942904487)(2000012    -264.240245164123)(2000201    -783.052888247797)
5 0      - (1000000    -784.049965827528)(2000101    -995.433536556268)(2000111    -1103.80801526373)(2000201    -1095.40911440273)(2000211    -925.853631321183)(2000002    -854.359638812047)(2000001    -936.981318843108)(2000012    -605.487353871824)
5 1      - (1000000    -435.235283539117)(2000201    -1197.66473604753)(2000101    -348.854556214383)(2000001    -1073.95021373681)(2000002    -981.136714321513)(2000012    -412.814116372796)(2000111    -701.160507627755)(2000121    -1117.43249068682)(2000211    -873.914325143791)(2000221    -300)
2 6      - (2000012    -274.899795159763)(1000000    -687.192896437857)(2000101    -769.529562807571)(2000201    -1024.82230871466)(2000002    -714.738765054213)(2000211    -905.820954458562)(2000001    -1156.60045650667)(2000111    -756.610914401956)
7 3      - (2000211    -1054.94804020855)(2000002    -1089.86185342781)(2000111    -1165.46415267033)(2000001    -89.5912222659246)(1000000    -548.421292144125)(2000101    -1131.05453248477)(2000221    -727.166360843518)
7 2      - (2000002    -546.68832418301)(2000012    -208.94142869491)(1000000    -877.311894729423)(2000001    -196.334836834489)(2000201    -443.569759683922)
6 6      - (2000001    -158.880760174343)(2000201    -1013.07625966921)(2000111    -572.571096581989)(2000012    -2.50402439975682)(1000000    -386.669578897551)(2000002    -658.605046537377)(2000101    -467.271623448734)
4 4      - (1000000    -802.643476252301)(2000111    -1160.44625687071)(2000002    -977.172966058724)(2000101    -441.983579352732)(2000201    -807.546227756138)(2000012    -578.210898348198)(2000001    -831.81080102176)(2000211    -732.941120263794)
8 1      - (2000001    -1156.10615691727)(2000101    -849.947218921874)(2000002    -786.538530479247)(1000000    -932.32269608534)(2000201    -756.062400962487)
8 5      - (1000000    -770.597663689721)(2000211    -845.767200657406)
4 8      - (2000101    -909.895803290626)(2000111    -832.308398656857)(1000000    231.26044038018)
5 6      - (1000000    -902.743105431826)(2000211    -612.873398570167)(2000002    -812.916778177269)(2000101    -483.640366166187)(2000012    -418.649101924713)(2000001    -838.892010154324)(2000111    -459.547011405673)(2000201    -949.404620350275)
4 9      - (2000001    -656.018940097069)(2000111    -1111.29088955607)(1000000    -1045.21978496356)(2000002    -633.466761080995)
6 3      - (2000002    -726.673468423341)(2000201    -950.591380081123)(2000211    -494.025382200913)(1000000    -544.923121381515)(2000001    -809.925616562557)(2000101    -427.890479281297)(2000111    -1016.81385590383)(2000012    -423.17442124421)
6 2      - (2000201    -810.446882985976)(2000002    -997.676019282794)(1000000    -618.032279702463)(2000111    -1071.31484626431)(2000001    -634.595085466638)(2000101    -839.915671519393)(2000211    -1281.91012312355)(2000221    -678.38387548837)(2000012    -347.163442764899)
5 8      - (2000201    -1116.92051902453)
6 7      - (1000000    77.8327230941816)(2000201    -615.618117330833)
7 5      - (2000111    -805.450173574665)(2000001    -971.125115008429)(1000000    -576.099177930272)(2000002    -723.648309378288)(2000101    -627.281869378648)
4 7      - (2000002    -200.938716600442)(1000000    -285.646564719571)(2000211    -626.337671561525)(2000201    -285.986353252152)
8 4      - (1000000    -761.562755152609)(2000101    -338.778456483539)
7 7      - (2000101    -239.399267344265)(2000111    -161.931124023505)(2000201    -624.913722730015)(1000000    -47.5003748348341)
1 7      - (2000111    -650.548208188599)(1000000    -792.844359096906)(2000002    -515.898068887642)(2000101    -478.935763791009)(2000001    -479.602342075167)(2000201    -635.897455812428)(2000012    -603.892050917048)
6 10      - (2000111    -455.965562011753)(1000000    -841.974171508814)
8 6      - (2000002    -791.095587770411)(2000211    -852.673159641787)(2000001    -50.9078429879571)
6 8      - (1000000    -1556.25191151487)(2000211    -919.207722995701)(2000001    -562.784486701218)(2000101    -433.77759999376)
6 4      - (1000000    -542.050875765801)(2000201    -265.864246635576)(2000101    -643.331473528761)(2000012    -144.683928663737)(2000002    -563.039807386187)(2000001    -552.728542846947)(2000111    -593.583689146588)
3 8      - (2000002    -86.6029416563749)(1000000    -571.846130471799)
2 8      - (2000101    -706.916575470548)(2000002    -608.303003111484)(1000000    5.72124077716382)
7 1      - (2000001    -845.406730038066)(2000012    -595.782480800742)(2000002    -586.045354976227)(1000000    -319.124910038437)(2000101    -1235.03541743726)
8 0      - (1000000    -433.246558691127)
1 9      - (2000211    -750)(2000121    -661.506415410196)
9 2      - (2000012    -235.410394719109)(2000201    -636.487297808978)(2000211    -733.772564908248)
2 12      - (2000201    -824.319314117813)(2000012    -584.632830956904)(2000101    -425.222614993787)(2000002    -628.858226433679)(1000000    -471.664227524633)(2000211    -949.687761108348)(2000111    -899.168713133193)(2000001    -817.569768775784)
13 0      - (2000002    -929.05896012796)(1000000    -732.124065494029)(2000211    -1197.29976429342)(2000001    -825.75782719067)(2000012    -268.14017013124)(2000101    -277.847361619317)(2000111    -875.301041226374)(2000201    -614.183484280279)
13 2      - (2000101    -376.985700792817)(2000201    -934.706433351714)(1000000    -404.681576718562)(2000002    -905.956820465759)(2000211    -1045.05652757859)(2000012    -335.876529378452)(2000001    -885.225990182115)(2000111    -526.966141927056)
13 1      - (2000002    -710.933148480959)(1000000    -784.877160264869)(2000211    -1051.597275311)(2000101    -379.585749690643)(2000201    -539.536281103233)(2000001    -809.423572718501)(2000012    -693.728197839337)(2000111    -857.077106503584)
3 12      - (1000000    -315.105840950405)(2000201    -555.675354090248)(2000002    -777.977826288736)(2000211    -1113.59070245694)(2000012    -298.498926725001)(2000101    -275.017179171416)(2000111    -1117.973128817)(2000001    -533.226337407874)
2 15      - (2000012    -616.579810595642)(2000002    -963.628816029612)(2000111    -1258.40096730381)(2000101    -785.333293977453)(2000201    -748.339990439765)(2000001    -742.0286658649)(2000211    -752.384116739494)(1000000    -317.753612349072)
3 16      - (2000012    -782.976978019832)(2000201    -935.405291984062)(2000101    -802.190784854362)(2000002    -1139.18085813857)(2000001    -289.052816362493)(1000000    -936.026309956709)(2000111    -1314.13162228562)(2000211    -1034.9492002169)
2 14      - (2000201    -765.968126396854)(1000000    -482.603903220194)(2000001    -680.365722082583)(2000002    -813.213665990626)(2000211    -1072.48220011979)(2000101    -308.441706351208)(2000111    -1137.98569549198)(2000012    -230.356252242243)(2000221    -500)
0 15      - (1000000    -457.761225679953)(2000211    -1259.84765848205)(2000111    -1114.52642997139)(2000001    -758.243408098485)(2000012    -551.172366407348)(2000101    -417.844774416868)(2000002    -984.9262239571)(2000201    -549.052250399533)
15 2      - (2000101    -571.388054151784)(2000201    -525.34417051707)(2000001    -514.967173294924)(2000002    -734.131044251562)(1000000    -524.623934076464)(2000111    -1107.80630794521)(2000211    -946.600961393437)(2000012    -598.643599391092)
12 2      - (2000101    -339.863305916358)(1000000    -679.183617384785)(2000201    -688.376374285342)(2000002    -1204.50174618833)(2000111    -645.827860205591)(2000012    -431.834297574603)(2000001    -638.41043786758)(2000211    -1102.52196047327)
17 0      - (2000012    -704.03194980787)(2000101    -712.557891776349)(2000201    -946.53425620824)(2000001    -666.111657007192)(1000000    -698.015366648908)(2000002    -938.37932486925)(2000211    -909.722390947002)(2000111    -734.736699976611)
3 18      - (2000101    -967.396942048567)(2000002    -882.522162006921)(2000201    -1205.13459993343)(2000001    -688.926166450396)(2000012    -674.063301868747)(1000000    -684.410842934597)(2000211    -1010.0576331775)(2000111    -689.699064603326)
1 13      - (2000201    -927.329982375718)(2000002    -1014.05159633051)(2000001    -1074.80756465036)(2000101    -384.466264152675)(1000000    -406.391968001202)(2000211    -862.692063244559)(2000111    -769.366114665404)(2000012    -519.451648780923)
3 17      - (2000001    -555.350959577221)(1000000    -551.395064948075)(2000201    -996.163096129956)(2000002    -590.312396513271)(2000101    -1114.09493602181)(2000111    -1196.73110006947)(2000211    -907.344974848604)(2000012    -396.795858393328)
0 13      - (2000201    -613.279657220825)(2000101    -472.531590735498)(1000000    -485.313221119684)(2000012    -668.816046012828)(2000111    -875.977451470945)(2000002    -639.747655386838)(2000001    -668.09875250397)(2000211    -1040.32720682894)
3 13      - (2000101    -435.662260563133)(1000000    -430.033258457847)(2000111    -1068.17049196543)(2000012    -571.682432872933)(2000002    -800.399621134971)(2000001    -699.873111562413)(2000201    -690.899853803685)(2000121    -634.378459887245)(2000211    -898.276614044451)
3 14      - (1000000    -388.811098499411)(2000001    -860.091344418761)(2000002    -1037.33491909103)(2000201    -813.127868667861)(2000111    -994.306851775586)(2000101    -839.208786292177)(2000211    -877.039919157805)(2000012    -233.876364508897)
19 1      - (2000111    -1007.4740116067)(1000000    -548.319594733289)(2000002    -548.612974096434)(2000101    -821.401113168353)(2000001    -481.820967744708)(2000201    -659.108086836153)(2000211    -1067.90522500047)(2000012    -503.790346793789)
1 14      - (1000000    -307.87054987825)(2000211    -781.97394414181)(2000001    -779.597421443465)(2000101    -390.992877375819)(2000201    -698.999674611658)(2000111    -1092.33101592562)(2000012    -454.234615223965)(2000002    -995.485493960972)
2 17      - (1000000    -770.298591697862)(2000001    -1065.13359077151)(2000201    -1321.81292132707)(2000002    -826.230524251818)(2000101    -975.734724064954)(2000211    -1247.99537309632)(2000111    -1207.47247835467)(2000012    -499.999985152433)
0 12      - (1000000    -783.689388871632)(2000201    -781.842182110878)(2000001    -613.128904061774)(2000211    -865.809881625118)(2000002    -708.139574562529)(2000111    -836.08478798805)(2000012    -493.828380871279)(2000101    -395.446732043732)
0 17      - (2000012    -473.181208010523)(1000000    -523.656947626623)(2000002    -476.655749452067)(2000201    -1212.62285249449)(2000001    -888.95278133332)(2000101    -906.583120734203)(2000211    -1157.46581137675)(2000111    -1078.29534076722)
18 3      - (1000000    -1179.49780447326)(2000101    -1267.67935803732)(2000002    -1298.56820025099)(2000001    -716.788449499324)(2000201    -1047.49004467028)(2000111    -1349.83971623649)(2000211    -1228.63874074279)
3 15      - (2000101    -593.005320301151)(2000111    -1217.03538791976)(2000012    -303.167911085377)(1000000    -360.080430249825)(2000001    -690.695324460242)(2000002    -758.847193394638)(2000201    -1076.56123119077)(2000211    -851.294463458692)(2000221    -447.582088907738)
18 0      - (2000101    -1323.77474484754)(2000002    -1163.87624323276)(1000000    -1055.88177945584)(2000001    -1258.28008088919)(2000201    -802.810512823076)(2000211    -1231.7589507668)
2 19      - (1000000    -766.724863279258)(2000002    -545.333141439432)(2000001    -504.726472533689)(2000201    -1054.62114257704)(2000101    -852.731291134872)(2000012    -519.138885030534)(2000111    -1232.57386248469)(2000211    -1024.795092323)
0 14      - (2000111    -776.629050361963)(1000000    -801.020701366786)(2000201    -900.57558103218)(2000002    -711.466231097926)(2000012    -363.74919636857)(2000101    -408.415762079121)(2000001    -904.14859292299)(2000211    -1087.65294687549)
13 3      - (2000111    -821.581104609947)(2000001    -315.344275430483)(2000201    -730.871577568299)(1000000    -304.926975676448)(2000002    -870.978393494824)(2000101    -497.424185172849)(2000211    -791.141884805985)(2000012    -237.435602082195)
0 16      - (2000111    -1548.60968183652)(2000002    -800.555270278799)(2000201    -943.23160658117)(1000000    -734.513539620214)(2000101    -585.45410117748)(2000001    -811.410990513811)(2000211    -1384.73724253188)(2000221    -646.455323651292)(2000012    -560.834379072527)
12 3      - (1000000    -356.912120926695)(2000012    -727.903170571773)(2000101    -365.046873125317)(2000201    -665.020362695786)(2000111    -1102.94217589876)(2000001    -989.062784437173)(2000002    -684.593939013303)(2000211    -671.84130006927)
1 17      - (2000111    -1283.57982635637)(2000101    -1102.64553761373)(2000201    -1072.49786697241)(2000001    -924.762130104334)(1000000    -677.643285811812)(2000002    -1017.57539155272)(2000211    -1400.62162658471)(2000012    -610.639254252784)
16 2      - (2000002    -996.343845080766)(2000201    -754.587144705989)(2000111    -1131.14361211677)(2000001    -951.071427922784)(2000211    -957.525973286618)(2000101    -1056.91852640229)(2000012    -419.016413726433)(1000000    -567.114576483043)
19 3      - (2000002    -528.885213764392)(2000001    -640.035333498003)(2000101    -621.858743039734)(1000000    -565.213939012584)(2000201    -691.203776804064)(2000012    -440.790626476274)(2000111    -858.821536452787)
16 3      - (1000000    -657.493053585332)(2000201    -1026.92677774341)(2000101    -890.170678382118)(2000001    -835.819491370091)(2000002    -737.898222527788)(2000211    -1039.63469114709)(2000111    -1099.04607042848)(2000012    -416.845622019737)
1 18      - (2000001    -665.456976616546)(2000111    -1488.27885644094)(2000002    -515.748063385123)(2000201    -1200.52974554647)(2000101    -1203.93380825613)(1000000    -535.283419691853)(2000211    -1293.31327283859)(2000012    -498.136838884278)
1 19      - (2000101    -867.937379883362)(2000001    -1056.69282139262)(1000000    -775.388107903389)(2000201    -822.457814564257)(2000002    -889.253461987409)(2000012    -625.348795362466)(2000111    -1293.3270224622)(2000211    -1141.95353587741)
0 18      - (2000201    -791.489781552512)(1000000    -805.61661636239)(2000001    -964.630458783304)(2000012    -514.424582088917)(2000101    -997.142593998013)(2000002    -930.011543660967)(2000211    -1027.79477493098)(2000111    -1038.60153043727)
14 3      - (2000201    -120.315756899044)(1000000    -132.002757727622)(2000012    -652.802161182003)(2000001    -964.629693394304)(2000002    -954.039199211146)(2000111    -1160.6115490392)(2000211    -863.289329960668)(2000221    -654.714547086824)(2000101    -1018.96846652066)(2000121    -347.365020276888)
19 2      - (1000000    -484.439628371269)(2000211    -1260.97792960202)(2000001    -1145.81529313882)(2000101    -1122.16074773035)(2000002    -480.758088748368)(2000201    -1417.196254621)(2000111    -1423.74007330222)
12 1      - (1000000    -557.067997450588)(2000012    -680.800145277314)(2000211    -815.936426640838)(2000002    -863.024952254831)(2000201    -1197.33202401139)(2000001    -975.5317546256)(2000101    -437.099463237903)(2000111    -760.590178000818)
15 3      - (1000000    -414.890575231547)(2000111    -1041.71629142702)(2000101    -363.498113856008)(2000211    -814.077934351486)(2000001    -605.524083706057)(2000002    -1035.95058563454)(2000012    -343.644910306986)(2000201    -624.1093212512)
15 0      - (2000101    -232.841696221319)(2000012    -348.130780478416)(1000000    -621.090696680083)(2000002    -684.648901961091)(2000111    -1225.19592383584)(2000201    -605.232367652346)(2000211    -735.623621599971)(2000001    -955.86086808243)
2 16      - (1000000    -477.366691263853)(2000201    -835.860231517289)(2000001    -917.043892339563)(2000211    -1420.11468579465)(2000012    -464.323701544161)(2000101    -891.766958186515)(2000002    -1046.74341133195)(2000111    -896.109313752746)(2000221    -615.407438135796)
17 1      - (2000001    -471.592744665057)(2000101    -593.981024431466)(2000201    -678.442509353759)(1000000    -676.584868021425)(2000012    -272.938203522808)(2000002    -353.151577478125)(2000111    -745.546981273041)(2000211    -854.324811502299)
15 1      - (1000000    -464.358337653835)(2000101    -433.248438554049)(2000201    -979.102356841795)(2000002    -1337.82687711072)(2000001    -948.344158735705)(2000111    -1321.75604791244)(2000211    -1130.52159330202)(2000012    -415.605064617054)
12 0      - (2000201    -935.646759637167)(1000000    -471.522181725651)(2000111    -1117.14325424499)(2000101    -375.552556733542)(2000001    -645.783670560091)(2000211    -1076.51083232632)(2000012    -282.350013810918)(2000002    -894.423213922324)(2000121    -296.490487403744)
2 18      - (2000101    -1121.64487963439)(1000000    -719.697168858443)(2000201    -1079.31048730763)(2000002    -744.461950451984)(2000001    -545.786807873486)(2000111    -1161.88687209614)(2000221    -776.63934806849)(2000012    -734.101676754129)(2000211    -737.458140903922)
18 1      - (2000002    -915.470750495447)(1000000    -864.096998736204)(2000101    -768.567624346104)(2000201    -1058.44055032314)(2000001    -654.129461729337)(2000111    -890.340327391118)(2000211    -922.853374836385)(2000012    -456.595599633211)
17 3      - (2000002    -978.487307951905)(2000001    -768.188759734151)(2000101    -959.120422967233)(1000000    -516.42097485579)(2000201    -529.505087652275)(2000121    -870.276563060561)(2000012    -339.110518920684)(2000211    -1110.699901669)(2000111    -1043.55788153686)
1 15      - (2000201    -874.520847949833)(1000000    -617.190380287203)(2000012    -524.960930113599)(2000002    -890.091328887365)(2000211    -1172.83330499619)(2000111    -980.874466855784)(2000101    -597.27722811074)(2000221    -813.672070027682)(2000001    -850.151498373449)(2000121    -348.902061213959)
14 2      - (1000000    -569.28137009866)(2000101    -577.674522387435)(2000012    -272.710144316023)(2000211    -1189.36729602487)(2000201    -750.687474635085)(2000002    -727.511327540312)(2000111    -1303.8738212065)(2000001    -812.340539417332)
2 13      - (2000002    -618.944880830677)(2000111    -1039.53570698946)(2000101    -301.992419308994)(2000201    -485.190606546402)(2000211    -1221.87516464518)(2000001    -655.423864254461)(1000000    -328.528851255792)(2000012    -704.193098314334)
1 12      - (2000211    -719.934587763674)(2000002    -534.831823834525)(2000201    -486.353174782858)(1000000    -677.249351388393)(2000001    -576.325396533723)(2000101    -384.572486729177)(2000111    -865.527208738662)(2000012    -343.216468664711)
0 19      - (2000101    -1054.07259497095)(2000201    -997.238442168745)(1000000    -621.91736898266)(2000002    -782.649708042153)(2000001    -467.206277209252)(2000111    -1231.86448891512)(2000012    -868.417730443314)(2000211    -907.891564141766)
16 0      - (2000012    -674.414093289631)(2000001    -1082.94855655124)(2000201    -1076.50652409383)(1000000    -615.38709686751)(2000111    -1158.06139844149)(2000101    -799.4234218144)(2000002    -554.718502546208)(2000211    -945.773062686367)
16 1      - (2000201    -963.97502999563)(2000012    -385.664754228719)(1000000    -457.557293589961)(2000101    -514.894484168267)(2000001    -924.502872609503)(2000002    -1123.48860673751)(2000211    -802.594027303571)(2000121    -500)
3 19      - (2000002    -1094.21769907841)(1000000    -726.561428954589)(2000101    -952.136006287351)(2000001    -652.963375553023)(2000201    -1112.98148670486)(2000211    -1388.36542248864)(2000111    -1486.65512729063)(2000012    -612.92133841446)
19 0      - (2000201    -448.831817024285)(2000101    -615.251176118769)(2000001    -386.397951761042)(2000002    -744.959138688408)(1000000    -462.267825203421)(2000111    -996.886492992776)(2000012    -322.818685313783)
14 0      - (2000201    -1015.57972689359)(2000101    -1295.62656335896)(1000000    -671.665209276605)(2000211    -1062.49503873238)(2000002    -1043.74400542116)(2000111    -472.45706476652)(2000001    -665.565700109793)(2000012    -432.522245882235)
8 9      - (2000002    -531.926756824734)(1000000    -107.480726139164)(2000001    338.731571922881)
14 1      - (2000002    -761.783711135842)(1000000    -736.489445753015)(2000111    -1192.0599519251)(2000001    -797.460101007446)(2000211    -1215.36956844113)(2000012    -601.235415545117)(2000201    -1110.99119953577)(2000101    -316.144236482465)
1 16      - (2000101    -956.73665557481)(1000000    -628.656610008397)(2000211    -710.543882002817)(2000002    -742.728851588604)(2000012    -528.318043279013)(2000001    -847.61243989247)(2000201    -832.659677955905)(2000111    -943.70239704816)(2000221    -731.979196019432)
18 2      - (1000000    -884.397197274531)(2000201    -1088.32086559226)(2000001    -618.475537806248)(2000002    -925.040565321191)(2000101    -898.304791417172)(2000012    -277.984398619612)(2000111    -617.287269323779)
17 2      - (2000101    -636.70415293836)(2000201    -963.348367783048)(1000000    -962.375303281339)(2000002    -733.751119668509)(2000012    -373.987383055189)(2000001    -872.896429825825)(2000211    -772.329792622812)
7 0      - (1000000    -1166.30250082745)(2000211    -813.492742127982)(2000201    -546.808907753698)(2000001    -514.121151739559)
9 7      - (1000000    -113.600091832302)
0 9      - (1000000    -1424.5979555176)(2000201    -594.475078432732)(2000012    -243.366070482182)
8 3      - (2000002    -932.703534844946)(2000201    -1244.80728956862)
1 22      - (1000000    -1030.83972150524)
0 20      - (2000002    -470.357342447027)(2000101    -80.9598332772296)(1000000    -80.9598332772296)
1 8      - (2000001    -265.178328429407)(1000000    -566.098456041394)
5 7      - (1000000    -1150.85689799433)
0 11      - (1000000    -262.179396702498)(2000101    -691.75450830665)(2000201    -480.512478554538)(2000002    -800.821863811641)
9 3      - (2000101    -875)(2000111    -984.375)(2000211    -342.827538711135)
0 8      - (1000000    -433.455796453037)(2000101    -871.145599528643)(2000012    -117.442576686153)
10 2      - (2000002    48.5244419403296)
7 6      - (2000001    -490.302253870958)(2000101    -644.714533947578)(2000002    -785.396024949294)
8 2      - (2000001    -277.292667388217)(2000201    -674.809888622716)(1000000    -854.876517439266)(2000012    10.8482964651967)
7 4      - (2000111    -530.616719173288)(2000001    -923.01851694935)(2000201    -853.162894682876)(2000101    -649.983288774527)(1000000    -805.28507689519)(2000002    -857.965595143335)
11 2      - (2000002    -328.528815824915)(2000211    -500)(2000201    -1077.82769582492)(2000111    -1257.46564512907)
0 10      - (1000000    -150.652294024783)(2000002    -86.087025157019)(2000101    -427.686849055964)
7 9      - (2000111    -616.016828539881)
3 11      - (2000101    -84.9907705436388)(1000000    -84.9907705436388)
3 9      - (2000101    -900)(2000111    -843.48410950111)(2000012    -88.7603026667057)(2000211    -547.135232850333)
8 7      - (2000101    -1163.40399621437)(2000201    -369.023352407507)
1 11      - (2000211    -320.918934180405)
3 10      - (2000001    -75.3519097871667)(2000002    -668.925156600283)(1000000    6.78987568183612)
2 9      - (2000211    -979.269147713847)(1000000    -1207.59384381015)(2000012    -208.941546226742)
9 1      - (2000001    -586.630821657837)
9 4      - (1000000    -276.502820923424)
21 2      - (1000000    -196.052269529368)

