172
0 0      - (2000001    21669.1643389907)(2000201    20856.7294303588)(2000200    20877.1833121068)(1000000    21671.2296211758)(2000101    20120.6332114386)(2000102    20834.2590844301)(2000002    21848.5188358475)(2000100    21858.1188313774)(2000202    20838.7226623212)(2000111    21166.3588863114)(2000012    21800.7659429122)(2000221    21128.9222083272)(2000211    21203.0212590893)(2000121    21889.0477551341)(2000022    20699.0277459556)
1 3      - (2000001    18793.9179271479)(2000101    21879.2617661469)(2000201    20798.512399249)(1000000    20411.91609012)(2000202    19601.5574498621)(2000200    18921.5158598387)(2000111    20041.4728440126)(2000002    20661.4172466548)(2000100    19576.0144324169)(2000012    22166.6127137434)(2000102    19459.6954378822)(2000022    19706.6266534593)(2000121    20088.4177253295)(2000221    19479.8707183577)(2000211    19766.945945002)
1 1      - (2000101    19997.1664824613)(2000002    22144.6809508476)(2000100    19928.29857773)(2000001    18147.6867573156)(1000000    20044.8860124558)(2000102    19083.4438992633)(2000012    19972.4666385846)(2000202    20292.0893394111)(2000022    19632.4920987921)(2000211    19251.3406528085)(2000201    19242.1923597964)(2000200    19262.7246490635)(2000221    18236.4298112097)(2000111    20452.0937957636)(2000121    20511.4166794065)
0 1      - (2000102    19422.2498050975)(2000002    20062.8788612301)(1000000    19987.1580558797)(2000101    21285.6444805399)(2000100    20320.5940300266)(2000201    19851.0893890709)(2000211    20234.3108956468)(2000111    20657.8358262574)(2000202    20246.0551314314)(2000200    19124.2653629351)(2000221    17926.1067642624)(2000001    17747.3859295538)(2000022    20111.3361070902)(2000012    19854.3680724112)(2000121    19518.3382842675)
3 2      - (2000111    18761.6529290092)(2000102    20588.7619569963)(2000100    19744.4537711024)(2000101    21623.2030270555)(2000201    19911.0490351507)(2000200    19768.1323749554)(2000002    19970.6956619455)(1000000    20241.6229965604)(2000202    20451.3726472871)(2000012    21294.6657863704)(2000221    20393.9342013026)(2000001    19928.288260463)(2000211    19449.5902152908)(2000121    21586.6616833515)(2000022    19262.6945181382)
2 2      - (2000002    21872.4284830947)(2000012    22237.3003222396)(2000200    19953.0595491064)(1000000    20866.7291331699)(2000201    20651.1793132395)(2000121    18802.6422386018)(2000022    20480.4808153262)(2000100    21406.4081512473)(2000101    20573.1351517806)(2000221    19532.3387640924)(2000001    19260.6532023741)(2000111    20081.4031107116)(2000202    19990.4941653219)(2000102    20576.6776210669)(2000211    20390.3041450799)
2 3      - (2000202    20358.8341371665)(1000000    20413.153998842)(2000101    21598.6981871613)(2000102    20082.5211617319)(2000111    19790.6732893698)(2000200    19735.1741325132)(2000001    19202.5120486164)(2000100    20746.8943880419)(2000022    19231.2777009779)(2000002    20151.7618542199)(2000211    18988.7860987765)(2000012    19956.1204724399)(2000201    20093.5275015728)(2000221    18546.9547143826)(2000121    19104.0950255549)
3 4      - (2000102    18925.7988917758)(2000200    19249.1239257671)(2000002    21385.5683425123)(1000000    20328.5066813636)(2000202    19028.3985755864)(2000211    16865.5700761554)(2000101    19805.4824832979)(2000201    20405.1713562278)(2000100    19045.4662690545)(2000012    16593.8414692885)(2000022    18978.8262997633)(2000121    16556.076813121)(2000001    18116.7865503412)(2000111    17605.9278939178)(2000221    5614.72316597034)
2 6      - (2000202    12155.9469217091)(2000100    11543.7290423958)(2000001    16228.6357615364)(2000201    19236.1824019653)(1000000    18332.7804582192)(2000002    16607.2999594575)(2000121    8916.73801774454)(2000211    14882.7830260759)(2000012    10393.9055696543)(2000200    14195.8712363363)(2000102    17591.22420599)(2000221    7223.14192762198)(2000101    21251.3906775852)(2000111    10089.1429402567)
4 6      - (2000201    20785.6308708665)(2000100    11962.5157581712)(2000200    6176.64924115684)(2000202    13468.1080194319)(1000000    16068.5834060157)(2000102    15200.0165008717)(2000002    16742.9809356656)(2000211    15207.7684326863)(2000001    14923.314407901)(2000101    13487.6754607307)
3 3      - (2000102    19482.5985178658)(2000101    20545.3173609601)(2000002    20666.9118970538)(2000201    20045.3472714301)(2000100    21550.1553084257)(1000000    20868.7390265778)(2000001    19938.6098174536)(2000022    19930.7380116578)(2000111    20151.7677422168)(2000202    19856.3386372739)(2000200    19649.7469585171)(2000211    21639.5086294197)(2000121    18882.1315266379)(2000012    20218.8454109075)(2000221    19563.4011190466)
4 3      - (2000202    19162.3058008636)(2000102    20545.9642311842)(1000000    20385.9949919911)(2000201    18985.3948995995)(2000001    17834.9439938104)(2000100    17086.189676158)(2000002    21196.041524826)(2000101    19927.4897281371)(2000111    16032.9290583978)(2000121    10794.6121738281)(2000200    19454.0445787566)(2000022    16333.8041560231)(2000221    13182.1710125748)(2000211    19430.8850711996)(2000012    20857.0678565669)
3 0      - (1000000    20579.311777483)(2000102    20356.8343278174)(2000100    20333.8851530349)(2000101    21376.8872871815)(2000002    20082.9087491589)(2000201    20151.6998910538)(2000012    20385.2642419087)(2000202    20022.2917673709)(2000200    19427.2376014959)(2000111    20568.9304781975)(2000121    20122.9455432999)(2000022    19046.2429060136)(2000001    19122.0369770354)(2000211    19300.6432871209)(2000221    19718.2635176713)
0 4      - (2000012    17805.166675993)(2000002    21450.149839667)(2000200    20331.1595349709)(2000100    20532.9007302081)(1000000    20167.1095043232)(2000102    19747.9493073457)(2000211    20032.7431787772)(2000022    17319.5474128802)(2000202    19285.8749862729)(2000001    19501.3067216568)(2000201    19293.3470422843)(2000221    19184.6772885652)(2000101    20306.8001526016)(2000121    17077.9675505506)(2000111    18578.9899795439)
6 2      - (2000022    9424.80928440853)(2000102    18641.6981076688)(2000201    20849.22331278)(2000100    12387.3579314377)(2000101    16773.7411011078)(2000200    17472.0036547847)(2000211    12606.3547065713)(2000202    10046.6071490332)(1000000    19680.2600678926)(2000002    9774.38072713565)(2000121    11500.7458231576)(2000012    5747.44743057776)(2000221    5871.26906631541)(2000001    11962.6775125814)
1 2      - (2000012    20630.3881970162)(2000022    20699.8122632047)(2000102    20750.0187882609)(2000100    21231.6921876059)(2000002    22211.84358653)(2000200    19411.4422190816)(1000000    20771.6962198758)(2000211    20501.3758920655)(2000101    19841.4807416072)(2000001    18642.291905477)(2000202    20033.15050566)(2000201    20232.1678249516)(2000121    19112.3401892183)(2000111    19868.3445377427)(2000221    22035.2044386989)
0 2      - (2000202    19754.829286046)(2000201    21736.7514901676)(1000000    20416.8162272161)(2000102    19481.1657584351)(2000221    19847.7440500111)(2000002    20655.7795312207)(2000012    19809.4069960026)(2000100    19908.3278897011)(2000022    19173.6856145812)(2000211    20160.4227227832)(2000121    18763.8885927492)(2000101    19727.6139064266)(2000200    18929.1900390541)(2000001    19211.9132362306)(2000111    19586.1614574082)
1 6      - (2000012    11004.3179338443)(2000200    15006.8876042003)(1000000    18221.4785805336)(2000102    18643.5348552429)(2000202    17833.4629907519)(2000100    12326.7543492794)(2000201    17349.6156089689)(2000002    18121.0447234732)(2000001    16836.5548946358)(2000101    21635.8755815586)(2000121    7873.77829026671)(2000022    17499.2563002376)(2000211    10971.4018468098)(2000221    5215.36831343612)
1 0      - (2000022    19527.8518753767)(2000201    20339.0569107872)(1000000    21198.4246401727)(2000100    21293.5631481022)(2000111    20937.9628991096)(2000202    18450.3340852443)(2000002    19171.6563079569)(2000221    19436.2622659057)(2000102    18747.7767580242)(2000101    20252.0279120565)(2000200    19014.4473795415)(2000001    16130.497918294)(2000121    18665.1281068696)(2000211    20134.1477572213)(2000012    21996.1679216099)
6 0      - (2000001    9756.33007435804)(2000211    9168.2559157254)(2000202    15485.6277205343)(2000100    16586.7061429247)(2000101    14188.5495680017)(2000200    19941.5429793088)(2000002    20935.7048930714)(2000121    10083.6109623058)(2000201    18143.097779504)(1000000    18131.6728747974)(2000111    7415.53201423612)(2000102    13454.014555556)(2000022    9989.92577684321)(2000012    9197.60021948076)
5 0      - (2000101    21691.8973500785)(2000201    20101.3683676616)(1000000    18531.3160247144)(2000102    17908.8913814148)(2000002    18661.2118450427)(2000200    16588.2974701402)(2000202    19600.9333499755)(2000100    19243.7417769097)(2000012    11737.9735109765)(2000221    9621.18683331317)(2000022    16791.8660438025)(2000121    17640.848956071)(2000111    17253.4003201336)(2000001    10703.3325911576)(2000211    18347.328671033)
0 3      - (2000202    20366.5652879541)(2000100    19688.0966567896)(2000200    20153.68377515)(1000000    20218.0852269964)(2000211    18974.2937673028)(2000022    18564.8937968766)(2000101    20055.8643136167)(2000102    19887.2435698079)(2000012    19802.2190270331)(2000001    19256.6361697055)(2000201    19860.2767832364)(2000002    22166.6905409375)(2000111    20626.2135885513)(2000121    19022.5529021049)(2000221    19934.4485480393)
3 1      - (2000202    20456.6108569572)(2000201    19788.5652701353)(2000002    20418.5666832828)(2000100    20345.3560566474)(1000000    20866.7214155366)(2000101    21852.3161578718)(2000102    20591.1929248535)(2000211    18870.3778403113)(2000001    18614.7961163235)(2000111    20470.6524661072)(2000200    19722.0969514624)(2000221    19559.7957585521)(2000022    21947.3078958735)(2000012    20885.9525545783)(2000121    20353.9846831435)
2 0      - (2000100    20328.1829894585)(2000101    21702.4644278047)(2000102    19685.3360524755)(1000000    19934.3230622265)(2000201    20038.5373567363)(2000111    20410.6727466302)(2000012    20258.3310020013)(2000001    17350.0022470651)(2000002    20211.0942902118)(2000202    19781.2094849775)(2000121    19383.4353854162)(2000200    20021.3155196693)(2000211    18990.514991865)(2000022    19853.467899857)(2000221    19787.8925669081)
1 4      - (1000000    19919.8178894233)(2000002    21486.0978400254)(2000202    19104.846778858)(2000200    19174.2147212494)(2000100    20198.5257617363)(2000221    14519.7633581859)(2000012    19241.6079720767)(2000001    18333.0611620173)(2000102    19554.5163992905)(2000121    11607.6955248604)(2000111    19188.8224008558)(2000201    20372.2902218171)(2000101    19837.7626611739)(2000211    19520.7070737161)(2000022    11856.9692480189)
5 4      - (2000001    17684.396633973)(2000102    19545.0125404636)(2000202    18037.2980974247)(1000000    20009.4958097614)(2000201    21053.7094535236)(2000101    16145.5864459206)(2000200    17459.2624184034)(2000100    16876.8975489147)(2000022    7798.72657225338)(2000002    17711.088509716)(2000111    15557.2479599238)(2000221    8172.99328937383)(2000121    8351.49986731194)(2000211    5572.55514427856)
5 1      - (1000000    20428.3404139109)(2000101    15296.4957389475)(2000200    15972.2110705922)(2000201    21057.8480122613)(2000102    18934.8913047776)(2000002    18027.7405206421)(2000012    18525.1018123631)(2000202    19085.6647537045)(2000100    19935.083637495)(2000001    17688.7799369202)(2000121    15874.9876817692)(2000221    16525.0746959419)(2000211    14920.9652668801)(2000022    14109.4610030749)(2000111    9436.8934226708)
2 1      - (2000102    19440.9806091692)(2000001    17893.1159605947)(1000000    20589.1303579573)(2000201    20095.0529984884)(2000101    21671.9809317551)(2000221    20287.0523057136)(2000202    19846.3180314199)(2000100    20228.4353946629)(2000200    20227.5083908118)(2000002    20369.8793178513)(2000211    20934.7216149248)(2000012    20271.7112693727)(2000121    20070.3000351371)(2000022    20825.9362520627)(2000111    20716.032561093)
4 5      - (2000200    15366.9233328592)(2000201    18122.944473837)(2000102    18056.1508101501)(1000000    19704.3196337603)(2000100    19092.0853387242)(2000101    21712.4667381857)(2000002    17471.0363480034)(2000111    8301.00903294752)(2000211    7374.71785260522)(2000221    4937.10847461151)(2000202    17861.9498023959)(2000001    16682.3537684985)(2000012    12402.5178043221)(2000121    5142.48027727665)
0 5      - (1000000    19843.7407546601)(2000211    8995.20381322422)(2000012    18725.0057145036)(2000111    18703.6518189704)(2000200    16329.2982114487)(2000101    17907.0237876441)(2000202    18227.5465427458)(2000100    18938.2358703975)(2000002    17687.6352482292)(2000102    18170.7626983396)(2000121    15219.8142746288)(2000201    21104.4942625028)(2000001    16177.5719957764)(2000221    16581.1093833626)(2000022    9114.16427596811)
4 4      - (2000001    18277.9050436301)(2000101    21373.6432605184)(2000201    19784.9246872257)(1000000    19822.1487144281)(2000202    19310.5202787906)(2000102    19164.0982283457)(2000002    19855.009111242)(2000012    18164.7593471586)(2000200    19237.0213453255)(2000111    15781.7116472994)(2000211    14738.6842191772)(2000022    14176.6958802566)(2000100    18698.4213310802)(2000121    10635.0783976402)
4 2      - (1000000    19199.700495216)(2000201    19575.4101205836)(2000101    18161.2638560403)(2000002    21028.0154156937)(2000001    19862.4979998644)(2000012    19075.8308196212)(2000200    19889.7220503468)(2000221    15755.9274697467)(2000202    18498.9716319759)(2000100    19626.3468738978)(2000121    15869.3369770032)(2000211    18100.2706691509)(2000102    19095.2566652112)(2000111    19686.8875132227)(2000022    13226.8272588807)
5 6      - (2000101    10760.664661855)(2000121    2477.58062233127)(1000000    20264.541000528)(2000002    9253.70755875331)(2000102    11379.2594852121)(2000202    12949.240646303)(2000100    15238.2458365103)(2000221    8699.75172882325)(2000200    14161.2140010526)(2000001    5662.31627332548)(2000012    6280.36556879606)
0 6      - (1000000    20665.4407208021)(2000001    14176.3404083596)(2000002    12590.0378776989)(2000200    15541.5255562137)(2000201    19181.9012411232)(2000121    12313.0079340665)(2000022    14034.4890730623)(2000102    19413.328775863)(2000100    15821.2702491812)(2000101    11326.8851472765)(2000202    11205.9453919165)(2000221    5508.69427346353)(2000111    9980.77392031885)
5 5      - (2000202    16434.5178474912)(2000101    17649.4306584037)(1000000    19089.2074161067)(2000102    12273.1881110138)(2000100    13682.1032185678)(2000002    11690.8159294073)(2000201    21180.6017725054)(2000001    16138.350677752)(2000200    19177.7128355777)(2000121    5892.78265330257)(2000012    5062.1712859438)
4 0      - (2000100    18690.8680251952)(2000202    19119.5139204929)(2000102    19330.7131891964)(1000000    19944.7331448332)(2000121    18939.6729581986)(2000002    21335.5625674468)(2000200    18753.7513973073)(2000201    19166.5016044581)(2000022    17200.7645392703)(2000211    18940.3769804893)(2000101    19502.8344024489)(2000001    18554.5211863938)(2000012    17687.8050917748)(2000111    19040.1927166364)(2000221    18813.3307672875)
5 3      - (2000101    16886.6782688776)(2000001    16533.3014635227)(1000000    20858.1009357101)(2000022    14761.8363012981)(2000111    11748.6163413739)(2000012    14563.2509823858)(2000211    14899.569826106)(2000201    17182.3763090472)(2000202    15484.4564853586)(2000102    18912.1544186743)(2000200    18281.1722516722)(2000221    17647.8156605816)(2000002    18041.7417420111)(2000100    18037.4910970084)(2000121    5637.66000513698)
3 5      - (2000101    21780.0620078237)(2000001    17720.1382028551)(2000102    18396.2471360814)(2000211    17503.6896701433)(2000200    17658.432251486)(1000000    18250.7149296416)(2000202    16911.340848925)(2000201    19803.3035500742)(2000111    19094.0875001476)(2000100    16990.7060239752)(2000002    18059.811038713)(2000022    17079.7118393027)(2000012    15045.6047348285)(2000121    12872.8353228617)(2000221    5688.55342425018)
2 4      - (2000202    19189.5442607767)(2000100    19469.9405147075)(2000201    20700.6537436344)(1000000    19733.8589444865)(2000001    17348.3520222061)(2000101    18184.9904474127)(2000002    19977.9560272625)(2000200    19662.4126469629)(2000102    19033.8283640844)(2000121    18080.8316459611)(2000022    18476.0111829142)(2000211    18511.7029373674)(2000111    18718.2285645301)(2000012    18653.1836310682)(2000221    19209.3709661187)
7 3      - (2000100    -0.710666666666667)(2000201    19964.0449396841)(2000002    6162.5104951275)(2000211    -379.339354818016)(2000200    11104.2808640313)(2000102    7180.17668483273)(2000101    5876.61856532818)(1000000    9694.06949021313)(2000022    5456.31184966756)
5 2      - (2000002    21449.75927403)(2000221    14242.1549459097)(2000101    18736.6701542539)(2000201    17980.797647523)(1000000    19203.114604412)(2000211    1437.01289814055)(2000001    14240.472325694)(2000202    20062.1004273018)(2000111    18341.9472058089)(2000121    14188.9823110007)(2000200    19127.2396234401)(2000100    19393.1776738591)(2000022    14430.0989482699)(2000102    18784.6997849686)(2000012    16444.8654954774)
4 1      - (2000200    19790.692085166)(2000002    18915.3770030655)(1000000    20589.351987082)(2000202    19849.6981470303)(2000012    15484.2411003526)(2000001    19774.4545494742)(2000102    20436.6563892741)(2000101    19237.2879901616)(2000201    21201.2909546869)(2000211    16840.7310696462)(2000111    17705.8708027606)(2000100    21066.6575185322)(2000221    14862.1718442534)(2000121    15934.764217096)(2000022    15709.4268805233)
1 5      - (2000002    20790.1049513407)(2000101    19142.7618676737)(2000221    16721.5868017177)(2000201    18922.4569111521)(2000200    18188.2572762875)(2000102    19377.1713628184)(1000000    19912.9748814097)(2000100    18473.3558940043)(2000202    18662.9587295835)(2000001    17519.7308879454)(2000211    18463.0769695401)(2000012    18777.1855208137)(2000111    17732.9573081349)(2000022    15428.3247460406)(2000121    5522.16166577613)
2 5      - (1000000    19509.523586589)(2000202    18403.5314996881)(2000022    15660.104018609)(2000211    12526.7593589972)(2000102    17477.7546415557)(2000100    20509.8527052979)(2000111    17860.6931055448)(2000121    12793.1691979956)(2000101    21696.5730734929)(2000001    12511.7189423454)(2000200    17137.179192442)(2000002    19670.348236656)(2000012    17992.8673752721)(2000201    18114.9424744659)(2000221    11731.6354267463)
6 3      - (2000101    13222.1044514422)(1000000    20859.375518891)(2000100    16094.2210525598)(2000022    12540.9574263293)(2000002    17134.6684030526)(2000102    14689.5850910692)(2000201    17194.7821971172)(2000012    6667.52368840798)(2000202    14946.3705696715)(2000121    8431.83599137402)(2000200    12968.3869641379)(2000001    15962.0653151599)(2000111    5152.84293137005)(2000211    5246.09932678396)
7 2      - (2000001    8076.51810905536)(2000200    8092.33901084178)(1000000    19908.8755459833)(2000012    11536.5956015153)(2000002    11983.7992244251)(2000201    13294.2903990182)(2000102    7532.72036452428)(2000101    5493.37841082597)(2000202    5619.1022691177)
3 6      - (2000200    17254.0839553186)(2000102    14852.383334532)(2000012    14055.0862968664)(2000202    16035.3703534351)(2000002    14798.0869272251)(1000000    18538.8794200187)(2000221    1462.03965694731)(2000022    7485.01897642317)(2000101    21402.3792399505)(2000001    15968.7987896413)(2000121    7049.75738851011)(2000211    7239.52230274291)(2000100    18092.5907319483)(2000201    17577.8310421242)(2000111    5103.30832976601)
6 4      - (2000101    16987.8353084648)(1000000    16646.7310814661)(2000211    10051.4065920609)(2000202    15977.1110242469)(2000100    20276.7786253908)(2000201    20747.9918601009)(2000221    7919.40262401281)(2000200    14073.3559098616)(2000002    15917.2542322557)(2000001    9886.81819984672)(2000102    9246.45846867472)(2000012    6060.63025959537)
6 5      - (2000111    12683.9609535704)(2000201    11516.1424797403)(2000022    12538.4681690117)(2000101    13578.426342932)(2000202    19790.5947239509)(2000001    11577.8661188361)(2000200    16071.5895653539)(1000000    14803.7804511322)(2000012    11967.3794007046)(2000002    9224.0463286092)(2000100    5367.72181839183)(2000211    6036.38007711015)
7 1      - (2000100    5503.58683537267)(2000202    19130.7439906446)(2000101    11377.7320860161)(2000012    5560.94373739585)(2000201    5642.60644780484)(2000211    4943.44042247807)
6 6      - (2000102    13860.0127375315)(2000202    1636.71103288329)(1000000    20348.3806364687)(2000200    7580.71071605562)(2000201    7580.71071605562)(2000121    7994.74449176878)(2000100    15216.1203729554)(2000111    5689.88624305095)(2000101    6028.44712509739)(2000001    6007.50137472411)
0 8      - (2000121    9054.78798631663)(2000101    18592.2037594286)(2000201    5991.77473596637)
3 7      - (2000202    1132.29521101027)(2000022    1631.79521101027)(1000000    19344.0067034907)(2000102    13288.322517219)(2000012    11852.5021607833)(2000101    7576.502540348)(2000200    12718.9934725851)(2000002    13786.3822917476)
5 9      - (2000101    3077.42210957575)
6 1      - (2000121    5536.48755354936)(2000022    8880.72878619079)(2000200    17533.8426049448)(2000002    15327.8925604004)(1000000    18526.5656139779)(2000201    17350.4725205605)(2000100    18084.1091472522)(2000111    5083.11691271167)(2000001    15567.6676527308)(2000102    13069.8976983246)(2000202    17525.4805950534)(2000101    21548.1060467225)(2000012    12371.6240624163)(2000211    9845.60805333873)
8 2      - (2000211    6482.52188566721)(2000201    19437.8638925243)(1000000    7115.6003324506)(2000121    8118.59360797006)(2000012    5482.57107768914)(2000200    6004.56798663346)(2000102    4884.66845690364)
4 7      - (2000201    1953.75538956839)(2000221    2453.25578956839)(2000100    19264.4006040485)(2000022    9055.3508085217)(2000101    7879.51804743183)(2000002    11551.7097709064)(2000202    8809.3116335221)(1000000    8838.38529946811)(2000012    5456.20095283288)
7 5      - (2000111    3793.38270608162)(2000002    20445.5888622973)(2000001    11855.8129577804)(2000201    5484.80307768919)
7 0      - (2000002    11617.3588145288)(1000000    19055.1327842943)(2000202    12865.8012187748)(2000001    7045.62823760662)(2000100    8453.87042215331)(2000111    8784.74780910954)(2000022    5880.13397383969)
3 8      - (2000121    3438.35762527688)(2000002    17259.4065443884)(2000102    7043.98951825628)(2000201    7749.11631848686)(2000200    8978.11854164947)(1000000    3676.86808847955)
2 7      - (2000202    6479.2855225163)(2000102    20509.767906347)(2000001    7676.95372515551)(2000002    13345.4163644124)(2000100    14607.6878942248)(2000201    15852.6856589122)(1000000    15079.3612538565)
5 7      - (2000202    8958.37594805195)(2000002    19762.2781831676)(1000000    11929.6274748021)(2000200    8859.75211865631)(2000001    5329.33618717457)(2000201    12748.3985714061)
1 7      - (2000211    10936.4549225286)(1000000    17489.9925297319)(2000201    20654.5026231119)(2000101    7461.24866254834)(2000001    9255.63645013408)(2000002    5785.31679532394)(2000121    5007.99075783887)
2 8      - (2000022    8428.92106704777)(2000200    19517.6534845745)(2000100    9196.42775180984)
0 7      - (2000101    21368.7690230508)(1000000    10522.89041059)(2000201    6831.75419529337)(2000100    9975.47056969687)(2000202    9268.09246262648)(2000002    5997.86750572976)
8 1      - (2000121    4098.04273439117)(2000101    20206.6410017563)(1000000    1549.02136719559)(2000111    2944.61806976453)(2000022    8253.37988283593)
1 8      - (2000002    18961.3950609537)(2000101    5462.05065118403)(2000202    5373.2819701991)
8 3      - (2000121    3677.84304610144)(2000002    13044.2708451178)(1000000    8309.37263340999)(2000001    19341.0034526153)(2000200    5451.39067584009)(2000100    5653.81415630283)(2000102    5512.50797326031)
7 6      - (2000121    3926.16465706916)(2000100    19525.3070920075)(2000202    10492.7479210361)(2000102    5659.95213407323)
1 9      - (2000201    16974.0537797035)(2000101    7226.01783382465)(2000202    2396.69135304081)(1000000    9416.59314928283)
5 8      - (2000211    9051.43879227372)(2000001    18149.1299059799)
8 5      - (2000201    17744.8607272454)(1000000    9684.45367723288)
7 4      - (2000111    5409.38296551232)(2000002    20130.8095393982)(2000102    10062.9247431235)(2000200    11433.081173076)(1000000    6607.1584915749)(2000100    7754.19440075411)
8 6      - (2000100    16099.3088397499)(1000000    7327.87280384085)(2000200    7828.17280384085)(2000102    7080.79811921607)(2000002    7580.39811921607)
4 8      - (2000200    19144.8637072639)(1000000    16114.3043108416)(2000101    11362.3036236364)(2000102    2785.59576858162)(2000201    5866.60945628265)(2000001    5969.05342614408)(2000111    5038.31051608834)
6 7      - (1000000    18549.1933785264)(2000002    6018.7195624746)(2000201    5978.35699806301)(2000101    5947.9647096292)
10 1      - (2000101    8640.60518792217)
3 12      - (2000002    21021.3461256914)(2000202    15610.1025766644)(2000101    17019.6830174848)(2000022    12095.1848462537)(2000221    14867.2957592379)(2000201    17491.3377557763)(2000111    16088.2048254362)(2000012    13004.5301139396)(2000102    17148.6669437979)(2000211    14118.9085697416)(1000000    19858.4704528435)(2000121    10554.9665581404)(2000200    14964.7217712844)(2000100    8685.00742123578)(2000001    8502.15152415398)
0 13      - (2000202    18445.9012927877)(2000111    16768.1886890471)(2000201    21232.368941707)(2000002    18594.8456868735)(2000022    16305.1938394985)(1000000    20465.9775775084)(2000102    17826.6646635178)(2000012    14478.6565215395)(2000121    10985.7913995162)(2000101    20039.9209452295)(2000211    15943.4151861623)(2000221    11374.0621177151)(2000100    15147.9201809639)(2000200    18136.2450733756)
12 0      - (2000022    6336.89712128224)(2000101    20824.471463411)(2000221    13783.5869445379)(2000201    16285.1059537089)(2000002    11786.4459799144)(2000012    16865.4922212992)(2000202    15251.41188775)(2000102    9727.34657750762)(1000000    19482.6818281703)(2000111    5735.51466154003)(2000200    5027.94900818227)
12 3      - (2000102    20870.7381188003)(2000101    16678.5185670074)(1000000    18621.4875146846)(2000201    11249.0708229669)(2000202    8878.66915873852)(2000002    11882.2631500758)(2000012    6261.58110609868)(2000100    9067.1106688594)(2000200    14175.607601998)
12 1      - (2000111    8599.04973194665)(2000201    21072.5140736318)(2000101    13074.614511862)(2000012    12260.7821774397)(2000202    16184.8775295588)(2000211    7442.66240108444)(2000022    13462.025115337)(1000000    19396.3382048718)(2000102    8502.79680333593)(2000200    5425.92855033204)(2000002    9230.82919398909)
14 2      - (2000111    18358.9585016986)(2000101    21513.251362785)(2000121    17411.613754346)(2000202    18263.9248705552)(2000002    15496.4165249246)(2000221    8004.60922682528)(2000001    7990.08574927205)(2000201    19569.6249375061)(2000012    12154.7113222374)(2000200    5122.15798740667)(1000000    17992.9369199268)(2000102    9199.46488095542)(2000211    5683.14935012427)(2000100    9215.47225578809)
3 13      - (2000002    18843.5970388761)(1000000    19983.3267042695)(2000022    21382.9382064983)(2000121    15558.5724932511)(2000102    19505.9301527208)(2000201    20742.0108611071)(2000012    16925.0603971954)(2000211    5195.18190463585)(2000221    9644.70226861128)(2000101    13266.2162636583)(2000202    17956.7177277663)(2000111    11863.2043757136)(2000001    16059.5289135376)(2000100    14532.4468950025)
0 14      - (1000000    20696.1001489974)(2000012    17448.7855320266)(2000211    17601.4842099356)(2000201    14362.708048367)(2000100    13478.1809239353)(2000202    19128.3142291841)(2000221    14175.0358704713)(2000022    21282.3946175435)(2000111    17644.7391640733)(2000200    19885.7093326141)(2000002    20152.6719326428)(2000121    11168.624710599)(2000102    17947.0389930975)(2000101    17778.0262739857)
14 0      - (2000101    21627.3794163689)(1000000    19256.7445247732)(2000200    8016.63987830971)(2000012    15565.3579915752)(2000201    15645.9188559433)(2000022    9351.46160574739)(2000221    5668.19321945716)(2000202    16019.1205836043)(2000102    11669.0461236845)(2000100    5293.82913931477)(2000002    11865.3011564094)(2000001    4951.12093507862)
2 15      - (2000002    20924.6070817122)(2000202    19677.0725583855)(2000111    19573.7350580296)(2000211    17021.3787379973)(2000102    17942.5716910338)(1000000    19883.798401583)(2000022    17638.3968896374)(2000001    17108.44133135)(2000100    18875.3294441275)(2000101    18713.081550278)(2000121    17145.4986351782)(2000201    17466.9098165888)(2000200    16836.0232480632)(2000221    16664.8178127405)(2000012    17619.938594374)
2 17      - (1000000    20004.3187125311)(2000100    19751.4231915929)(2000200    19627.02340788)(2000201    21402.9178808315)(2000202    18789.6980606922)(2000101    20301.810271626)(2000002    20021.8893892013)(2000001    16884.4347213192)(2000102    19374.5558607743)(2000111    18903.5074080649)(2000211    21670.4879963503)(2000012    17892.4560775341)(2000022    9293.39956340056)(2000221    5594.98398014949)(2000121    11993.451055169)
1 16      - (2000102    19493.2714914906)(1000000    19534.7600101755)(2000200    17650.7018578419)(2000202    18884.8959432332)(2000002    20227.0444368127)(2000201    19506.9102232703)(2000012    17893.0561605094)(2000101    21821.4479416657)(2000001    15896.4597636512)(2000022    19395.2419902865)(2000111    18832.1229937986)(2000221    18217.8870871723)(2000121    17477.587135271)(2000100    19236.9961172952)(2000211    15499.7752567046)
3 14      - (2000202    19586.4314789127)(2000012    18507.6394789386)(2000211    16385.0005519435)(2000201    20774.671930987)(2000102    18162.8100852569)(1000000    20239.8137621447)(2000101    16829.8265916182)(2000111    17529.8636141088)(2000002    16391.9796027556)(2000200    17243.6214061633)(2000100    11183.3986623893)(2000221    7762.44621696693)(2000022    5550.25880299868)(2000121    9128.94763173413)(2000001    8996.39278604628)
1 15      - (2000012    18725.6614049884)(2000202    19634.9436499736)(1000000    20104.5422893084)(2000201    19438.5743269019)(2000002    20399.0785670636)(2000211    19636.411059215)(2000101    21402.2241590642)(2000100    18242.124381469)(2000111    18731.0888142168)(2000121    14032.5519517888)(2000200    18746.7443385444)(2000221    18443.8525498694)(2000102    19228.6944260578)(2000001    10864.2214375816)(2000022    16870.8404895202)
15 3      - (2000002    21366.1034085863)(2000200    17252.7974376575)(2000100    15298.8876514391)(2000101    15680.8002378378)(2000202    14658.7214655015)(2000121    16484.6486749656)(2000221    12405.1771078707)(2000201    13751.8866236175)(2000102    15183.686656812)(2000211    9245.22308474916)(1000000    19238.828441539)(2000012    6229.55793478384)(2000111    5163.06995792125)
1 12      - (2000121    16675.1993562135)(1000000    20324.8275375756)(2000211    13641.7787576515)(2000101    21417.2911614401)(2000201    16934.0305482059)(2000202    19437.6447663389)(2000102    18606.1130726892)(2000012    14369.9753783857)(2000111    13806.2169815029)(2000221    5913.85012657751)(2000022    5321.6313710956)(2000002    18136.6053561779)(2000200    18473.1179257149)(2000100    15886.4380680952)(2000001    4973.49044840926)
16 3      - (2000102    18727.6370161311)(2000211    13441.6795042923)(1000000    19889.4596605291)(2000201    20712.6464067376)(2000221    16751.4122354841)(2000101    17807.1097764992)(2000200    17346.3185272714)(2000202    18259.1542577631)(2000121    13953.8382580302)(2000100    20183.9479775395)(2000012    18420.4459598523)(2000002    16471.4995019685)(2000111    11846.9197116375)(2000001    8918.57244979808)
0 16      - (2000012    18955.1061540855)(2000100    19104.2898411501)(2000201    21643.4371183648)(2000102    18671.2077722587)(2000002    20028.9498869722)(2000101    15187.4164943937)(2000121    19041.4231691784)(1000000    20215.4919886327)(2000111    19546.263741859)(2000001    17867.5838139593)(2000200    19063.9272206334)(2000221    19514.5256073299)(2000202    17876.7950783653)(2000022    14741.4846303924)(2000211    17548.1268536783)
1 13      - (2000111    17016.7242925508)(2000101    21286.9704948826)(2000012    16950.9582533308)(2000201    19478.1976352817)(2000001    12992.9827829046)(2000102    19843.9053234913)(2000202    18942.0129408254)(2000002    19939.232504695)(2000200    15055.7329883492)(1000000    20280.5233030882)(2000022    12262.4585965381)(2000211    15669.3418907882)(2000100    17002.0948426622)
3 15      - (2000121    19380.2717286619)(2000111    19517.0676177553)(2000022    21545.4999030704)(2000202    17636.2855663536)(2000211    18624.8962394437)(2000012    17277.670031678)(2000201    20174.9866904322)(2000001    10617.9345689264)(2000100    16409.0243760499)(1000000    19970.0167814727)(2000102    19125.27412185)(2000101    20087.4939124764)(2000200    17470.5454873133)(2000002    21441.5823342695)(2000221    14650.5024892285)
3 17      - (2000221    18967.4262024931)(2000002    22285.8224427264)(2000200    19228.8543885394)(1000000    19820.8610807158)(2000201    19834.7716037925)(2000100    19824.8959493737)(2000202    18651.4888545751)(2000121    17191.5540243518)(2000101    20280.0768853749)(2000001    18108.7187955878)(2000012    18784.2189103537)(2000102    18796.6920796252)(2000022    11631.7148921394)(2000111    18356.88624108)(2000211    18585.2242516919)
18 1      - (2000202    17894.6989312501)(2000121    12456.7135006515)(2000102    18609.7008856122)(2000201    21789.0909557946)(2000200    16396.6281559382)(1000000    18641.1234113934)(2000100    18361.4280587682)(2000211    17747.8301095425)(2000012    17591.9520773961)(2000002    18352.9502461887)(2000001    17085.5681146726)(2000101    16865.4623649721)(2000111    11792.7369972989)(2000221    15818.196366318)(2000022    15495.092376376)
0 17      - (1000000    19739.4276397704)(2000101    19987.3368739525)(2000102    19369.7140969129)(2000001    19749.9501934863)(2000200    19301.8275200988)(2000100    20995.5126459232)(2000201    21843.2663229547)(2000012    20083.737923538)(2000111    19981.564898595)(2000202    19511.643821065)(2000002    19995.9123400153)(2000211    18108.0382443929)(2000121    15456.5565829367)(2000022    17115.0645576565)(2000221    13664.5493407326)
1 17      - (2000111    21743.8864119372)(2000102    20361.826568473)(2000202    19033.7353546199)(2000201    19465.9169317027)(2000101    21732.2899829519)(1000000    20079.6735330158)(2000001    18323.4267908052)(2000200    19120.4492110007)(2000100    19700.301002712)(2000002    20129.0088377111)(2000211    18533.0044396642)(2000221    19557.5547057913)(2000121    17913.3539171236)(2000022    17107.9688837657)(2000012    18054.0098519246)
2 16      - (1000000    20493.9357994941)(2000101    19772.6518524237)(2000202    18898.053223547)(2000102    19087.4557410099)(2000200    20171.3715327946)(2000201    21568.7624721963)(2000002    18697.6951784029)(2000001    16256.228111723)(2000100    18639.2736704405)(2000012    20995.7389247981)(2000221    19486.9527435639)(2000211    17713.0737970557)(2000111    18885.5437825361)(2000121    19181.5565386464)(2000022    13421.9835721853)
2 13      - (2000012    21072.0043607834)(2000211    19013.5410918893)(2000201    21075.4696041085)(2000111    17746.3627313064)(2000102    19114.7424297793)(2000202    15575.9131310381)(1000000    20231.252209262)(2000121    5209.30386967574)(2000101    15973.6309954927)(2000221    5850.41767190652)(2000022    6060.85591681623)(2000002    14669.1474070533)(2000200    12252.3655738754)(2000100    8872.67537429617)(2000001    5063.7250771766)
3 19      - (2000201    20485.9030410977)(2000211    19714.2281981486)(1000000    20197.9935546487)(2000002    22491.0993051173)(2000100    20424.8148723402)(2000001    18399.0960369407)(2000200    19250.3886741432)(2000101    19564.4665488208)(2000202    19236.2620351791)(2000102    19656.5539093279)(2000121    15682.9887805384)(2000111    19200.4062238666)(2000221    12597.0101707617)(2000012    15498.9749948545)(2000022    16173.1843667353)
19 0      - (2000022    9560.51645454257)(2000211    11342.4015903919)(2000100    19737.1527913778)(2000002    22490.6243306725)(2000102    18716.9144503276)(2000201    18751.4998413703)(2000001    14624.392105179)(1000000    20569.9523888104)(2000111    15213.9421669856)(2000200    18969.6525909153)(2000101    19733.1008917836)(2000202    19018.6569563959)(2000012    18027.0963688402)(2000121    5599.72374342271)(2000221    9780.15176942121)
0 19      - (1000000    19721.4599534737)(2000211    19778.594441445)(2000100    19877.9274186761)(2000201    19203.5692984681)(2000200    19695.1427236884)(2000202    18760.2155291931)(2000102    19550.9299681422)(2000101    19935.7109558619)(2000111    18848.7102796243)(2000002    22499.3120544159)(2000001    19258.9348355781)(2000012    18156.0009848954)(2000221    14039.8093158627)(2000022    14727.4774791793)(2000121    5530.85352241735)
19 2      - (2000101    21589.2054212217)(2000211    16281.2505141211)(2000200    18900.2369892913)(1000000    19442.3385811196)(2000100    19518.6289784865)(2000002    18806.8638515004)(2000001    14139.8527398341)(2000202    18778.8924777396)(2000201    19114.224436741)(2000012    15862.615134544)(2000102    19082.0325699128)(2000111    16633.8657095462)(2000121    5788.75280599884)(2000221    5565.36042942014)
2 19      - (2000202    19213.1695407274)(2000211    19142.259714808)(2000012    19322.7829327775)(2000221    17753.5334594044)(2000001    19753.0731107207)(2000101    17821.7936342243)(2000200    19183.5332952078)(2000102    19692.0565236633)(1000000    19941.2572539768)(2000111    19161.5977137892)(2000201    20239.9245474632)(2000002    22425.1143951477)(2000100    20322.729492301)(2000022    9698.44757800261)(2000121    12295.1830194928)
0 12      - (2000111    19157.9267220108)(2000101    20091.3625349725)(2000002    20984.9575640776)(2000202    10525.0736395359)(2000102    19332.1373121903)(2000211    15409.9520905633)(1000000    19863.474330807)(2000201    17464.9517741495)(2000022    12455.0095027648)(2000012    14399.4584593408)(2000100    8544.52457609218)(2000001    16475.5188114646)(2000200    15697.1641978519)
3 18      - (2000201    19304.4561758611)(2000111    19847.4524512477)(2000221    18660.1426956389)(1000000    19741.7412374492)(2000102    20218.1347509442)(2000202    19961.7715719374)(2000100    20510.6157102707)(2000200    19296.1954773256)(2000001    18606.5832523559)(2000101    20147.413937632)(2000002    22343.2795890055)(2000012    18826.0706849089)(2000121    17011.6177008557)(2000022    17029.4337669516)(2000211    19675.7847062481)
1 18      - (2000201    19508.8356899635)(2000102    19772.4866680328)(1000000    20037.6367259633)(2000012    18522.2459944697)(2000101    21795.0485448665)(2000202    19755.7097146575)(2000001    19072.9180153144)(2000002    19653.5700773123)(2000100    19637.6051095109)(2000200    19846.5529633329)(2000111    18825.3574101387)(2000211    20025.6463342475)(2000221    13555.3169046785)(2000022    13449.1130334015)(2000121    13994.8027093916)
19 3      - (2000211    16165.3587043172)(2000002    22422.4860250239)(1000000    19641.0070166759)(2000101    19740.3753729888)(2000102    19116.1109450698)(2000001    18115.1216937056)(2000100    20446.7949996551)(2000111    12443.8530019581)(2000200    19329.02959099)(2000201    17153.262195044)(2000221    11288.4903020947)(2000202    19237.7904107352)(2000022    9668.3013331349)(2000012    9749.76989818651)
1 19      - (2000022    -0.75)(2000201    19173.493104353)(1000000    20127.4018798756)(2000001    19792.9639472425)(2000002    22472.7594789387)(2000102    20231.9582948545)(2000200    19153.0039101921)(2000101    17423.4118313334)(2000100    20759.5993053528)(2000202    19055.8033050727)(2000012    18923.1290472946)(2000211    19207.694635314)(2000111    16979.8625206708)(2000221    17028.8963568753)(2000121    9154.10124603684)
0 15      - (2000012    20408.6081288473)(2000111    19032.9789353261)(2000202    18106.1681461016)(2000201    21079.8784116645)(2000101    19413.7101442049)(2000121    16822.1416817735)(2000002    19318.1404865221)(1000000    19778.453726662)(2000200    19189.3594319237)(2000102    19448.5046886646)(2000100    19729.0688437264)(2000001    17070.9427630811)(2000211    19336.1972784658)(2000221    15837.0462959598)(2000022    16368.4853390751)
17 2      - (2000211    18429.5700374688)(1000000    19464.2153448399)(2000101    17776.5085758658)(2000202    18690.2867064706)(2000100    18161.429777169)(2000001    11823.2675130847)(2000102    19446.8929670033)(2000002    17280.8761540658)(2000201    21628.8640872551)(2000200    18032.9675073968)(2000111    11351.1953247958)(2000012    18589.0124575439)(2000022    14219.5377294502)(2000121    13914.8381422204)(2000221    9736.60974362525)
13 3      - (2000221    21129.3558006562)(2000101    17257.4260296207)(2000201    20825.6245868431)(2000202    11542.7775305797)(2000002    14388.8117684664)(2000211    15152.6319108821)(2000121    8298.86714973066)(2000111    9849.04408615272)(2000100    8842.19218383748)(2000001    5130.0708320528)(2000102    4944.817889108)(1000000    18980.3238291081)
2 14      - (2000211    21319.7190372906)(2000201    18098.5946647465)(2000012    17006.3220405601)(2000102    18647.6274118962)(1000000    20490.0167725291)(2000221    12324.0303536803)(2000022    17836.2746853734)(2000202    18919.0581651671)(2000111    13589.2404549318)(2000121    15763.4763233972)(2000001    18270.8017261313)(2000101    16653.1929026331)(2000100    17968.7711511048)(2000002    17433.8262457171)(2000200    14195.2610510514)
6 8      - (2000202    16497.472999144)(2000101    7668.86301157793)(2000001    7668.93101157793)(2000201    7785.07663349749)
19 1      - (2000221    13943.8849267055)(2000101    22005.1460534682)(1000000    19449.3182633002)(2000111    12049.4239262912)(2000201    19141.4863654565)(2000102    18304.4984390796)(2000202    18420.5853434709)(2000200    18673.9603532285)(2000012    11589.8681066444)(2000100    18630.3450483096)(2000211    15782.4944891931)(2000002    19259.6081953655)(2000001    18784.3766674354)(2000022    9605.21403733503)
18 2      - (2000201    19469.324152318)(2000200    18986.2617777291)(2000002    19629.0526716837)(2000100    19058.9269923146)(1000000    19534.2795119926)(2000101    21004.2392042558)(2000001    18212.3930821551)(2000202    19819.7517032204)(2000012    15539.5725514542)(2000102    16590.8594069105)(2000211    16770.6201233685)(2000121    15914.4485416015)(2000022    12360.9941833368)(2000111    6015.27392013808)(2000221    9622.68695290236)
2 18      - (2000200    19453.8836883929)(2000201    18934.9139705227)(2000002    22094.6123909482)(2000001    19304.2937116343)(2000211    19123.4925451547)(1000000    19605.5544703658)(2000100    19533.030173651)(2000102    19046.3397279165)(2000101    20215.3226616472)(2000221    11288.0079130676)(2000202    19492.4193418028)(2000111    17202.3183195907)(2000121    13760.0426575876)(2000022    14043.4853248778)(2000012    19597.8767810881)
18 0      - (2000102    16522.2806576731)(2000012    18564.3659501093)(2000002    18897.6645233177)(2000101    20093.5688087097)(2000100    18662.2649867309)(2000001    18574.0920000533)(2000200    19822.3073020918)(2000202    19080.6973188102)(1000000    21518.954032493)(2000201    20101.3768506456)(2000111    13126.7114667685)(2000121    8308.76509878713)(2000221    8714.60760283673)(2000211    13676.2016552483)
17 3      - (2000221    16093.955612625)(2000101    21921.1507364202)(2000211    14634.5206053194)(2000121    11133.2166397101)(1000000    18926.1746568044)(2000100    18180.0108378705)(2000200    18581.7183040345)(2000001    11150.9121422533)(2000201    17674.7312574175)(2000102    19062.7083277843)(2000202    16763.848301943)(2000111    11091.7612912841)(2000002    14211.0820273602)(2000022    7977.44119010503)(2000012    11851.5140267243)
8 0      - (2000202    17089.6962185449)(2000100    8605.75642628405)(2000201    5536.07754786446)
15 1      - (2000211    16044.8890193793)(1000000    20591.5758342514)(2000201    19786.0098070495)(2000200    13332.9038857348)(2000100    14305.5873233622)(2000022    15861.1524832506)(2000002    17479.3279807468)(2000221    7457.64473811895)(2000102    17115.1739558977)(2000001    7535.17911170371)(2000101    14341.9261056885)(2000012    12551.1092742602)(2000202    4850.47828985413)
2 12      - (2000211    16664.6246707109)(2000201    21427.5009259225)(2000202    19874.8698645044)(2000221    7525.5388694819)(2000102    18198.0101008066)(2000101    18379.0505661743)(2000111    18697.4926242361)(2000002    16742.9451251669)(2000022    11899.6908652596)(2000012    12084.4678009382)(1000000    20377.2364388519)(2000001    11357.2306557759)(2000200    14245.1459346168)(2000100    11786.1438838338)
16 0      - (1000000    18856.4165911187)(2000100    19178.0747559193)(2000001    10595.1382508145)(2000101    16611.1373280767)(2000200    16155.740797289)(2000221    16148.3211850558)(2000102    18176.4048825953)(2000002    21738.5914895747)(2000201    18890.3910002749)(2000111    10858.5837707443)(2000121    14332.3666605125)(2000012    13946.1513039259)(2000022    12480.602186575)(2000211    14554.367877728)(2000202    9490.84030040332)
0 18      - (1000000    19703.272194618)(2000101    21709.8862216876)(2000201    19449.1090083309)(2000102    18741.622698163)(2000202    18817.9388227374)(2000002    20472.2073651401)(2000100    19473.6449186283)(2000200    19939.0523260299)(2000001    19344.6902755017)(2000211    19291.2159809434)(2000012    18179.2768007496)(2000221    14086.5884282599)(2000022    17238.3689244968)(2000111    19875.7295380724)(2000121    17829.5038243183)
18 3      - (2000102    19035.6573270151)(2000002    21601.64076777)(1000000    19182.5281141681)(2000202    19004.196396917)(2000101    17097.8711679047)(2000001    18030.2918735801)(2000100    20375.9984209201)(2000200    18908.6602938981)(2000201    17634.5394517243)(2000022    15185.2067061759)(2000111    15545.5405444679)(2000221    13859.505236974)(2000211    17484.0367623666)(2000121    16131.2641616168)(2000012    14188.7727092018)
3 16      - (2000202    19460.579932455)(2000022    15158.1809181481)(2000002    20013.4606086712)(2000101    21599.4618936066)(2000102    18635.9581140943)(2000001    17362.2248427569)(2000200    19037.9885118495)(2000111    18624.1742139229)(2000201    19821.7410158258)(1000000    19660.6305428349)(2000012    18061.5784783605)(2000100    20684.37084324)(2000221    18882.0914314349)(2000211    17975.2437481355)(2000121    14378.1599024216)
17 1      - (2000201    18271.1760886496)(2000002    22118.8728905482)(2000100    17883.3114755573)(2000101    19185.7479049389)(1000000    18834.3820836245)(2000001    7333.51865035408)(2000202    20036.1067013075)(2000111    11756.1643064716)(2000200    12992.7912488566)(2000102    17275.9259886085)(2000121    9319.98812788484)(2000211    5590.90262411284)(2000012    9879.5302706263)(2000022    4935.48537372497)
17 0      - (2000102    18285.1536637508)(2000201    20022.1920487458)(1000000    18671.6007344511)(2000101    21626.8542364147)(2000202    19325.5670408028)(2000001    14735.1513545852)(2000100    17018.4366189735)(2000200    17261.0966698376)(2000002    19232.4102630011)(2000012    17407.1268065311)(2000211    15235.9659386423)(2000111    16028.4361316013)(2000121    14382.7037348393)(2000022    5815.24291701173)
16 2      - (2000211    17142.2530048925)(1000000    19998.5570432966)(2000102    16030.4893565545)(2000101    21408.4901066709)(2000100    17502.832465766)(2000002    19221.3974753849)(2000200    18180.5415926784)(2000202    18153.915267583)(2000111    19121.5492529622)(2000221    13087.5051493599)(2000001    13890.2490792397)(2000022    14650.4832951706)(2000201    16626.5577305559)(2000121    9667.68688934357)(2000012    9407.05244785196)
15 2      - (2000121    12040.6173814976)(2000101    11957.9141983179)(1000000    20130.5075232508)(2000202    14337.7030296157)(2000211    14544.608862055)(2000201    17819.0792811219)(2000002    15496.2074181759)(2000221    15356.5480110849)(2000102    14535.4717936964)(2000012    14586.0841592011)(2000111    12270.6674406358)(2000100    8998.26720174463)(2000200    8818.57315491787)
16 1      - (2000211    18116.2811976566)(1000000    19150.6549017817)(2000001    16173.7711112069)(2000200    16038.3711841602)(2000102    16372.3376558987)(2000202    19207.4030192219)(2000101    21265.7936533769)(2000002    17232.6229128312)(2000221    16872.740958605)(2000022    7523.4919694819)(2000201    19218.1343994118)(2000111    8587.91164787492)(2000012    11786.1660211945)(2000121    9363.52034861055)(2000100    14631.7908791158)
1 14      - (2000102    19901.5471868907)(2000002    20006.6828927395)(2000221    17259.1492238022)(2000201    19328.2983739105)(2000111    15411.0892272512)(2000211    18395.9995218765)(2000101    21465.943987666)(2000202    18380.2361264746)(2000200    18466.1579075176)(2000022    18790.3775147806)(1000000    20573.8278876888)(2000100    16853.1764549722)(2000121    8246.61500532811)(2000012    12163.3291341776)(2000001    5394.10200252483)
13 1      - (2000111    19701.1976745414)(2000221    14801.4478577033)(2000012    15088.7316209153)(2000002    20200.5193542761)(2000101    17819.0022647099)(2000201    15769.7922083354)(2000211    9753.59338898747)(1000000    17596.328141663)(2000102    5100.62808409478)(2000200    9083.35765679416)(2000100    4962.35791364829)
15 0      - (2000221    16016.7143485179)(1000000    17610.406579371)(2000012    17543.6617785162)(2000100    17069.874684811)(2000211    17254.4031313462)(2000001    11049.0120647113)(2000201    16970.8833669072)(2000101    21625.9441005284)(2000102    15796.1900945925)(2000202    14871.7368706654)(2000002    15387.1527177943)(2000200    12050.0465030389)(2000121    -500)(2000111    11722.9039352301)(2000022    8835.05878246928)
14 3      - (2000211    15379.3014288726)(2000002    20918.9266950743)(2000202    12966.9828605411)(1000000    20029.251186133)(2000001    15522.7294606793)(2000012    14376.1347291179)(2000111    13966.1590717284)(2000201    13665.2007802186)(2000101    13772.7160413386)(2000200    12176.0743077023)(2000100    5121.63364738717)(2000121    5281.04676064582)
8 4      - (2000001    5445.73305931516)(2000201    10375.8821777073)(2000002    9580.98904351823)(2000101    19252.2820984623)(2000202    4087.77545050779)(2000200    4226.66983756593)
14 1      - (1000000    20210.9878516821)(2000211    16505.8544601171)(2000200    12011.756321227)(2000002    14975.3815968168)(2000102    14156.4840294922)(2000100    10972.0305625641)(2000202    15676.2937460661)(2000101    10290.9266126959)(2000022    14318.2753329666)(2000121    11614.8795889911)(2000012    9090.36024367933)
7 7      - (1000000    18977.061867479)(2000202    4326.85606603438)(2000002    4960.62042020125)(2000100    4960.68642020125)
12 2      - (2000012    20135.0606191063)(1000000    14471.3645146275)(2000201    7466.42553168942)(2000211    13817.3682724615)(2000202    12186.854516166)(2000101    11435.7571888011)(2000002    21226.8786466822)(2000221    5232.83777858471)(2000102    5696.92132302847)(2000100    5182.83714621322)
13 0      - (2000012    21402.8235908126)(1000000    20091.1050746986)(2000022    8521.7142694819)(2000111    11493.9401083774)(2000201    15596.540195216)(2000202    12112.2978955441)(2000102    11450.521736099)(2000101    5287.39852164273)(2000221    5373.49958078727)(2000001    8945.23769132403)(2000100    5079.63725003124)(2000002    5293.28131424249)
13 2      - (2000202    18389.7451081905)(2000211    12242.3409723173)(2000121    8493.61187935985)(2000102    5435.37418116455)(1000000    19975.1525401501)(2000221    6311.0204675536)(2000100    15809.3490546561)(2000001    9068.7967689794)(2000101    5044.66563009504)
8 7      - (2000202    17234.8695533129)(2000101    7671.35243297681)(2000100    5462.12201569193)
9 4      - (2000201    14000.2499154319)
9 8      - (1000000    10082.6264188536)
10 7      - (2000202    10750.010932847)
20 3      - (2000102    7704.14489603737)
4 9      - (2000001    14873.3984685294)
0 9      - (2000012    8141.09639853006)(2000102    16829.8983437294)
2 9      - (2000012    17473.4810863903)(2000002    14413.6566007369)
9 7      - (1000000    8599.94629913909)(2000201    9100.24629913909)
2 21      - (2000200    5353.96857477768)(1000000    4766.61202759044)(2000101    5194.80808824207)
7 8      - (2000001    5526.06746718538)
8 9      - (2000200    5321.02498535674)
3 9      - (2000001    -0.12)(1000000    11872.080809935)
9 1      - (2000101    15429.9751687175)(2000200    3553.49318604127)(1000000    3253.31318604127)
3 10      - (1000000    6228.27264010869)
9 2      - (2000012    5769.46857472432)(2000202    1192.36714368108)
9 5      - (2000002    5941.05487459528)
9 6      - (2000101    5872.04709457991)
6 9      - (2000200    5825.9441553167)
9 3      - (2000022    4971.95845220918)(1000000    13046.4571624791)
4 18      - (2000211    4938.615540809)
1 21      - (1000000    4802.00409483302)
1 20      - (2000002    8680.21758143735)
8 8      - (2000202    11080.8433594318)
2 11      - (1000000    4910.21506122012)
1 10      - (2000100    5462.95887073962)(2000221    9647.48877305396)
4 10      - (2000101    5437.83304289851)

